[HEADER]
Format	J&M ASCII Table
Comment	
Date	02/03/2026 20:02:13
Order	Y (evenX)
TechType	UV
NumPoints	411
FirstX	310
LastX	720
XType	nm
YType	Count
[LOGIN]
Name=pcbob
[INSTRUMENT]
Name=TIDAS E Base UV/VI
Detector=MMS - ASPEN 97,5 kHz
Diodearray=256 Pixel
Serial#=36584
Calibrated=2011-07-01
Range=183.81-729.88 [nm] (F0)

SWVersion=v3.18.2 (build 0)[LOGIN]
Name=pcbob
[CONFIG]
ChannelName=Refer
ChannelType=Reference
[PARAMETER]
It=400,00
Aver=5
Norm=0
Range=310,0-720,0 nm
Scan=Single
[TRIGGER]
Sweep=0
Scan=0
[DIO]
DigOut=0x0000
DigIn=0x0000
[DATA]
310	33307.882812
311	34050.246094
312	34795.292969
313	35497.3125
314	36139.78125
315	36725.402344
316	37132.304687
317	37519.570312
318	37616.828125
319	37714.085937
320	37476.507812
321	37195.71875
322	36673.535156
323	36051.914062
324	35293.996094
325	34415.714844
326	33482.28125
327	32448.236328
328	31408.291016
329	30340.972656
330	29273.708984
331	28266.345703
332	27258.984375
333	26323.767578
334	25403.886719
335	24560.632812
336	23758.865234
337	23019.066406
338	22348.287109
339	21713.726562
340	21164.605469
341	20628.621094
342	20186.65625
343	19744.691406
344	19391.671875
345	19043.554687
346	18753.365234
347	18480.167969
348	18248.111328
349	18043.601562
350	17867.154297
351	17728.679687
352	17606.201172
353	17531.384766
354	17462.21875
355	17459.917969
356	17457.617187
357	17513.703125
358	17575.927734
359	17676.443359
360	17790.970703
361	17949.617187
362	18142.976562
363	18360.257812
364	18615.347656
365	18871.359375
366	19130.722656
367	19386.679687
368	19569.166016
369	19751.650391
370	19856.853516
371	19950.828125
372	20034.78125
373	20114.488281
374	20194.791016
375	20275.613281
376	20336.935547
377	20363.853516
378	20366.132812
379	20264.720703
380	20160.833984
381	19949.775391
382	19738.716797
383	19512.988281
384	19284.740234
385	19032.148437
386	18768.351562
387	18457.025391
388	18101.203125
389	17724.683594
390	17309.478516
391	16896.363281
392	16492.710937
393	16091.082031
394	15834.855469
395	15578.628906
396	15363.566406
397	15155.945312
398	14941.386719
399	14723.570312
400	14522.550781
401	14337.387695
402	14179.529297
403	14072.65918
404	13969.837891
405	13885.02832
406	13799.597656
407	13681.508789
408	13563.418945
409	13490.307617
410	13424.874023
411	13434.775391
412	13478.499023
413	13532.791016
414	13596.584961
415	13650.303711
416	13686.369141
417	13744.606445
418	13891.206055
419	14043.668945
420	14343.59082
421	14643.511719
422	14890.049805
423	15129.053711
424	15267.594727
425	15366.06543
426	15465.265625
427	15565.053711
428	15697.983398
429	15882.046875
430	16057.569336
431	16204.99707
432	16349.489258
433	16456.935547
434	16564.382812
435	16753.583984
436	16950.457031
437	17220.376953
438	17513.943359
439	17883.373047
440	18303.980469
441	18704.548828
442	19079.546875
443	19408.652344
444	19620.90625
445	19817.197266
446	19901.875
447	19986.552734
448	20007.623047
449	20026.642578
450	20054.638672
451	20084.701172
452	20146.376953
453	20224.525391
454	20349.287109
455	20520.193359
456	20668.097656
457	20772.929687
458	20847.207031
459	20794.732422
460	20742.425781
461	20694.119141
462	20645.8125
463	20579.341797
464	20510.580078
465	20258.433594
466	19940.382812
467	19516.943359
468	19018.361328
469	18577.355469
470	18211.908203
471	17896.214844
472	17707.398437
473	17531.294922
474	17439.1875
475	17347.082031
476	17284.919922
477	17223.314453
478	17214.628906
479	17216.583984
480	17346.091797
481	17534.539062
482	17960.273437
483	18591.513672
484	19128.5
485	19517.054687
486	19739.386719
487	19439.441406
488	19101.126953
489	18397.429687
490	17693.734375
491	17324.458984
492	16973.076172
493	16751.548828
494	16561.681641
495	16459.238281
496	16401.964844
497	16392.324219
498	16427.5
499	16468.267578
500	16518.478516
501	16559.785156
502	16571.082031
503	16582.636719
504	16596.923828
505	16611.210937
506	16653.744141
507	16697.925781
508	16761.041016
509	16828.78125
510	16903.601562
511	16982.015625
512	17052.8125
513	17116.664062
514	17170.615234
515	17208.675781
516	17242.609375
517	17263.84375
518	17283.201172
519	17286.943359
520	17290.6875
521	17289.257812
522	17287.666016
523	17308.693359
524	17334.251953
525	17381.552734
526	17438.308594
527	17499.648437
528	17564.572266
529	17636.699219
530	17718.507812
531	17813.041016
532	17938.371094
533	18065.808594
534	18204.398437
535	18343.119141
536	18486.820312
537	18630.521484
538	18790.527344
539	18952.470703
540	19121.105469
541	19291.830078
542	19454.115234
543	19611.466797
544	19767.154297
545	19921.179687
546	20077.244141
547	20236.763672
548	20397.183594
549	20560.421875
550	20723.839844
551	20888.632812
552	21053.427734
553	21221.248047
554	21389.109375
555	21566.076172
556	21744.523437
557	21937.037109
558	22134.650391
559	22341.466797
560	22554.203125
561	22795.771484
562	23068.091797
563	23388.248047
564	23793.46875
565	24260.310547
566	24925.941406
567	25617.189453
568	26507.273437
569	27397.355469
570	28336.490234
571	29276.005859
572	30156.472656
573	31028.210937
574	31873.341797
575	32709.644531
576	33506.726562
577	34280.902344
578	34979.992187
579	35607.632812
580	36054.09375
581	36222.226562
582	36266.636719
583	35987.988281
584	35686.171875
585	35262.984375
586	34838.328125
587	34382.085937
588	33925.84375
589	33537.925781
590	33155.203125
591	32957.304687
592	32801.363281
593	32748.160156
594	32738.695312
595	32659.876953
596	32532.603516
597	32381.287109
598	32203.574219
599	32062.091797
600	31983.529297
601	31888.035156
602	31743.080078
603	31569.121094
604	31224.664062
605	30876.917969
606	30442.484375
607	30008.050781
608	29605.191406
609	29204.761719
610	28837.583984
611	28477.640625
612	28080.791016
613	27669.220703
614	27214.599609
615	26732.367187
616	26251.337891
617	25771.490234
618	25327.361328
619	24936.708984
620	24567.505859
621	24248.996094
622	23936.085937
623	23646.285156
624	23355.779297
625	23058.441406
626	22761.105469
627	22463.365234
628	22165.621094
629	21892.371094
630	21622.050781
631	21382.373047
632	21150.636719
633	20936.625
634	20730.353516
635	20539.96875
636	20360.230469
637	20182.996094
638	20008.242187
639	19834.431641
640	19661.994141
641	19497.019531
642	19348.480469
643	19207.447266
644	19093.251953
645	18990.123047
646	18964.023437
647	18947.837891
648	19217.072266
649	19486.304687
650	20491.943359
651	21542.556641
652	23236.046875
653	25041.005859
654	26400.261719
655	27620.980469
656	27847.748047
657	27594.720703
658	26665.746094
659	25261.019531
660	23751.439453
661	22137.109375
662	20718.203125
663	19575.285156
664	18623.607422
665	18060.710937
666	17584.199219
667	17372.677734
668	17182.052734
669	17098.865234
670	17018.367187
671	16968.492187
672	16918.615234
673	16871.308594
674	16824.003906
675	16776.150391
676	16728.25
677	16682.59375
678	16637.363281
679	16604.369141
680	16575.197266
681	16548.0625
682	16521.863281
683	16493.193359
684	16462.935547
685	16434.414062
686	16407.417969
687	16374.714844
688	16335.265625
689	16296.478516
690	16258.745117
691	16223.269531
692	16192.760742
693	16160.643555
694	16123.456055
695	16087.910156
696	16060.369141
697	16032.884766
698	16005.910156
699	15978.860352
700	15949.550781
701	15920.241211
702	15902.959961
703	15886.121094
704	15868.144531
705	15850.038086
706	15833.294922
707	15816.827148
708	15794.550781
709	15770.515625
710	15742.443359
711	15712.674805
712	15667.837891
713	15614.578125
714	15551.285156
715	15480.720703
716	15401.012695
717	15312.838867
718	15219.551758
719	15120.254883
720	15024.097656
[LOG]
CHECKSUMó