[HEADER]
Format	J&M ASCII Table
Comment	
Date	02/03/2026 18:54:18
Order	Y (evenX)
TechType	UV
NumPoints	411
FirstX	310
LastX	720
XType	nm
YType	Absorbance
ZType	s
NumSubFile	3
Matrix	Z vs X
[LOGIN]
Name=pcbob
[INSTRUMENT]
Name=TIDAS E Base UV/VI
Detector=MMS - ASPEN 97,5 kHz
Diodearray=256 Pixel
Serial#=36584
Calibrated=2011-07-01
Range=183.81-729.88 [nm] (F0)

SWVersion=v3.18.2 (build 0)[LOGIN]
Name=pcbob
[CONFIG]
ChannelName=Channel 1
ChannelType=Normalized
[PARAMETER]
It=400,00
Aver=5
Norm=3
Range=310,0-720,0 nm
Scan=Time
ScanTime=5,00 s
[TRIGGER]
Sweep=0
Scan=0
[DIO]
DigOut=0x0000
DigIn=0x0000
[DATA]
	00:00:00,000	00:00:02,000	00:00:04,000
310	0.000037	0.000101	0.00009
311	0.00005	0.000094	0.000091
312	0.000062	0.000089	0.000098
313	0.000067	0.000089	0.000085
314	0.000064	0.000099	0.000045
315	0.000053	0.000099	0.000023
316	0.000018	0.000072	0.000058
317	-0.000013	0.000047	0.000092
318	0.000002	0.000061	0.000103
319	0.000017	0.000076	0.000113
320	0.000034	0.000094	0.000124
321	0.000053	0.000113	0.000136
322	0.000061	0.000101	0.000119
323	0.000065	0.000076	0.00009
324	0.000055	0.000073	0.000078
325	0.000031	0.000089	0.00008
326	0.000027	0.000099	0.000085
327	0.000058	0.000099	0.000097
328	0.000082	0.000097	0.000103
329	0.000067	0.000091	0.000082
330	0.000053	0.000085	0.000062
331	0.000037	0.00011	0.000052
332	0.000022	0.000135	0.000043
333	0.000029	0.000126	0.000062
334	0.000041	0.000109	0.000087
335	0.000037	0.00008	0.000082
336	0.000025	0.000045	0.00006
337	0.000039	0.000046	0.000062
338	0.000083	0.000088	0.00009
339	0.000105	0.000113	0.000116
340	0.000073	0.000095	0.000134
341	0.000046	0.000081	0.000144
342	0.000049	0.000092	0.000093
343	0.000052	0.000104	0.000042
344	0.000065	0.000091	0.000101
345	0.000079	0.000076	0.000167
346	0.000079	0.000075	0.00017
347	0.000076	0.000078	0.000156
348	0.000053	0.00005	0.000126
349	0.000016	-0	0.000086
350	-0.000006	-0.000015	0.000057
351	-0.000008	0.000019	0.000044
352	0	0.000044	0.000031
353	0.000041	0.000044	0.00002
354	0.000081	0.000045	0.00001
355	0.000111	0.000049	0.000007
356	0.00014	0.000054	0.000005
357	0.000086	0.000007	-0.000018
358	0.000022	-0.000045	-0.000042
359	0.000011	0	0
360	0.00002	0.00008	0.000067
361	0.000033	0.00012	0.000098
362	0.000047	0.000128	0.000102
363	0.00006	0.000135	0.0001
364	0.000067	0.000141	0.00009
365	0.000078	0.000141	0.00008
366	0.000102	0.000114	0.000071
367	0.000123	0.00009	0.000061
368	0.000081	0.000107	0.000039
369	0.00004	0.000124	0.000016
370	0.000021	0.000114	0.00001
371	0.000005	0.000099	0.000006
372	0.000029	0.000103	0.000004
373	0.000071	0.000115	0.000004
374	0.000094	0.000107	-0.000006
375	0.000101	0.000083	-0.000026
376	0.000105	0.000075	-0.000017
377	0.000101	0.000094	0.000042
378	0.000099	0.00011	0.00009
379	0.000107	0.000111	0.000094
380	0.000115	0.00011	0.000097
381	0.0001	0.000069	0.00005
382	0.000085	0.000028	0.000003
383	0.000107	0.000065	0.000049
384	0.000135	0.000115	0.000111
385	0.000113	0.000094	0.000051
386	0.000068	0.00004	-0.000064
387	0.000067	0.000035	-0.000085
388	0.000108	0.000075	-0.000016
389	0.000128	0.000101	0.000015
390	0.000108	0.000098	-0.000027
391	0.000097	0.000099	-0.000054
392	0.000126	0.000111	-0.000013
393	0.000155	0.000123	0.000026
394	0.000122	0.000099	-0.000004
395	0.000088	0.000076	-0.000034
396	0.0001	0.000102	-0.000033
397	0.00012	0.000138	-0.000025
398	0.000129	0.000173	-0.000027
399	0.000134	0.000208	-0.000033
400	0.000121	0.00017	-0.000072
401	0.000092	0.000063	-0.000142
402	0.000075	0.000014	-0.000155
403	0.000081	0.000071	-0.00006
404	0.000088	0.000105	0.000006
405	0.000097	0.000036	-0.00006
406	0.000107	-0.000031	-0.000126
407	0.000134	-0.000005	-0.000144
408	0.000162	0.000022	-0.000163
409	0.00023	0.000092	-0.000123
410	0.000306	0.00017	-0.000074
411	0.000259	0.000187	-0.00008
412	0.000157	0.000178	-0.000113
413	0.00013	0.000154	-0.000142
414	0.000171	0.000118	-0.000168
415	0.000203	0.000117	-0.000162
416	0.00022	0.000178	-0.0001
417	0.000231	0.000226	-0.000052
418	0.000217	0.000221	-0.00006
419	0.000204	0.000214	-0.00007
420	0.000222	0.00016	-0.000137
421	0.00024	0.000107	-0.000204
422	0.000181	0.000053	-0.000226
423	0.000111	-0.000002	-0.000241
424	0.000149	0.000067	-0.000194
425	0.000229	0.000184	-0.000122
426	0.000259	0.000196	-0.000107
427	0.00025	0.000122	-0.000137
428	0.000246	0.000099	-0.000152
429	0.000251	0.000153	-0.000142
430	0.000254	0.000192	-0.000144
431	0.000252	0.000181	-0.000182
432	0.00025	0.000171	-0.000216
433	0.000258	0.000184	-0.00019
434	0.000266	0.000198	-0.000164
435	0.000275	0.000156	-0.000184
436	0.000284	0.000109	-0.000208
437	0.000322	0.000118	-0.000194
438	0.00037	0.000146	-0.000168
439	0.000372	0.000155	-0.000184
440	0.000344	0.000152	-0.000228
441	0.000331	0.000155	-0.000238
442	0.000337	0.000167	-0.000204
443	0.000326	0.000163	-0.000189
444	0.000274	0.000121	-0.000221
445	0.000232	0.000085	-0.00025
446	0.000261	0.000101	-0.000253
447	0.00029	0.000117	-0.000256
448	0.000287	0.000121	-0.00027
449	0.000283	0.000125	-0.000284
450	0.000267	0.000103	-0.000286
451	0.000249	0.000075	-0.000286
452	0.000263	0.000062	-0.0003
453	0.000294	0.000058	-0.000323
454	0.000297	0.000058	-0.000324
455	0.000273	0.000061	-0.000304
456	0.000267	0.000061	-0.000287
457	0.000295	0.000055	-0.000276
458	0.000317	0.000061	-0.000267
459	0.000316	0.00012	-0.000265
460	0.000317	0.000175	-0.000263
461	0.000377	0.000146	-0.000232
462	0.000436	0.000117	-0.000202
463	0.000399	0.000114	-0.000246
464	0.000349	0.000115	-0.0003
465	0.000334	0.000143	-0.000318
466	0.000331	0.000182	-0.000323
467	0.000316	0.000166	-0.000343
468	0.000292	0.00011	-0.000373
469	0.000282	0.000075	-0.000376
470	0.00029	0.000065	-0.000344
471	0.000285	0.000055	-0.000323
472	0.000247	0.000044	-0.000331
473	0.000219	0.000041	-0.00034
474	0.00026	0.000085	-0.000358
475	0.000301	0.00013	-0.000376
476	0.000273	0.000127	-0.000401
477	0.000243	0.000122	-0.000426
478	0.000218	0.000135	-0.000419
479	0.000195	0.000152	-0.000404
480	0.000256	0.000167	-0.000391
481	0.000355	0.000181	-0.000377
482	0.000373	0.000156	-0.000365
483	0.000321	0.000096	-0.000352
484	0.000291	0.000067	-0.000344
485	0.000296	0.000087	-0.000341
486	0.000297	0.000103	-0.00034
487	0.000287	0.000109	-0.000345
488	0.000281	0.000112	-0.000349
489	0.000318	0.000096	-0.000333
490	0.000354	0.00008	-0.000317
491	0.000281	0.000085	-0.000361
492	0.000201	0.000092	-0.000409
493	0.000245	0.000088	-0.000434
494	0.000319	0.000082	-0.000454
495	0.000386	0.000098	-0.000443
496	0.000449	0.000125	-0.000418
497	0.00042	0.000095	-0.000446
498	0.000302	0.000011	-0.000524
499	0.000239	-0.000027	-0.000555
500	0.000268	0.000015	-0.000507
501	0.00029	0.000058	-0.000468
502	0.00029	0.000102	-0.000463
503	0.000293	0.000137	-0.000458
504	0.000333	0.000081	-0.000458
505	0.000372	0.000024	-0.000458
506	0.000343	0.000028	-0.000468
507	0.00031	0.000035	-0.000479
508	0.000283	0.000037	-0.000482
509	0.000258	0.000036	-0.000483
510	0.00026	0.000043	-0.000488
511	0.000275	0.000052	-0.000495
512	0.000284	0.000044	-0.000531
513	0.000285	0.00002	-0.000593
514	0.000312	0.000035	-0.000618
515	0.00038	0.000113	-0.000584
516	0.000427	0.000164	-0.000558
517	0.000407	0.000131	-0.000557
518	0.000394	0.000105	-0.000547
519	0.000429	0.000135	-0.000462
520	0.000465	0.000166	-0.000377
521	0.000461	0.000112	-0.000457
522	0.000457	0.000055	-0.000542
523	0.000414	0.000087	-0.000524
524	0.000364	0.000136	-0.000486
525	0.000333	0.000123	-0.000491
526	0.000311	0.000083	-0.000516
527	0.00031	0.000057	-0.000534
528	0.000325	0.000043	-0.000549
529	0.000331	0.000045	-0.000551
530	0.000325	0.000068	-0.000537
531	0.000314	0.000088	-0.000529
532	0.000291	0.000104	-0.000534
533	0.000276	0.000115	-0.000539
534	0.000303	0.000108	-0.000542
535	0.00033	0.0001	-0.000543
536	0.000345	0.000086	-0.00049
537	0.00036	0.000072	-0.000438
538	0.000365	0.00007	-0.000448
539	0.000368	0.000069	-0.000466
540	0.000358	0.00009	-0.000469
541	0.000345	0.000117	-0.000466
542	0.000379	0.000126	-0.000429
543	0.000441	0.000125	-0.000371
544	0.00044	0.000115	-0.000383
545	0.000377	0.000095	-0.000465
546	0.000338	0.000094	-0.000502
547	0.000339	0.000124	-0.000466
548	0.000338	0.000131	-0.000446
549	0.000327	0.000066	-0.000477
550	0.000321	0.000016	-0.000501
551	0.000346	0.000078	-0.00048
552	0.000371	0.000141	-0.000458
553	0.000357	0.000133	-0.000434
554	0.000342	0.000124	-0.000409
555	0.000359	0.000117	-0.000394
556	0.000381	0.00011	-0.000381
557	0.000379	0.000109	-0.000391
558	0.000368	0.00011	-0.000408
559	0.000387	0.000129	-0.000415
560	0.000425	0.000159	-0.000417
561	0.000417	0.000148	-0.000424
562	0.000358	0.000095	-0.000437
563	0.000319	0.000071	-0.000442
564	0.000313	0.000101	-0.000435
565	0.000313	0.000123	-0.000434
566	0.000327	0.00012	-0.000459
567	0.000338	0.000113	-0.000476
568	0.000318	0.000076	-0.000441
569	0.000297	0.000039	-0.000406
570	0.000265	0.000026	-0.00039
571	0.000234	0.000014	-0.000374
572	0.000256	0.00004	-0.000353
573	0.000287	0.000073	-0.00033
574	0.000264	0.00006	-0.000353
575	0.000224	0.000032	-0.000389
576	0.000217	0.000026	-0.000381
577	0.000229	0.000034	-0.000345
578	0.000236	0.000038	-0.00033
579	0.000238	0.000039	-0.000332
580	0.000237	0.000039	-0.000329
581	0.000232	0.000039	-0.000317
582	0.000231	0.000035	-0.000305
583	0.000239	0.000024	-0.000292
584	0.000249	0.00002	-0.000281
585	0.000275	0.000056	-0.000279
586	0.000296	0.000088	-0.00028
587	0.000228	0.000037	-0.000352
588	0.00016	-0.000014	-0.000424
589	0.000161	-0.000025	-0.000441
590	0.000168	-0.000033	-0.000453
591	0.000202	0.000013	-0.000454
592	0.000242	0.000071	-0.000452
593	0.000282	0.000087	-0.000406
594	0.000321	0.000086	-0.000342
595	0.000321	0.000081	-0.000325
596	0.000293	0.000072	-0.00034
597	0.000277	0.000073	-0.000341
598	0.000276	0.000085	-0.000326
599	0.000272	0.000076	-0.000332
600	0.000262	0.000029	-0.000374
601	0.000247	-0.000013	-0.000417
602	0.000215	-0.000043	-0.000459
603	0.000187	-0.000067	-0.000492
604	0.000174	-0.000052	-0.00047
605	0.000163	-0.000036	-0.000447
606	0.000196	-0.000007	-0.000409
607	0.000229	0.000021	-0.000371
608	0.000245	0.000034	-0.000382
609	0.000259	0.000046	-0.000398
610	0.00026	0.000058	-0.000401
611	0.000257	0.000071	-0.000401
612	0.000249	0.000061	-0.000425
613	0.000237	0.000042	-0.000459
614	0.000265	0.000046	-0.000456
615	0.000318	0.000064	-0.00043
616	0.000328	0.000087	-0.000409
617	0.000295	0.000114	-0.000392
618	0.000268	0.000109	-0.000407
619	0.000248	0.000053	-0.000471
620	0.000235	0.000015	-0.000504
621	0.000237	0.000017	-0.000466
622	0.000245	0.000021	-0.000429
623	0.00028	0.000033	-0.000397
624	0.000309	0.000045	-0.000374
625	0.000278	0.000044	-0.000441
626	0.000247	0.000042	-0.000508
627	0.000284	0.000067	-0.000446
628	0.000321	0.000092	-0.000383
629	0.00028	0.0001	-0.000351
630	0.00023	0.000105	-0.000323
631	0.000226	0.000086	-0.000381
632	0.000235	0.000062	-0.000462
633	0.000293	0.000071	-0.000486
634	0.000372	0.000096	-0.000485
635	0.000404	0.000088	-0.000455
636	0.000403	0.000058	-0.000406
637	0.000384	0.000049	-0.000377
638	0.000345	0.00006	-0.00037
639	0.000319	0.000047	-0.000385
640	0.000311	0.000001	-0.000431
641	0.000314	-0.000013	-0.000457
642	0.00034	0.000046	-0.000439
643	0.00035	0.000083	-0.000435
644	0.000302	0.000044	-0.000482
645	0.000262	0.000012	-0.000523
646	0.000287	0.000032	-0.000529
647	0.000309	0.000051	-0.000532
648	0.000251	0.000055	-0.000492
649	0.000193	0.000058	-0.000453
650	0.000212	0.000054	-0.000422
651	0.000235	0.000049	-0.000393
652	0.000234	0.000064	-0.000334
653	0.000229	0.000082	-0.00027
654	0.00019	0.000055	-0.000271
655	0.000141	0.000013	-0.000293
656	0.00016	0.000009	-0.000283
657	0.000212	0.000023	-0.000256
658	0.000212	0.000029	-0.000282
659	0.000175	0.000029	-0.000344
660	0.000163	0.00004	-0.000367
661	0.000175	0.000062	-0.000352
662	0.000222	0.000085	-0.000355
663	0.000318	0.000109	-0.000383
664	0.000378	0.000109	-0.000393
665	0.000364	0.000058	-0.000368
666	0.000349	0.000025	-0.000354
667	0.000332	0.000045	-0.000378
668	0.00032	0.000056	-0.000399
669	0.000339	0.000021	-0.000401
670	0.000351	-0.000008	-0.000406
671	0.000285	0.000017	-0.000452
672	0.000218	0.000042	-0.000498
673	0.000236	0.000004	-0.000462
674	0.000255	-0.000034	-0.000426
675	0.000254	0.000007	-0.000403
676	0.000253	0.000055	-0.000382
677	0.000294	0.00007	-0.000401
678	0.000343	0.000077	-0.000427
679	0.000334	0.000089	-0.000426
680	0.000306	0.000102	-0.000417
681	0.000303	0.000098	-0.000432
682	0.000311	0.000085	-0.000458
683	0.000301	0.000035	-0.000475
684	0.000278	-0.00004	-0.000487
685	0.000279	-0.000018	-0.000474
686	0.0003	0.000088	-0.000442
687	0.000298	0.000103	-0.000427
688	0.000267	0.000013	-0.000433
689	0.000234	-0.000039	-0.000444
690	0.000198	-0.000029	-0.000463
691	0.00021	0.000009	-0.000461
692	0.000326	0.000109	-0.000409
693	0.00039	0.000163	-0.000385
694	0.000294	0.000074	-0.000446
695	0.000226	0.000004	-0.000494
696	0.000297	0.000028	-0.000476
697	0.000352	0.000046	-0.000468
698	0.000254	0.000011	-0.000546
699	0.000162	-0.000019	-0.000616
700	0.000243	0.000088	-0.000449
701	0.000323	0.000195	-0.000282
702	0.000303	0.000114	-0.000367
703	0.000279	0.000026	-0.00046
704	0.000287	0.000024	-0.000422
705	0.000298	0.000032	-0.000369
706	0.000306	0.000036	-0.000385
707	0.000315	0.000038	-0.000415
708	0.000359	0.00007	-0.000398
709	0.000413	0.000111	-0.000366
710	0.000401	0.000094	-0.000363
711	0.000361	0.000054	-0.000371
712	0.000346	0.000053	-0.000393
713	0.000344	0.000075	-0.000421
714	0.000324	0.000083	-0.000431
715	0.000289	0.000081	-0.000428
716	0.000261	0.000071	-0.000419
717	0.000237	0.000055	-0.000405
718	0.000239	0.000064	-0.000402
719	0.000272	0.000104	-0.000413
720	0.00029	0.000132	-0.000409
[LOG]
CHECKSUMö¡