[HEADER]
Format	J&M ASCII Table
Comment	
Date	02/03/2026 19:32:53
Order	Y (evenX)
TechType	UV
NumPoints	411
FirstX	310
LastX	720
XType	nm
YType	Absorbance
ZType	s
NumSubFile	3
Matrix	Z vs X
[LOGIN]
Name=pcbob
[INSTRUMENT]
Name=TIDAS E Base UV/VI
Detector=MMS - ASPEN 97,5 kHz
Diodearray=256 Pixel
Serial#=36584
Calibrated=2011-07-01
Range=183.81-729.88 [nm] (F0)

SWVersion=v3.18.2 (build 0)[LOGIN]
Name=pcbob
[CONFIG]
ChannelName=Channel 1
ChannelType=Normalized
[PARAMETER]
It=400,00
Aver=5
Norm=3
Range=310,0-720,0 nm
Scan=Time
ScanTime=5,00 s
[TRIGGER]
Sweep=0
Scan=0
[DIO]
DigOut=0x0000
DigIn=0x0000
[DATA]
	00:00:00,000	00:00:02,000	00:00:04,000
310	1.165512	1.164662	1.164167
311	1.151722	1.150876	1.150334
312	1.138159	1.137513	1.136749
313	1.124475	1.123961	1.123028
314	1.110622	1.110147	1.10912
315	1.096854	1.096419	1.095334
316	1.083352	1.082959	1.08193
317	1.069851	1.069488	1.068509
318	1.056374	1.055861	1.054822
319	1.042898	1.042235	1.041134
320	1.029556	1.028889	1.027979
321	1.016232	1.01558	1.014892
322	1.003302	1.002531	1.002012
323	0.990534	0.989589	0.989217
324	0.977697	0.976718	0.976303
325	0.964798	0.963908	0.963283
326	0.951952	0.951058	0.950364
327	0.939201	0.938135	0.937631
328	0.926474	0.925317	0.924927
329	0.913855	0.912982	0.912352
330	0.901237	0.900648	0.899778
331	0.888827	0.888366	0.887555
332	0.876417	0.876084	0.875332
333	0.864281	0.863811	0.863084
334	0.852203	0.851541	0.850831
335	0.840376	0.839629	0.838944
336	0.828686	0.827912	0.827256
337	0.81702	0.816203	0.815546
338	0.80538	0.804504	0.803811
339	0.793821	0.792931	0.79222
340	0.782456	0.781657	0.780969
341	0.771144	0.770436	0.769761
342	0.760214	0.759587	0.758858
343	0.749284	0.748738	0.747954
344	0.739031	0.738418	0.737731
345	0.728815	0.728127	0.727545
346	0.718414	0.717672	0.717117
347	0.707959	0.707168	0.706619
348	0.697658	0.696828	0.69624
349	0.687459	0.686596	0.68594
350	0.677395	0.676532	0.67592
351	0.667513	0.666694	0.666278
352	0.657711	0.656934	0.656616
353	0.64815	0.647406	0.646894
354	0.638605	0.637893	0.637209
355	0.629261	0.628554	0.627951
356	0.619917	0.619215	0.618693
357	0.610812	0.610085	0.609573
358	0.601732	0.600977	0.600468
359	0.592714	0.591929	0.591387
360	0.583719	0.582903	0.582316
361	0.574683	0.573885	0.573328
362	0.565615	0.564874	0.564406
363	0.556785	0.556082	0.55566
364	0.548335	0.547639	0.547194
365	0.539903	0.539217	0.538761
366	0.531541	0.53087	0.530449
367	0.523196	0.522539	0.52215
368	0.515224	0.514559	0.514149
369	0.507253	0.506579	0.506147
370	0.499294	0.498665	0.498206
371	0.491338	0.490761	0.490275
372	0.483395	0.482772	0.482347
373	0.475457	0.474747	0.474421
374	0.467655	0.466888	0.466551
375	0.459971	0.459175	0.458733
376	0.452349	0.451565	0.451043
377	0.444836	0.444137	0.443582
378	0.437358	0.436702	0.436138
379	0.430025	0.429235	0.428767
380	0.422694	0.421773	0.4214
381	0.415416	0.414517	0.414202
382	0.408138	0.40726	0.407005
383	0.400982	0.400224	0.399812
384	0.393847	0.393226	0.392621
385	0.386965	0.386321	0.385736
386	0.380199	0.379459	0.378992
387	0.373494	0.372716	0.372256
388	0.366846	0.366086	0.365526
389	0.360225	0.359487	0.358862
390	0.353652	0.352944	0.352319
391	0.347105	0.346427	0.345809
392	0.340669	0.340022	0.339452
393	0.334238	0.333621	0.333098
394	0.328148	0.327509	0.326979
395	0.322059	0.321396	0.32086
396	0.316411	0.315831	0.315257
397	0.310842	0.310364	0.309746
398	0.305264	0.304818	0.304208
399	0.299682	0.299236	0.298657
400	0.294043	0.293566	0.293058
401	0.28835	0.287813	0.287414
402	0.282717	0.28213	0.281766
403	0.277196	0.276574	0.27611
404	0.271724	0.271091	0.270552
405	0.266468	0.265935	0.265424
406	0.261216	0.260779	0.260299
407	0.256164	0.255682	0.255261
408	0.251113	0.250584	0.250223
409	0.245875	0.245396	0.244961
410	0.240604	0.240191	0.239661
411	0.235482	0.2351	0.234528
412	0.230426	0.23006	0.229471
413	0.225493	0.225127	0.224548
414	0.22067	0.22029	0.219745
415	0.215827	0.21544	0.214939
416	0.210948	0.210567	0.210129
417	0.206059	0.205688	0.205301
418	0.201126	0.200786	0.200398
419	0.196208	0.195897	0.19551
420	0.191657	0.191356	0.190993
421	0.187106	0.186814	0.186476
422	0.182815	0.182499	0.182171
423	0.17856	0.178216	0.177896
424	0.174342	0.173972	0.173691
425	0.170138	0.169743	0.169513
426	0.166148	0.165784	0.165545
427	0.162329	0.162041	0.161747
428	0.158586	0.158341	0.158011
429	0.15496	0.154706	0.154371
430	0.151325	0.151067	0.150717
431	0.147661	0.147413	0.147015
432	0.144003	0.143767	0.143326
433	0.140444	0.140211	0.139813
434	0.136885	0.136655	0.1363
435	0.133466	0.133212	0.13289
436	0.130061	0.129778	0.129489
437	0.126839	0.126555	0.126267
438	0.123676	0.123399	0.123103
439	0.120492	0.120201	0.119901
440	0.117295	0.116975	0.116675
441	0.114248	0.113923	0.113635
442	0.111394	0.111094	0.110833
443	0.108588	0.108329	0.108071
444	0.1059	0.105729	0.105413
445	0.103227	0.103127	0.102766
446	0.100653	0.100511	0.100193
447	0.098078	0.097895	0.097621
448	0.095649	0.095474	0.095201
449	0.093223	0.09306	0.092787
450	0.090891	0.090742	0.090518
451	0.088579	0.088447	0.088283
452	0.086258	0.086147	0.085956
453	0.083931	0.083846	0.083582
454	0.081698	0.081604	0.081333
455	0.079557	0.079422	0.079208
456	0.077487	0.077329	0.077153
457	0.075552	0.075402	0.075228
458	0.073636	0.073498	0.07332
459	0.071797	0.071687	0.071482
460	0.069956	0.069871	0.069641
461	0.068077	0.067946	0.067749
462	0.066198	0.066022	0.065857
463	0.064458	0.064295	0.064102
464	0.062736	0.062594	0.062364
465	0.061112	0.061016	0.060756
466	0.059522	0.059484	0.059194
467	0.058127	0.058064	0.057796
468	0.05687	0.056726	0.056514
469	0.055562	0.055388	0.055205
470	0.054187	0.054051	0.05386
471	0.052808	0.052707	0.052503
472	0.051416	0.051345	0.05112
473	0.05004	0.049985	0.049751
474	0.048769	0.04863	0.048476
475	0.047498	0.047276	0.047202
476	0.046267	0.046097	0.04598
477	0.045036	0.044921	0.04476
478	0.043869	0.043706	0.043563
479	0.042714	0.042485	0.04237
480	0.041419	0.041197	0.041089
481	0.040059	0.039878	0.039767
482	0.038633	0.038509	0.038387
483	0.037149	0.037096	0.036956
484	0.035785	0.035761	0.035619
485	0.03461	0.034551	0.034428
486	0.033593	0.0335	0.03339
487	0.03307	0.032949	0.032832
488	0.032548	0.032405	0.032281
489	0.032031	0.031935	0.031786
490	0.031515	0.031465	0.031292
491	0.031024	0.030981	0.030825
492	0.030535	0.030496	0.030359
493	0.029962	0.029891	0.029792
494	0.029369	0.029258	0.029199
495	0.028687	0.028589	0.02852
496	0.027961	0.027902	0.027796
497	0.027305	0.027275	0.027144
498	0.026715	0.026704	0.02656
499	0.026109	0.026105	0.025946
500	0.025475	0.025461	0.025282
501	0.024858	0.024842	0.024651
502	0.024301	0.02431	0.024135
503	0.023747	0.023779	0.023618
504	0.023238	0.023254	0.023086
505	0.022729	0.022729	0.022553
506	0.022261	0.022252	0.022069
507	0.021797	0.021777	0.021587
508	0.021257	0.021253	0.021101
509	0.020699	0.020718	0.020615
510	0.02019	0.020214	0.020129
511	0.019706	0.019725	0.019643
512	0.019207	0.019224	0.019123
513	0.018693	0.018713	0.018573
514	0.01821	0.018224	0.018091
515	0.017776	0.01777	0.017719
516	0.017358	0.017334	0.017327
517	0.01699	0.016954	0.016876
518	0.016623	0.016579	0.016442
519	0.016266	0.016249	0.016154
520	0.015909	0.015918	0.015865
521	0.015543	0.015537	0.015504
522	0.015177	0.015154	0.01514
523	0.014823	0.014817	0.014748
524	0.014471	0.01449	0.014351
525	0.014074	0.014094	0.013952
526	0.013658	0.013667	0.013553
527	0.013275	0.013249	0.013159
528	0.012918	0.012838	0.012769
529	0.012576	0.012484	0.012437
530	0.012254	0.01221	0.012181
531	0.011947	0.011946	0.011925
532	0.011678	0.01171	0.011668
533	0.011404	0.011456	0.0114
534	0.011104	0.01111	0.011075
535	0.010804	0.010766	0.010749
536	0.010473	0.010464	0.010383
537	0.010142	0.010163	0.010017
538	0.009821	0.009825	0.009672
539	0.009502	0.009484	0.00933
540	0.009171	0.009149	0.009032
541	0.008835	0.008816	0.008748
542	0.008579	0.008564	0.008512
543	0.008368	0.00836	0.008304
544	0.008166	0.008167	0.008081
545	0.007972	0.007986	0.007844
546	0.007786	0.0078	0.007652
547	0.007615	0.007606	0.007535
548	0.007445	0.007427	0.007404
549	0.007283	0.007294	0.007234
550	0.007119	0.007156	0.007061
551	0.006943	0.006968	0.006862
552	0.006768	0.006781	0.006663
553	0.006546	0.006537	0.006403
554	0.006323	0.006293	0.006143
555	0.0061	0.006108	0.005992
556	0.005876	0.005932	0.00586
557	0.005785	0.005818	0.005758
558	0.005743	0.005726	0.005666
559	0.005617	0.005597	0.005545
560	0.005439	0.005445	0.005404
561	0.005236	0.005245	0.005196
562	0.005007	0.004994	0.004918
563	0.004777	0.004764	0.004652
564	0.004545	0.004568	0.004408
565	0.004274	0.00432	0.004138
566	0.003883	0.003906	0.003788
567	0.003479	0.003478	0.003419
568	0.002978	0.002931	0.0029
569	0.002478	0.002385	0.002382
570	0.002021	0.001945	0.001924
571	0.001565	0.001506	0.001467
572	0.001217	0.001163	0.001117
573	0.000885	0.000834	0.000783
574	0.000516	0.000502	0.000457
575	0.000135	0.000168	0.000135
576	-0.000175	-0.000144	-0.000185
577	-0.000444	-0.000444	-0.000502
578	-0.000676	-0.000674	-0.000749
579	-0.000873	-0.000838	-0.000928
580	-0.00103	-0.00098	-0.001069
581	-0.001125	-0.00109	-0.001152
582	-0.001163	-0.001139	-0.001181
583	-0.001056	-0.00103	-0.001068
584	-0.000942	-0.000913	-0.000955
585	-0.000798	-0.000751	-0.000847
586	-0.000654	-0.000591	-0.000736
587	-0.000502	-0.000475	-0.000563
588	-0.000349	-0.00036	-0.000389
589	-0.000201	-0.000198	-0.000228
590	-0.000054	-0.000033	-0.000067
591	0.00002	0.000031	-0.00001
592	0.000076	0.000073	0.000022
593	0.000045	0.000044	-0.000003
594	-0.000023	-0.000013	-0.000054
595	-0.000033	-0.000003	-0.000069
596	-0.000004	0.000055	-0.000061
597	0.000036	0.000112	-0.000021
598	0.00009	0.000168	0.000053
599	0.000139	0.000202	0.000095
600	0.000178	0.000199	0.000079
601	0.000207	0.000196	0.000077
602	0.000205	0.000197	0.000113
603	0.000221	0.000215	0.000161
604	0.000338	0.000329	0.000284
605	0.000457	0.000447	0.000408
606	0.000634	0.000655	0.000553
607	0.00081	0.000863	0.000698
608	0.000883	0.000949	0.000827
609	0.000948	0.001027	0.000955
610	0.00109	0.00112	0.001061
611	0.001248	0.001216	0.001163
612	0.001329	0.001317	0.001268
613	0.00138	0.00142	0.001375
614	0.00146	0.001505	0.001469
615	0.001558	0.001577	0.001556
616	0.001706	0.001715	0.001692
617	0.001904	0.001918	0.001875
618	0.002049	0.002056	0.001993
619	0.002113	0.002097	0.002013
620	0.002183	0.002167	0.002071
621	0.002267	0.002302	0.002219
622	0.002351	0.00242	0.002354
623	0.002433	0.002466	0.002435
624	0.002523	0.002526	0.002525
625	0.002676	0.00272	0.002698
626	0.002829	0.002914	0.002872
627	0.002917	0.003001	0.00296
628	0.003004	0.003087	0.003048
629	0.003116	0.003211	0.003193
630	0.003231	0.003338	0.003345
631	0.00337	0.003431	0.003388
632	0.003516	0.003514	0.003402
633	0.003527	0.003544	0.003442
634	0.00348	0.003551	0.003495
635	0.003547	0.003615	0.003622
636	0.003692	0.003717	0.003798
637	0.003779	0.003806	0.003894
638	0.003808	0.003882	0.003912
639	0.003839	0.003931	0.00392
640	0.003873	0.003942	0.003914
641	0.003922	0.003976	0.003934
642	0.004005	0.004059	0.004013
643	0.004081	0.004142	0.004088
644	0.004132	0.004225	0.00415
645	0.004181	0.004296	0.004206
646	0.004211	0.004286	0.004211
647	0.004235	0.004273	0.004213
648	0.004108	0.004173	0.004112
649	0.00398	0.004073	0.00401
650	0.003243	0.003296	0.003242
651	0.002468	0.002478	0.002433
652	0.001398	0.001456	0.00142
653	0.000276	0.000398	0.000372
654	-0.000465	-0.000365	-0.000403
655	-0.001088	-0.001035	-0.001091
656	-0.001227	-0.001198	-0.00128
657	-0.001131	-0.001116	-0.001227
658	-0.000689	-0.000707	-0.000796
659	-0.000002	-0.000068	-0.0001
660	0.000865	0.000798	0.000804
661	0.001912	0.00189	0.001916
662	0.0029	0.002907	0.002921
663	0.003804	0.003818	0.003776
664	0.004525	0.004548	0.004481
665	0.004874	0.004907	0.004881
666	0.005164	0.0052	0.005198
667	0.005272	0.005292	0.005263
668	0.005385	0.005401	0.005343
669	0.00552	0.005604	0.005503
670	0.005649	0.00579	0.005651
671	0.005694	0.005793	0.005661
672	0.005739	0.005796	0.005671
673	0.00582	0.005933	0.005805
674	0.005901	0.00607	0.005939
675	0.005963	0.006099	0.005998
676	0.006023	0.006119	0.00605
677	0.006049	0.006149	0.006109
678	0.006068	0.006182	0.00617
679	0.006114	0.006226	0.006197
680	0.006169	0.006273	0.006213
681	0.006258	0.006385	0.00626
682	0.006364	0.006527	0.006322
683	0.006411	0.006567	0.006382
684	0.00642	0.006543	0.00644
685	0.006495	0.006585	0.006533
686	0.006629	0.006684	0.006656
687	0.006744	0.006788	0.006773
688	0.006839	0.006896	0.006883
689	0.006932	0.006986	0.006972
690	0.007025	0.00705	0.007025
691	0.007111	0.007115	0.007093
692	0.007184	0.007182	0.007195
693	0.007274	0.007273	0.007305
694	0.007417	0.007435	0.00744
695	0.007548	0.007578	0.007561
696	0.007615	0.00763	0.007607
697	0.007679	0.007684	0.007656
698	0.007719	0.007769	0.007739
699	0.007762	0.007856	0.007822
700	0.00791	0.007979	0.007923
701	0.008057	0.008103	0.008025
702	0.008154	0.00817	0.008108
703	0.008249	0.008236	0.008189
704	0.008335	0.008328	0.008273
705	0.008419	0.008423	0.008358
706	0.008433	0.00854	0.008443
707	0.008432	0.008662	0.00853
708	0.008587	0.00877	0.008682
709	0.008789	0.008874	0.008854
710	0.008814	0.008886	0.008897
711	0.008764	0.008858	0.008886
712	0.008839	0.008929	0.008924
713	0.008985	0.009056	0.00899
714	0.009111	0.009171	0.009097
715	0.009222	0.009276	0.009233
716	0.009313	0.009374	0.009349
717	0.009386	0.009464	0.009448
718	0.009516	0.009606	0.009565
719	0.009713	0.00981	0.009706
720	0.00992	0.010005	0.009861
[LOG]
CHECKSUMº9