[HEADER]
Format	J&M ASCII Table
Comment	
Date	02/03/2026 19:42:53
Order	Y (evenX)
TechType	UV
NumPoints	411
FirstX	310
LastX	720
XType	nm
YType	Absorbance
ZType	s
NumSubFile	3
Matrix	Z vs X
[LOGIN]
Name=pcbob
[INSTRUMENT]
Name=TIDAS E Base UV/VI
Detector=MMS - ASPEN 97,5 kHz
Diodearray=256 Pixel
Serial#=36584
Calibrated=2011-07-01
Range=183.81-729.88 [nm] (F0)

SWVersion=v3.18.2 (build 0)[LOGIN]
Name=pcbob
[CONFIG]
ChannelName=Channel 1
ChannelType=Normalized
[PARAMETER]
It=400,00
Aver=5
Norm=3
Range=310,0-720,0 nm
Scan=Time
ScanTime=5,00 s
[TRIGGER]
Sweep=0
Scan=0
[DIO]
DigOut=0x0000
DigIn=0x0000
[DATA]
	00:00:00,000	00:00:02,000	00:00:04,000
310	2.006981	2.006756	2.006954
311	1.990302	1.990551	1.990492
312	1.974189	1.974424	1.972972
313	1.957368	1.957244	1.955879
314	1.939566	1.938607	1.939377
315	1.921768	1.920235	1.92232
316	1.903983	1.902691	1.903516
317	1.886072	1.885004	1.884641
318	1.866294	1.865201	1.864707
319	1.846515	1.845397	1.844773
320	1.825569	1.824012	1.823218
321	1.804473	1.802423	1.801454
322	1.783425	1.781945	1.781257
323	1.762398	1.761925	1.761706
324	1.741849	1.741721	1.741181
325	1.721723	1.721355	1.719797
326	1.701096	1.700413	1.698496
327	1.679554	1.678418	1.677347
328	1.658256	1.656732	1.656376
329	1.638091	1.636472	1.636233
330	1.617926	1.61621	1.616088
331	1.596557	1.594483	1.594799
332	1.575189	1.572756	1.57351
333	1.554651	1.552749	1.552694
334	1.53429	1.533107	1.531979
335	1.514453	1.513464	1.51207
336	1.494901	1.493819	1.492599
337	1.474982	1.474216	1.473285
338	1.454655	1.45466	1.454147
339	1.434742	1.435041	1.434824
340	1.415805	1.415275	1.415062
341	1.396913	1.395704	1.3955
342	1.378343	1.377527	1.377374
343	1.359773	1.359351	1.359248
344	1.343197	1.342385	1.342203
345	1.326731	1.325486	1.325218
346	1.309157	1.307647	1.307302
347	1.291258	1.289533	1.289112
348	1.273872	1.272513	1.27195
349	1.256829	1.256225	1.255478
350	1.24009	1.239875	1.239095
351	1.223763	1.223442	1.222834
352	1.207625	1.207073	1.206554
353	1.192049	1.190892	1.190218
354	1.176408	1.17474	1.173912
355	1.159993	1.158925	1.157967
356	1.143579	1.143109	1.142022
357	1.128393	1.127888	1.126721
358	1.113336	1.11273	1.111487
359	1.097986	1.097332	1.096164
360	1.082528	1.081847	1.080809
361	1.067411	1.066734	1.06571
362	1.052562	1.051915	1.050812
363	1.038008	1.037339	1.036191
364	1.023921	1.023149	1.022008
365	1.009794	1.008919	1.007795
366	0.99552	0.994545	0.993471
367	0.981272	0.980194	0.979171
368	0.967566	0.96635	0.965385
369	0.95386	0.952505	0.951599
370	0.940314	0.939246	0.938228
371	0.926792	0.926071	0.924917
372	0.913156	0.912412	0.911235
373	0.899471	0.898547	0.897396
374	0.886051	0.885084	0.883957
375	0.872865	0.871974	0.87087
376	0.85977	0.858961	0.857874
377	0.846836	0.84612	0.845038
378	0.833948	0.833239	0.832252
379	0.821257	0.820193	0.819678
380	0.808573	0.807165	0.807104
381	0.79622	0.794886	0.794544
382	0.783867	0.782607	0.781984
383	0.771563	0.77036	0.769646
384	0.759267	0.75812	0.757345
385	0.747314	0.74625	0.745416
386	0.735519	0.73455	0.733657
387	0.723867	0.722983	0.72203
388	0.712349	0.711538	0.710524
389	0.700924	0.700209	0.699187
390	0.689674	0.689096	0.688165
391	0.678462	0.677989	0.677113
392	0.667421	0.666903	0.665916
393	0.65639	0.655824	0.654729
394	0.645999	0.645127	0.644185
395	0.635609	0.634431	0.633641
396	0.625749	0.624497	0.623855
397	0.615986	0.614701	0.614207
398	0.606314	0.605055	0.604545
399	0.596686	0.595479	0.594877
400	0.586902	0.585813	0.585137
401	0.576972	0.576062	0.575329
402	0.567205	0.566365	0.565635
403	0.557741	0.556771	0.556153
404	0.548389	0.54733	0.546787
405	0.53953	0.538575	0.537941
406	0.530674	0.529821	0.529097
407	0.52198	0.521128	0.520373
408	0.513287	0.512434	0.51165
409	0.504361	0.503551	0.502852
410	0.495395	0.494635	0.494041
411	0.486765	0.485959	0.485399
412	0.478285	0.47739	0.476834
413	0.469928	0.468975	0.468384
414	0.461681	0.460699	0.460037
415	0.453301	0.452416	0.451679
416	0.444687	0.444121	0.443302
417	0.436162	0.435826	0.434967
418	0.427992	0.427537	0.426793
419	0.41984	0.419268	0.418637
420	0.412162	0.411507	0.410934
421	0.404484	0.403746	0.403231
422	0.397287	0.396666	0.39607
423	0.390157	0.389683	0.388987
424	0.383076	0.382585	0.381907
425	0.376015	0.375441	0.374828
426	0.369125	0.368569	0.367976
427	0.362372	0.361918	0.361308
428	0.355725	0.355312	0.354689
429	0.349241	0.348777	0.348149
430	0.342779	0.34227	0.341633
431	0.336387	0.335854	0.3352
432	0.330001	0.329447	0.328781
433	0.32368	0.323162	0.322551
434	0.317359	0.316878	0.31632
435	0.311526	0.311002	0.310465
436	0.305738	0.305164	0.304645
437	0.300018	0.299549	0.299009
438	0.294319	0.294006	0.293432
439	0.288719	0.288419	0.287856
440	0.283185	0.282803	0.28228
441	0.27789	0.277488	0.276946
442	0.272901	0.272558	0.271919
443	0.267992	0.267691	0.267002
444	0.263287	0.262986	0.262367
445	0.258601	0.258293	0.257735
446	0.254044	0.253694	0.253126
447	0.249487	0.249095	0.248517
448	0.245044	0.244627	0.24413
449	0.240604	0.240164	0.23975
450	0.236283	0.235943	0.235451
451	0.23199	0.231778	0.231171
452	0.227796	0.227594	0.226986
453	0.223653	0.2234	0.22285
454	0.219634	0.219338	0.218811
455	0.215738	0.215409	0.214868
456	0.211949	0.211602	0.211066
457	0.208362	0.208026	0.207528
458	0.204816	0.2045	0.20402
459	0.201436	0.201181	0.200635
460	0.198055	0.197856	0.197251
461	0.194626	0.194394	0.193853
462	0.191196	0.190932	0.190455
463	0.187999	0.187786	0.187243
464	0.184832	0.18468	0.184054
465	0.181853	0.181651	0.181085
466	0.178942	0.17865	0.178195
467	0.176132	0.175804	0.175375
468	0.173394	0.173069	0.172606
469	0.170675	0.170377	0.16989
470	0.16798	0.167744	0.167243
471	0.165301	0.165081	0.164581
472	0.162661	0.16234	0.161878
473	0.160018	0.159622	0.159189
474	0.157357	0.157054	0.156599
475	0.154696	0.154487	0.154008
476	0.152319	0.152151	0.151706
477	0.149948	0.14982	0.149409
478	0.147691	0.147537	0.147109
479	0.145456	0.145264	0.144808
480	0.143147	0.142914	0.142483
481	0.140803	0.140529	0.140146
482	0.138413	0.138146	0.137767
483	0.135983	0.135766	0.135351
484	0.133713	0.133537	0.133099
485	0.131697	0.13155	0.131109
486	0.129843	0.129697	0.129251
487	0.128502	0.128267	0.127809
488	0.127155	0.126846	0.126376
489	0.125751	0.125509	0.125016
490	0.124346	0.124172	0.123656
491	0.122817	0.122692	0.122196
492	0.121281	0.121204	0.120731
493	0.119687	0.119569	0.11915
494	0.118078	0.117899	0.11754
495	0.116542	0.116299	0.115978
496	0.115044	0.114736	0.114441
497	0.113581	0.113278	0.112963
498	0.112151	0.111917	0.11154
499	0.110727	0.110524	0.110127
500	0.109311	0.109079	0.108731
501	0.107916	0.107675	0.107358
502	0.106587	0.106413	0.106063
503	0.105268	0.105153	0.104773
504	0.10404	0.103913	0.103534
505	0.102812	0.102673	0.102295
506	0.101617	0.101452	0.101099
507	0.100423	0.100232	0.099906
508	0.099184	0.09902	0.098665
509	0.097934	0.097811	0.097412
510	0.096721	0.096586	0.096194
511	0.095526	0.095353	0.094994
512	0.094308	0.094138	0.09379
513	0.093071	0.09294	0.092582
514	0.091893	0.091795	0.091402
515	0.090811	0.090737	0.090264
516	0.089726	0.089663	0.089142
517	0.088631	0.088536	0.088066
518	0.087551	0.087426	0.086997
519	0.086589	0.08645	0.085976
520	0.085627	0.085475	0.084956
521	0.084574	0.084424	0.08393
522	0.083518	0.083371	0.082904
523	0.082497	0.0824	0.081951
524	0.081482	0.081446	0.081012
525	0.080507	0.080448	0.080005
526	0.079548	0.07943	0.078967
527	0.078523	0.0784	0.07795
528	0.077446	0.07736	0.076948
529	0.076488	0.076395	0.076028
530	0.075689	0.075532	0.075216
531	0.074857	0.074676	0.07438
532	0.073942	0.073838	0.073486
533	0.073036	0.072988	0.072595
534	0.072178	0.072078	0.071722
535	0.07132	0.07117	0.070851
536	0.070473	0.070347	0.070021
537	0.069625	0.069524	0.069191
538	0.068686	0.068589	0.068281
539	0.067736	0.06764	0.06736
540	0.066855	0.066777	0.066433
541	0.065995	0.06594	0.065504
542	0.065209	0.065138	0.064695
543	0.064466	0.064357	0.063957
544	0.063786	0.063638	0.063267
545	0.063169	0.062982	0.062627
546	0.062516	0.062324	0.061981
547	0.061804	0.06166	0.061328
548	0.061108	0.060997	0.060664
549	0.060458	0.060337	0.059968
550	0.059805	0.059676	0.059278
551	0.059126	0.059002	0.058628
552	0.058446	0.058328	0.057978
553	0.057766	0.057628	0.057268
554	0.057086	0.056927	0.056558
555	0.056418	0.056241	0.055895
556	0.055752	0.055557	0.055241
557	0.05512	0.055023	0.054673
558	0.054501	0.054544	0.054136
559	0.053949	0.053987	0.05357
560	0.05344	0.053379	0.052985
561	0.05284	0.052747	0.052363
562	0.052142	0.05209	0.051701
563	0.051466	0.051444	0.051047
564	0.05083	0.050816	0.050408
565	0.050175	0.050165	0.049751
566	0.049457	0.049438	0.049039
567	0.048728	0.0487	0.048322
568	0.047919	0.047886	0.04757
569	0.047111	0.047072	0.046817
570	0.04643	0.046438	0.046098
571	0.045749	0.045805	0.045379
572	0.045087	0.045098	0.044728
573	0.044427	0.04438	0.044086
574	0.043733	0.043672	0.043396
575	0.043028	0.042969	0.042691
576	0.042414	0.042356	0.042082
577	0.041854	0.041796	0.04153
578	0.041315	0.041256	0.041
579	0.040797	0.040735	0.040492
580	0.04033	0.040261	0.040022
581	0.03994	0.039857	0.039611
582	0.039581	0.0395	0.039236
583	0.039307	0.039264	0.038957
584	0.03903	0.039017	0.038679
585	0.038743	0.038715	0.038409
586	0.038457	0.038415	0.03814
587	0.03821	0.038153	0.037885
588	0.037962	0.03789	0.037629
589	0.037704	0.037651	0.037362
590	0.037445	0.037413	0.037095
591	0.037093	0.037068	0.036763
592	0.03672	0.036699	0.036418
593	0.036369	0.036342	0.036045
594	0.036027	0.035991	0.035661
595	0.035691	0.03565	0.035329
596	0.035358	0.035315	0.035033
597	0.035048	0.035001	0.034743
598	0.034765	0.034711	0.034458
599	0.034455	0.0344	0.034135
600	0.034098	0.034054	0.033747
601	0.033754	0.03372	0.03339
602	0.033447	0.033416	0.033122
603	0.033158	0.03313	0.032872
604	0.032982	0.03294	0.032729
605	0.032809	0.032754	0.032584
606	0.032704	0.032646	0.032399
607	0.032599	0.032537	0.032214
608	0.032351	0.032308	0.031989
609	0.032091	0.03207	0.03176
610	0.031903	0.031867	0.031569
611	0.031732	0.03167	0.031386
612	0.031524	0.03145	0.031146
613	0.0313	0.031221	0.030884
614	0.031051	0.030981	0.030665
615	0.030786	0.030734	0.030474
616	0.030609	0.030559	0.030308
617	0.030519	0.030455	0.030166
618	0.030353	0.030276	0.029969
619	0.030073	0.029986	0.029688
620	0.029828	0.029734	0.029452
621	0.029666	0.029572	0.02932
622	0.029493	0.029409	0.02917
623	0.029275	0.029242	0.028951
624	0.029065	0.029074	0.028736
625	0.02892	0.028894	0.028564
626	0.028775	0.028714	0.028392
627	0.028559	0.028487	0.028155
628	0.028343	0.02826	0.027917
629	0.028161	0.028135	0.027804
630	0.027984	0.028022	0.027705
631	0.027857	0.027904	0.027581
632	0.027743	0.027784	0.027449
633	0.027545	0.027568	0.027275
634	0.02731	0.027311	0.027083
635	0.027127	0.027124	0.02691
636	0.026978	0.026986	0.02675
637	0.026838	0.026822	0.026534
638	0.026708	0.026632	0.026263
639	0.026552	0.026446	0.026054
640	0.026358	0.026265	0.025937
641	0.026187	0.026112	0.025824
642	0.026064	0.026024	0.025719
643	0.025927	0.025915	0.0256
644	0.025735	0.025734	0.025429
645	0.025543	0.025553	0.025257
646	0.02535	0.02536	0.025069
647	0.025153	0.025162	0.024874
648	0.024808	0.024806	0.024495
649	0.024464	0.02445	0.024117
650	0.023761	0.023826	0.023459
651	0.023036	0.023185	0.022784
652	0.022169	0.02223	0.021926
653	0.021278	0.02122	0.021037
654	0.020579	0.020522	0.020351
655	0.019941	0.019922	0.019728
656	0.019718	0.019696	0.01951
657	0.019696	0.019649	0.019487
658	0.019818	0.019774	0.019611
659	0.020043	0.020018	0.019837
660	0.020491	0.020455	0.020278
661	0.021161	0.021086	0.020933
662	0.021721	0.021636	0.021486
663	0.022123	0.022074	0.021894
664	0.022373	0.022358	0.022144
665	0.022316	0.022327	0.022069
666	0.022261	0.022277	0.021995
667	0.022212	0.022167	0.021919
668	0.022166	0.022071	0.021849
669	0.022144	0.022051	0.021804
670	0.022109	0.022022	0.021755
671	0.02193	0.021897	0.02165
672	0.021751	0.021772	0.021545
673	0.021743	0.021726	0.021432
674	0.021736	0.021679	0.02132
675	0.021644	0.021621	0.021309
676	0.021546	0.021562	0.021307
677	0.021474	0.021484	0.021198
678	0.021406	0.021404	0.021069
679	0.021288	0.021266	0.020948
680	0.021154	0.021111	0.02083
681	0.021069	0.021052	0.020789
682	0.021007	0.021038	0.020785
683	0.020902	0.020939	0.020702
684	0.020769	0.020785	0.02057
685	0.020683	0.020695	0.020468
686	0.020635	0.020661	0.020394
687	0.020609	0.020609	0.020352
688	0.020609	0.020536	0.020348
689	0.020578	0.020499	0.020326
690	0.020499	0.02052	0.020277
691	0.020403	0.02047	0.020208
692	0.020266	0.020259	0.020095
693	0.020165	0.020103	0.019996
694	0.020177	0.020115	0.01994
695	0.02017	0.020112	0.019872
696	0.020064	0.020034	0.01975
697	0.019959	0.019954	0.01963
698	0.019863	0.019864	0.019533
699	0.01977	0.019777	0.019442
700	0.019759	0.019799	0.019508
701	0.019748	0.019822	0.019574
702	0.019745	0.019736	0.019487
703	0.019741	0.019647	0.019395
704	0.01967	0.019631	0.019379
705	0.01959	0.019624	0.019371
706	0.019571	0.019594	0.019338
707	0.019564	0.019559	0.0193
708	0.01958	0.019577	0.019322
709	0.019604	0.019612	0.019362
710	0.019589	0.019547	0.019304
711	0.019557	0.01944	0.019205
712	0.019517	0.019413	0.019159
713	0.019471	0.019432	0.019143
714	0.019487	0.019454	0.019163
715	0.019548	0.019478	0.019208
716	0.019581	0.019481	0.019246
717	0.019586	0.019466	0.019275
718	0.019594	0.01951	0.019314
719	0.019606	0.019623	0.019365
720	0.019673	0.019727	0.019438
[LOG]
CHECKSUM½