[HEADER]
Format	J&M ASCII Table
Comment	
Date	02/03/2026 19:15:54
Order	Y (evenX)
TechType	UV
NumPoints	411
FirstX	310
LastX	720
XType	nm
YType	Absorbance
ZType	s
NumSubFile	3
Matrix	Z vs X
[LOGIN]
Name=pcbob
[INSTRUMENT]
Name=TIDAS E Base UV/VI
Detector=MMS - ASPEN 97,5 kHz
Diodearray=256 Pixel
Serial#=36584
Calibrated=2011-07-01
Range=183.81-729.88 [nm] (F0)

SWVersion=v3.18.2 (build 0)[LOGIN]
Name=pcbob
[CONFIG]
ChannelName=Channel 1
ChannelType=Normalized
[PARAMETER]
It=400,00
Aver=5
Norm=3
Range=310,0-720,0 nm
Scan=Time
ScanTime=5,00 s
[TRIGGER]
Sweep=0
Scan=0
[DIO]
DigOut=0x0000
DigIn=0x0000
[DATA]
	00:00:00,000	00:00:02,000	00:00:04,000
310	0.301671	0.301531	0.301216
311	0.29679	0.296607	0.296316
312	0.292029	0.291746	0.291513
313	0.28733	0.287026	0.286811
314	0.282714	0.282502	0.282249
315	0.278127	0.277984	0.277711
316	0.273631	0.273485	0.273247
317	0.269151	0.269	0.268796
318	0.26491	0.264734	0.264542
319	0.260669	0.260468	0.260289
320	0.256493	0.256315	0.256117
321	0.252325	0.252176	0.251955
322	0.248259	0.248097	0.247886
323	0.244234	0.244042	0.243855
324	0.240233	0.24001	0.239864
325	0.236253	0.235996	0.23591
326	0.232308	0.232033	0.231944
327	0.228426	0.228164	0.227958
328	0.224561	0.224315	0.224013
329	0.220778	0.22056	0.220256
330	0.216994	0.216805	0.2165
331	0.21323	0.213033	0.212765
332	0.209466	0.209262	0.209029
333	0.20578	0.205588	0.205355
334	0.20211	0.201935	0.201693
335	0.198435	0.198308	0.198021
336	0.194757	0.194695	0.194344
337	0.191148	0.191115	0.190741
338	0.187614	0.187572	0.187223
339	0.184154	0.184091	0.183777
340	0.180867	0.180754	0.180501
341	0.177579	0.177425	0.177221
342	0.174281	0.174149	0.173922
343	0.170984	0.170873	0.170622
344	0.167768	0.167636	0.16735
345	0.164556	0.164402	0.16408
346	0.161305	0.161169	0.160874
347	0.158042	0.157936	0.157688
348	0.154821	0.154689	0.154512
349	0.151627	0.151433	0.151342
350	0.148486	0.14829	0.148229
351	0.145415	0.145299	0.145192
352	0.142365	0.142287	0.142147
353	0.13938	0.139209	0.139082
354	0.13639	0.13614	0.136023
355	0.133343	0.133184	0.133037
356	0.130297	0.130228	0.130052
357	0.127326	0.127262	0.127045
358	0.124364	0.124294	0.124037
359	0.121526	0.121372	0.121173
360	0.118733	0.118466	0.118362
361	0.115917	0.11563	0.115571
362	0.113082	0.112848	0.112795
363	0.110274	0.110107	0.110036
364	0.107511	0.107431	0.107302
365	0.104755	0.104747	0.104571
366	0.102022	0.102033	0.101852
367	0.099294	0.099321	0.099136
368	0.096661	0.096671	0.096476
369	0.094029	0.09402	0.093816
370	0.09137	0.091406	0.091181
371	0.088706	0.088796	0.088549
372	0.086138	0.086171	0.085945
373	0.083609	0.083538	0.083354
374	0.081108	0.08099	0.080818
375	0.078631	0.078517	0.078333
376	0.076191	0.07608	0.075888
377	0.073815	0.073705	0.073517
378	0.071437	0.071334	0.071148
379	0.069048	0.068982	0.068789
380	0.066656	0.066627	0.066428
381	0.064184	0.064154	0.063982
382	0.061711	0.061681	0.061536
383	0.059384	0.05938	0.059228
384	0.057082	0.057108	0.056943
385	0.054862	0.054875	0.05473
386	0.052679	0.052659	0.052548
387	0.050571	0.050493	0.050429
388	0.048533	0.048375	0.048369
389	0.046479	0.046319	0.046323
390	0.044398	0.044378	0.044303
391	0.042304	0.042396	0.042248
392	0.04015	0.040225	0.040037
393	0.037998	0.038056	0.037827
394	0.036027	0.036027	0.035793
395	0.034055	0.033998	0.033759
396	0.032296	0.032265	0.03204
397	0.030575	0.030586	0.030378
398	0.028994	0.028997	0.028818
399	0.027477	0.027449	0.027306
400	0.025816	0.025767	0.025636
401	0.024017	0.023959	0.023818
402	0.022208	0.022167	0.022032
403	0.020379	0.020404	0.020304
404	0.018599	0.018668	0.018591
405	0.017033	0.017058	0.016948
406	0.015468	0.015447	0.015305
407	0.013919	0.013853	0.013719
408	0.012371	0.012259	0.012133
409	0.010712	0.010648	0.010507
410	0.009034	0.009034	0.008875
411	0.007378	0.007364	0.007246
412	0.005731	0.00567	0.005619
413	0.004085	0.00402	0.003962
414	0.00244	0.00241	0.002279
415	0.000743	0.000736	0.000599
416	-0.001045	-0.001051	-0.001077
417	-0.002813	-0.002815	-0.002771
418	-0.004505	-0.004484	-0.004533
419	-0.006186	-0.006145	-0.006282
420	-0.007604	-0.007596	-0.00768
421	-0.009023	-0.009048	-0.009077
422	-0.010587	-0.010562	-0.010603
423	-0.012173	-0.012085	-0.012146
424	-0.013587	-0.013483	-0.013571
425	-0.014935	-0.014831	-0.014948
426	-0.016144	-0.016051	-0.016198
427	-0.017242	-0.017167	-0.017345
428	-0.018282	-0.018234	-0.018409
429	-0.019234	-0.019224	-0.019344
430	-0.020196	-0.020193	-0.020281
431	-0.021191	-0.021091	-0.021222
432	-0.022181	-0.021995	-0.022163
433	-0.023089	-0.022978	-0.023104
434	-0.023998	-0.023962	-0.024045
435	-0.025017	-0.025008	-0.02508
436	-0.026047	-0.026061	-0.026125
437	-0.027116	-0.027083	-0.027156
438	-0.028198	-0.028096	-0.028183
439	-0.029167	-0.029072	-0.029125
440	-0.030059	-0.030023	-0.030011
441	-0.030964	-0.030938	-0.030909
442	-0.031882	-0.031808	-0.031823
443	-0.032748	-0.032642	-0.032694
444	-0.033482	-0.03338	-0.033457
445	-0.034206	-0.034108	-0.034203
446	-0.034862	-0.034759	-0.034841
447	-0.035518	-0.03541	-0.035478
448	-0.036158	-0.036047	-0.036097
449	-0.036798	-0.036684	-0.036715
450	-0.03741	-0.037274	-0.037343
451	-0.038015	-0.037853	-0.037974
452	-0.038593	-0.038439	-0.038553
453	-0.039157	-0.03903	-0.039104
454	-0.039745	-0.039642	-0.039711
455	-0.040359	-0.040276	-0.040373
456	-0.040932	-0.040865	-0.040956
457	-0.04143	-0.041371	-0.04139
458	-0.041916	-0.041857	-0.04183
459	-0.042353	-0.042262	-0.042293
460	-0.042792	-0.042669	-0.042757
461	-0.043282	-0.043138	-0.043232
462	-0.043773	-0.043607	-0.043706
463	-0.04425	-0.044046	-0.044166
464	-0.044726	-0.044481	-0.044624
465	-0.045088	-0.044899	-0.045019
466	-0.045409	-0.045311	-0.045391
467	-0.045671	-0.045596	-0.04566
468	-0.045891	-0.045789	-0.045855
469	-0.046102	-0.045989	-0.046054
470	-0.0463	-0.046197	-0.046257
471	-0.046516	-0.046404	-0.046463
472	-0.046778	-0.046606	-0.046677
473	-0.047038	-0.046824	-0.046905
474	-0.047287	-0.047143	-0.047229
475	-0.047536	-0.047463	-0.047553
476	-0.047838	-0.047668	-0.047808
477	-0.048141	-0.047872	-0.048063
478	-0.048358	-0.048121	-0.048278
479	-0.048557	-0.048379	-0.048486
480	-0.048783	-0.048661	-0.048758
481	-0.049022	-0.048953	-0.049059
482	-0.049436	-0.049362	-0.049468
483	-0.050004	-0.049874	-0.04997
484	-0.0505	-0.050341	-0.050433
485	-0.050883	-0.050737	-0.050834
486	-0.051133	-0.051	-0.05111
487	-0.050964	-0.050847	-0.050993
488	-0.050787	-0.050683	-0.050856
489	-0.05055	-0.050413	-0.050536
490	-0.050312	-0.050142	-0.050215
491	-0.050148	-0.049981	-0.050055
492	-0.049987	-0.049825	-0.049903
493	-0.049833	-0.049704	-0.049783
494	-0.04968	-0.04959	-0.04967
495	-0.049573	-0.04948	-0.049569
496	-0.04949	-0.04937	-0.049473
497	-0.049494	-0.049353	-0.049463
498	-0.04958	-0.049423	-0.049533
499	-0.049627	-0.049457	-0.049574
500	-0.04961	-0.049429	-0.049568
501	-0.049591	-0.049404	-0.049544
502	-0.049566	-0.049386	-0.049461
503	-0.049535	-0.049362	-0.04938
504	-0.049422	-0.049265	-0.049331
505	-0.049309	-0.049167	-0.049282
506	-0.04923	-0.0491	-0.049215
507	-0.049153	-0.049034	-0.049147
508	-0.04907	-0.048949	-0.049059
509	-0.048986	-0.048858	-0.048966
510	-0.048889	-0.048734	-0.048841
511	-0.048786	-0.048592	-0.048698
512	-0.048677	-0.048461	-0.04857
513	-0.048563	-0.04834	-0.048455
514	-0.048418	-0.048209	-0.048326
515	-0.04822	-0.048063	-0.048176
516	-0.048047	-0.047919	-0.048027
517	-0.047947	-0.047782	-0.047883
518	-0.04784	-0.047641	-0.047734
519	-0.047674	-0.047474	-0.047546
520	-0.047507	-0.047308	-0.047358
521	-0.047392	-0.047223	-0.04731
522	-0.047278	-0.047141	-0.047266
523	-0.047173	-0.047004	-0.047118
524	-0.04707	-0.046857	-0.046949
525	-0.047004	-0.046749	-0.046843
526	-0.046955	-0.046658	-0.046765
527	-0.046852	-0.046569	-0.046674
528	-0.046707	-0.046482	-0.046574
529	-0.046544	-0.046359	-0.046441
530	-0.046356	-0.046188	-0.046264
531	-0.046191	-0.046019	-0.046098
532	-0.046081	-0.045853	-0.04596
533	-0.04596	-0.045685	-0.045818
534	-0.045783	-0.045508	-0.045657
535	-0.045606	-0.045332	-0.045494
536	-0.045429	-0.0452	-0.045295
537	-0.045251	-0.045069	-0.045097
538	-0.045078	-0.044908	-0.044961
539	-0.044905	-0.044744	-0.044832
540	-0.044729	-0.044584	-0.044683
541	-0.044552	-0.044424	-0.044528
542	-0.044339	-0.044212	-0.044293
543	-0.044104	-0.043971	-0.044011
544	-0.043911	-0.043751	-0.043799
545	-0.04376	-0.043555	-0.043658
546	-0.043599	-0.043375	-0.043502
547	-0.043421	-0.043225	-0.04332
548	-0.043256	-0.043078	-0.043153
549	-0.043127	-0.042937	-0.043036
550	-0.042986	-0.042784	-0.042901
551	-0.042752	-0.042526	-0.042626
552	-0.042518	-0.042269	-0.042352
553	-0.042303	-0.042108	-0.042184
554	-0.042088	-0.04195	-0.042018
555	-0.041873	-0.041712	-0.041777
556	-0.041659	-0.041461	-0.041523
557	-0.0415	-0.041274	-0.041331
558	-0.041361	-0.041111	-0.041161
559	-0.04115	-0.040905	-0.040944
560	-0.040893	-0.04067	-0.040697
561	-0.040662	-0.040449	-0.040475
562	-0.040459	-0.040242	-0.040279
563	-0.040269	-0.040061	-0.040106
564	-0.040102	-0.039929	-0.039973
565	-0.039979	-0.039821	-0.039877
566	-0.040003	-0.039788	-0.039901
567	-0.040036	-0.039779	-0.039936
568	-0.040149	-0.039947	-0.040054
569	-0.040261	-0.040115	-0.040171
570	-0.040369	-0.040197	-0.040257
571	-0.040476	-0.040279	-0.040343
572	-0.040498	-0.040294	-0.040371
573	-0.040506	-0.0403	-0.040391
574	-0.040508	-0.040354	-0.040405
575	-0.040506	-0.040425	-0.040417
576	-0.04051	-0.040395	-0.04039
577	-0.040517	-0.040308	-0.04034
578	-0.040485	-0.040251	-0.040286
579	-0.040414	-0.040222	-0.040227
580	-0.040291	-0.040145	-0.040129
581	-0.040087	-0.039991	-0.039971
582	-0.039853	-0.039779	-0.039776
583	-0.039541	-0.039412	-0.039488
584	-0.039208	-0.039032	-0.03917
585	-0.038763	-0.038581	-0.0387
586	-0.03832	-0.038132	-0.038233
587	-0.037902	-0.037726	-0.037817
588	-0.037484	-0.03732	-0.037401
589	-0.037059	-0.0369	-0.036963
590	-0.036633	-0.036479	-0.036524
591	-0.036207	-0.036044	-0.036074
592	-0.035781	-0.035607	-0.035621
593	-0.035458	-0.035282	-0.035325
594	-0.035179	-0.035005	-0.035095
595	-0.034904	-0.03472	-0.034815
596	-0.034632	-0.034428	-0.034502
597	-0.034311	-0.034115	-0.034182
598	-0.033934	-0.033776	-0.033853
599	-0.033626	-0.033503	-0.033573
600	-0.033437	-0.033341	-0.033375
601	-0.033251	-0.033159	-0.033175
602	-0.033072	-0.032921	-0.032968
603	-0.032873	-0.032674	-0.032748
604	-0.032553	-0.032377	-0.03245
605	-0.032229	-0.032076	-0.032147
606	-0.031812	-0.03166	-0.031712
607	-0.031396	-0.031243	-0.031277
608	-0.031097	-0.030916	-0.030981
609	-0.030806	-0.030596	-0.030696
610	-0.030511	-0.030309	-0.030413
611	-0.030214	-0.03003	-0.030131
612	-0.029931	-0.029738	-0.029837
613	-0.029654	-0.029441	-0.029537
614	-0.029348	-0.02916	-0.029251
615	-0.029023	-0.028888	-0.028972
616	-0.028689	-0.028545	-0.028626
617	-0.028345	-0.028131	-0.028212
618	-0.027981	-0.027744	-0.027823
619	-0.027589	-0.027397	-0.02747
620	-0.027229	-0.027061	-0.027134
621	-0.026945	-0.026754	-0.026836
622	-0.02664	-0.026428	-0.026518
623	-0.026246	-0.026025	-0.02612
624	-0.025861	-0.025637	-0.025732
625	-0.025567	-0.025398	-0.025457
626	-0.025273	-0.02516	-0.025182
627	-0.024916	-0.024781	-0.024847
628	-0.024559	-0.024401	-0.024512
629	-0.024242	-0.024068	-0.024174
630	-0.02393	-0.023741	-0.023836
631	-0.023617	-0.023451	-0.023489
632	-0.023304	-0.023171	-0.023141
633	-0.023055	-0.022881	-0.022857
634	-0.022834	-0.022585	-0.022601
635	-0.022606	-0.022344	-0.022399
636	-0.022375	-0.02214	-0.022232
637	-0.02218	-0.021942	-0.022062
638	-0.02202	-0.021752	-0.021889
639	-0.021828	-0.021568	-0.021703
640	-0.021591	-0.021391	-0.021497
641	-0.021333	-0.021159	-0.021244
642	-0.021032	-0.020806	-0.020887
643	-0.020749	-0.020491	-0.020574
644	-0.02053	-0.020309	-0.020413
645	-0.020318	-0.020129	-0.020254
646	-0.020147	-0.019971	-0.020105
647	-0.019981	-0.019816	-0.019956
648	-0.019932	-0.019751	-0.019825
649	-0.019883	-0.019686	-0.019694
650	-0.020307	-0.020102	-0.020122
651	-0.020759	-0.020548	-0.020584
652	-0.021492	-0.02133	-0.021402
653	-0.022273	-0.02217	-0.022282
654	-0.022963	-0.022857	-0.022963
655	-0.023624	-0.023495	-0.023582
656	-0.023633	-0.023516	-0.023565
657	-0.023328	-0.023238	-0.023241
658	-0.022778	-0.022696	-0.022689
659	-0.022057	-0.021968	-0.021975
660	-0.021011	-0.020917	-0.020931
661	-0.019642	-0.019542	-0.019557
662	-0.018412	-0.018285	-0.018307
663	-0.017379	-0.017193	-0.017229
664	-0.016544	-0.016328	-0.016374
665	-0.016112	-0.015924	-0.015971
666	-0.015701	-0.015526	-0.015585
667	-0.015353	-0.01515	-0.015252
668	-0.01503	-0.014799	-0.014928
669	-0.014836	-0.01458	-0.014655
670	-0.014645	-0.014366	-0.014394
671	-0.014482	-0.014214	-0.014283
672	-0.014318	-0.014062	-0.014173
673	-0.014106	-0.01389	-0.013962
674	-0.013893	-0.013718	-0.013751
675	-0.013701	-0.013533	-0.013581
676	-0.01351	-0.013346	-0.013415
677	-0.013377	-0.013199	-0.013252
678	-0.013255	-0.013059	-0.01309
679	-0.013104	-0.012907	-0.012944
680	-0.012944	-0.012751	-0.012803
681	-0.012805	-0.012607	-0.012679
682	-0.012677	-0.012468	-0.012563
683	-0.012526	-0.012336	-0.012437
684	-0.01236	-0.012208	-0.012303
685	-0.012149	-0.012025	-0.012096
686	-0.011899	-0.011794	-0.011822
687	-0.011698	-0.01159	-0.011601
688	-0.011555	-0.011417	-0.01144
689	-0.01138	-0.011233	-0.011258
690	-0.01115	-0.011031	-0.011041
691	-0.01091	-0.0108	-0.0108
692	-0.010645	-0.010504	-0.010504
693	-0.010408	-0.010241	-0.010243
694	-0.01026	-0.010085	-0.010095
695	-0.010099	-0.009911	-0.009935
696	-0.009875	-0.009648	-0.009718
697	-0.009651	-0.009396	-0.009509
698	-0.009429	-0.009243	-0.009367
699	-0.009206	-0.009086	-0.009219
700	-0.008944	-0.008785	-0.008877
701	-0.008683	-0.008484	-0.008535
702	-0.008503	-0.008356	-0.008379
703	-0.008326	-0.008234	-0.008231
704	-0.00814	-0.008012	-0.007988
705	-0.007952	-0.00778	-0.007734
706	-0.007747	-0.007532	-0.007531
707	-0.007539	-0.007282	-0.007339
708	-0.007274	-0.007055	-0.007148
709	-0.006991	-0.006835	-0.006958
710	-0.006804	-0.006682	-0.00678
711	-0.006658	-0.006557	-0.006607
712	-0.006497	-0.006367	-0.006419
713	-0.006328	-0.006141	-0.006223
714	-0.006114	-0.005929	-0.005989
715	-0.005867	-0.005728	-0.005728
716	-0.005656	-0.005578	-0.005553
717	-0.005477	-0.005476	-0.005456
718	-0.005297	-0.005294	-0.00529
719	-0.005114	-0.005019	-0.005043
720	-0.00492	-0.004773	-0.004811
[LOG]
CHECKSUMb€