[HEADER]
Format	J&M ASCII Table
Comment	
Date	02/03/2026 19:13:57
Order	Y (evenX)
TechType	UV
NumPoints	411
FirstX	310
LastX	720
XType	nm
YType	Absorbance
ZType	s
NumSubFile	3
Matrix	Z vs X
[LOGIN]
Name=pcbob
[INSTRUMENT]
Name=TIDAS E Base UV/VI
Detector=MMS - ASPEN 97,5 kHz
Diodearray=256 Pixel
Serial#=36584
Calibrated=2011-07-01
Range=183.81-729.88 [nm] (F0)

SWVersion=v3.18.2 (build 0)[LOGIN]
Name=pcbob
[CONFIG]
ChannelName=Channel 1
ChannelType=Normalized
[PARAMETER]
It=400,00
Aver=5
Norm=3
Range=310,0-720,0 nm
Scan=Time
ScanTime=5,00 s
[TRIGGER]
Sweep=0
Scan=0
[DIO]
DigOut=0x0000
DigIn=0x0000
[DATA]
	00:00:00,000	00:00:02,000	00:00:04,000
310	0.301368	0.301064	0.300812
311	0.296455	0.296147	0.295867
312	0.291603	0.291333	0.291012
313	0.286849	0.286619	0.286247
314	0.28223	0.282039	0.281608
315	0.277645	0.277473	0.277026
316	0.273164	0.272947	0.272621
317	0.268698	0.268437	0.268222
318	0.26443	0.264163	0.263908
319	0.260162	0.259889	0.259595
320	0.256045	0.255752	0.255431
321	0.251949	0.251633	0.251286
322	0.24784	0.247523	0.247199
323	0.243726	0.243416	0.243136
324	0.239685	0.239385	0.239113
325	0.23571	0.23542	0.235126
326	0.23174	0.231455	0.231164
327	0.227781	0.227489	0.227245
328	0.223853	0.223562	0.22335
329	0.22007	0.219816	0.219562
330	0.216287	0.216069	0.215774
331	0.212491	0.212305	0.211983
332	0.208696	0.208541	0.208192
333	0.205007	0.204869	0.20452
334	0.201341	0.201216	0.200872
335	0.197687	0.197528	0.197185
336	0.19404	0.19382	0.193476
337	0.190441	0.190202	0.189887
338	0.186894	0.186686	0.186433
339	0.183408	0.183212	0.183001
340	0.180065	0.179836	0.179621
341	0.176726	0.176467	0.176246
342	0.173422	0.173145	0.172906
343	0.170118	0.169822	0.169565
344	0.166838	0.166604	0.166329
345	0.163559	0.163392	0.163099
346	0.160328	0.160165	0.159914
347	0.15711	0.156934	0.156742
348	0.15391	0.153726	0.153549
349	0.150722	0.150535	0.150341
350	0.147585	0.147406	0.147179
351	0.144516	0.144362	0.144079
352	0.141459	0.141324	0.141003
353	0.138436	0.138305	0.138
354	0.135417	0.135286	0.134997
355	0.132451	0.132284	0.132003
356	0.129484	0.129282	0.129009
357	0.126431	0.12623	0.125987
358	0.123369	0.123173	0.122962
359	0.120473	0.120295	0.120045
360	0.117639	0.117484	0.117166
361	0.11481	0.1147	0.114352
362	0.111985	0.111939	0.111588
363	0.109181	0.109158	0.108826
364	0.10641	0.106344	0.106065
365	0.103639	0.10355	0.103314
366	0.100869	0.100825	0.100605
367	0.098107	0.098104	0.097897
368	0.095529	0.095451	0.095235
369	0.092951	0.092799	0.092574
370	0.090288	0.090155	0.089941
371	0.087612	0.087512	0.087313
372	0.085043	0.084911	0.084737
373	0.08252	0.082327	0.082184
374	0.080007	0.079809	0.079695
375	0.077501	0.07735	0.077262
376	0.075043	0.074908	0.074832
377	0.072668	0.072498	0.072406
378	0.070288	0.070088	0.069986
379	0.067888	0.067684	0.06759
380	0.065486	0.065278	0.065193
381	0.063012	0.062833	0.062731
382	0.060538	0.060388	0.06027
383	0.058248	0.058134	0.057998
384	0.05599	0.055912	0.05576
385	0.053718	0.053671	0.053515
386	0.05144	0.051421	0.051269
387	0.049269	0.049267	0.049121
388	0.047199	0.047205	0.047066
389	0.045145	0.045143	0.045
390	0.043123	0.043082	0.042913
391	0.041079	0.04102	0.040824
392	0.038935	0.038953	0.038726
393	0.036793	0.036886	0.036629
394	0.03478	0.034796	0.034536
395	0.032766	0.032706	0.032443
396	0.030985	0.030965	0.030733
397	0.029245	0.029287	0.029092
398	0.027662	0.027682	0.027523
399	0.026151	0.026111	0.025987
400	0.024485	0.024453	0.024282
401	0.022675	0.022712	0.022417
402	0.020871	0.02093	0.020581
403	0.01908	0.019071	0.018801
404	0.017313	0.017249	0.017051
405	0.015654	0.015596	0.015436
406	0.013997	0.013946	0.013823
407	0.012471	0.012425	0.012308
408	0.010945	0.010905	0.010793
409	0.009311	0.00929	0.009184
410	0.007659	0.007659	0.007558
411	0.005998	0.006009	0.005884
412	0.004335	0.004351	0.004188
413	0.00269	0.002715	0.002541
414	0.001062	0.001099	0.000938
415	-0.000605	-0.000573	-0.000722
416	-0.00234	-0.002343	-0.002482
417	-0.004076	-0.004101	-0.004234
418	-0.005817	-0.005808	-0.005954
419	-0.007547	-0.007505	-0.007661
420	-0.008973	-0.008946	-0.00908
421	-0.0104	-0.010387	-0.010499
422	-0.011884	-0.01192	-0.011978
423	-0.013377	-0.013467	-0.013467
424	-0.014797	-0.014875	-0.014863
425	-0.016188	-0.016227	-0.016223
426	-0.017454	-0.017442	-0.017474
427	-0.01862	-0.018546	-0.018637
428	-0.019669	-0.019585	-0.019722
429	-0.02054	-0.020527	-0.020685
430	-0.021438	-0.021463	-0.021639
431	-0.022426	-0.022384	-0.022562
432	-0.023414	-0.02331	-0.023488
433	-0.02439	-0.024307	-0.024435
434	-0.025366	-0.025305	-0.025383
435	-0.0264	-0.026338	-0.026425
436	-0.027441	-0.027374	-0.027476
437	-0.028484	-0.028432	-0.028509
438	-0.029528	-0.029497	-0.029536
439	-0.030509	-0.030472	-0.030492
440	-0.031446	-0.031386	-0.031401
441	-0.03235	-0.032283	-0.032308
442	-0.033212	-0.03316	-0.033211
443	-0.034038	-0.033993	-0.034062
444	-0.034775	-0.034717	-0.03478
445	-0.035496	-0.035425	-0.035484
446	-0.036105	-0.036023	-0.036093
447	-0.036715	-0.03662	-0.036703
448	-0.037364	-0.037245	-0.037325
449	-0.038014	-0.037872	-0.037948
450	-0.038632	-0.038524	-0.038562
451	-0.039243	-0.039183	-0.039175
452	-0.039836	-0.039791	-0.039794
453	-0.040419	-0.040373	-0.040415
454	-0.041024	-0.04096	-0.041026
455	-0.041652	-0.041552	-0.041627
456	-0.042234	-0.042121	-0.042189
457	-0.042731	-0.042643	-0.042678
458	-0.043215	-0.043144	-0.043154
459	-0.043643	-0.043554	-0.043581
460	-0.044073	-0.043967	-0.044009
461	-0.044528	-0.044416	-0.04448
462	-0.044984	-0.044866	-0.044951
463	-0.045438	-0.045367	-0.045409
464	-0.045891	-0.045874	-0.045864
465	-0.046264	-0.046217	-0.046245
466	-0.046608	-0.046502	-0.0466
467	-0.046852	-0.046765	-0.046858
468	-0.047025	-0.047012	-0.047048
469	-0.047223	-0.047206	-0.047242
470	-0.047456	-0.047332	-0.047441
471	-0.047695	-0.047496	-0.047642
472	-0.04795	-0.047758	-0.047849
473	-0.048207	-0.048023	-0.048067
474	-0.048479	-0.048314	-0.048357
475	-0.04875	-0.048606	-0.048646
476	-0.049008	-0.048899	-0.048921
477	-0.049266	-0.049193	-0.049196
478	-0.049503	-0.049435	-0.04942
479	-0.049736	-0.049668	-0.049633
480	-0.049986	-0.049896	-0.049883
481	-0.050244	-0.050122	-0.050148
482	-0.050665	-0.0505	-0.050567
483	-0.051226	-0.051009	-0.051118
484	-0.051711	-0.05147	-0.051599
485	-0.052074	-0.051858	-0.051971
486	-0.052305	-0.052122	-0.052216
487	-0.052114	-0.052002	-0.052064
488	-0.051916	-0.051864	-0.051895
489	-0.051636	-0.05155	-0.051568
490	-0.051357	-0.051235	-0.051241
491	-0.051195	-0.051065	-0.051094
492	-0.051039	-0.050903	-0.050957
493	-0.050922	-0.050755	-0.050801
494	-0.050814	-0.05061	-0.05064
495	-0.050698	-0.050487	-0.050527
496	-0.050578	-0.050375	-0.050439
497	-0.050569	-0.050388	-0.050461
498	-0.050666	-0.05052	-0.050586
499	-0.050724	-0.050573	-0.050643
500	-0.050719	-0.050492	-0.050583
501	-0.050694	-0.050417	-0.050525
502	-0.050601	-0.050363	-0.050474
503	-0.05051	-0.05031	-0.050418
504	-0.050439	-0.050254	-0.050309
505	-0.050367	-0.050198	-0.050201
506	-0.050237	-0.050083	-0.050112
507	-0.050103	-0.049965	-0.050024
508	-0.050026	-0.049875	-0.049911
509	-0.049962	-0.049793	-0.049791
510	-0.049865	-0.049658	-0.049657
511	-0.04975	-0.049497	-0.049516
512	-0.04962	-0.049359	-0.049381
513	-0.049475	-0.04924	-0.049252
514	-0.049326	-0.049108	-0.049105
515	-0.049169	-0.048954	-0.04893
516	-0.049014	-0.048805	-0.048778
517	-0.04886	-0.048668	-0.048699
518	-0.048709	-0.048532	-0.048606
519	-0.048577	-0.048395	-0.048402
520	-0.048444	-0.048259	-0.048197
521	-0.048299	-0.04813	-0.048143
522	-0.048154	-0.048001	-0.048093
523	-0.048029	-0.047895	-0.047934
524	-0.047908	-0.047794	-0.047754
525	-0.047825	-0.047705	-0.047667
526	-0.047758	-0.047622	-0.04762
527	-0.047629	-0.047505	-0.047515
528	-0.04745	-0.047363	-0.047366
529	-0.047282	-0.047204	-0.047207
530	-0.047129	-0.047024	-0.047032
531	-0.04698	-0.046852	-0.046874
532	-0.046842	-0.0467	-0.046753
533	-0.046699	-0.046544	-0.046615
534	-0.046526	-0.046361	-0.046387
535	-0.046354	-0.046179	-0.046161
536	-0.046183	-0.046041	-0.045991
537	-0.046012	-0.045903	-0.045822
538	-0.045863	-0.045713	-0.045665
539	-0.045717	-0.045517	-0.045511
540	-0.045552	-0.045319	-0.04534
541	-0.045382	-0.04512	-0.045164
542	-0.045155	-0.04491	-0.044969
543	-0.044895	-0.044693	-0.044764
544	-0.044683	-0.044502	-0.044568
545	-0.044519	-0.044337	-0.044382
546	-0.04434	-0.044162	-0.044192
547	-0.044137	-0.04397	-0.043994
548	-0.043958	-0.043786	-0.04381
549	-0.043851	-0.04363	-0.043672
550	-0.043727	-0.043465	-0.043521
551	-0.043472	-0.043227	-0.043274
552	-0.043216	-0.04299	-0.043028
553	-0.042997	-0.042766	-0.04281
554	-0.042779	-0.042542	-0.042593
555	-0.042544	-0.042316	-0.042358
556	-0.042305	-0.04209	-0.042119
557	-0.04213	-0.041884	-0.041948
558	-0.041979	-0.041685	-0.041801
559	-0.041755	-0.041481	-0.041566
560	-0.041484	-0.041273	-0.041274
561	-0.041235	-0.041072	-0.041042
562	-0.041007	-0.040879	-0.040876
563	-0.040825	-0.040709	-0.040719
564	-0.040724	-0.04058	-0.04058
565	-0.04065	-0.040473	-0.040469
566	-0.040664	-0.040438	-0.040448
567	-0.040692	-0.040428	-0.040451
568	-0.040824	-0.040605	-0.040634
569	-0.040957	-0.040782	-0.040817
570	-0.041041	-0.040881	-0.040907
571	-0.041124	-0.040979	-0.040996
572	-0.041133	-0.041006	-0.041008
573	-0.041131	-0.041022	-0.041008
574	-0.041145	-0.041028	-0.041034
575	-0.041165	-0.041029	-0.041068
576	-0.041168	-0.041009	-0.041061
577	-0.041161	-0.040976	-0.04103
578	-0.041131	-0.040949	-0.041003
579	-0.04108	-0.040929	-0.040978
580	-0.040974	-0.040846	-0.040877
581	-0.040783	-0.040668	-0.040658
582	-0.040551	-0.040447	-0.040414
583	-0.040212	-0.040113	-0.040104
584	-0.039854	-0.039753	-0.039766
585	-0.039392	-0.03926	-0.039285
586	-0.038931	-0.038771	-0.038808
587	-0.03849	-0.038361	-0.038387
588	-0.03805	-0.037951	-0.037966
589	-0.037627	-0.037504	-0.03752
590	-0.037204	-0.037054	-0.037073
591	-0.036763	-0.036622	-0.036626
592	-0.036318	-0.036195	-0.036179
593	-0.036003	-0.03586	-0.035853
594	-0.035743	-0.035563	-0.035579
595	-0.035472	-0.035265	-0.035295
596	-0.035193	-0.034966	-0.035005
597	-0.034867	-0.034641	-0.034683
598	-0.034487	-0.034288	-0.034324
599	-0.034185	-0.034008	-0.034037
600	-0.034021	-0.033856	-0.033873
601	-0.033835	-0.033689	-0.033694
602	-0.033588	-0.033479	-0.033473
603	-0.033335	-0.033249	-0.033242
604	-0.033049	-0.032901	-0.032951
605	-0.032757	-0.032551	-0.032654
606	-0.032328	-0.032163	-0.03221
607	-0.0319	-0.031774	-0.031765
608	-0.031568	-0.031412	-0.031429
609	-0.031244	-0.031052	-0.031102
610	-0.030922	-0.030756	-0.030779
611	-0.030601	-0.030474	-0.030457
612	-0.030313	-0.030168	-0.030172
613	-0.030037	-0.029851	-0.029901
614	-0.029742	-0.029546	-0.029595
615	-0.029433	-0.029248	-0.029264
616	-0.029085	-0.028921	-0.028927
617	-0.028699	-0.028565	-0.028583
618	-0.028321	-0.028202	-0.028216
619	-0.027954	-0.027829	-0.027813
620	-0.027601	-0.027456	-0.027432
621	-0.027276	-0.027084	-0.0271
622	-0.026932	-0.026712	-0.026763
623	-0.026505	-0.026336	-0.026405
624	-0.026094	-0.025968	-0.026055
625	-0.025827	-0.025682	-0.025791
626	-0.02556	-0.025396	-0.025527
627	-0.025192	-0.025013	-0.025141
628	-0.024823	-0.024629	-0.024753
629	-0.024516	-0.024301	-0.024381
630	-0.024216	-0.023978	-0.024011
631	-0.023879	-0.023646	-0.023692
632	-0.023531	-0.02331	-0.023385
633	-0.023228	-0.023014	-0.023107
634	-0.022944	-0.022736	-0.022843
635	-0.022708	-0.022516	-0.022598
636	-0.022505	-0.022337	-0.022367
637	-0.022305	-0.02215	-0.022157
638	-0.022109	-0.021956	-0.021969
639	-0.021894	-0.021748	-0.021762
640	-0.021653	-0.021517	-0.021526
641	-0.021416	-0.021265	-0.021278
642	-0.021185	-0.020963	-0.021005
643	-0.020958	-0.020683	-0.020751
644	-0.020738	-0.020483	-0.020564
645	-0.020523	-0.020288	-0.020376
646	-0.020336	-0.020128	-0.020174
647	-0.020153	-0.01997	-0.019975
648	-0.020081	-0.019859	-0.019891
649	-0.020009	-0.019749	-0.019807
650	-0.02045	-0.020238	-0.02026
651	-0.020922	-0.020764	-0.020747
652	-0.021773	-0.021606	-0.021602
653	-0.022689	-0.022503	-0.022521
654	-0.023397	-0.023224	-0.023253
655	-0.024041	-0.02389	-0.023926
656	-0.024056	-0.02393	-0.023974
657	-0.023768	-0.023669	-0.02372
658	-0.023177	-0.023083	-0.023138
659	-0.022373	-0.022269	-0.022326
660	-0.021277	-0.021172	-0.021219
661	-0.01989	-0.019792	-0.019816
662	-0.018633	-0.018519	-0.018524
663	-0.017559	-0.017397	-0.017386
664	-0.016686	-0.016488	-0.016475
665	-0.016223	-0.016009	-0.016025
666	-0.015779	-0.015562	-0.015604
667	-0.015394	-0.015215	-0.015271
668	-0.015034	-0.014887	-0.014956
669	-0.014799	-0.014661	-0.014728
670	-0.014572	-0.01444	-0.0145
671	-0.01443	-0.014271	-0.014271
672	-0.014288	-0.014102	-0.014042
673	-0.014054	-0.013884	-0.013879
674	-0.013819	-0.013666	-0.013717
675	-0.01369	-0.013533	-0.013555
676	-0.01357	-0.013408	-0.013393
677	-0.013407	-0.013208	-0.013217
678	-0.013236	-0.012995	-0.013038
679	-0.013047	-0.012846	-0.012916
680	-0.012851	-0.012717	-0.012812
681	-0.012719	-0.012595	-0.012671
682	-0.012615	-0.012476	-0.012512
683	-0.012474	-0.012326	-0.012351
684	-0.012308	-0.012155	-0.012188
685	-0.012104	-0.011942	-0.011969
686	-0.011866	-0.011694	-0.011703
687	-0.011662	-0.011496	-0.011492
688	-0.0115	-0.011358	-0.011347
689	-0.011297	-0.011187	-0.011163
690	-0.011032	-0.010962	-0.010918
691	-0.010766	-0.010716	-0.010674
692	-0.010498	-0.010422	-0.010431
693	-0.010284	-0.010171	-0.010213
694	-0.010239	-0.010053	-0.010072
695	-0.010157	-0.009919	-0.009917
696	-0.0099	-0.009705	-0.009693
697	-0.009648	-0.009492	-0.009473
698	-0.00945	-0.009279	-0.009289
699	-0.009247	-0.009065	-0.009103
700	-0.00895	-0.008785	-0.008836
701	-0.008652	-0.008505	-0.00857
702	-0.008504	-0.008309	-0.008364
703	-0.008361	-0.008116	-0.008161
704	-0.008142	-0.00788	-0.007893
705	-0.007915	-0.007639	-0.007618
706	-0.007715	-0.007463	-0.007449
707	-0.00752	-0.0073	-0.007301
708	-0.007235	-0.00706	-0.007068
709	-0.006923	-0.006798	-0.006808
710	-0.006731	-0.006615	-0.006602
711	-0.00659	-0.006466	-0.006418
712	-0.006464	-0.006302	-0.006248
713	-0.006346	-0.00613	-0.006086
714	-0.006099	-0.005912	-0.00589
715	-0.00576	-0.005661	-0.00567
716	-0.005545	-0.005481	-0.005503
717	-0.005446	-0.005364	-0.005387
718	-0.005299	-0.00517	-0.005204
719	-0.005097	-0.004882	-0.004942
720	-0.004883	-0.004645	-0.00471
[LOG]
CHECKSUM¿ù