[HEADER]
Format	J&M ASCII Table
Comment	
Date	02/03/2026 19:57:26
Order	Y (evenX)
TechType	UV
NumPoints	411
FirstX	310
LastX	720
XType	nm
YType	Absorbance
ZType	s
NumSubFile	3
Matrix	Z vs X
[LOGIN]
Name=pcbob
[INSTRUMENT]
Name=TIDAS E Base UV/VI
Detector=MMS - ASPEN 97,5 kHz
Diodearray=256 Pixel
Serial#=36584
Calibrated=2011-07-01
Range=183.81-729.88 [nm] (F0)

SWVersion=v3.18.2 (build 0)[LOGIN]
Name=pcbob
[CONFIG]
ChannelName=Channel 1
ChannelType=Normalized
[PARAMETER]
It=400,00
Aver=5
Norm=3
Range=310,0-720,0 nm
Scan=Time
ScanTime=5,00 s
[TRIGGER]
Sweep=0
Scan=0
[DIO]
DigOut=0x0000
DigIn=0x0000
[DATA]
	00:00:00,000	00:00:02,000	00:00:04,000
310	0.000693	0.00077	0.00077
311	0.000686	0.000762	0.000777
312	0.000658	0.000739	0.000771
313	0.000641	0.000719	0.000762
314	0.000638	0.000703	0.00075
315	0.000637	0.000695	0.000746
316	0.000641	0.000714	0.000768
317	0.000643	0.000729	0.000788
318	0.00063	0.000686	0.000758
319	0.000617	0.000643	0.000729
320	0.000591	0.000616	0.000696
321	0.000564	0.000591	0.000663
322	0.000559	0.000596	0.000649
323	0.000565	0.000614	0.000643
324	0.00058	0.000638	0.000667
325	0.000604	0.000666	0.000717
326	0.000619	0.000677	0.000734
327	0.000616	0.000658	0.000688
328	0.000612	0.000642	0.000658
329	0.000598	0.000642	0.0007
330	0.000583	0.000642	0.000743
331	0.000561	0.000661	0.000708
332	0.000538	0.000679	0.000672
333	0.000538	0.000647	0.000674
334	0.000541	0.000606	0.000684
335	0.000563	0.000597	0.000657
336	0.000593	0.000605	0.000609
337	0.000607	0.000607	0.000603
338	0.000602	0.000602	0.000645
339	0.00062	0.000628	0.000694
340	0.000694	0.000727	0.000762
341	0.000754	0.000807	0.000819
342	0.000712	0.000752	0.000797
343	0.00067	0.000698	0.000775
344	0.000738	0.000763	0.000825
345	0.000811	0.000834	0.000879
346	0.000758	0.000791	0.000855
347	0.000669	0.000715	0.000808
348	0.000652	0.000675	0.000765
349	0.000683	0.000658	0.000725
350	0.000718	0.000669	0.000739
351	0.000755	0.000717	0.000826
352	0.000787	0.00078	0.000906
353	0.000807	0.000886	0.000967
354	0.000826	0.000978	0.001018
355	0.000842	0.000912	0.000947
356	0.000858	0.000846	0.000876
357	0.000847	0.00087	0.000879
358	0.000832	0.000904	0.00089
359	0.000803	0.000874	0.00087
360	0.000769	0.000821	0.00084
361	0.000728	0.000791	0.000845
362	0.000683	0.000781	0.000878
363	0.000702	0.000818	0.000924
364	0.000823	0.000931	0.00099
365	0.000905	0.001009	0.001036
366	0.000847	0.000962	0.001005
367	0.000793	0.000917	0.000975
368	0.000795	0.000907	0.000946
369	0.000798	0.000897	0.000917
370	0.000834	0.000937	0.000956
371	0.000874	0.000985	0.001006
372	0.000868	0.000966	0.000996
373	0.000843	0.000918	0.00096
374	0.000848	0.000907	0.000972
375	0.00088	0.000927	0.001025
376	0.000918	0.00097	0.001076
377	0.000966	0.001055	0.001121
378	0.001006	0.001116	0.001159
379	0.001011	0.001072	0.001165
380	0.001016	0.001029	0.001171
381	0.001002	0.001038	0.001188
382	0.000989	0.001047	0.001205
383	0.000963	0.001027	0.001155
384	0.000935	0.001002	0.001095
385	0.000938	0.000994	0.001098
386	0.000956	0.000993	0.00113
387	0.000967	0.000997	0.001141
388	0.000973	0.001005	0.00113
389	0.000968	0.001003	0.001102
390	0.000942	0.000981	0.001042
391	0.000937	0.000986	0.001017
392	0.001025	0.001115	0.001149
393	0.001111	0.00124	0.001278
394	0.001015	0.001098	0.001147
395	0.00092	0.000956	0.001015
396	0.000903	0.000994	0.001056
397	0.000899	0.001065	0.001129
398	0.000907	0.001052	0.001113
399	0.00092	0.001	0.001056
400	0.000923	0.00098	0.001048
401	0.000915	0.00099	0.001087
402	0.000935	0.001029	0.001139
403	0.001005	0.001122	0.001217
404	0.001069	0.001201	0.001288
405	0.001104	0.001211	0.001334
406	0.001139	0.001222	0.001379
407	0.001146	0.001244	0.001364
408	0.001153	0.001267	0.001349
409	0.001118	0.001229	0.00133
410	0.001076	0.001182	0.00131
411	0.001091	0.001185	0.001337
412	0.001132	0.001211	0.001386
413	0.001103	0.0012	0.001371
414	0.001009	0.001156	0.001296
415	0.000984	0.001152	0.001271
416	0.001078	0.00122	0.001333
417	0.001161	0.001284	0.001389
418	0.001197	0.001334	0.001423
419	0.001229	0.001379	0.001454
420	0.001138	0.001301	0.001405
421	0.001047	0.001223	0.001356
422	0.00105	0.001221	0.001327
423	0.001065	0.001228	0.001301
424	0.001072	0.001191	0.001285
425	0.001076	0.001136	0.001274
426	0.001119	0.001167	0.001325
427	0.001195	0.001268	0.001425
428	0.001216	0.001318	0.00146
429	0.001154	0.001287	0.001395
430	0.001103	0.001256	0.001356
431	0.001085	0.00122	0.001401
432	0.001074	0.001189	0.001443
433	0.001132	0.001217	0.001445
434	0.001191	0.001246	0.001448
435	0.001173	0.00124	0.001459
436	0.001147	0.00123	0.001471
437	0.00119	0.001269	0.00149
438	0.001256	0.001324	0.001511
439	0.001255	0.001332	0.001496
440	0.001208	0.001308	0.001458
441	0.001179	0.001282	0.001441
442	0.001173	0.001253	0.001453
443	0.001177	0.001229	0.001471
444	0.001205	0.001217	0.001507
445	0.001225	0.001209	0.001533
446	0.001185	0.001223	0.001499
447	0.001146	0.001236	0.001464
448	0.001151	0.001299	0.001438
449	0.001158	0.001365	0.001412
450	0.001217	0.001395	0.001471
451	0.001288	0.001417	0.00155
452	0.001297	0.0014	0.001557
453	0.001274	0.001363	0.001527
454	0.001277	0.001351	0.001522
455	0.001306	0.001366	0.001543
456	0.001323	0.001366	0.001567
457	0.001321	0.00134	0.001596
458	0.001321	0.001331	0.001626
459	0.001334	0.001392	0.001659
460	0.001344	0.00145	0.001689
461	0.001293	0.001423	0.001644
462	0.001241	0.001395	0.0016
463	0.001246	0.001382	0.001621
464	0.001258	0.001371	0.00165
465	0.001251	0.001351	0.001636
466	0.001236	0.001328	0.001608
467	0.001217	0.001336	0.001585
468	0.001193	0.001367	0.001567
469	0.001226	0.001392	0.001598
470	0.001334	0.001409	0.001693
471	0.001409	0.00144	0.001759
472	0.001398	0.001509	0.00175
473	0.001386	0.001573	0.001751
474	0.001358	0.00161	0.001811
475	0.00133	0.001646	0.001872
476	0.001436	0.001631	0.001842
477	0.001545	0.001616	0.001811
478	0.001518	0.001588	0.001837
479	0.001463	0.001557	0.001875
480	0.001409	0.001525	0.00181
481	0.001355	0.001493	0.001698
482	0.001304	0.001454	0.001614
483	0.001258	0.001409	0.001555
484	0.001256	0.001403	0.001543
485	0.001324	0.00146	0.001606
486	0.001375	0.001492	0.001654
487	0.001371	0.001443	0.001659
488	0.001373	0.001409	0.001673
489	0.001435	0.001511	0.001776
490	0.001496	0.001613	0.00188
491	0.00149	0.001609	0.001883
492	0.00148	0.001599	0.001881
493	0.001472	0.001598	0.001875
494	0.001465	0.001599	0.001867
495	0.001451	0.001559	0.001846
496	0.001434	0.001498	0.001818
497	0.001444	0.0015	0.001821
498	0.001481	0.001561	0.001854
499	0.001507	0.001578	0.001872
500	0.001518	0.001522	0.001864
501	0.00151	0.001488	0.001848
502	0.001443	0.001528	0.001802
503	0.001382	0.001562	0.001759
504	0.001393	0.001519	0.001748
505	0.001404	0.001476	0.001736
506	0.001404	0.001479	0.001764
507	0.001403	0.001485	0.001794
508	0.00141	0.001499	0.001813
509	0.001419	0.001515	0.00183
510	0.001463	0.001565	0.00184
511	0.001526	0.001632	0.001846
512	0.001558	0.001656	0.001856
513	0.001561	0.001639	0.00187
514	0.001543	0.001639	0.001881
515	0.00149	0.001664	0.001887
516	0.001456	0.00168	0.001893
517	0.001481	0.001669	0.0019
518	0.001502	0.00166	0.001912
519	0.001499	0.001669	0.001963
520	0.001496	0.001678	0.002015
521	0.001485	0.001605	0.001943
522	0.001473	0.00153	0.001868
523	0.001472	0.001543	0.001851
524	0.001472	0.001574	0.001846
525	0.001475	0.001576	0.001834
526	0.00148	0.001566	0.001818
527	0.001468	0.00154	0.0018
528	0.001444	0.001502	0.00178
529	0.001443	0.001506	0.001792
530	0.00147	0.001566	0.001848
531	0.001498	0.001615	0.001883
532	0.001526	0.00164	0.001865
533	0.001548	0.001656	0.00185
534	0.001539	0.001621	0.001849
535	0.00153	0.001589	0.00185
536	0.001549	0.001662	0.001913
537	0.001568	0.001735	0.001975
538	0.001599	0.001718	0.001988
539	0.001631	0.001691	0.001995
540	0.001645	0.001676	0.001966
541	0.001654	0.001666	0.001925
542	0.001641	0.001683	0.001925
543	0.001615	0.001718	0.001949
544	0.001617	0.001746	0.00196
545	0.001648	0.001767	0.001957
546	0.001664	0.001781	0.001962
547	0.001655	0.001783	0.001981
548	0.001637	0.001766	0.001984
549	0.00159	0.001689	0.001937
550	0.001544	0.001617	0.00189
551	0.001497	0.001581	0.001844
552	0.00145	0.001545	0.001798
553	0.001381	0.001464	0.001778
554	0.001312	0.001383	0.001758
555	0.001288	0.00138	0.001733
556	0.001272	0.001389	0.001707
557	0.00133	0.001426	0.00173
558	0.001415	0.001473	0.00177
559	0.001432	0.001497	0.001801
560	0.001406	0.001507	0.001826
561	0.001384	0.001511	0.001814
562	0.001368	0.001509	0.001763
563	0.001392	0.00154	0.001765
564	0.001486	0.001628	0.001864
565	0.001553	0.001689	0.001942
566	0.001532	0.001661	0.001954
567	0.001516	0.001639	0.00196
568	0.001545	0.001664	0.001914
569	0.001574	0.001689	0.001868
570	0.001562	0.001638	0.001862
571	0.001549	0.001587	0.001857
572	0.00152	0.001572	0.001821
573	0.001489	0.001562	0.001779
574	0.001421	0.001511	0.001703
575	0.001341	0.001446	0.001616
576	0.001289	0.001398	0.00155
577	0.001254	0.001359	0.001497
578	0.001238	0.001338	0.00148
579	0.001239	0.001333	0.001498
580	0.00123	0.001316	0.001495
581	0.001207	0.001283	0.001461
582	0.00119	0.001261	0.001443
583	0.001194	0.00127	0.001467
584	0.0012	0.001284	0.00149
585	0.001218	0.001327	0.001506
586	0.001236	0.001367	0.001521
587	0.001261	0.001361	0.001532
588	0.001286	0.001355	0.001542
589	0.001311	0.001405	0.001582
590	0.001336	0.001458	0.001624
591	0.001365	0.001473	0.001645
592	0.001394	0.00148	0.001661
593	0.001405	0.001491	0.001689
594	0.001409	0.001504	0.001721
595	0.001401	0.001494	0.001727
596	0.001383	0.001468	0.001714
597	0.001388	0.001478	0.001734
598	0.001416	0.001526	0.001788
599	0.001437	0.001557	0.001815
600	0.001446	0.001561	0.001795
601	0.001448	0.001564	0.001775
602	0.00143	0.001564	0.001753
603	0.001413	0.001558	0.001733
604	0.001405	0.001526	0.00172
605	0.001396	0.001495	0.001709
606	0.001367	0.001478	0.001739
607	0.001339	0.001461	0.001769
608	0.001331	0.001448	0.00172
609	0.001324	0.001436	0.001665
610	0.001357	0.001439	0.001648
611	0.001398	0.001445	0.00164
612	0.001395	0.001426	0.001667
613	0.001374	0.001396	0.001708
614	0.001354	0.001406	0.001694
615	0.001335	0.001441	0.001644
616	0.001352	0.00148	0.00165
617	0.001403	0.001523	0.001709
618	0.001419	0.00154	0.001736
619	0.001385	0.001516	0.001713
620	0.001376	0.001506	0.001708
621	0.001427	0.001529	0.001742
622	0.001467	0.001548	0.001773
623	0.001462	0.00155	0.001792
624	0.001465	0.001557	0.001816
625	0.001542	0.001619	0.00189
626	0.00162	0.001681	0.001965
627	0.001636	0.001696	0.001953
628	0.001652	0.001712	0.00194
629	0.001688	0.001751	0.001991
630	0.001726	0.001794	0.00205
631	0.001752	0.001807	0.002066
632	0.001775	0.001814	0.002071
633	0.001749	0.001797	0.002049
634	0.0017	0.001771	0.002016
635	0.001692	0.00179	0.002041
636	0.001711	0.001839	0.002106
637	0.001709	0.001845	0.002106
638	0.001687	0.001809	0.002041
639	0.001651	0.001777	0.00198
640	0.001595	0.00175	0.001922
641	0.001557	0.001716	0.001891
642	0.001559	0.001666	0.001917
643	0.001549	0.00161	0.00192
644	0.001502	0.00153	0.001844
645	0.001459	0.001463	0.001777
646	0.00145	0.001487	0.001773
647	0.00144	0.00151	0.001766
648	0.001423	0.001508	0.001705
649	0.001405	0.001507	0.001645
650	0.001383	0.00144	0.001622
651	0.001361	0.001369	0.001603
652	0.001272	0.001283	0.001527
653	0.001171	0.001195	0.001441
654	0.001112	0.001143	0.00138
655	0.001067	0.001102	0.001325
656	0.001072	0.00113	0.001325
657	0.001101	0.00119	0.00135
658	0.001125	0.001222	0.001381
659	0.001144	0.001233	0.001414
660	0.001176	0.001276	0.001462
661	0.00122	0.001351	0.001524
662	0.001291	0.001424	0.001603
663	0.001398	0.001493	0.001707
664	0.001483	0.001563	0.001797
665	0.001522	0.001636	0.001861
666	0.001543	0.001677	0.001907
667	0.001503	0.001623	0.001899
668	0.001483	0.001589	0.001904
669	0.001559	0.00166	0.00198
670	0.001624	0.001724	0.002044
671	0.001565	0.001695	0.001976
672	0.001505	0.001665	0.001908
673	0.001562	0.001672	0.001858
674	0.001618	0.001679	0.001808
675	0.001643	0.001698	0.001853
676	0.001665	0.001718	0.001906
677	0.001649	0.001712	0.001925
678	0.001626	0.001702	0.001938
679	0.001545	0.001636	0.001899
680	0.001447	0.001553	0.001844
681	0.001482	0.001553	0.00185
682	0.001578	0.001591	0.001884
683	0.001554	0.001569	0.00189
684	0.001452	0.001508	0.001878
685	0.001453	0.001526	0.001857
686	0.001542	0.001613	0.00183
687	0.00158	0.001637	0.001814
688	0.001555	0.001587	0.001814
689	0.001524	0.001552	0.001818
690	0.001484	0.001543	0.00183
691	0.001451	0.001533	0.00182
692	0.001436	0.001524	0.001761
693	0.001434	0.001526	0.001722
694	0.001474	0.001569	0.001747
695	0.001501	0.001595	0.001766
696	0.001467	0.001543	0.001756
697	0.001435	0.001491	0.001744
698	0.001427	0.001438	0.001718
699	0.00142	0.00139	0.001696
700	0.001454	0.001501	0.001813
701	0.001489	0.001612	0.00193
702	0.001555	0.001641	0.001929
703	0.001624	0.001666	0.001923
704	0.001594	0.001666	0.001907
705	0.001553	0.001662	0.00189
706	0.001581	0.001656	0.001912
707	0.001623	0.00165	0.001941
708	0.001665	0.001694	0.001995
709	0.001707	0.001752	0.002056
710	0.001671	0.001778	0.002019
711	0.001602	0.00179	0.001939
712	0.001591	0.001775	0.001929
713	0.001613	0.001746	0.001957
714	0.001667	0.001754	0.00197
715	0.001746	0.00179	0.00197
716	0.001733	0.001786	0.00198
717	0.001635	0.001747	0.001997
718	0.001561	0.001691	0.001954
719	0.001515	0.001615	0.00184
720	0.001535	0.001583	0.001807
[LOG]
CHECKSUM‘^