[HEADER]
Format	J&M ASCII Table
Comment	
Date	02/03/2026 19:26:52
Order	Y (evenX)
TechType	UV
NumPoints	411
FirstX	310
LastX	720
XType	nm
YType	Absorbance
ZType	s
NumSubFile	3
Matrix	Z vs X
[LOGIN]
Name=pcbob
[INSTRUMENT]
Name=TIDAS E Base UV/VI
Detector=MMS - ASPEN 97,5 kHz
Diodearray=256 Pixel
Serial#=36584
Calibrated=2011-07-01
Range=183.81-729.88 [nm] (F0)

SWVersion=v3.18.2 (build 0)[LOGIN]
Name=pcbob
[CONFIG]
ChannelName=Channel 1
ChannelType=Normalized
[PARAMETER]
It=400,00
Aver=5
Norm=3
Range=310,0-720,0 nm
Scan=Time
ScanTime=5,00 s
[TRIGGER]
Sweep=0
Scan=0
[DIO]
DigOut=0x0000
DigIn=0x0000
[DATA]
	00:00:00,000	00:00:02,000	00:00:04,000
310	0.366992	0.366958	0.36683
311	0.361589	0.361553	0.361403
312	0.356297	0.35629	0.356071
313	0.351052	0.351027	0.350803
314	0.345874	0.345762	0.345624
315	0.340749	0.340569	0.340504
316	0.335796	0.335602	0.335568
317	0.330847	0.330645	0.330634
318	0.32594	0.325827	0.325723
319	0.321033	0.321009	0.320813
320	0.316227	0.316155	0.315994
321	0.311435	0.311297	0.311187
322	0.306691	0.306566	0.306476
323	0.301966	0.301887	0.301806
324	0.29735	0.297276	0.297177
325	0.292828	0.292723	0.292585
326	0.288294	0.288185	0.288016
327	0.283737	0.283671	0.283488
328	0.279205	0.279172	0.278996
329	0.274785	0.274744	0.274664
330	0.270365	0.270316	0.270332
331	0.265997	0.265954	0.265923
332	0.261629	0.261593	0.261514
333	0.257283	0.257241	0.257119
334	0.252943	0.252891	0.252727
335	0.248785	0.248711	0.248557
336	0.244727	0.244625	0.244508
337	0.240597	0.240479	0.240385
338	0.236387	0.236266	0.23618
339	0.232268	0.232163	0.232071
340	0.228363	0.228318	0.228189
341	0.224457	0.224459	0.224306
342	0.220547	0.22051	0.22042
343	0.216638	0.21656	0.216535
344	0.212837	0.212789	0.212735
345	0.209042	0.209028	0.208939
346	0.205241	0.205255	0.20514
347	0.201439	0.20148	0.20134
348	0.197725	0.197742	0.197624
349	0.194072	0.19403	0.193963
350	0.190443	0.190399	0.190346
351	0.186847	0.186876	0.186789
352	0.183274	0.183327	0.183227
353	0.179766	0.179702	0.17965
354	0.176251	0.17608	0.176074
355	0.172665	0.172502	0.172509
356	0.169078	0.168924	0.168944
357	0.165613	0.16547	0.165465
358	0.162161	0.16203	0.161995
359	0.158809	0.158681	0.158634
360	0.155492	0.155367	0.155314
361	0.152172	0.152107	0.152043
362	0.148849	0.14889	0.148812
363	0.145594	0.145677	0.145605
364	0.142448	0.14247	0.142435
365	0.139275	0.139258	0.139244
366	0.136006	0.136029	0.135979
367	0.132753	0.13281	0.132725
368	0.129842	0.129812	0.12972
369	0.126932	0.126814	0.126715
370	0.123923	0.123839	0.123738
371	0.1209	0.120868	0.120765
372	0.117885	0.11787	0.117784
373	0.114874	0.114861	0.1148
374	0.111903	0.111881	0.11181
375	0.108969	0.108927	0.108816
376	0.106077	0.106038	0.105905
377	0.103258	0.103264	0.10314
378	0.100442	0.10047	0.10036
379	0.097636	0.097591	0.097523
380	0.09483	0.094714	0.094687
381	0.092015	0.091966	0.091916
382	0.0892	0.089218	0.089145
383	0.08651	0.086552	0.086478
384	0.08384	0.0839	0.083829
385	0.081279	0.081334	0.081247
386	0.078766	0.078807	0.078696
387	0.076253	0.07628	0.076156
388	0.073739	0.073753	0.073628
389	0.071255	0.071251	0.071126
390	0.068826	0.068795	0.068673
391	0.066415	0.066358	0.066247
392	0.064082	0.06401	0.063946
393	0.061749	0.061663	0.061644
394	0.059418	0.059404	0.05932
395	0.057087	0.057146	0.056996
396	0.055066	0.055142	0.054989
397	0.053102	0.053184	0.053039
398	0.051203	0.051288	0.051171
399	0.049334	0.04942	0.049341
400	0.04735	0.047413	0.047326
401	0.045259	0.045275	0.045134
402	0.04317	0.04314	0.042999
403	0.041089	0.041012	0.040967
404	0.039042	0.038941	0.038957
405	0.037151	0.037129	0.037044
406	0.035262	0.035316	0.035134
407	0.033456	0.033498	0.033404
408	0.03165	0.03168	0.031674
409	0.029647	0.029721	0.029652
410	0.027611	0.027739	0.02758
411	0.025704	0.025887	0.025706
412	0.023856	0.024095	0.023922
413	0.022031	0.022238	0.022105
414	0.020227	0.020324	0.02026
415	0.018361	0.018382	0.018365
416	0.016387	0.016393	0.016386
417	0.014399	0.014399	0.014398
418	0.012349	0.012385	0.012378
419	0.010312	0.010381	0.010368
420	0.008588	0.008627	0.008597
421	0.006863	0.006873	0.006827
422	0.0052	0.005243	0.005184
423	0.003545	0.003631	0.00356
424	0.001878	0.001968	0.001895
425	0.000206	0.000284	0.000215
426	-0.001245	-0.001159	-0.001238
427	-0.002516	-0.002408	-0.002506
428	-0.003753	-0.003632	-0.003736
429	-0.004937	-0.004818	-0.004905
430	-0.006129	-0.006015	-0.006102
431	-0.007351	-0.007252	-0.007392
432	-0.008575	-0.008491	-0.008672
433	-0.009832	-0.009745	-0.009836
434	-0.01109	-0.010998	-0.011001
435	-0.012175	-0.012131	-0.012123
436	-0.013245	-0.013252	-0.013242
437	-0.014408	-0.014404	-0.014436
438	-0.015601	-0.015566	-0.015653
439	-0.016758	-0.016709	-0.016811
440	-0.017891	-0.017839	-0.01793
441	-0.018976	-0.018929	-0.019004
442	-0.019999	-0.01997	-0.020021
443	-0.020966	-0.020951	-0.020984
444	-0.021793	-0.021781	-0.021812
445	-0.022632	-0.022617	-0.022651
446	-0.023564	-0.0235	-0.023572
447	-0.024496	-0.024383	-0.024492
448	-0.025214	-0.025125	-0.025186
449	-0.025924	-0.025862	-0.025872
450	-0.026618	-0.026524	-0.026576
451	-0.027307	-0.027168	-0.027284
452	-0.027987	-0.027858	-0.027981
453	-0.028662	-0.028571	-0.028671
454	-0.029332	-0.02926	-0.029357
455	-0.029998	-0.029927	-0.030041
456	-0.030667	-0.030588	-0.030693
457	-0.031345	-0.031241	-0.031286
458	-0.031992	-0.031871	-0.031876
459	-0.032511	-0.032402	-0.032454
460	-0.033031	-0.032934	-0.033029
461	-0.033599	-0.033503	-0.03355
462	-0.034166	-0.034072	-0.03407
463	-0.03468	-0.03458	-0.034587
464	-0.035187	-0.03508	-0.035103
465	-0.035655	-0.035561	-0.035583
466	-0.036108	-0.036034	-0.036049
467	-0.036383	-0.036329	-0.036347
468	-0.036532	-0.036496	-0.036524
469	-0.03673	-0.036681	-0.03673
470	-0.036994	-0.036888	-0.036973
471	-0.037284	-0.037134	-0.037242
472	-0.037644	-0.037479	-0.037575
473	-0.037999	-0.037831	-0.037909
474	-0.038326	-0.038228	-0.03824
475	-0.038653	-0.038624	-0.038571
476	-0.038913	-0.038822	-0.038861
477	-0.039171	-0.039016	-0.039152
478	-0.039456	-0.039288	-0.039428
479	-0.039746	-0.039577	-0.039701
480	-0.0401	-0.03995	-0.040049
481	-0.040484	-0.040362	-0.04043
482	-0.041039	-0.040931	-0.040987
483	-0.041744	-0.041636	-0.041696
484	-0.042339	-0.042208	-0.042274
485	-0.042761	-0.042571	-0.042647
486	-0.043066	-0.042842	-0.042922
487	-0.043004	-0.042822	-0.04289
488	-0.042913	-0.042772	-0.042832
489	-0.042548	-0.042432	-0.042519
490	-0.042183	-0.042092	-0.042207
491	-0.042038	-0.041885	-0.042018
492	-0.041905	-0.041684	-0.041835
493	-0.041746	-0.041577	-0.041718
494	-0.041581	-0.041492	-0.041617
495	-0.04151	-0.041468	-0.04156
496	-0.041487	-0.041477	-0.041526
497	-0.041516	-0.041497	-0.041523
498	-0.041593	-0.04153	-0.041549
499	-0.041644	-0.041552	-0.041573
500	-0.041648	-0.041554	-0.041596
501	-0.041638	-0.041535	-0.041597
502	-0.041579	-0.041443	-0.041525
503	-0.041517	-0.041354	-0.041451
504	-0.041415	-0.041301	-0.041357
505	-0.041312	-0.041248	-0.041264
506	-0.041227	-0.041138	-0.041181
507	-0.041142	-0.041024	-0.041099
508	-0.041088	-0.040986	-0.041042
509	-0.041041	-0.040966	-0.040991
510	-0.040967	-0.040872	-0.040908
511	-0.040878	-0.04074	-0.040809
512	-0.040802	-0.040657	-0.040738
513	-0.040738	-0.040617	-0.040693
514	-0.040665	-0.040557	-0.040636
515	-0.040581	-0.040466	-0.040558
516	-0.040497	-0.040376	-0.040468
517	-0.040415	-0.040287	-0.04034
518	-0.040323	-0.040192	-0.040212
519	-0.040154	-0.040047	-0.04008
520	-0.039985	-0.039902	-0.039947
521	-0.039906	-0.039821	-0.039867
522	-0.03983	-0.039743	-0.039789
523	-0.039693	-0.039592	-0.039672
524	-0.039544	-0.039426	-0.039546
525	-0.039445	-0.039326	-0.039445
526	-0.039367	-0.039255	-0.039355
527	-0.039277	-0.03914	-0.03925
528	-0.039176	-0.038991	-0.039135
529	-0.039049	-0.038843	-0.038993
530	-0.038885	-0.038695	-0.038815
531	-0.038722	-0.038556	-0.038656
532	-0.038559	-0.038437	-0.038543
533	-0.038408	-0.038323	-0.038431
534	-0.038323	-0.038233	-0.038328
535	-0.038238	-0.038141	-0.038223
536	-0.038136	-0.037987	-0.038044
537	-0.038033	-0.037833	-0.037866
538	-0.037939	-0.037767	-0.037843
539	-0.037846	-0.037711	-0.037838
540	-0.037818	-0.037671	-0.037807
541	-0.03781	-0.037635	-0.037768
542	-0.03768	-0.037496	-0.037605
543	-0.037478	-0.037298	-0.037369
544	-0.037256	-0.037069	-0.037125
545	-0.037015	-0.03681	-0.036874
546	-0.036781	-0.036581	-0.036647
547	-0.036558	-0.036401	-0.036463
548	-0.036344	-0.036215	-0.036286
549	-0.036155	-0.036014	-0.036131
550	-0.035963	-0.035811	-0.035969
551	-0.035752	-0.035589	-0.03574
552	-0.035542	-0.035367	-0.035512
553	-0.035406	-0.035262	-0.03535
554	-0.035271	-0.035158	-0.035189
555	-0.035077	-0.034959	-0.035014
556	-0.034873	-0.034744	-0.034837
557	-0.034706	-0.034549	-0.03465
558	-0.034551	-0.034361	-0.034459
559	-0.034369	-0.034189	-0.034284
560	-0.034169	-0.034029	-0.034117
561	-0.034006	-0.03389	-0.033978
562	-0.03388	-0.033776	-0.033869
563	-0.033785	-0.033681	-0.033773
564	-0.033747	-0.033622	-0.0337
565	-0.033743	-0.033603	-0.033667
566	-0.033853	-0.033714	-0.033766
567	-0.033978	-0.033839	-0.033881
568	-0.034219	-0.034081	-0.034128
569	-0.03446	-0.034322	-0.034375
570	-0.034646	-0.034516	-0.034564
571	-0.034832	-0.034711	-0.034752
572	-0.034883	-0.034774	-0.034833
573	-0.034914	-0.034819	-0.034898
574	-0.034982	-0.034887	-0.034961
575	-0.035061	-0.034963	-0.035024
576	-0.035099	-0.034985	-0.035055
577	-0.035111	-0.034976	-0.035067
578	-0.035082	-0.034953	-0.035038
579	-0.035013	-0.034917	-0.03497
580	-0.03491	-0.03482	-0.034865
581	-0.034756	-0.034631	-0.034705
582	-0.034541	-0.0344	-0.034487
583	-0.034166	-0.034059	-0.03412
584	-0.033782	-0.033699	-0.03374
585	-0.033349	-0.033243	-0.033296
586	-0.032918	-0.032789	-0.032854
587	-0.032506	-0.032389	-0.032478
588	-0.032095	-0.031989	-0.032102
589	-0.031603	-0.0315	-0.031594
590	-0.031105	-0.031004	-0.031077
591	-0.030783	-0.030685	-0.030746
592	-0.0305	-0.030405	-0.030457
593	-0.03027	-0.030169	-0.030241
594	-0.030061	-0.029951	-0.030054
595	-0.029819	-0.029708	-0.029801
596	-0.029553	-0.029448	-0.029501
597	-0.029264	-0.029168	-0.029186
598	-0.028949	-0.028867	-0.028854
599	-0.028662	-0.028586	-0.028565
600	-0.028424	-0.028338	-0.02835
601	-0.028187	-0.02809	-0.028133
602	-0.027956	-0.027836	-0.02791
603	-0.027713	-0.027575	-0.027671
604	-0.027403	-0.027273	-0.027339
605	-0.027087	-0.026964	-0.027003
606	-0.026613	-0.026469	-0.026554
607	-0.026139	-0.025974	-0.026104
608	-0.025784	-0.025655	-0.025735
609	-0.025437	-0.025351	-0.025373
610	-0.025129	-0.025032	-0.025093
611	-0.024829	-0.02471	-0.024832
612	-0.024505	-0.024364	-0.024517
613	-0.024173	-0.024008	-0.02418
614	-0.023859	-0.023714	-0.023855
615	-0.023559	-0.023461	-0.023536
616	-0.023207	-0.023111	-0.023156
617	-0.022806	-0.022669	-0.022716
618	-0.022459	-0.022295	-0.022359
619	-0.022193	-0.022025	-0.022128
620	-0.021896	-0.02173	-0.021857
621	-0.021527	-0.021378	-0.021492
622	-0.021171	-0.021033	-0.021135
623	-0.020873	-0.020718	-0.020813
624	-0.020571	-0.0204	-0.020491
625	-0.020234	-0.020051	-0.020162
626	-0.019896	-0.019703	-0.019834
627	-0.019601	-0.019442	-0.019556
628	-0.019305	-0.019181	-0.019277
629	-0.018961	-0.018802	-0.018897
630	-0.018611	-0.018407	-0.018504
631	-0.018227	-0.018063	-0.018164
632	-0.017834	-0.017732	-0.017838
633	-0.017584	-0.017484	-0.017593
634	-0.017396	-0.017272	-0.017384
635	-0.017171	-0.017025	-0.017131
636	-0.016923	-0.016756	-0.016849
637	-0.016709	-0.016543	-0.016618
638	-0.016529	-0.016385	-0.016437
639	-0.016333	-0.016201	-0.016243
640	-0.016113	-0.015977	-0.01603
641	-0.015851	-0.015714	-0.015769
642	-0.015497	-0.015364	-0.0154
643	-0.015168	-0.015041	-0.015066
644	-0.014925	-0.014816	-0.014854
645	-0.014691	-0.014597	-0.014646
646	-0.014516	-0.014416	-0.014467
647	-0.014347	-0.014241	-0.014295
648	-0.014339	-0.014257	-0.014318
649	-0.014331	-0.014273	-0.014342
650	-0.014985	-0.014884	-0.014941
651	-0.015679	-0.015531	-0.015576
652	-0.016734	-0.016582	-0.016656
653	-0.017851	-0.017702	-0.017815
654	-0.018673	-0.018565	-0.01865
655	-0.019405	-0.019346	-0.019385
656	-0.019494	-0.019424	-0.019458
657	-0.019273	-0.019162	-0.019211
658	-0.018696	-0.018551	-0.018615
659	-0.017869	-0.017694	-0.017774
660	-0.016712	-0.016546	-0.016613
661	-0.015223	-0.015106	-0.015131
662	-0.013868	-0.013743	-0.013777
663	-0.012702	-0.012488	-0.012604
664	-0.011748	-0.011493	-0.011643
665	-0.011224	-0.011029	-0.011116
666	-0.01075	-0.010603	-0.01065
667	-0.010429	-0.010292	-0.010373
668	-0.01011	-0.009979	-0.010084
669	-0.009798	-0.009652	-0.009736
670	-0.009498	-0.009339	-0.009404
671	-0.009326	-0.009186	-0.009241
672	-0.009154	-0.009034	-0.009079
673	-0.008945	-0.008858	-0.00883
674	-0.008736	-0.008682	-0.008582
675	-0.008493	-0.008478	-0.008407
676	-0.008247	-0.008271	-0.008239
677	-0.00809	-0.008012	-0.008059
678	-0.007949	-0.007743	-0.007877
679	-0.007838	-0.007614	-0.007714
680	-0.007735	-0.007528	-0.007556
681	-0.007555	-0.007373	-0.007388
682	-0.007341	-0.007185	-0.007216
683	-0.007181	-0.007031	-0.007081
684	-0.007056	-0.006898	-0.006971
685	-0.006887	-0.00672	-0.00678
686	-0.00668	-0.006502	-0.006516
687	-0.00646	-0.00631	-0.006312
688	-0.006224	-0.006147	-0.006178
689	-0.006031	-0.005986	-0.00604
690	-0.005908	-0.005826	-0.005899
691	-0.005765	-0.005671	-0.00575
692	-0.005582	-0.005526	-0.005584
693	-0.005394	-0.005352	-0.005393
694	-0.005192	-0.005085	-0.005121
695	-0.005002	-0.004838	-0.004882
696	-0.004874	-0.004685	-0.0048
697	-0.004739	-0.004533	-0.004704
698	-0.004546	-0.004376	-0.004488
699	-0.004353	-0.004217	-0.004272
700	-0.004158	-0.003991	-0.00408
701	-0.003964	-0.003764	-0.003888
702	-0.003791	-0.003626	-0.003723
703	-0.003619	-0.00349	-0.003559
704	-0.003406	-0.003297	-0.003384
705	-0.003188	-0.003098	-0.003208
706	-0.003047	-0.002937	-0.00303
707	-0.002921	-0.002785	-0.002851
708	-0.002702	-0.002566	-0.00261
709	-0.002456	-0.002328	-0.00235
710	-0.002285	-0.002161	-0.002213
711	-0.002146	-0.002024	-0.002127
712	-0.001995	-0.001892	-0.002009
713	-0.001837	-0.001764	-0.001873
714	-0.001639	-0.001542	-0.001659
715	-0.00141	-0.001253	-0.00139
716	-0.001229	-0.001054	-0.001166
717	-0.001093	-0.000939	-0.000986
718	-0.000901	-0.000782	-0.000814
719	-0.000645	-0.000575	-0.000652
720	-0.000411	-0.000367	-0.000462
[LOG]
CHECKSUMĺ