[HEADER]
Format	J&M ASCII Table
Comment	
Date	02/03/2026 19:51:51
Order	Y (evenX)
TechType	UV
NumPoints	411
FirstX	310
LastX	720
XType	nm
YType	Absorbance
ZType	s
NumSubFile	3
Matrix	Z vs X
[LOGIN]
Name=pcbob
[INSTRUMENT]
Name=TIDAS E Base UV/VI
Detector=MMS - ASPEN 97,5 kHz
Diodearray=256 Pixel
Serial#=36584
Calibrated=2011-07-01
Range=183.81-729.88 [nm] (F0)

SWVersion=v3.18.2 (build 0)[LOGIN]
Name=pcbob
[CONFIG]
ChannelName=Channel 1
ChannelType=Normalized
[PARAMETER]
It=400,00
Aver=5
Norm=3
Range=310,0-720,0 nm
Scan=Time
ScanTime=5,00 s
[TRIGGER]
Sweep=0
Scan=0
[DIO]
DigOut=0x0000
DigIn=0x0000
[DATA]
	00:00:00,000	00:00:02,000	00:00:04,000
310	1.93135	1.930604	1.929587
311	1.914333	1.913859	1.912609
312	1.896236	1.896779	1.895244
313	1.878081	1.879189	1.877656
314	1.859848	1.860893	1.859759
315	1.841754	1.842394	1.841918
316	1.824093	1.823258	1.824249
317	1.80628	1.804105	1.806362
318	1.78621	1.784686	1.785247
319	1.76614	1.765267	1.764133
320	1.746626	1.745405	1.744071
321	1.727185	1.725486	1.724144
322	1.707123	1.705396	1.704005
323	1.686805	1.685236	1.683778
324	1.666165	1.664635	1.663482
325	1.645242	1.643645	1.643126
326	1.624368	1.622857	1.622372
327	1.603583	1.602437	1.60089
328	1.58286	1.581949	1.579675
329	1.562425	1.561146	1.559702
330	1.54199	1.540344	1.539728
331	1.521778	1.52015	1.519448
332	1.501566	1.499955	1.499168
333	1.481117	1.480081	1.478915
334	1.460617	1.460275	1.458668
335	1.441451	1.44121	1.439744
336	1.423006	1.422546	1.421537
337	1.404072	1.403419	1.402657
338	1.384593	1.383778	1.383028
339	1.365416	1.364663	1.363777
340	1.346949	1.346788	1.34542
341	1.328603	1.328879	1.327115
342	1.311124	1.31072	1.309188
343	1.293645	1.292561	1.291261
344	1.276894	1.275581	1.274497
345	1.260183	1.258666	1.257797
346	1.243115	1.24183	1.24061
347	1.225943	1.225018	1.22328
348	1.209117	1.208369	1.206656
349	1.192525	1.191831	1.190506
350	1.176483	1.1758	1.174589
351	1.161186	1.160457	1.158989
352	1.145775	1.145093	1.143423
353	1.130026	1.129665	1.127957
354	1.114281	1.114193	1.112475
355	1.098583	1.098194	1.096812
356	1.082885	1.082195	1.081149
357	1.067759	1.067042	1.066152
358	1.052693	1.051977	1.051225
359	1.038028	1.037179	1.036417
360	1.023509	1.022479	1.021651
361	1.009028	1.00779	1.00706
362	0.994576	0.993111	0.992606
363	0.980404	0.978923	0.978466
364	0.966675	0.965511	0.964823
365	0.95297	0.952027	0.951104
366	0.939353	0.938275	0.937113
367	0.925754	0.92455	0.923167
368	0.912539	0.911381	0.910194
369	0.899325	0.898212	0.897221
370	0.886215	0.885192	0.884254
371	0.873122	0.872195	0.871289
372	0.859969	0.858919	0.857996
373	0.846793	0.845525	0.844564
374	0.833729	0.832424	0.831515
375	0.820764	0.81958	0.818805
376	0.808039	0.806988	0.806257
377	0.795739	0.794838	0.793996
378	0.783417	0.78262	0.781695
379	0.771007	0.770114	0.769221
380	0.758609	0.757626	0.756768
381	0.746766	0.745908	0.745184
382	0.734922	0.73419	0.733601
383	0.723312	0.722435	0.721818
384	0.711741	0.710673	0.710001
385	0.70032	0.699243	0.698574
386	0.688967	0.687966	0.687325
387	0.67779	0.676897	0.676199
388	0.666778	0.666023	0.665185
389	0.655907	0.655179	0.654275
390	0.6453	0.644389	0.643557
391	0.634671	0.633633	0.632833
392	0.623941	0.623036	0.622084
393	0.613219	0.612446	0.611344
394	0.603014	0.602307	0.601303
395	0.59281	0.592169	0.591262
396	0.583424	0.582805	0.581944
397	0.574185	0.573581	0.572757
398	0.564937	0.564314	0.563558
399	0.555685	0.555026	0.554354
400	0.546394	0.545716	0.545033
401	0.537066	0.536385	0.535602
402	0.527863	0.527137	0.52629
403	0.518896	0.518049	0.517203
404	0.510021	0.509099	0.508271
405	0.501564	0.500772	0.500026
406	0.493109	0.492443	0.491779
407	0.484768	0.484065	0.483399
408	0.476427	0.475687	0.475019
409	0.467853	0.467073	0.466421
410	0.45924	0.45842	0.457786
411	0.450822	0.449951	0.449271
412	0.442491	0.441565	0.440809
413	0.434308	0.433408	0.432651
414	0.426258	0.425458	0.424764
415	0.418315	0.417558	0.416918
416	0.410557	0.409749	0.409144
417	0.402793	0.401939	0.401358
418	0.395001	0.394129	0.393522
419	0.387226	0.386342	0.385709
420	0.379861	0.379131	0.378456
421	0.372496	0.371921	0.371204
422	0.365601	0.365044	0.364362
423	0.358772	0.358214	0.357579
424	0.352077	0.351473	0.350869
425	0.345434	0.344768	0.344188
426	0.338863	0.338223	0.337603
427	0.33235	0.331807	0.331095
428	0.326003	0.325521	0.324751
429	0.319911	0.319435	0.318658
430	0.313807	0.313338	0.312598
431	0.307667	0.307204	0.306643
432	0.30155	0.301097	0.300702
433	0.295742	0.295344	0.294928
434	0.289933	0.289591	0.289155
435	0.284467	0.284097	0.283668
436	0.279034	0.278627	0.278209
437	0.273571	0.273106	0.272684
438	0.268098	0.26757	0.267138
439	0.26278	0.26227	0.261839
440	0.257568	0.257131	0.256707
441	0.252572	0.252199	0.251767
442	0.247853	0.247532	0.247072
443	0.243219	0.242929	0.242446
444	0.238801	0.238489	0.237994
445	0.234378	0.234045	0.233548
446	0.229925	0.229572	0.229133
447	0.225472	0.2251	0.224719
448	0.221244	0.220917	0.220542
449	0.217024	0.216744	0.216373
450	0.213112	0.21276	0.212392
451	0.209272	0.208818	0.208455
452	0.205392	0.204961	0.204621
453	0.20149	0.201148	0.20084
454	0.19774	0.197446	0.197132
455	0.194141	0.193854	0.193497
456	0.190621	0.190324	0.189947
457	0.18725	0.18691	0.186558
458	0.183901	0.183526	0.1832
459	0.180639	0.180273	0.179968
460	0.177379	0.17702	0.176737
461	0.174131	0.173783	0.173522
462	0.170884	0.170546	0.170307
463	0.16793	0.167567	0.167341
464	0.165014	0.16462	0.164406
465	0.162192	0.161845	0.161634
466	0.159404	0.159133	0.158919
467	0.156732	0.156516	0.156315
468	0.154143	0.153968	0.15379
469	0.151629	0.15147	0.151277
470	0.149216	0.149038	0.14878
471	0.146784	0.146565	0.146285
472	0.144306	0.143983	0.143794
473	0.141839	0.141442	0.141324
474	0.139447	0.139168	0.138986
475	0.137054	0.136894	0.136648
476	0.134851	0.134683	0.13444
477	0.13265	0.132474	0.132234
478	0.130489	0.130346	0.130102
479	0.128335	0.128234	0.127985
480	0.126147	0.12601	0.125801
481	0.123942	0.123733	0.123587
482	0.121659	0.12142	0.121303
483	0.119308	0.119076	0.118961
484	0.117186	0.116957	0.116834
485	0.115422	0.115194	0.115047
486	0.113736	0.113518	0.113349
487	0.112292	0.112118	0.111933
488	0.110856	0.11073	0.110529
489	0.109497	0.10946	0.109237
490	0.108138	0.10819	0.107945
491	0.106865	0.106838	0.106663
492	0.105596	0.105482	0.105382
493	0.104247	0.10412	0.103962
494	0.102879	0.102758	0.102508
495	0.101465	0.101308	0.101108
496	0.100026	0.099813	0.099735
497	0.098687	0.098438	0.098407
498	0.097441	0.097174	0.097122
499	0.096144	0.095901	0.095805
500	0.094761	0.094611	0.094433
501	0.093409	0.093332	0.093093
502	0.092162	0.092088	0.091859
503	0.090924	0.090853	0.090636
504	0.089772	0.089704	0.089521
505	0.08862	0.088556	0.088407
506	0.087476	0.087364	0.087217
507	0.086331	0.08617	0.086024
508	0.085205	0.085095	0.084936
509	0.084082	0.08405	0.083874
510	0.083016	0.082929	0.082825
511	0.081978	0.08177	0.081783
512	0.080913	0.0807	0.080714
513	0.079825	0.079709	0.079621
514	0.078776	0.078718	0.07857
515	0.077793	0.077727	0.077587
516	0.076826	0.076726	0.076612
517	0.075909	0.075697	0.075659
518	0.074989	0.074688	0.074711
519	0.074051	0.073836	0.073798
520	0.073112	0.072984	0.072885
521	0.07213	0.072034	0.071912
522	0.071146	0.071081	0.070937
523	0.070248	0.070173	0.070041
524	0.069367	0.069273	0.069161
525	0.068439	0.068332	0.068255
526	0.067491	0.067374	0.067338
527	0.066591	0.066471	0.066414
528	0.065728	0.065611	0.065485
529	0.064883	0.064764	0.064599
530	0.064061	0.063932	0.063771
531	0.063258	0.063118	0.06299
532	0.062503	0.062348	0.062323
533	0.061736	0.061577	0.061627
534	0.060912	0.060798	0.060778
535	0.060091	0.06002	0.059934
536	0.059363	0.059283	0.059243
537	0.058635	0.058546	0.058551
538	0.057836	0.057757	0.057724
539	0.057028	0.056962	0.05688
540	0.056272	0.056186	0.056102
541	0.055532	0.055415	0.055344
542	0.054859	0.054749	0.054681
543	0.054226	0.054142	0.054073
544	0.0536	0.053522	0.053478
545	0.052981	0.052887	0.052894
546	0.052345	0.05223	0.052269
547	0.051679	0.051534	0.051573
548	0.05102	0.050867	0.050891
549	0.050378	0.050288	0.050255
550	0.049745	0.049714	0.049627
551	0.04919	0.049174	0.049064
552	0.048635	0.048635	0.048501
553	0.048005	0.047992	0.04787
554	0.047374	0.047348	0.047238
555	0.046793	0.046798	0.046672
556	0.04622	0.046263	0.046117
557	0.045708	0.045752	0.045616
558	0.045219	0.04525	0.045133
559	0.044696	0.044717	0.044644
560	0.044151	0.044164	0.04415
561	0.043593	0.043598	0.043588
562	0.043021	0.043018	0.042954
563	0.042454	0.042443	0.042354
564	0.041898	0.041879	0.041816
565	0.041328	0.0413	0.041255
566	0.040716	0.040673	0.040622
567	0.04009	0.040033	0.03998
568	0.039363	0.039298	0.039273
569	0.038635	0.038562	0.038565
570	0.037981	0.037894	0.037883
571	0.037328	0.037227	0.0372
572	0.036716	0.036644	0.036623
573	0.036109	0.036073	0.036062
574	0.035501	0.035465	0.035454
575	0.034891	0.034844	0.034831
576	0.034308	0.034271	0.034249
577	0.033741	0.033727	0.033692
578	0.033231	0.033221	0.033194
579	0.032776	0.032752	0.03275
580	0.032352	0.032313	0.032314
581	0.031976	0.031918	0.03189
582	0.03164	0.031564	0.031523
583	0.031405	0.031315	0.031304
584	0.031175	0.031081	0.031088
585	0.030968	0.030922	0.03089
586	0.030761	0.030761	0.030692
587	0.030533	0.030539	0.030497
588	0.030305	0.030318	0.030302
589	0.030173	0.030173	0.030151
590	0.030049	0.030035	0.030003
591	0.029784	0.029775	0.029736
592	0.029486	0.029486	0.029443
593	0.029207	0.029204	0.029175
594	0.028934	0.028923	0.028919
595	0.028685	0.028649	0.028651
596	0.028453	0.028378	0.028375
597	0.02822	0.028146	0.028137
598	0.027987	0.027957	0.027939
599	0.027738	0.027735	0.027707
600	0.027462	0.027457	0.027417
601	0.027187	0.027179	0.027137
602	0.026914	0.026897	0.026882
603	0.026656	0.026635	0.02664
604	0.026492	0.026491	0.026469
605	0.02633	0.026348	0.0263
606	0.026243	0.026252	0.026225
607	0.026157	0.026157	0.02615
608	0.025948	0.025944	0.025939
609	0.025729	0.025721	0.025717
610	0.025578	0.02556	0.025553
611	0.025441	0.025412	0.0254
612	0.02527	0.025252	0.025246
613	0.025085	0.025087	0.02509
614	0.024885	0.024894	0.024904
615	0.024674	0.024682	0.024697
616	0.024551	0.024557	0.024569
617	0.024514	0.024519	0.024519
618	0.0244	0.024394	0.024388
619	0.02417	0.024138	0.024136
620	0.02397	0.02393	0.023932
621	0.023844	0.023833	0.023842
622	0.023727	0.023729	0.023747
623	0.023647	0.023598	0.023629
624	0.023559	0.023469	0.023508
625	0.023397	0.02336	0.023349
626	0.023235	0.023251	0.023191
627	0.023109	0.023159	0.023123
628	0.022983	0.023067	0.023056
629	0.022928	0.02296	0.022973
630	0.022881	0.022851	0.022889
631	0.022782	0.022746	0.022764
632	0.022669	0.022641	0.022629
633	0.022497	0.022515	0.022462
634	0.022299	0.02238	0.022283
635	0.022135	0.022217	0.022134
636	0.021993	0.022035	0.022005
637	0.021807	0.021854	0.021825
638	0.021578	0.021673	0.021596
639	0.02139	0.021506	0.021407
640	0.021262	0.021359	0.021278
641	0.021161	0.021222	0.021162
642	0.021119	0.021103	0.021077
643	0.021042	0.02097	0.020972
644	0.020841	0.020787	0.020798
645	0.020646	0.020617	0.020631
646	0.020496	0.02054	0.020508
647	0.020341	0.020455	0.020379
648	0.020052	0.020111	0.020093
649	0.019764	0.019767	0.019806
650	0.019097	0.019075	0.019107
651	0.018408	0.018361	0.018384
652	0.017467	0.01745	0.017475
653	0.016482	0.016505	0.016535
654	0.015815	0.015841	0.015839
655	0.015247	0.015265	0.015219
656	0.015066	0.015055	0.015026
657	0.015072	0.015022	0.015039
658	0.015262	0.015205	0.015219
659	0.015583	0.015539	0.015517
660	0.016087	0.01605	0.016037
661	0.016775	0.016737	0.016778
662	0.017389	0.017338	0.017421
663	0.017898	0.017817	0.017926
664	0.018248	0.01817	0.018283
665	0.018273	0.018266	0.018341
666	0.018289	0.018327	0.018371
667	0.018277	0.01828	0.018318
668	0.018266	0.01824	0.018272
669	0.018255	0.018238	0.018273
670	0.018232	0.018225	0.01826
671	0.018058	0.018095	0.018096
672	0.017884	0.017964	0.017932
673	0.017881	0.017928	0.017888
674	0.017879	0.017893	0.017845
675	0.017863	0.017852	0.017823
676	0.017846	0.017812	0.017803
677	0.017732	0.017734	0.017755
678	0.0176	0.017649	0.017701
679	0.017478	0.017564	0.017606
680	0.01736	0.01748	0.017499
681	0.017328	0.017429	0.017436
682	0.017337	0.017393	0.017395
683	0.017292	0.017291	0.017293
684	0.017212	0.017148	0.017153
685	0.017163	0.017075	0.01709
686	0.017139	0.017062	0.017096
687	0.017121	0.017033	0.017095
688	0.017109	0.016986	0.017085
689	0.017074	0.016941	0.017054
690	0.017002	0.016898	0.016987
691	0.016916	0.016851	0.016928
692	0.016803	0.016797	0.016888
693	0.016735	0.016766	0.016865
694	0.016811	0.016806	0.016897
695	0.016852	0.016825	0.016915
696	0.016722	0.016739	0.016859
697	0.016604	0.016659	0.016801
698	0.016596	0.016635	0.016727
699	0.01659	0.016614	0.016657
700	0.016618	0.01668	0.016671
701	0.016645	0.016746	0.016686
702	0.016629	0.016679	0.016698
703	0.016612	0.016606	0.016711
704	0.016566	0.016614	0.016663
705	0.016517	0.016631	0.016609
706	0.016514	0.016591	0.016616
707	0.01652	0.016539	0.016636
708	0.016564	0.016612	0.016673
709	0.016619	0.016723	0.016715
710	0.016607	0.016685	0.016701
711	0.016567	0.016583	0.016664
712	0.016566	0.016557	0.016632
713	0.016586	0.016571	0.016602
714	0.016629	0.01659	0.016627
715	0.016689	0.016613	0.016692
716	0.016689	0.016628	0.016704
717	0.016634	0.016636	0.016666
718	0.016648	0.016678	0.0167
719	0.016742	0.016761	0.016818
720	0.016842	0.016853	0.01693
[LOG]
CHECKSUMs1