[HEADER]
Format	J&M ASCII Table
Comment	
Date	02/03/2026 19:02:58
Order	Y (evenX)
TechType	UV
NumPoints	411
FirstX	310
LastX	720
XType	nm
YType	Absorbance
ZType	s
NumSubFile	3
Matrix	Z vs X
[LOGIN]
Name=pcbob
[INSTRUMENT]
Name=TIDAS E Base UV/VI
Detector=MMS - ASPEN 97,5 kHz
Diodearray=256 Pixel
Serial#=36584
Calibrated=2011-07-01
Range=183.81-729.88 [nm] (F0)

SWVersion=v3.18.2 (build 0)[LOGIN]
Name=pcbob
[CONFIG]
ChannelName=Channel 1
ChannelType=Normalized
[PARAMETER]
It=400,00
Aver=5
Norm=3
Range=310,0-720,0 nm
Scan=Time
ScanTime=5,00 s
[TRIGGER]
Sweep=0
Scan=0
[DIO]
DigOut=0x0000
DigIn=0x0000
[DATA]
	00:00:00,000	00:00:02,000	00:00:04,000
310	0.200185	0.199437	0.198774
311	0.19695	0.196179	0.195485
312	0.193756	0.192985	0.192251
313	0.190649	0.18987	0.189112
314	0.187661	0.186862	0.186102
315	0.184649	0.183846	0.183083
316	0.181557	0.180806	0.180033
317	0.178476	0.177772	0.17699
318	0.175554	0.174808	0.174054
319	0.172632	0.171844	0.171117
320	0.169726	0.16895	0.168232
321	0.166821	0.166065	0.165352
322	0.16392	0.163161	0.162477
323	0.161021	0.160249	0.159603
324	0.158148	0.157387	0.156726
325	0.155301	0.154569	0.153847
326	0.152446	0.151736	0.150975
327	0.14958	0.148875	0.14812
328	0.146702	0.146015	0.145272
329	0.14377	0.143157	0.142461
330	0.140839	0.140299	0.139649
331	0.138092	0.137483	0.136847
332	0.135344	0.134667	0.134046
333	0.132493	0.131832	0.131247
334	0.12962	0.128994	0.12845
335	0.126799	0.12619	0.125687
336	0.124006	0.123405	0.122944
337	0.12121	0.120658	0.120189
338	0.118411	0.117954	0.117422
339	0.115682	0.115283	0.114725
340	0.113118	0.112692	0.112191
341	0.110548	0.110105	0.109657
342	0.107934	0.107552	0.107127
343	0.105319	0.104999	0.104597
344	0.102858	0.10249	0.102149
345	0.100405	0.099983	0.099706
346	0.097935	0.097571	0.097261
347	0.095461	0.095186	0.094814
348	0.093029	0.092749	0.092386
349	0.090626	0.090277	0.089968
350	0.088235	0.087871	0.087584
351	0.085859	0.085554	0.085245
352	0.083518	0.083252	0.082928
353	0.081279	0.080995	0.080676
354	0.079036	0.078734	0.078424
355	0.076745	0.076439	0.076168
356	0.074453	0.074143	0.073911
357	0.072127	0.07191	0.071638
358	0.069798	0.069684	0.069364
359	0.067612	0.06747	0.067204
360	0.065479	0.06526	0.065086
361	0.06336	0.063136	0.062959
362	0.061254	0.061078	0.060826
363	0.059111	0.058944	0.05864
364	0.056911	0.056689	0.056372
365	0.054719	0.05446	0.054139
366	0.052558	0.052327	0.052032
367	0.050404	0.050201	0.049932
368	0.048403	0.048236	0.047993
369	0.046402	0.046271	0.046055
370	0.04432	0.044172	0.04394
371	0.042226	0.042053	0.041799
372	0.040186	0.040008	0.039759
373	0.038168	0.037994	0.037762
374	0.036168	0.036005	0.035789
375	0.034183	0.034038	0.033837
376	0.032222	0.032087	0.031889
377	0.030305	0.030162	0.029949
378	0.028385	0.02823	0.028013
379	0.026451	0.026269	0.026095
380	0.024516	0.024308	0.024176
381	0.022566	0.022359	0.022205
382	0.020616	0.02041	0.020234
383	0.018886	0.018719	0.018535
384	0.017194	0.017072	0.016883
385	0.015451	0.015361	0.015156
386	0.013684	0.013619	0.013395
387	0.011986	0.011941	0.011714
388	0.010352	0.010323	0.010108
389	0.008746	0.008714	0.008521
390	0.007192	0.007123	0.006971
391	0.00563	0.005541	0.005419
392	0.004036	0.003997	0.003855
393	0.002443	0.002454	0.002293
394	0.00096	0.000963	0.000882
395	-0.000523	-0.000527	-0.000528
396	-0.001763	-0.001802	-0.001796
397	-0.00296	-0.003039	-0.003037
398	-0.004146	-0.004196	-0.004252
399	-0.005326	-0.005315	-0.005455
400	-0.006638	-0.006616	-0.006751
401	-0.008072	-0.008089	-0.008135
402	-0.009466	-0.009482	-0.009468
403	-0.010785	-0.010725	-0.010706
404	-0.012061	-0.01195	-0.011938
405	-0.013149	-0.013092	-0.01314
406	-0.014238	-0.014232	-0.014341
407	-0.015314	-0.015296	-0.015412
408	-0.01639	-0.016361	-0.016483
409	-0.017578	-0.017579	-0.017665
410	-0.018784	-0.018822	-0.018866
411	-0.020035	-0.02009	-0.020098
412	-0.021307	-0.02137	-0.021343
413	-0.022515	-0.022581	-0.022557
414	-0.023667	-0.023729	-0.023742
415	-0.024911	-0.024976	-0.025009
416	-0.026318	-0.026396	-0.02642
417	-0.027712	-0.027787	-0.027813
418	-0.02906	-0.029068	-0.029133
419	-0.030398	-0.030342	-0.030444
420	-0.03147	-0.031448	-0.031515
421	-0.032542	-0.032554	-0.032586
422	-0.033646	-0.033689	-0.033684
423	-0.034754	-0.034829	-0.034787
424	-0.03585	-0.035879	-0.035881
425	-0.036942	-0.036894	-0.036973
426	-0.037883	-0.037792	-0.037888
427	-0.038703	-0.038596	-0.038661
428	-0.039411	-0.039303	-0.039337
429	-0.039947	-0.039861	-0.039865
430	-0.040529	-0.040449	-0.040432
431	-0.041261	-0.041135	-0.041129
432	-0.041995	-0.041832	-0.041832
433	-0.042754	-0.042664	-0.042603
434	-0.043512	-0.043496	-0.043374
435	-0.044232	-0.044236	-0.044114
436	-0.044948	-0.044968	-0.044851
437	-0.045696	-0.04563	-0.045611
438	-0.046453	-0.046271	-0.046379
439	-0.047143	-0.046991	-0.047075
440	-0.047786	-0.047767	-0.047724
441	-0.048413	-0.048453	-0.048363
442	-0.04902	-0.049028	-0.04899
443	-0.049605	-0.049579	-0.049581
444	-0.050132	-0.05007	-0.050079
445	-0.050656	-0.050564	-0.050577
446	-0.05116	-0.051079	-0.051074
447	-0.051664	-0.051594	-0.051571
448	-0.052125	-0.05204	-0.051981
449	-0.052586	-0.052485	-0.052388
450	-0.053014	-0.052928	-0.052849
451	-0.053436	-0.053371	-0.053323
452	-0.053854	-0.053796	-0.053761
453	-0.054271	-0.054211	-0.054182
454	-0.054684	-0.054618	-0.054575
455	-0.055096	-0.055018	-0.054942
456	-0.055485	-0.055393	-0.055299
457	-0.055833	-0.055721	-0.055637
458	-0.056164	-0.056047	-0.05597
459	-0.056425	-0.056366	-0.056286
460	-0.056688	-0.056684	-0.056602
461	-0.057033	-0.056999	-0.056909
462	-0.057378	-0.057315	-0.057216
463	-0.057703	-0.057648	-0.05759
464	-0.058025	-0.057984	-0.057972
465	-0.058309	-0.058252	-0.058234
466	-0.05858	-0.058495	-0.058452
467	-0.058762	-0.058684	-0.058601
468	-0.058881	-0.058834	-0.058701
469	-0.059005	-0.058971	-0.058793
470	-0.059136	-0.05909	-0.058875
471	-0.059258	-0.059204	-0.058982
472	-0.059356	-0.059308	-0.059154
473	-0.059467	-0.059421	-0.059323
474	-0.059659	-0.059593	-0.059471
475	-0.059851	-0.059764	-0.05962
476	-0.06003	-0.05993	-0.059809
477	-0.060208	-0.060095	-0.059999
478	-0.060327	-0.060176	-0.060116
479	-0.060434	-0.06024	-0.060219
480	-0.060545	-0.060393	-0.060366
481	-0.060658	-0.060586	-0.060533
482	-0.060937	-0.060892	-0.060823
483	-0.061362	-0.061298	-0.061219
484	-0.061771	-0.061682	-0.061609
485	-0.062155	-0.062035	-0.06199
486	-0.062393	-0.062253	-0.06223
487	-0.062171	-0.06205	-0.062027
488	-0.061947	-0.061848	-0.061817
489	-0.061716	-0.061653	-0.061554
490	-0.061486	-0.061458	-0.06129
491	-0.061277	-0.061251	-0.061076
492	-0.06107	-0.061044	-0.060865
493	-0.060948	-0.060878	-0.060721
494	-0.060847	-0.060723	-0.060593
495	-0.060711	-0.060569	-0.060424
496	-0.060558	-0.060418	-0.060233
497	-0.060484	-0.060342	-0.060186
498	-0.060486	-0.060338	-0.060275
499	-0.060452	-0.060294	-0.060284
500	-0.060357	-0.060185	-0.06016
501	-0.060258	-0.060086	-0.060034
502	-0.060144	-0.060023	-0.059907
503	-0.060031	-0.059955	-0.059783
504	-0.059929	-0.059823	-0.059686
505	-0.059827	-0.059691	-0.059589
506	-0.059754	-0.059582	-0.059504
507	-0.059682	-0.059474	-0.05942
508	-0.059529	-0.059366	-0.059321
509	-0.059356	-0.059257	-0.059219
510	-0.05926	-0.059135	-0.059102
511	-0.059204	-0.059006	-0.058977
512	-0.05907	-0.058892	-0.058833
513	-0.058863	-0.058793	-0.058671
514	-0.058692	-0.058674	-0.058515
515	-0.058578	-0.058525	-0.058368
516	-0.058456	-0.058374	-0.058227
517	-0.058307	-0.058217	-0.058103
518	-0.058155	-0.058056	-0.057971
519	-0.057983	-0.057869	-0.057778
520	-0.057811	-0.057683	-0.057585
521	-0.05766	-0.057524	-0.057402
522	-0.057511	-0.057366	-0.057219
523	-0.057303	-0.05716	-0.057009
524	-0.057084	-0.056945	-0.056794
525	-0.056918	-0.056767	-0.056636
526	-0.056776	-0.056604	-0.056503
527	-0.056613	-0.056445	-0.056337
528	-0.056433	-0.056289	-0.056143
529	-0.056239	-0.056126	-0.055957
530	-0.056026	-0.055954	-0.05578
531	-0.055844	-0.055774	-0.055624
532	-0.055736	-0.055576	-0.055521
533	-0.055619	-0.055393	-0.05541
534	-0.055456	-0.055292	-0.055255
535	-0.055294	-0.055189	-0.0551
536	-0.055161	-0.055045	-0.054939
537	-0.055028	-0.054901	-0.054779
538	-0.054856	-0.054722	-0.054616
539	-0.054679	-0.054539	-0.054452
540	-0.05442	-0.054319	-0.054213
541	-0.054135	-0.054087	-0.053951
542	-0.053875	-0.053826	-0.0537
543	-0.05363	-0.053548	-0.053457
544	-0.053455	-0.053365	-0.053264
545	-0.053348	-0.053275	-0.053122
546	-0.053181	-0.053105	-0.052936
547	-0.052912	-0.052799	-0.052674
548	-0.052646	-0.052508	-0.052416
549	-0.052394	-0.052267	-0.052174
550	-0.052143	-0.052023	-0.051931
551	-0.051904	-0.051753	-0.051679
552	-0.051665	-0.051484	-0.051428
553	-0.051382	-0.051239	-0.051174
554	-0.051098	-0.050994	-0.050919
555	-0.050894	-0.050767	-0.050659
556	-0.050703	-0.050543	-0.050399
557	-0.050538	-0.050376	-0.050216
558	-0.050383	-0.050228	-0.050062
559	-0.050182	-0.050051	-0.049877
560	-0.049953	-0.049854	-0.049672
561	-0.049754	-0.049652	-0.049479
562	-0.049587	-0.049446	-0.049301
563	-0.049428	-0.049266	-0.049143
564	-0.049285	-0.04913	-0.049023
565	-0.049183	-0.049031	-0.048942
566	-0.049214	-0.049052	-0.048982
567	-0.049257	-0.049088	-0.049035
568	-0.049394	-0.049242	-0.049181
569	-0.04953	-0.049396	-0.049327
570	-0.049577	-0.049449	-0.049382
571	-0.049623	-0.049502	-0.049436
572	-0.049607	-0.049495	-0.049391
573	-0.049581	-0.049479	-0.049332
574	-0.049522	-0.049425	-0.049292
575	-0.049452	-0.049358	-0.049258
576	-0.049395	-0.049312	-0.049227
577	-0.049347	-0.049277	-0.049196
578	-0.049286	-0.049207	-0.049147
579	-0.049213	-0.049105	-0.049081
580	-0.049085	-0.048967	-0.048952
581	-0.048874	-0.048777	-0.048726
582	-0.048607	-0.048526	-0.048456
583	-0.048198	-0.048118	-0.048066
584	-0.047789	-0.047709	-0.04767
585	-0.047386	-0.047302	-0.047233
586	-0.04698	-0.046894	-0.046796
587	-0.046528	-0.046477	-0.04636
588	-0.046076	-0.04606	-0.045924
589	-0.045665	-0.04561	-0.045491
590	-0.045257	-0.045158	-0.045059
591	-0.044875	-0.044764	-0.044662
592	-0.044499	-0.044384	-0.044273
593	-0.044207	-0.044094	-0.043978
594	-0.043951	-0.043842	-0.043723
595	-0.043674	-0.043554	-0.043449
596	-0.043383	-0.043241	-0.043162
597	-0.043042	-0.042907	-0.042827
598	-0.042645	-0.042551	-0.042439
599	-0.0423	-0.042234	-0.042113
600	-0.042043	-0.041987	-0.041892
601	-0.041789	-0.041732	-0.041655
602	-0.041543	-0.041455	-0.041369
603	-0.041278	-0.041161	-0.041072
604	-0.040906	-0.040769	-0.040707
605	-0.040528	-0.040372	-0.040336
606	-0.039964	-0.039842	-0.039805
607	-0.039401	-0.039313	-0.039275
608	-0.039061	-0.038989	-0.038899
609	-0.038738	-0.038681	-0.038534
610	-0.038359	-0.038312	-0.038168
611	-0.037966	-0.037929	-0.037803
612	-0.037681	-0.037612	-0.03749
613	-0.037438	-0.03732	-0.0372
614	-0.03711	-0.036979	-0.036876
615	-0.036726	-0.036607	-0.036533
616	-0.036328	-0.036208	-0.036149
617	-0.035917	-0.035782	-0.035727
618	-0.035518	-0.035395	-0.035328
619	-0.035138	-0.035064	-0.034965
620	-0.034794	-0.034738	-0.034621
621	-0.034536	-0.034427	-0.034322
622	-0.034248	-0.034097	-0.034001
623	-0.033835	-0.03369	-0.033592
624	-0.033433	-0.033294	-0.033192
625	-0.033142	-0.033008	-0.032884
626	-0.032851	-0.032722	-0.032576
627	-0.032461	-0.032322	-0.032198
628	-0.03207	-0.03192	-0.031819
629	-0.031749	-0.031629	-0.03152
630	-0.031436	-0.03135	-0.031231
631	-0.031042	-0.030974	-0.030858
632	-0.030627	-0.030573	-0.030462
633	-0.030281	-0.03021	-0.030108
634	-0.029965	-0.029865	-0.029771
635	-0.029694	-0.029572	-0.02947
636	-0.029454	-0.029313	-0.029192
637	-0.029191	-0.029079	-0.028945
638	-0.028907	-0.02887	-0.028727
639	-0.028623	-0.028591	-0.028465
640	-0.028341	-0.028208	-0.028139
641	-0.028034	-0.027864	-0.027814
642	-0.027676	-0.027609	-0.027493
643	-0.027348	-0.027347	-0.027187
644	-0.027128	-0.027065	-0.026939
645	-0.026903	-0.026787	-0.026689
646	-0.026638	-0.026539	-0.026419
647	-0.02638	-0.026298	-0.026158
648	-0.026341	-0.026291	-0.026136
649	-0.026302	-0.026283	-0.026114
650	-0.026874	-0.026803	-0.026667
651	-0.027485	-0.027356	-0.027256
652	-0.028421	-0.028317	-0.028196
653	-0.029414	-0.02935	-0.029196
654	-0.030207	-0.030121	-0.029996
655	-0.030939	-0.030812	-0.030733
656	-0.030972	-0.030865	-0.03081
657	-0.030668	-0.030609	-0.030568
658	-0.030041	-0.030001	-0.029945
659	-0.029186	-0.029143	-0.029053
660	-0.027989	-0.027966	-0.027843
661	-0.02645	-0.026469	-0.026315
662	-0.025071	-0.02508	-0.024934
663	-0.023919	-0.023846	-0.023761
664	-0.022974	-0.02284	-0.022789
665	-0.022447	-0.022298	-0.022228
666	-0.021965	-0.021806	-0.021712
667	-0.021615	-0.021466	-0.021336
668	-0.021281	-0.021152	-0.020995
669	-0.021027	-0.020967	-0.020836
670	-0.020772	-0.020774	-0.020666
671	-0.020508	-0.020482	-0.020373
672	-0.020245	-0.02019	-0.020081
673	-0.020027	-0.019944	-0.019878
674	-0.01981	-0.019698	-0.019674
675	-0.019583	-0.019483	-0.01945
676	-0.019354	-0.019271	-0.019223
677	-0.019118	-0.019068	-0.018999
678	-0.01888	-0.018866	-0.018775
679	-0.018692	-0.018644	-0.01854
680	-0.018519	-0.018414	-0.0183
681	-0.018374	-0.018244	-0.01815
682	-0.018243	-0.0181	-0.01804
683	-0.018089	-0.01793	-0.017898
684	-0.017921	-0.017744	-0.017734
685	-0.017724	-0.017556	-0.017519
686	-0.017501	-0.017365	-0.017258
687	-0.017288	-0.017172	-0.017036
688	-0.017089	-0.016977	-0.016861
689	-0.016901	-0.016778	-0.016677
690	-0.016732	-0.016574	-0.01648
691	-0.016507	-0.016339	-0.016248
692	-0.016159	-0.016039	-0.01594
693	-0.015874	-0.015791	-0.015687
694	-0.015784	-0.015706	-0.015604
695	-0.015664	-0.015598	-0.015492
696	-0.015397	-0.01538	-0.01524
697	-0.015142	-0.015167	-0.014996
698	-0.014997	-0.014998	-0.014814
699	-0.014848	-0.014824	-0.014629
700	-0.014591	-0.014489	-0.014346
701	-0.014334	-0.014155	-0.014062
702	-0.014147	-0.013995	-0.013889
703	-0.013963	-0.013842	-0.01372
704	-0.013714	-0.013615	-0.01347
705	-0.013458	-0.013379	-0.013211
706	-0.013267	-0.01315	-0.013013
707	-0.013089	-0.012922	-0.012826
708	-0.012848	-0.012694	-0.012622
709	-0.012588	-0.012466	-0.012411
710	-0.012346	-0.012304	-0.012188
711	-0.01211	-0.012171	-0.01196
712	-0.011928	-0.01196	-0.011747
713	-0.011777	-0.011705	-0.011542
714	-0.011532	-0.011438	-0.011295
715	-0.011218	-0.011162	-0.011018
716	-0.010961	-0.010921	-0.010761
717	-0.010756	-0.010713	-0.010522
718	-0.010548	-0.010504	-0.010307
719	-0.010336	-0.010294	-0.010121
720	-0.010095	-0.010063	-0.009914
[LOG]
CHECKSUMl