[HEADER]
Format	J&M ASCII Table
Comment	
Date	02/03/2026 19:07:48
Order	Y (evenX)
TechType	UV
NumPoints	411
FirstX	310
LastX	720
XType	nm
YType	Absorbance
ZType	s
NumSubFile	3
Matrix	Z vs X
[LOGIN]
Name=pcbob
[INSTRUMENT]
Name=TIDAS E Base UV/VI
Detector=MMS - ASPEN 97,5 kHz
Diodearray=256 Pixel
Serial#=36584
Calibrated=2011-07-01
Range=183.81-729.88 [nm] (F0)

SWVersion=v3.18.2 (build 0)[LOGIN]
Name=pcbob
[CONFIG]
ChannelName=Channel 1
ChannelType=Normalized
[PARAMETER]
It=400,00
Aver=5
Norm=3
Range=310,0-720,0 nm
Scan=Time
ScanTime=5,00 s
[TRIGGER]
Sweep=0
Scan=0
[DIO]
DigOut=0x0000
DigIn=0x0000
[DATA]
	00:00:00,000	00:00:02,000	00:00:04,000
310	0.198337	0.197844	0.197388
311	0.19507	0.194589	0.19412
312	0.191869	0.191406	0.190918
313	0.18874	0.188262	0.187763
314	0.185709	0.185171	0.184672
315	0.18268	0.182096	0.181584
316	0.179653	0.179066	0.17851
317	0.176628	0.176041	0.175446
318	0.173644	0.173081	0.17253
319	0.17066	0.170121	0.169614
320	0.167773	0.16727	0.16674
321	0.164898	0.164433	0.163872
322	0.162026	0.161538	0.160979
323	0.159155	0.158618	0.158075
324	0.156294	0.155758	0.155229
325	0.15344	0.152952	0.152434
326	0.150593	0.150126	0.149623
327	0.147757	0.147262	0.146785
328	0.144928	0.14441	0.143957
329	0.142132	0.14161	0.141175
330	0.139337	0.13881	0.138393
331	0.13655	0.13608	0.135647
332	0.133762	0.133351	0.132901
333	0.130961	0.130573	0.130134
334	0.128157	0.127784	0.127364
335	0.125408	0.125029	0.124644
336	0.122688	0.122292	0.121952
337	0.11996	0.119592	0.119261
338	0.117225	0.116935	0.116572
339	0.114552	0.114309	0.113929
340	0.112024	0.11176	0.111394
341	0.109495	0.109214	0.108858
342	0.106955	0.106697	0.106323
343	0.104415	0.10418	0.103787
344	0.102014	0.101778	0.101451
345	0.099621	0.099382	0.099126
346	0.09718	0.096961	0.096695
347	0.094725	0.094534	0.094233
348	0.092323	0.092106	0.091807
349	0.089957	0.089679	0.089405
350	0.087613	0.087312	0.087074
351	0.085302	0.085027	0.084837
352	0.082991	0.082756	0.082593
353	0.080685	0.080529	0.080328
354	0.078385	0.078299	0.078062
355	0.076161	0.07603	0.075789
356	0.073937	0.07376	0.073515
357	0.071629	0.071485	0.071263
358	0.069312	0.069209	0.069013
359	0.067147	0.06709	0.06689
360	0.065037	0.065027	0.064815
361	0.062962	0.062923	0.062704
362	0.060914	0.060785	0.060564
363	0.058786	0.058613	0.05839
364	0.056529	0.056386	0.05616
365	0.054302	0.054189	0.053971
366	0.05218	0.0521	0.051929
367	0.050065	0.050013	0.049888
368	0.048077	0.047993	0.047849
369	0.04609	0.045973	0.045811
370	0.04402	0.043942	0.043767
371	0.041938	0.041909	0.041722
372	0.039891	0.039882	0.039704
373	0.037858	0.037859	0.037697
374	0.035895	0.035858	0.035707
375	0.033993	0.033878	0.033732
376	0.032079	0.031938	0.031773
377	0.030146	0.030071	0.029842
378	0.028216	0.028198	0.027928
379	0.026296	0.026306	0.026085
380	0.024376	0.024412	0.02424
381	0.022421	0.022483	0.022282
382	0.020466	0.020554	0.020324
383	0.018756	0.018806	0.018635
384	0.017088	0.01709	0.016992
385	0.015368	0.015389	0.015336
386	0.013625	0.013696	0.013675
387	0.011967	0.012076	0.012029
388	0.01039	0.010525	0.010396
389	0.00883	0.008967	0.008802
390	0.007303	0.007393	0.007279
391	0.005768	0.005824	0.005755
392	0.004191	0.004276	0.00422
393	0.002616	0.002729	0.002686
394	0.001148	0.001258	0.001183
395	-0.00032	-0.000214	-0.00032
396	-0.001574	-0.001492	-0.001568
397	-0.00279	-0.002735	-0.002771
398	-0.003958	-0.003885	-0.003929
399	-0.005104	-0.00499	-0.005067
400	-0.006384	-0.006217	-0.006308
401	-0.007792	-0.00756	-0.007646
402	-0.009145	-0.008891	-0.008979
403	-0.010399	-0.010202	-0.010301
404	-0.011631	-0.011478	-0.011579
405	-0.012768	-0.0126	-0.012663
406	-0.013905	-0.013722	-0.013747
407	-0.015005	-0.014761	-0.014863
408	-0.016104	-0.015799	-0.015979
409	-0.017258	-0.016987	-0.017176
410	-0.01842	-0.018201	-0.018387
411	-0.019658	-0.019451	-0.019608
412	-0.020929	-0.020717	-0.020834
413	-0.022139	-0.021916	-0.021988
414	-0.023293	-0.023052	-0.023077
415	-0.024521	-0.024265	-0.024282
416	-0.025877	-0.025612	-0.025692
417	-0.027223	-0.026952	-0.02707
418	-0.028524	-0.028268	-0.02832
419	-0.029819	-0.029574	-0.029566
420	-0.030947	-0.030642	-0.030705
421	-0.032075	-0.03171	-0.031844
422	-0.033191	-0.032862	-0.033011
423	-0.034305	-0.034027	-0.034183
424	-0.035344	-0.03511	-0.035227
425	-0.036354	-0.03616	-0.036221
426	-0.037257	-0.037034	-0.037077
427	-0.038075	-0.037767	-0.037821
428	-0.038765	-0.038405	-0.038495
429	-0.039256	-0.038899	-0.039061
430	-0.039804	-0.039445	-0.039651
431	-0.040537	-0.040166	-0.04032
432	-0.041274	-0.040893	-0.040997
433	-0.04206	-0.04168	-0.041764
434	-0.042847	-0.042467	-0.042531
435	-0.043579	-0.043182	-0.043265
436	-0.044306	-0.043891	-0.043996
437	-0.045003	-0.044586	-0.044712
438	-0.04569	-0.045276	-0.045423
439	-0.046406	-0.045975	-0.046126
440	-0.047143	-0.046678	-0.046824
441	-0.047795	-0.047342	-0.047476
442	-0.048339	-0.047956	-0.048068
443	-0.048878	-0.048532	-0.048637
444	-0.049401	-0.049008	-0.049144
445	-0.049916	-0.049485	-0.049647
446	-0.050379	-0.049974	-0.050115
447	-0.050842	-0.050463	-0.050583
448	-0.051301	-0.050903	-0.050997
449	-0.051759	-0.051343	-0.051409
450	-0.052203	-0.05175	-0.051836
451	-0.052645	-0.052149	-0.052265
452	-0.05308	-0.052566	-0.052681
453	-0.053513	-0.052992	-0.053089
454	-0.053925	-0.053403	-0.053513
455	-0.054317	-0.053798	-0.053954
456	-0.05469	-0.054182	-0.054358
457	-0.055028	-0.054547	-0.054692
458	-0.05536	-0.054894	-0.055012
459	-0.055674	-0.055173	-0.055274
460	-0.055987	-0.055453	-0.055538
461	-0.05628	-0.055775	-0.055862
462	-0.056574	-0.056097	-0.056185
463	-0.056883	-0.056417	-0.056526
464	-0.057195	-0.056738	-0.05687
465	-0.057417	-0.056973	-0.057071
466	-0.057606	-0.057177	-0.057222
467	-0.057752	-0.057313	-0.057367
468	-0.057867	-0.057402	-0.057507
469	-0.057969	-0.057483	-0.057622
470	-0.058054	-0.057556	-0.057706
471	-0.058154	-0.057647	-0.057799
472	-0.058293	-0.057781	-0.057914
473	-0.058437	-0.057913	-0.058033
474	-0.058612	-0.058039	-0.058175
475	-0.058786	-0.058164	-0.058317
476	-0.058955	-0.058396	-0.058542
477	-0.059124	-0.058631	-0.058769
478	-0.059267	-0.058758	-0.058905
479	-0.059405	-0.058863	-0.059022
480	-0.059556	-0.059009	-0.059175
481	-0.059714	-0.059175	-0.059343
482	-0.060035	-0.059538	-0.059681
483	-0.060496	-0.060069	-0.060166
484	-0.060938	-0.060537	-0.060611
485	-0.061349	-0.060902	-0.060993
486	-0.0616	-0.061123	-0.061233
487	-0.061348	-0.060891	-0.061026
488	-0.061092	-0.060648	-0.060807
489	-0.060805	-0.060309	-0.060472
490	-0.060518	-0.05997	-0.060137
491	-0.060271	-0.059731	-0.059886
492	-0.060027	-0.059498	-0.05964
493	-0.05991	-0.059329	-0.059448
494	-0.059824	-0.059177	-0.059269
495	-0.05965	-0.059008	-0.059097
496	-0.059432	-0.058831	-0.058929
497	-0.059342	-0.058769	-0.058872
498	-0.059372	-0.058815	-0.058921
499	-0.059354	-0.058811	-0.058908
500	-0.059253	-0.05872	-0.058794
501	-0.059163	-0.05863	-0.058687
502	-0.059107	-0.058545	-0.058608
503	-0.059043	-0.058453	-0.058529
504	-0.058895	-0.058292	-0.058445
505	-0.058746	-0.05813	-0.058361
506	-0.05863	-0.058041	-0.058239
507	-0.058516	-0.057956	-0.058115
508	-0.058424	-0.057832	-0.057983
509	-0.058338	-0.057699	-0.057849
510	-0.058198	-0.057556	-0.057696
511	-0.058031	-0.057409	-0.057533
512	-0.057869	-0.057261	-0.057378
513	-0.057713	-0.057113	-0.05723
514	-0.05755	-0.056965	-0.057066
515	-0.057376	-0.056818	-0.056879
516	-0.057207	-0.05667	-0.056714
517	-0.057055	-0.056524	-0.056618
518	-0.056903	-0.05637	-0.056506
519	-0.056753	-0.056143	-0.056263
520	-0.056604	-0.055917	-0.05602
521	-0.056421	-0.055762	-0.055866
522	-0.056237	-0.055609	-0.055716
523	-0.056052	-0.055424	-0.055559
524	-0.055867	-0.055234	-0.055401
525	-0.055726	-0.055073	-0.055271
526	-0.055604	-0.054925	-0.055152
527	-0.05546	-0.054774	-0.054989
528	-0.055301	-0.054618	-0.054792
529	-0.055133	-0.054471	-0.054614
530	-0.054955	-0.054334	-0.054463
531	-0.054782	-0.054185	-0.054315
532	-0.054621	-0.054006	-0.054177
533	-0.054468	-0.053826	-0.054035
534	-0.054359	-0.053645	-0.053872
535	-0.054248	-0.053465	-0.053709
536	-0.054053	-0.053308	-0.053527
537	-0.053858	-0.053152	-0.053346
538	-0.053652	-0.053001	-0.053179
539	-0.053445	-0.052852	-0.053014
540	-0.053262	-0.052666	-0.052778
541	-0.053087	-0.05247	-0.05252
542	-0.052827	-0.052244	-0.052288
543	-0.052517	-0.052002	-0.052069
544	-0.052304	-0.051762	-0.051876
545	-0.052188	-0.051523	-0.051708
546	-0.052027	-0.05131	-0.051535
547	-0.051791	-0.05114	-0.051355
548	-0.051562	-0.050966	-0.051156
549	-0.051354	-0.050779	-0.050898
550	-0.051139	-0.050578	-0.050638
551	-0.050869	-0.050275	-0.05037
552	-0.050598	-0.049972	-0.050101
553	-0.050355	-0.049727	-0.049868
554	-0.050112	-0.049483	-0.049635
555	-0.049904	-0.049299	-0.049445
556	-0.049702	-0.049124	-0.049262
557	-0.049507	-0.048906	-0.049055
558	-0.049316	-0.048672	-0.048839
559	-0.049117	-0.048473	-0.048628
560	-0.048914	-0.048295	-0.048421
561	-0.048716	-0.048113	-0.048225
562	-0.048524	-0.047926	-0.04804
563	-0.048355	-0.047764	-0.047873
564	-0.048227	-0.047644	-0.04774
565	-0.048132	-0.047548	-0.047642
566	-0.048146	-0.047526	-0.047663
567	-0.048177	-0.047531	-0.047704
568	-0.04834	-0.047746	-0.047893
569	-0.048502	-0.047962	-0.048082
570	-0.048588	-0.04811	-0.048183
571	-0.048674	-0.048258	-0.048283
572	-0.048686	-0.048262	-0.048287
573	-0.048687	-0.048245	-0.048276
574	-0.048688	-0.048236	-0.048294
575	-0.048689	-0.048229	-0.048321
576	-0.048663	-0.048201	-0.048299
577	-0.048621	-0.04816	-0.048248
578	-0.048582	-0.04812	-0.048195
579	-0.048545	-0.048082	-0.048139
580	-0.048438	-0.047983	-0.048047
581	-0.048224	-0.04779	-0.047901
582	-0.047964	-0.047542	-0.047677
583	-0.04758	-0.047147	-0.04725
584	-0.047186	-0.046744	-0.046818
585	-0.046736	-0.046291	-0.046362
586	-0.046284	-0.045836	-0.045904
587	-0.045817	-0.045362	-0.045428
588	-0.045349	-0.044888	-0.044951
589	-0.044895	-0.044436	-0.044497
590	-0.044441	-0.043986	-0.044044
591	-0.044027	-0.043552	-0.04362
592	-0.043623	-0.043122	-0.043203
593	-0.043294	-0.042812	-0.042898
594	-0.042999	-0.042554	-0.042641
595	-0.04272	-0.042269	-0.042357
596	-0.042452	-0.041965	-0.042054
597	-0.042127	-0.041629	-0.04171
598	-0.041739	-0.041258	-0.041319
599	-0.04141	-0.040936	-0.040994
600	-0.041186	-0.040698	-0.040785
601	-0.040956	-0.04046	-0.040569
602	-0.040706	-0.040222	-0.040329
603	-0.040436	-0.039963	-0.040065
604	-0.040049	-0.039576	-0.039667
605	-0.039659	-0.039185	-0.039265
606	-0.039151	-0.038679	-0.038772
607	-0.038643	-0.038174	-0.038278
608	-0.038323	-0.037823	-0.037917
609	-0.038019	-0.037484	-0.037566
610	-0.037634	-0.037123	-0.037183
611	-0.037232	-0.036758	-0.036794
612	-0.036933	-0.036432	-0.036479
613	-0.036676	-0.03612	-0.036195
614	-0.036337	-0.035788	-0.035868
615	-0.035944	-0.035444	-0.035515
616	-0.03554	-0.035064	-0.03513
617	-0.035125	-0.034648	-0.034713
618	-0.034721	-0.034238	-0.034305
619	-0.034332	-0.033835	-0.033909
620	-0.033967	-0.033456	-0.033542
621	-0.033659	-0.033135	-0.033245
622	-0.033325	-0.032792	-0.032925
623	-0.03288	-0.032361	-0.032514
624	-0.032452	-0.031942	-0.032112
625	-0.032192	-0.03163	-0.031798
626	-0.031931	-0.031319	-0.031484
627	-0.031523	-0.030952	-0.031072
628	-0.031114	-0.030585	-0.03066
629	-0.030797	-0.030238	-0.030341
630	-0.030492	-0.029893	-0.030033
631	-0.03012	-0.02953	-0.029661
632	-0.02973	-0.029163	-0.029271
633	-0.029372	-0.028813	-0.028925
634	-0.029027	-0.028469	-0.028598
635	-0.028737	-0.028157	-0.028306
636	-0.028483	-0.027865	-0.028036
637	-0.028251	-0.027598	-0.027774
638	-0.028041	-0.027355	-0.02752
639	-0.027779	-0.027093	-0.027257
640	-0.027445	-0.026799	-0.026982
641	-0.027115	-0.026502	-0.026677
642	-0.026795	-0.026196	-0.026309
643	-0.026498	-0.02591	-0.02597
644	-0.026281	-0.025697	-0.025734
645	-0.026061	-0.025481	-0.025504
646	-0.025822	-0.02524	-0.025312
647	-0.025589	-0.025008	-0.025125
648	-0.025555	-0.025018	-0.025108
649	-0.02552	-0.025029	-0.02509
650	-0.026137	-0.025587	-0.025688
651	-0.026793	-0.026179	-0.026324
652	-0.027771	-0.027227	-0.027368
653	-0.028805	-0.028354	-0.028483
654	-0.029611	-0.029237	-0.029331
655	-0.030346	-0.030043	-0.030097
656	-0.030392	-0.030093	-0.030166
657	-0.030105	-0.029777	-0.0299
658	-0.029484	-0.029106	-0.029245
659	-0.028628	-0.028185	-0.028316
660	-0.027404	-0.026936	-0.027072
661	-0.025812	-0.025361	-0.025512
662	-0.024373	-0.023913	-0.024059
663	-0.023148	-0.022645	-0.022757
664	-0.022144	-0.021605	-0.021697
665	-0.021589	-0.021029	-0.021128
666	-0.021078	-0.020509	-0.020606
667	-0.020708	-0.020156	-0.020227
668	-0.020372	-0.019827	-0.019879
669	-0.020214	-0.019614	-0.01969
670	-0.020046	-0.019396	-0.019497
671	-0.019763	-0.019125	-0.01926
672	-0.01948	-0.018854	-0.019023
673	-0.019304	-0.018688	-0.018876
674	-0.019128	-0.018521	-0.01873
675	-0.018899	-0.01826	-0.018498
676	-0.018665	-0.01799	-0.018258
677	-0.018463	-0.017807	-0.018045
678	-0.018267	-0.017641	-0.017838
679	-0.018015	-0.017445	-0.017624
680	-0.017745	-0.01724	-0.017407
681	-0.017597	-0.017092	-0.017233
682	-0.017506	-0.01697	-0.01708
683	-0.017382	-0.016833	-0.016926
684	-0.017237	-0.016687	-0.016773
685	-0.017034	-0.016492	-0.016574
686	-0.01678	-0.016254	-0.016337
687	-0.016563	-0.016044	-0.016132
688	-0.016391	-0.015868	-0.015966
689	-0.016211	-0.015676	-0.015768
690	-0.016018	-0.015456	-0.015518
691	-0.015783	-0.01521	-0.015274
692	-0.015456	-0.01491	-0.015042
693	-0.015179	-0.014655	-0.014829
694	-0.015056	-0.014541	-0.014672
695	-0.014914	-0.014412	-0.0145
696	-0.014679	-0.014204	-0.014251
697	-0.014452	-0.013996	-0.014015
698	-0.014295	-0.013783	-0.013885
699	-0.014133	-0.013569	-0.01375
700	-0.013836	-0.013275	-0.013475
701	-0.013538	-0.012981	-0.0132
702	-0.013344	-0.012764	-0.012974
703	-0.013154	-0.012549	-0.012749
704	-0.012962	-0.012371	-0.012478
705	-0.01277	-0.012196	-0.012202
706	-0.01256	-0.011966	-0.012008
707	-0.012347	-0.011726	-0.01183
708	-0.012119	-0.011479	-0.01161
709	-0.011887	-0.01123	-0.011377
710	-0.011634	-0.011027	-0.011164
711	-0.011373	-0.010843	-0.01096
712	-0.011173	-0.010655	-0.010763
713	-0.011009	-0.010465	-0.01057
714	-0.010787	-0.010269	-0.01034
715	-0.010523	-0.01007	-0.010082
716	-0.010284	-0.009818	-0.009838
717	-0.010066	-0.009516	-0.009607
718	-0.009839	-0.009283	-0.009396
719	-0.009599	-0.00913	-0.009208
720	-0.009365	-0.008937	-0.009013
[LOG]
CHECKSUM‡¡