[HEADER]
Format	J&M ASCII Table
Comment	
Date	02/03/2026 19:53:46
Order	Y (evenX)
TechType	UV
NumPoints	411
FirstX	310
LastX	720
XType	nm
YType	Absorbance
ZType	s
NumSubFile	3
Matrix	Z vs X
[LOGIN]
Name=pcbob
[INSTRUMENT]
Name=TIDAS E Base UV/VI
Detector=MMS - ASPEN 97,5 kHz
Diodearray=256 Pixel
Serial#=36584
Calibrated=2011-07-01
Range=183.81-729.88 [nm] (F0)

SWVersion=v3.18.2 (build 0)[LOGIN]
Name=pcbob
[CONFIG]
ChannelName=Channel 1
ChannelType=Normalized
[PARAMETER]
It=400,00
Aver=5
Norm=3
Range=310,0-720,0 nm
Scan=Time
ScanTime=5,00 s
[TRIGGER]
Sweep=0
Scan=0
[DIO]
DigOut=0x0000
DigIn=0x0000
[DATA]
	00:00:00,000	00:00:02,000	00:00:04,000
310	1.939066	1.936903	1.93847
311	1.921973	1.920643	1.921655
312	1.904593	1.904715	1.904111
313	1.886452	1.887263	1.885856
314	1.867259	1.867705	1.866619
315	1.848539	1.848472	1.847958
316	1.83131	1.830268	1.831107
317	1.81385	1.81198	1.814044
318	1.792991	1.792453	1.793861
319	1.772131	1.772925	1.773678
320	1.752948	1.753155	1.754013
321	1.733982	1.733353	1.734416
322	1.714411	1.713099	1.714198
323	1.694591	1.692659	1.693726
324	1.674117	1.672436	1.673013
325	1.653064	1.652404	1.652089
326	1.632132	1.631747	1.631158
327	1.611421	1.60995	1.610214
328	1.590724	1.588426	1.589381
329	1.570099	1.568165	1.569061
330	1.549474	1.547904	1.548741
331	1.528665	1.527676	1.528034
332	1.507855	1.507447	1.507327
333	1.487846	1.487202	1.487265
334	1.468007	1.466954	1.467339
335	1.449173	1.447866	1.448158
336	1.430882	1.429407	1.429379
337	1.412137	1.410666	1.410431
338	1.392888	1.391613	1.391294
339	1.373879	1.372873	1.372483
340	1.355439	1.354871	1.354446
341	1.337098	1.336866	1.336425
342	1.319465	1.318833	1.318522
343	1.301833	1.300801	1.300619
344	1.285136	1.28403	1.283822
345	1.268492	1.267329	1.267086
346	1.251736	1.250469	1.250476
347	1.234947	1.233561	1.233904
348	1.218256	1.216762	1.217232
349	1.20163	1.200035	1.200492
350	1.185395	1.183913	1.184275
351	1.169689	1.16861	1.168765
352	1.153992	1.153305	1.153297
353	1.138321	1.137991	1.137953
354	1.122677	1.122648	1.122574
355	1.107362	1.106968	1.106783
356	1.092047	1.091287	1.090992
357	1.076954	1.076139	1.075821
358	1.061884	1.061047	1.060714
359	1.047097	1.046451	1.04595
360	1.032413	1.032036	1.031311
361	1.018145	1.017809	1.016992
362	1.004206	1.003728	1.002924
363	0.990179	0.989633	0.989
364	0.976014	0.975512	0.975306
365	0.961972	0.961486	0.961532
366	0.948375	0.947803	0.947471
367	0.93481	0.934158	0.933461
368	0.921949	0.921354	0.920553
369	0.909088	0.90855	0.907644
370	0.895983	0.89527	0.894576
371	0.882843	0.881921	0.881484
372	0.869539	0.868735	0.868305
373	0.856165	0.855619	0.855088
374	0.843186	0.84258	0.84213
375	0.830554	0.82961	0.8294
376	0.818047	0.81693	0.816808
377	0.805761	0.804762	0.804458
378	0.793437	0.792541	0.79211
379	0.780958	0.780094	0.779766
380	0.768496	0.767662	0.767431
381	0.756792	0.755893	0.755464
382	0.745088	0.744124	0.743497
383	0.73338	0.732557	0.732002
384	0.72167	0.721025	0.720588
385	0.710217	0.709712	0.709207
386	0.698881	0.6985	0.69784
387	0.687758	0.687324	0.686679
388	0.676835	0.676184	0.67571
389	0.66593	0.665148	0.664756
390	0.655057	0.654307	0.653833
391	0.644202	0.643458	0.642951
392	0.633427	0.632568	0.63226
393	0.62266	0.621691	0.621576
394	0.612481	0.611641	0.611425
395	0.602302	0.601592	0.601274
396	0.592933	0.592256	0.591908
397	0.58371	0.583049	0.582683
398	0.574499	0.573859	0.573475
399	0.565292	0.564676	0.564275
400	0.556076	0.555429	0.554982
401	0.546852	0.546122	0.5456
402	0.537626	0.536846	0.536294
403	0.528396	0.527626	0.527129
404	0.519276	0.518514	0.518092
405	0.510648	0.509878	0.509619
406	0.502026	0.501249	0.501148
407	0.493645	0.492966	0.492803
408	0.485264	0.484683	0.484459
409	0.476693	0.476067	0.475821
410	0.46809	0.467394	0.467134
411	0.459642	0.458929	0.458634
412	0.451263	0.450558	0.450219
413	0.442969	0.442305	0.441992
414	0.434753	0.43416	0.433934
415	0.426669	0.426098	0.42589
416	0.418817	0.418182	0.417872
417	0.410909	0.410236	0.409842
418	0.402776	0.402172	0.401768
419	0.394673	0.394137	0.393722
420	0.387336	0.38684	0.38638
421	0.38	0.379542	0.379039
422	0.373136	0.372685	0.372243
423	0.366339	0.36589	0.365525
424	0.359499	0.359048	0.358752
425	0.352641	0.352189	0.351958
426	0.345931	0.345523	0.345275
427	0.33934	0.339014	0.338681
428	0.332909	0.332598	0.332224
429	0.326727	0.326329	0.32598
430	0.320538	0.32007	0.319762
431	0.314324	0.313846	0.313631
432	0.308132	0.307648	0.307514
433	0.302218	0.301772	0.301579
434	0.296304	0.295897	0.295643
435	0.290733	0.290317	0.290056
436	0.285194	0.284766	0.284501
437	0.279607	0.279197	0.278967
438	0.274003	0.273623	0.273439
439	0.268538	0.268215	0.268043
440	0.263165	0.262918	0.262736
441	0.258083	0.257842	0.257648
442	0.253369	0.253046	0.252839
443	0.248703	0.248315	0.248103
444	0.244157	0.243753	0.243552
445	0.239608	0.239201	0.239009
446	0.235035	0.234723	0.234516
447	0.230462	0.230245	0.230024
448	0.226218	0.225932	0.225794
449	0.221985	0.221624	0.221572
450	0.217868	0.21752	0.2175
451	0.213776	0.213462	0.213462
452	0.209777	0.209552	0.209501
453	0.205827	0.20572	0.205579
454	0.20205	0.201957	0.201796
455	0.198447	0.198262	0.198151
456	0.194884	0.194656	0.194557
457	0.191397	0.191217	0.191058
458	0.187934	0.187784	0.187592
459	0.184575	0.184382	0.184258
460	0.181218	0.180984	0.180927
461	0.177899	0.17769	0.177633
462	0.174581	0.174395	0.174339
463	0.1716	0.171385	0.171365
464	0.168663	0.16841	0.168431
465	0.165819	0.16561	0.165619
466	0.163009	0.162871	0.162852
467	0.160377	0.160209	0.160201
468	0.15787	0.157602	0.157632
469	0.155321	0.155024	0.155068
470	0.152718	0.152486	0.152508
471	0.150125	0.149952	0.149958
472	0.147557	0.147429	0.147431
473	0.145002	0.144918	0.144914
474	0.142528	0.142489	0.14246
475	0.140054	0.14006	0.140006
476	0.137826	0.137826	0.137796
477	0.135601	0.135596	0.135591
478	0.133445	0.133412	0.133438
479	0.131302	0.131237	0.131295
480	0.129123	0.129019	0.129074
481	0.126927	0.126782	0.126817
482	0.12461	0.124464	0.124467
483	0.122187	0.122075	0.122035
484	0.119984	0.119887	0.119837
485	0.11813	0.118016	0.118007
486	0.116381	0.11627	0.116284
487	0.114964	0.114918	0.114893
488	0.113564	0.113573	0.113512
489	0.112324	0.112301	0.11222
490	0.111085	0.111029	0.110928
491	0.109666	0.109599	0.109504
492	0.108237	0.10816	0.108073
493	0.106781	0.106699	0.106643
494	0.10532	0.105234	0.105214
495	0.103874	0.103813	0.103811
496	0.102436	0.102416	0.10242
497	0.101079	0.101052	0.101049
498	0.099799	0.099719	0.099698
499	0.098482	0.098392	0.098351
500	0.097103	0.097075	0.097013
501	0.095755	0.095773	0.095707
502	0.094509	0.094517	0.094506
503	0.093264	0.093264	0.093304
504	0.092028	0.092028	0.092087
505	0.090793	0.090793	0.09087
506	0.089628	0.089625	0.089693
507	0.088466	0.088461	0.08852
508	0.087306	0.087297	0.087326
509	0.086146	0.086134	0.086127
510	0.085048	0.085031	0.08508
511	0.083981	0.083959	0.084109
512	0.082905	0.082891	0.083048
513	0.081821	0.081827	0.081905
514	0.080782	0.080777	0.080839
515	0.079815	0.079751	0.079895
516	0.078852	0.078742	0.078932
517	0.0779	0.077785	0.077913
518	0.076946	0.076831	0.076906
519	0.075975	0.075902	0.076001
520	0.075003	0.074972	0.075097
521	0.073987	0.074	0.074055
522	0.072968	0.073026	0.073009
523	0.072031	0.072076	0.072099
524	0.071111	0.071131	0.071218
525	0.070211	0.070213	0.07034
526	0.069319	0.069307	0.069464
527	0.0684	0.068414	0.068519
528	0.067459	0.06753	0.067521
529	0.066564	0.066646	0.066609
530	0.065731	0.065762	0.065813
531	0.064913	0.064906	0.065026
532	0.064129	0.06412	0.06426
533	0.063334	0.063332	0.063481
534	0.062478	0.062529	0.062633
535	0.061624	0.061727	0.061788
536	0.060879	0.060959	0.061039
537	0.060134	0.06019	0.06029
538	0.059348	0.059346	0.059493
539	0.058556	0.058492	0.05869
540	0.057748	0.057725	0.057911
541	0.056934	0.056984	0.057139
542	0.056248	0.056326	0.056442
543	0.055637	0.055717	0.055789
544	0.055021	0.055087	0.055151
545	0.054401	0.054439	0.05453
546	0.053759	0.053789	0.05388
547	0.053081	0.053137	0.053182
548	0.052402	0.052477	0.052489
549	0.05172	0.051791	0.051808
550	0.051054	0.051119	0.051143
551	0.050511	0.050567	0.050588
552	0.049968	0.050015	0.050033
553	0.04929	0.049364	0.049412
554	0.04861	0.048711	0.048789
555	0.048047	0.048127	0.048223
556	0.047502	0.047554	0.047665
557	0.046964	0.047014	0.047104
558	0.046429	0.046487	0.04654
559	0.04588	0.045952	0.045984
560	0.045323	0.045412	0.045431
561	0.044751	0.044857	0.044857
562	0.044164	0.044286	0.044258
563	0.043583	0.043712	0.043693
564	0.043013	0.043132	0.043187
565	0.042429	0.042541	0.042645
566	0.041799	0.041913	0.041986
567	0.041158	0.04127	0.041316
568	0.040429	0.04051	0.040564
569	0.039701	0.03975	0.039813
570	0.038994	0.039043	0.039123
571	0.038288	0.038336	0.038434
572	0.03769	0.037726	0.037831
573	0.037109	0.03713	0.037241
574	0.036483	0.03652	0.03661
575	0.035843	0.035905	0.035965
576	0.035264	0.035328	0.035369
577	0.03472	0.034772	0.034802
578	0.034218	0.03425	0.034277
579	0.033754	0.033759	0.033791
580	0.033304	0.033302	0.033335
581	0.032877	0.032894	0.032928
582	0.032498	0.032534	0.032567
583	0.032241	0.032297	0.032328
584	0.031999	0.032067	0.0321
585	0.031835	0.031869	0.031926
586	0.031666	0.031672	0.031751
587	0.031411	0.031484	0.031532
588	0.031155	0.031297	0.031313
589	0.031039	0.031115	0.031137
590	0.030934	0.030934	0.030964
591	0.030633	0.030661	0.03069
592	0.030286	0.030367	0.030394
593	0.029986	0.03007	0.030108
594	0.029705	0.029772	0.029828
595	0.029441	0.029492	0.029555
596	0.029188	0.029224	0.029287
597	0.028935	0.028977	0.029038
598	0.028682	0.028751	0.028811
599	0.028414	0.028505	0.028566
600	0.02812	0.028221	0.028292
601	0.027836	0.027934	0.028012
602	0.027581	0.027642	0.027715
603	0.027337	0.027361	0.027431
604	0.027163	0.027149	0.027217
605	0.026991	0.026943	0.027007
606	0.026874	0.026898	0.026933
607	0.026757	0.026854	0.026859
608	0.026528	0.026585	0.02665
609	0.026291	0.0263	0.026431
610	0.026133	0.026147	0.026262
611	0.025992	0.026023	0.026104
612	0.025809	0.025831	0.025925
613	0.025608	0.025612	0.025737
614	0.025422	0.025428	0.025553
615	0.025245	0.025268	0.025373
616	0.025111	0.025158	0.025254
617	0.025018	0.025097	0.025196
618	0.024878	0.024965	0.025062
619	0.024667	0.024729	0.024816
620	0.024485	0.024535	0.024615
621	0.024369	0.024438	0.024523
622	0.024252	0.024328	0.024417
623	0.024127	0.024164	0.024253
624	0.023997	0.024	0.024094
625	0.023818	0.023843	0.023979
626	0.023639	0.023687	0.023864
627	0.023528	0.023581	0.023743
628	0.023417	0.023474	0.023621
629	0.023319	0.02338	0.02347
630	0.023223	0.023286	0.023316
631	0.023095	0.023186	0.023236
632	0.022959	0.023084	0.023176
633	0.022808	0.022929	0.02302
634	0.022651	0.022752	0.022823
635	0.022482	0.022581	0.022643
636	0.022304	0.022412	0.022475
637	0.022105	0.022223	0.022282
638	0.021885	0.022013	0.022063
639	0.02171	0.021837	0.021888
640	0.0216	0.021713	0.021776
641	0.021481	0.021607	0.021669
642	0.021339	0.021539	0.021577
643	0.021193	0.021436	0.021467
644	0.021029	0.021209	0.021296
645	0.02087	0.020995	0.021124
646	0.020735	0.020861	0.020951
647	0.020596	0.02072	0.020773
648	0.020318	0.020384	0.020431
649	0.020039	0.020047	0.02009
650	0.019298	0.019376	0.019422
651	0.018528	0.018684	0.018734
652	0.017641	0.017771	0.017838
653	0.016734	0.016819	0.016906
654	0.01609	0.016152	0.016236
655	0.015528	0.015575	0.015646
656	0.015314	0.015349	0.015439
657	0.015267	0.015294	0.015415
658	0.015433	0.015473	0.015565
659	0.015748	0.015817	0.015838
660	0.016244	0.016341	0.016314
661	0.016922	0.017044	0.016991
662	0.017519	0.017642	0.017616
663	0.018003	0.018093	0.018169
664	0.01835	0.018422	0.018536
665	0.01842	0.018507	0.018526
666	0.018454	0.018559	0.018525
667	0.018378	0.018512	0.018551
668	0.018311	0.018467	0.018569
669	0.018291	0.01843	0.01854
670	0.018262	0.018384	0.018501
671	0.018126	0.018241	0.018356
672	0.017991	0.018098	0.018211
673	0.017929	0.018089	0.018204
674	0.017868	0.018079	0.018198
675	0.017869	0.018013	0.018103
676	0.017875	0.017942	0.018001
677	0.017776	0.017874	0.017953
678	0.017657	0.017808	0.017915
679	0.017562	0.017708	0.017825
680	0.017476	0.017598	0.017718
681	0.017438	0.01756	0.017677
682	0.017423	0.017556	0.017667
683	0.017343	0.01749	0.017595
684	0.017221	0.017384	0.017481
685	0.017143	0.017327	0.017402
686	0.017104	0.017311	0.017352
687	0.017058	0.017269	0.017301
688	0.017006	0.017193	0.017246
689	0.01696	0.017121	0.017204
690	0.016922	0.017054	0.01718
691	0.016896	0.016986	0.017148
692	0.016896	0.016919	0.017097
693	0.016894	0.016883	0.017058
694	0.016886	0.016946	0.017056
695	0.016859	0.016975	0.017033
696	0.016737	0.016842	0.016912
697	0.016623	0.016724	0.016801
698	0.016583	0.016727	0.016788
699	0.016546	0.016731	0.016776
700	0.01664	0.016756	0.016799
701	0.016734	0.016782	0.016822
702	0.016665	0.016723	0.016838
703	0.016589	0.016662	0.016853
704	0.016574	0.016629	0.016816
705	0.016567	0.016599	0.016773
706	0.016559	0.016627	0.016738
707	0.016551	0.016666	0.016706
708	0.016601	0.016678	0.016756
709	0.016667	0.01668	0.016831
710	0.016653	0.0167	0.016802
711	0.016605	0.016727	0.016729
712	0.016586	0.016722	0.016705
713	0.016584	0.016698	0.016709
714	0.016593	0.016698	0.016764
715	0.01661	0.016715	0.016855
716	0.016595	0.016719	0.016874
717	0.016551	0.01671	0.016826
718	0.016569	0.016737	0.016844
719	0.01666	0.016805	0.016939
720	0.01675	0.01689	0.017015
[LOG]
CHECKSUMu‡