[HEADER]
Format	J&M ASCII Table
Comment	
Date	02/03/2026 19:49:31
Order	Y (evenX)
TechType	UV
NumPoints	411
FirstX	310
LastX	720
XType	nm
YType	Absorbance
ZType	s
NumSubFile	3
Matrix	Z vs X
[LOGIN]
Name=pcbob
[INSTRUMENT]
Name=TIDAS E Base UV/VI
Detector=MMS - ASPEN 97,5 kHz
Diodearray=256 Pixel
Serial#=36584
Calibrated=2011-07-01
Range=183.81-729.88 [nm] (F0)

SWVersion=v3.18.2 (build 0)[LOGIN]
Name=pcbob
[CONFIG]
ChannelName=Channel 1
ChannelType=Normalized
[PARAMETER]
It=400,00
Aver=5
Norm=3
Range=310,0-720,0 nm
Scan=Time
ScanTime=5,00 s
[TRIGGER]
Sweep=0
Scan=0
[DIO]
DigOut=0x0000
DigIn=0x0000
[DATA]
	00:00:00,000	00:00:02,000	00:00:04,000
310	1.917826	1.91872	1.917295
311	1.900446	1.901108	1.899843
312	1.883361	1.883024	1.881749
313	1.865707	1.864626	1.86307
314	1.847266	1.845795	1.843579
315	1.828621	1.827018	1.824555
316	1.809335	1.808412	1.807
317	1.790009	1.789706	1.789309
318	1.770088	1.769503	1.769598
319	1.750167	1.749301	1.749886
320	1.729772	1.729527	1.729428
321	1.709316	1.709808	1.708873
322	1.689176	1.689078	1.68814
323	1.669166	1.667933	1.667333
324	1.648439	1.646924	1.646668
325	1.627078	1.626038	1.626128
326	1.605973	1.605193	1.605342
327	1.585335	1.584427	1.584106
328	1.564698	1.563703	1.562965
329	1.544063	1.543171	1.542261
330	1.523429	1.52264	1.521557
331	1.503278	1.50201	1.501337
332	1.483126	1.481381	1.481117
333	1.463075	1.461333	1.460894
334	1.443045	1.441409	1.440669
335	1.423569	1.422008	1.421306
336	1.404392	1.402891	1.402408
337	1.385281	1.383647	1.383282
338	1.366243	1.364261	1.363902
339	1.34732	1.345164	1.344823
340	1.328671	1.326749	1.326452
341	1.310143	1.308478	1.308138
342	1.292494	1.291238	1.290222
343	1.274844	1.273998	1.272306
344	1.257884	1.257281	1.255313
345	1.240962	1.240593	1.238372
346	1.223586	1.222959	1.220962
347	1.206077	1.205046	1.203414
348	1.189209	1.187919	1.186823
349	1.17277	1.171317	1.170872
350	1.156387	1.155078	1.154841
351	1.140081	1.139332	1.138703
352	1.124039	1.12354	1.122703
353	1.108781	1.107613	1.107116
354	1.093472	1.091696	1.091512
355	1.077556	1.075894	1.075716
356	1.061639	1.060092	1.059921
357	1.046503	1.044995	1.0447
358	1.031448	1.029973	1.029539
359	1.016621	1.015293	1.014674
360	1.001878	1.000738	0.999917
361	0.987062	0.986009	0.985143
362	0.97219	0.971141	0.970354
363	0.957715	0.956618	0.955863
364	0.94387	0.942637	0.941842
365	0.930056	0.928746	0.92791
366	0.916352	0.915182	0.914299
367	0.902665	0.901623	0.9007
368	0.889321	0.888183	0.887356
369	0.875977	0.874743	0.874012
370	0.86226	0.861358	0.860526
371	0.84849	0.84798	0.847019
372	0.834939	0.834482	0.83347
373	0.821481	0.820933	0.819904
374	0.808394	0.807686	0.806768
375	0.795634	0.794705	0.794013
376	0.782922	0.781867	0.781276
377	0.770294	0.769282	0.768573
378	0.75774	0.756801	0.755983
379	0.745493	0.744758	0.743873
380	0.733257	0.732717	0.731764
381	0.721496	0.720727	0.719759
382	0.709735	0.708737	0.707754
383	0.697926	0.697001	0.696182
384	0.686109	0.685309	0.684685
385	0.674749	0.674002	0.673343
386	0.663601	0.662872	0.662074
387	0.652525	0.651763	0.650895
388	0.641519	0.640674	0.639801
389	0.630571	0.629676	0.628831
390	0.619734	0.618849	0.618091
391	0.608921	0.608077	0.607332
392	0.59822	0.597549	0.596488
393	0.587527	0.587026	0.585657
394	0.577422	0.576878	0.575782
395	0.567318	0.566729	0.565908
396	0.558213	0.55744	0.556673
397	0.549289	0.548306	0.547554
398	0.540226	0.539273	0.538555
399	0.531097	0.530289	0.529612
400	0.522016	0.521253	0.520613
401	0.51298	0.512169	0.511561
402	0.504027	0.503179	0.502554
403	0.495229	0.494365	0.493634
404	0.486485	0.485621	0.484801
405	0.477978	0.477186	0.47636
406	0.469477	0.468755	0.467922
407	0.461234	0.46052	0.459637
408	0.452992	0.452284	0.451352
409	0.444522	0.443845	0.442999
410	0.436013	0.43537	0.434635
411	0.42795	0.427269	0.426487
412	0.420088	0.419334	0.418437
413	0.412403	0.411655	0.410775
414	0.404878	0.404206	0.403464
415	0.397348	0.396722	0.396057
416	0.389812	0.389176	0.388482
417	0.382263	0.381634	0.380913
418	0.374667	0.374101	0.373366
419	0.367098	0.366594	0.365849
420	0.360233	0.359728	0.359065
421	0.353367	0.352862	0.35228
422	0.346777	0.34633	0.345723
423	0.340225	0.339845	0.339197
424	0.333702	0.33339	0.332748
425	0.327191	0.326946	0.32633
426	0.320963	0.320696	0.320085
427	0.314963	0.3146	0.313981
428	0.309002	0.308612	0.307972
429	0.303102	0.302793	0.302113
430	0.297264	0.297005	0.296317
431	0.291631	0.291325	0.290733
432	0.28602	0.285666	0.285164
433	0.280692	0.280276	0.279778
434	0.275364	0.274886	0.274393
435	0.270021	0.269711	0.269121
436	0.264677	0.264556	0.263861
437	0.259471	0.25933	0.258671
438	0.25431	0.254081	0.253504
439	0.249379	0.249061	0.248547
440	0.244602	0.244195	0.243733
441	0.239938	0.239515	0.239063
442	0.235418	0.235071	0.234575
443	0.230981	0.230688	0.230179
444	0.226757	0.226456	0.226015
445	0.222548	0.222245	0.221853
446	0.218446	0.218184	0.217701
447	0.214344	0.214122	0.213549
448	0.210431	0.210166	0.209717
449	0.206524	0.206213	0.205896
450	0.202814	0.202553	0.202204
451	0.199149	0.19896	0.198541
452	0.195565	0.195368	0.194947
453	0.192023	0.191776	0.191388
454	0.188505	0.18827	0.187886
455	0.185012	0.184849	0.184441
456	0.181605	0.181495	0.181082
457	0.178361	0.178267	0.177882
458	0.175171	0.175078	0.174715
459	0.1722	0.172047	0.171677
460	0.169227	0.169016	0.168639
461	0.166187	0.165963	0.165573
462	0.163146	0.162909	0.162506
463	0.160355	0.160119	0.159721
464	0.157594	0.157362	0.156971
465	0.154916	0.154704	0.154319
466	0.152267	0.152082	0.151701
467	0.14981	0.149643	0.149288
468	0.147491	0.147336	0.147021
469	0.145106	0.145009	0.14471
470	0.142632	0.142658	0.142342
471	0.140216	0.140315	0.139989
472	0.137947	0.137993	0.137675
473	0.135688	0.135679	0.135376
474	0.13349	0.133408	0.133171
475	0.131291	0.131137	0.130966
476	0.129149	0.129108	0.128874
477	0.127009	0.127084	0.126784
478	0.124999	0.125039	0.12473
479	0.123017	0.122991	0.122683
480	0.120931	0.120902	0.120601
481	0.118799	0.118793	0.118504
482	0.116574	0.116615	0.116306
483	0.114272	0.114375	0.114022
484	0.112212	0.112333	0.111966
485	0.110537	0.110602	0.110267
486	0.108963	0.108974	0.10866
487	0.107706	0.107669	0.107337
488	0.10645	0.10637	0.106028
489	0.105202	0.10513	0.104854
490	0.103953	0.10389	0.103681
491	0.102762	0.102679	0.102457
492	0.101575	0.101469	0.101232
493	0.100235	0.100151	0.099875
494	0.098858	0.098807	0.098486
495	0.097556	0.09749	0.097167
496	0.096292	0.096186	0.095885
497	0.095009	0.094893	0.094624
498	0.093709	0.093612	0.093383
499	0.092423	0.09235	0.092132
500	0.091162	0.091123	0.090864
501	0.089908	0.089911	0.089601
502	0.088677	0.088752	0.088356
503	0.087458	0.08759	0.087122
504	0.086369	0.0864	0.086007
505	0.08528	0.085209	0.084893
506	0.084182	0.084123	0.083818
507	0.083085	0.083043	0.082746
508	0.081986	0.082021	0.081713
509	0.080888	0.081013	0.080689
510	0.079861	0.079963	0.079641
511	0.078871	0.078891	0.07858
512	0.077877	0.077891	0.077592
513	0.076878	0.076955	0.076669
514	0.075901	0.075986	0.07572
515	0.074958	0.074964	0.07473
516	0.074021	0.073973	0.073751
517	0.073102	0.073079	0.072805
518	0.072186	0.072188	0.071865
519	0.071296	0.071323	0.070976
520	0.070405	0.070458	0.070086
521	0.069491	0.069539	0.069256
522	0.068577	0.068619	0.068427
523	0.067752	0.067784	0.06759
524	0.066946	0.066966	0.066751
525	0.066034	0.066076	0.065874
526	0.065078	0.065155	0.064981
527	0.064189	0.064275	0.064079
528	0.063353	0.063428	0.063171
529	0.062558	0.062631	0.062336
530	0.061817	0.0619	0.061597
531	0.061069	0.061172	0.060869
532	0.060304	0.06045	0.060167
533	0.059541	0.059721	0.059447
534	0.058789	0.058955	0.058627
535	0.058038	0.05819	0.057811
536	0.05735	0.057482	0.05714
537	0.056661	0.056775	0.056468
538	0.055903	0.056003	0.055696
539	0.055137	0.055224	0.054913
540	0.054432	0.054498	0.054174
541	0.053745	0.053789	0.053449
542	0.053136	0.053175	0.052881
543	0.052573	0.052616	0.052405
544	0.051961	0.052025	0.051828
545	0.0513	0.051402	0.051149
546	0.050654	0.050771	0.050495
547	0.050033	0.050125	0.049883
548	0.049422	0.049496	0.049278
549	0.048839	0.048924	0.048694
550	0.048258	0.048348	0.048113
551	0.047696	0.047756	0.047555
552	0.047135	0.047163	0.046997
553	0.046563	0.046665	0.046409
554	0.04599	0.046169	0.045821
555	0.045461	0.045572	0.045303
556	0.044938	0.044958	0.044797
557	0.04443	0.044477	0.044307
558	0.043927	0.044043	0.043824
559	0.043436	0.04356	0.043323
560	0.042953	0.043045	0.042811
561	0.042441	0.04253	0.042301
562	0.0419	0.042015	0.041792
563	0.041382	0.041512	0.04129
564	0.040905	0.041031	0.040797
565	0.040392	0.040514	0.040279
566	0.039767	0.039884	0.039674
567	0.039139	0.039246	0.039061
568	0.038492	0.038554	0.038382
569	0.037844	0.037861	0.037702
570	0.03713	0.037231	0.037033
571	0.036415	0.0366	0.036364
572	0.035849	0.035991	0.035796
573	0.035305	0.035384	0.035244
574	0.034738	0.034805	0.034673
575	0.034163	0.034235	0.034095
576	0.033607	0.033651	0.033537
577	0.033063	0.033059	0.032991
578	0.032572	0.032576	0.032489
579	0.032131	0.032198	0.032029
580	0.031715	0.031815	0.031612
581	0.031336	0.031427	0.031263
582	0.031005	0.031085	0.030939
583	0.030802	0.030865	0.030682
584	0.030605	0.030658	0.030445
585	0.030445	0.030517	0.030316
586	0.030284	0.030375	0.030184
587	0.030112	0.030211	0.029999
588	0.02994	0.030047	0.029815
589	0.029821	0.029906	0.029739
590	0.029707	0.029767	0.029672
591	0.029466	0.029518	0.029427
592	0.029197	0.029244	0.029142
593	0.028921	0.02899	0.028871
594	0.028642	0.028746	0.028607
595	0.028396	0.028521	0.028362
596	0.028173	0.028308	0.028129
597	0.027956	0.028105	0.02791
598	0.027745	0.027912	0.027706
599	0.027527	0.02768	0.027482
600	0.027299	0.027377	0.027223
601	0.027058	0.027095	0.026965
602	0.026782	0.026873	0.02671
603	0.026522	0.026659	0.026465
604	0.026363	0.026496	0.026278
605	0.02621	0.026337	0.026096
606	0.026187	0.026268	0.026085
607	0.026164	0.026199	0.026074
608	0.025953	0.026004	0.025899
609	0.025728	0.0258	0.025711
610	0.025555	0.025639	0.025561
611	0.025393	0.025488	0.02542
612	0.025232	0.025347	0.025261
613	0.025072	0.02521	0.025095
614	0.024914	0.025039	0.024906
615	0.024756	0.024846	0.024702
616	0.024656	0.024743	0.024584
617	0.024615	0.024729	0.024549
618	0.024486	0.024628	0.024444
619	0.024227	0.024397	0.024234
620	0.024018	0.02421	0.024073
621	0.023927	0.024123	0.024028
622	0.023836	0.024033	0.023965
623	0.023742	0.023931	0.023828
624	0.02365	0.023829	0.023694
625	0.023581	0.02374	0.023587
626	0.023513	0.02365	0.023481
627	0.023417	0.023554	0.023396
628	0.02332	0.023457	0.02331
629	0.023254	0.023376	0.023242
630	0.023191	0.023296	0.023175
631	0.023116	0.023212	0.023085
632	0.023037	0.023127	0.02299
633	0.022886	0.022961	0.022839
634	0.022702	0.022762	0.022663
635	0.02253	0.022625	0.022516
636	0.022365	0.02253	0.022388
637	0.022181	0.022374	0.022209
638	0.021977	0.022158	0.021978
639	0.021829	0.021979	0.021799
640	0.021763	0.021854	0.021695
641	0.021676	0.02175	0.021606
642	0.021545	0.021689	0.021552
643	0.021411	0.021604	0.021471
644	0.021267	0.021426	0.021298
645	0.021125	0.021253	0.021131
646	0.020991	0.021105	0.021011
647	0.020852	0.020954	0.020884
648	0.02056	0.020688	0.020554
649	0.020269	0.020422	0.020224
650	0.01963	0.01978	0.019598
651	0.018969	0.019116	0.018954
652	0.018098	0.018233	0.018079
653	0.017192	0.017312	0.017165
654	0.016561	0.01666	0.016539
655	0.016016	0.016091	0.016003
656	0.015847	0.015921	0.015821
657	0.01586	0.015944	0.01581
658	0.016026	0.016116	0.015957
659	0.016301	0.016392	0.016214
660	0.016756	0.016872	0.016689
661	0.017391	0.017556	0.01738
662	0.017978	0.018155	0.017992
663	0.018497	0.018634	0.01849
664	0.018863	0.018982	0.018844
665	0.018922	0.019061	0.018902
666	0.018963	0.019117	0.018948
667	0.018946	0.0191	0.018957
668	0.018933	0.019082	0.018956
669	0.018937	0.019058	0.018903
670	0.018927	0.019026	0.018846
671	0.01877	0.018895	0.018735
672	0.018613	0.018764	0.018624
673	0.018634	0.018761	0.018608
674	0.018654	0.018759	0.018592
675	0.01858	0.01874	0.018563
676	0.018497	0.018721	0.018532
677	0.018467	0.018648	0.01847
678	0.018446	0.018565	0.018403
679	0.018352	0.018468	0.018302
680	0.018235	0.018367	0.01819
681	0.01818	0.018333	0.018152
682	0.018152	0.01833	0.018149
683	0.018083	0.018246	0.018088
684	0.017986	0.01811	0.017992
685	0.017955	0.018085	0.017928
686	0.017981	0.018159	0.017892
687	0.017967	0.018189	0.017849
688	0.017906	0.018167	0.017796
689	0.01785	0.018098	0.017768
690	0.0178	0.017954	0.01778
691	0.017756	0.017843	0.017783
692	0.017723	0.017802	0.017763
693	0.017691	0.017774	0.017743
694	0.017663	0.01779	0.01772
695	0.017626	0.017784	0.017683
696	0.017549	0.017675	0.017573
697	0.017476	0.017575	0.017472
698	0.017431	0.017563	0.017443
699	0.017389	0.017554	0.017418
700	0.017441	0.017611	0.017469
701	0.017492	0.017668	0.01752
702	0.017467	0.017612	0.017522
703	0.017439	0.017551	0.017522
704	0.01744	0.017566	0.017471
705	0.017444	0.01759	0.017414
706	0.017419	0.017584	0.017402
707	0.017387	0.017571	0.017398
708	0.017466	0.017606	0.017434
709	0.017578	0.017655	0.017482
710	0.017502	0.017632	0.01746
711	0.017346	0.01758	0.017407
712	0.017316	0.017575	0.017393
713	0.017356	0.017596	0.017399
714	0.017414	0.017622	0.017423
715	0.017486	0.017652	0.017461
716	0.017508	0.017652	0.017477
717	0.017484	0.017623	0.017473
718	0.017496	0.017654	0.017525
719	0.017552	0.017754	0.017642
720	0.017633	0.017849	0.017745
[LOG]
CHECKSUM‘H