[HEADER]
Format	J&M ASCII Table
Comment	
Date	03/03/2026 20:13:18
Order	Y (evenX)
TechType	UV
NumPoints	411
FirstX	310
LastX	720
XType	nm
YType	Absorbance
ZType	s
NumSubFile	3
Matrix	Z vs X
[LOGIN]
Name=pcbob
[INSTRUMENT]
Name=TIDAS E Base UV/VI
Detector=MMS - ASPEN 97,5 kHz
Diodearray=256 Pixel
Serial#=36584
Calibrated=2011-07-01
Range=183.81-729.88 [nm] (F0)

SWVersion=v3.18.2 (build 0)[LOGIN]
Name=pcbob
[CONFIG]
ChannelName=Channel 1
ChannelType=Normalized
[PARAMETER]
It=400,00
Aver=5
Norm=3
Range=310,0-720,0 nm
Scan=Time
ScanTime=5,00 s
[TRIGGER]
Sweep=0
Scan=0
[DIO]
DigOut=0x0000
DigIn=0x0000
[DATA]
	00:00:00,000	00:00:02,000	00:00:04,000
310	0.000443	0.000493	0.000459
311	0.00042	0.000469	0.000459
312	0.000368	0.000433	0.000471
313	0.000338	0.00042	0.000474
314	0.00034	0.000442	0.000462
315	0.000329	0.000449	0.000438
316	0.000279	0.000411	0.000378
317	0.00023	0.000368	0.000318
318	0.000187	0.000266	0.000272
319	0.000144	0.000164	0.000225
320	0.000169	0.00021	0.000239
321	0.000202	0.000275	0.00026
322	0.000208	0.00028	0.000251
323	0.000203	0.000261	0.00023
324	0.000167	0.000221	0.000212
325	0.000105	0.000164	0.000198
326	0.000043	0.000108	0.000178
327	-0.000019	0.000056	0.000147
328	-0.000066	0.000016	0.000116
329	-0.00005	0.000027	0.000085
330	-0.000033	0.000039	0.000054
331	-0.000053	0.000005	0.000051
332	-0.000074	-0.00003	0.000049
333	-0.000085	-0.000037	0.000025
334	-0.000094	-0.000038	-0.000004
335	-0.000137	-0.000081	-0.00006
336	-0.000197	-0.000146	-0.000131
337	-0.000241	-0.000176	-0.000155
338	-0.000266	-0.000169	-0.000128
339	-0.0003	-0.00017	-0.000125
340	-0.000354	-0.000192	-0.000182
341	-0.000397	-0.000218	-0.000233
342	-0.000359	-0.000274	-0.000236
343	-0.000321	-0.00033	-0.000239
344	-0.000412	-0.000367	-0.00032
345	-0.000509	-0.000403	-0.000405
346	-0.000542	-0.000444	-0.000435
347	-0.000557	-0.000488	-0.000448
348	-0.000541	-0.000472	-0.000438
349	-0.000505	-0.000418	-0.000414
350	-0.000512	-0.000424	-0.000424
351	-0.000577	-0.000514	-0.00048
352	-0.000624	-0.000562	-0.000503
353	-0.000618	-0.000484	-0.000429
354	-0.000607	-0.00041	-0.00036
355	-0.00054	-0.000394	-0.000344
356	-0.000473	-0.000378	-0.000328
357	-0.000513	-0.000471	-0.000402
358	-0.000564	-0.000575	-0.000486
359	-0.00059	-0.000594	-0.000524
360	-0.000607	-0.00058	-0.000546
361	-0.000638	-0.000591	-0.000546
362	-0.00068	-0.000621	-0.000529
363	-0.000693	-0.000631	-0.000526
364	-0.00066	-0.000612	-0.000545
365	-0.000637	-0.000599	-0.000563
366	-0.000649	-0.000608	-0.000578
367	-0.000664	-0.000617	-0.000595
368	-0.000728	-0.00063	-0.000626
369	-0.000791	-0.000642	-0.000658
370	-0.000782	-0.000679	-0.000654
371	-0.000762	-0.000718	-0.000645
372	-0.000761	-0.000719	-0.000643
373	-0.000768	-0.000704	-0.000644
374	-0.000766	-0.000712	-0.000667
375	-0.000755	-0.000739	-0.000708
376	-0.000748	-0.000747	-0.000708
377	-0.000749	-0.00072	-0.000634
378	-0.000757	-0.000707	-0.000593
379	-0.000793	-0.000753	-0.000695
380	-0.000829	-0.000798	-0.000793
381	-0.000838	-0.000801	-0.000737
382	-0.000847	-0.000803	-0.000682
383	-0.000883	-0.000793	-0.000724
384	-0.000925	-0.000782	-0.000782
385	-0.000917	-0.000795	-0.000798
386	-0.000887	-0.000818	-0.000794
387	-0.000885	-0.00084	-0.000804
388	-0.00091	-0.000859	-0.000827
389	-0.000926	-0.000885	-0.000862
390	-0.000927	-0.000926	-0.000918
391	-0.000941	-0.000966	-0.000974
392	-0.001013	-0.001003	-0.001026
393	-0.001083	-0.00104	-0.001078
394	-0.001062	-0.001046	-0.001064
395	-0.00104	-0.001053	-0.001051
396	-0.001044	-0.001046	-0.001044
397	-0.001053	-0.001035	-0.001039
398	-0.001038	-0.000984	-0.000958
399	-0.001011	-0.000913	-0.00084
400	-0.000975	-0.000898	-0.000802
401	-0.000928	-0.000935	-0.000841
402	-0.000902	-0.000941	-0.000871
403	-0.000915	-0.000891	-0.000883
404	-0.000943	-0.000868	-0.000902
405	-0.001037	-0.000964	-0.000949
406	-0.001129	-0.001059	-0.000995
407	-0.001097	-0.001078	-0.001001
408	-0.001065	-0.001096	-0.001007
409	-0.001036	-0.001041	-0.000984
410	-0.001008	-0.000974	-0.000955
411	-0.000986	-0.000984	-0.000965
412	-0.000967	-0.001029	-0.000992
413	-0.001	-0.001053	-0.001005
414	-0.001079	-0.00106	-0.001006
415	-0.0011	-0.001036	-0.000998
416	-0.00102	-0.000956	-0.000975
417	-0.000965	-0.000895	-0.000963
418	-0.001007	-0.000906	-0.000993
419	-0.001049	-0.00092	-0.001025
420	-0.001084	-0.001024	-0.001074
421	-0.001118	-0.001128	-0.001123
422	-0.001192	-0.001181	-0.001176
423	-0.001271	-0.001228	-0.001231
424	-0.00124	-0.001209	-0.001214
425	-0.001165	-0.001163	-0.001169
426	-0.001103	-0.00112	-0.001123
427	-0.001052	-0.001079	-0.001077
428	-0.001017	-0.001034	-0.001032
429	-0.001007	-0.000984	-0.000989
430	-0.000995	-0.000949	-0.000963
431	-0.000974	-0.000963	-0.000992
432	-0.000956	-0.000979	-0.001019
433	-0.000982	-0.001027	-0.001015
434	-0.001008	-0.001076	-0.001011
435	-0.001062	-0.001104	-0.001042
436	-0.001117	-0.001129	-0.001076
437	-0.001155	-0.001148	-0.001086
438	-0.001187	-0.001163	-0.001089
439	-0.001178	-0.001174	-0.001105
440	-0.001142	-0.00118	-0.001131
441	-0.001124	-0.001187	-0.001159
442	-0.00113	-0.001193	-0.001189
443	-0.001136	-0.001185	-0.001198
444	-0.001145	-0.001139	-0.001152
445	-0.001152	-0.0011	-0.001115
446	-0.001151	-0.001107	-0.001134
447	-0.00115	-0.001115	-0.001154
448	-0.001173	-0.001128	-0.001148
449	-0.001196	-0.001141	-0.00114
450	-0.001181	-0.001132	-0.001144
451	-0.001157	-0.001119	-0.001151
452	-0.001184	-0.001147	-0.001186
453	-0.001239	-0.001197	-0.001236
454	-0.001252	-0.001238	-0.001269
455	-0.001226	-0.001269	-0.001284
456	-0.001207	-0.00128	-0.001282
457	-0.001201	-0.00125	-0.001246
458	-0.001203	-0.001237	-0.001227
459	-0.001239	-0.0013	-0.001277
460	-0.001275	-0.001357	-0.001325
461	-0.0013	-0.001309	-0.001325
462	-0.001325	-0.001261	-0.001324
463	-0.001314	-0.001264	-0.00129
464	-0.001298	-0.001274	-0.001253
465	-0.0013	-0.001275	-0.001266
466	-0.001308	-0.001272	-0.001298
467	-0.001262	-0.00124	-0.001267
468	-0.001177	-0.001187	-0.001191
469	-0.001138	-0.001182	-0.001165
470	-0.001162	-0.00124	-0.001207
471	-0.001194	-0.001289	-0.001252
472	-0.001249	-0.001317	-0.001303
473	-0.001303	-0.001351	-0.001352
474	-0.001356	-0.001422	-0.001387
475	-0.001408	-0.001494	-0.001423
476	-0.001376	-0.001455	-0.001408
477	-0.001343	-0.001415	-0.001391
478	-0.001361	-0.001438	-0.001432
479	-0.001389	-0.001474	-0.001484
480	-0.001413	-0.001477	-0.001489
481	-0.001435	-0.001466	-0.001473
482	-0.00142	-0.001451	-0.00146
483	-0.001373	-0.001434	-0.001452
484	-0.00136	-0.00143	-0.00146
485	-0.001399	-0.001447	-0.001495
486	-0.001423	-0.001458	-0.001523
487	-0.001401	-0.001454	-0.00153
488	-0.00138	-0.001448	-0.00153
489	-0.00137	-0.001429	-0.001462
490	-0.001361	-0.001411	-0.001394
491	-0.00136	-0.001383	-0.001395
492	-0.001359	-0.001354	-0.0014
493	-0.001368	-0.001394	-0.001428
494	-0.001379	-0.00145	-0.001462
495	-0.00138	-0.001451	-0.001435
496	-0.001375	-0.001424	-0.001375
497	-0.001407	-0.001411	-0.001392
498	-0.001474	-0.001413	-0.001482
499	-0.001523	-0.00144	-0.001539
500	-0.001541	-0.001508	-0.001542
501	-0.001551	-0.001571	-0.001561
502	-0.001535	-0.001619	-0.001634
503	-0.00152	-0.001656	-0.001691
504	-0.001518	-0.001567	-0.001583
505	-0.001516	-0.001479	-0.001475
506	-0.001494	-0.001519	-0.001493
507	-0.00147	-0.001567	-0.001519
508	-0.001451	-0.00151	-0.001513
509	-0.001432	-0.001428	-0.001499
510	-0.001414	-0.001418	-0.001491
511	-0.001395	-0.001445	-0.001486
512	-0.001383	-0.00144	-0.001464
513	-0.001378	-0.001406	-0.001424
514	-0.001336	-0.001369	-0.00137
515	-0.001235	-0.001328	-0.001291
516	-0.001173	-0.001303	-0.001245
517	-0.001227	-0.001326	-0.001301
518	-0.001282	-0.001349	-0.001351
519	-0.001351	-0.001378	-0.001354
520	-0.00142	-0.001406	-0.001356
521	-0.001445	-0.001449	-0.001409
522	-0.00147	-0.001492	-0.001464
523	-0.001494	-0.001537	-0.001511
524	-0.001518	-0.001582	-0.001557
525	-0.001524	-0.001617	-0.001614
526	-0.001524	-0.001646	-0.001677
527	-0.0015	-0.001627	-0.001655
528	-0.001459	-0.001569	-0.001566
529	-0.001436	-0.001527	-0.001514
530	-0.001439	-0.001508	-0.001511
531	-0.001442	-0.001495	-0.001512
532	-0.001447	-0.001495	-0.001519
533	-0.001449	-0.001493	-0.001518
534	-0.001426	-0.001472	-0.001475
535	-0.001403	-0.001451	-0.001433
536	-0.001361	-0.001436	-0.001433
537	-0.00132	-0.00142	-0.001433
538	-0.00135	-0.001377	-0.001432
539	-0.001389	-0.001331	-0.001431
540	-0.001386	-0.001384	-0.001427
541	-0.001369	-0.001468	-0.001424
542	-0.001398	-0.001499	-0.001455
543	-0.001452	-0.001498	-0.001507
544	-0.001501	-0.001528	-0.001549
545	-0.001543	-0.001588	-0.00158
546	-0.001561	-0.001622	-0.001609
547	-0.001536	-0.001609	-0.001631
548	-0.001537	-0.001601	-0.001643
549	-0.001619	-0.001609	-0.001626
550	-0.001685	-0.001617	-0.001613
551	-0.001628	-0.001633	-0.001629
552	-0.001572	-0.00165	-0.001646
553	-0.001537	-0.001678	-0.001608
554	-0.001503	-0.001707	-0.001569
555	-0.001452	-0.001628	-0.001527
556	-0.0014	-0.001532	-0.001485
557	-0.001353	-0.001425	-0.001425
558	-0.001309	-0.001315	-0.001358
559	-0.001332	-0.001341	-0.001392
560	-0.001398	-0.001455	-0.001493
561	-0.001435	-0.001511	-0.00152
562	-0.001442	-0.001506	-0.00147
563	-0.001434	-0.001477	-0.00144
564	-0.001401	-0.001407	-0.001445
565	-0.001382	-0.001368	-0.001453
566	-0.001406	-0.001425	-0.001474
567	-0.001426	-0.001467	-0.001485
568	-0.001411	-0.001395	-0.001413
569	-0.001396	-0.001323	-0.001342
570	-0.001427	-0.001382	-0.001415
571	-0.001458	-0.001443	-0.001489
572	-0.001514	-0.001506	-0.001561
573	-0.001574	-0.00157	-0.001633
574	-0.001594	-0.001596	-0.001648
575	-0.001601	-0.001609	-0.001644
576	-0.001617	-0.001619	-0.00164
577	-0.001639	-0.001628	-0.001635
578	-0.001638	-0.001637	-0.001635
579	-0.001614	-0.001645	-0.00164
580	-0.001602	-0.00164	-0.001635
581	-0.001608	-0.001614	-0.001615
582	-0.001605	-0.001588	-0.001591
583	-0.00158	-0.001562	-0.001559
584	-0.001545	-0.001528	-0.001527
585	-0.001457	-0.001455	-0.001489
586	-0.001373	-0.001386	-0.001452
587	-0.001361	-0.001383	-0.001423
588	-0.001349	-0.001379	-0.001394
589	-0.001355	-0.001355	-0.001384
590	-0.001362	-0.001329	-0.001376
591	-0.001336	-0.001314	-0.001365
592	-0.001302	-0.001301	-0.001354
593	-0.001321	-0.001348	-0.001376
594	-0.001363	-0.00142	-0.001413
595	-0.001382	-0.001434	-0.001455
596	-0.001387	-0.001408	-0.001502
597	-0.001411	-0.001421	-0.001522
598	-0.001456	-0.001479	-0.001514
599	-0.00148	-0.001509	-0.001501
600	-0.001465	-0.001494	-0.001478
601	-0.001463	-0.001493	-0.00148
602	-0.001496	-0.001537	-0.001558
603	-0.001526	-0.001571	-0.001621
604	-0.001533	-0.00155	-0.001595
605	-0.001541	-0.00153	-0.001571
606	-0.001566	-0.001579	-0.001567
607	-0.001591	-0.001627	-0.001564
608	-0.001601	-0.001627	-0.001594
609	-0.00161	-0.001624	-0.001627
610	-0.001587	-0.001598	-0.001608
611	-0.001557	-0.001566	-0.001578
612	-0.001541	-0.001534	-0.001542
613	-0.00153	-0.001501	-0.001503
614	-0.001518	-0.001487	-0.00149
615	-0.001505	-0.001486	-0.001494
616	-0.001491	-0.001487	-0.001518
617	-0.001474	-0.00149	-0.001564
618	-0.001436	-0.001464	-0.00155
619	-0.001363	-0.001393	-0.001445
620	-0.001319	-0.001362	-0.001384
621	-0.001343	-0.001423	-0.001425
622	-0.001364	-0.001458	-0.00145
623	-0.001371	-0.001384	-0.001412
624	-0.001379	-0.001321	-0.001379
625	-0.001405	-0.00136	-0.001409
626	-0.00143	-0.001399	-0.001438
627	-0.001478	-0.001499	-0.001489
628	-0.001526	-0.001599	-0.001541
629	-0.00158	-0.001654	-0.001606
630	-0.001634	-0.001704	-0.001672
631	-0.001642	-0.001718	-0.001682
632	-0.001639	-0.001724	-0.001677
633	-0.001599	-0.001677	-0.001652
634	-0.001543	-0.001608	-0.001619
635	-0.001566	-0.001621	-0.001635
636	-0.001642	-0.001689	-0.001685
637	-0.00166	-0.001698	-0.001709
638	-0.001622	-0.00165	-0.001706
639	-0.001588	-0.001624	-0.001716
640	-0.001562	-0.001632	-0.001744
641	-0.001548	-0.001632	-0.001749
642	-0.001564	-0.001616	-0.001706
643	-0.001582	-0.001608	-0.001675
644	-0.001606	-0.001628	-0.001692
645	-0.001625	-0.001641	-0.001702
646	-0.001609	-0.001598	-0.001675
647	-0.001594	-0.001557	-0.001649
648	-0.001581	-0.001558	-0.001627
649	-0.001569	-0.00156	-0.001606
650	-0.001512	-0.001477	-0.001543
651	-0.001453	-0.001389	-0.001478
652	-0.001441	-0.001403	-0.001472
653	-0.001438	-0.001436	-0.001477
654	-0.001419	-0.001451	-0.001453
655	-0.001396	-0.00146	-0.001421
656	-0.001374	-0.00144	-0.001419
657	-0.001352	-0.001405	-0.00143
658	-0.00136	-0.00141	-0.001444
659	-0.001388	-0.001443	-0.001459
660	-0.00142	-0.001464	-0.001481
661	-0.001455	-0.001474	-0.001509
662	-0.001484	-0.001495	-0.001565
663	-0.001503	-0.001533	-0.001661
664	-0.001512	-0.001546	-0.001693
665	-0.001499	-0.001508	-0.001594
666	-0.001509	-0.001504	-0.001551
667	-0.001589	-0.001603	-0.00168
668	-0.00166	-0.001685	-0.001782
669	-0.001685	-0.001676	-0.001747
670	-0.001711	-0.001671	-0.001716
671	-0.001741	-0.001719	-0.001738
672	-0.001771	-0.001766	-0.001761
673	-0.001746	-0.001744	-0.001748
674	-0.001721	-0.001721	-0.001735
675	-0.001737	-0.00176	-0.001764
676	-0.001757	-0.001805	-0.001796
677	-0.001693	-0.001731	-0.001765
678	-0.001614	-0.001634	-0.001721
679	-0.001611	-0.001644	-0.001717
680	-0.001631	-0.001687	-0.001725
681	-0.001651	-0.001664	-0.001736
682	-0.001672	-0.001611	-0.001749
683	-0.00163	-0.001594	-0.001707
684	-0.001548	-0.001602	-0.00163
685	-0.001551	-0.001601	-0.001597
686	-0.001627	-0.001593	-0.001602
687	-0.001607	-0.001551	-0.001595
688	-0.001471	-0.001466	-0.001572
689	-0.0014	-0.001461	-0.00157
690	-0.001432	-0.00158	-0.0016
691	-0.001452	-0.001655	-0.001605
692	-0.001447	-0.00163	-0.001556
693	-0.001455	-0.001591	-0.001533
694	-0.001506	-0.001511	-0.001591
695	-0.001547	-0.001454	-0.001636
696	-0.001544	-0.001509	-0.001615
697	-0.001539	-0.001561	-0.0016
698	-0.001513	-0.001585	-0.001631
699	-0.001487	-0.001605	-0.001661
700	-0.001455	-0.001531	-0.001611
701	-0.001423	-0.001457	-0.00156
702	-0.001454	-0.001459	-0.001548
703	-0.001488	-0.001464	-0.001537
704	-0.00145	-0.001477	-0.001549
705	-0.001404	-0.001493	-0.001564
706	-0.001471	-0.001528	-0.001577
707	-0.001561	-0.001568	-0.00159
708	-0.001533	-0.001577	-0.001556
709	-0.001468	-0.001576	-0.001507
710	-0.001443	-0.001561	-0.001495
711	-0.001436	-0.001541	-0.001499
712	-0.001461	-0.001563	-0.001527
713	-0.001504	-0.001609	-0.001571
714	-0.001503	-0.001591	-0.001577
715	-0.001472	-0.001527	-0.001557
716	-0.001505	-0.001572	-0.001588
717	-0.001597	-0.001717	-0.001667
718	-0.001641	-0.001787	-0.001702
719	-0.001629	-0.001767	-0.001685
720	-0.001602	-0.00171	-0.001647
[LOG]
CHECKSUMUÔ