[HEADER]
Format	J&M ASCII Table
Comment	
Date	03/03/2026 20:10:50
Order	Y (evenX)
TechType	UV
NumPoints	411
FirstX	310
LastX	720
XType	nm
YType	Absorbance
ZType	s
NumSubFile	3
Matrix	Z vs X
[LOGIN]
Name=pcbob
[INSTRUMENT]
Name=TIDAS E Base UV/VI
Detector=MMS - ASPEN 97,5 kHz
Diodearray=256 Pixel
Serial#=36584
Calibrated=2011-07-01
Range=183.81-729.88 [nm] (F0)

SWVersion=v3.18.2 (build 0)[LOGIN]
Name=pcbob
[CONFIG]
ChannelName=Channel 1
ChannelType=Normalized
[PARAMETER]
It=400,00
Aver=5
Norm=3
Range=310,0-720,0 nm
Scan=Time
ScanTime=5,00 s
[TRIGGER]
Sweep=0
Scan=0
[DIO]
DigOut=0x0000
DigIn=0x0000
[DATA]
	00:00:00,000	00:00:02,000	00:00:04,000
310	0.000658	0.000719	0.000615
311	0.000656	0.000709	0.000614
312	0.000644	0.000668	0.000592
313	0.000642	0.000653	0.000583
314	0.000654	0.000672	0.000591
315	0.000653	0.000676	0.000592
316	0.00061	0.000631	0.000575
317	0.000569	0.000585	0.000556
318	0.000549	0.000523	0.000509
319	0.000528	0.000461	0.000462
320	0.000512	0.000463	0.000473
321	0.000496	0.000473	0.000491
322	0.000506	0.000492	0.000483
323	0.000526	0.000515	0.000464
324	0.000503	0.000516	0.000445
325	0.000444	0.000497	0.000427
326	0.000406	0.000477	0.0004
327	0.000408	0.000454	0.000357
328	0.000412	0.000435	0.000327
329	0.000425	0.00044	0.000364
330	0.000439	0.000445	0.0004
331	0.000377	0.000383	0.000354
332	0.000314	0.000321	0.000308
333	0.000342	0.000333	0.000286
334	0.000388	0.00036	0.000268
335	0.000361	0.000334	0.000229
336	0.000294	0.00028	0.00018
337	0.000262	0.00025	0.000155
338	0.000268	0.000249	0.000158
339	0.000258	0.000244	0.000155
340	0.000211	0.000231	0.00014
341	0.000173	0.000224	0.000134
342	0.000201	0.000253	0.000192
343	0.000229	0.000283	0.00025
344	0.00016	0.000195	0.000159
345	0.000086	0.0001	0.000059
346	0.000099	0.000081	0.000037
347	0.000137	0.000084	0.000038
348	0.000128	0.000107	0.000044
349	0.000087	0.000141	0.000053
350	0.000054	0.000135	0.00004
351	0.000032	0.000072	-0.000003
352	0.000016	0.000032	-0.00002
353	0.000018	0.000063	0.000037
354	0.000021	0.00009	0.000093
355	0.000038	0.000085	0.000125
356	0.000054	0.000081	0.000158
357	0.000068	0.000086	0.000094
358	0.000081	0.000093	0.00002
359	0.000061	0.000093	-0.000005
360	0.000029	0.00009	-0.000012
361	0.000032	0.000086	-0.000005
362	0.000063	0.00008	0.000013
363	0.000082	0.00006	0.00003
364	0.000083	0.000016	0.000044
365	0.000076	-0.000017	0.00005
366	0.00004	-0.000011	0.000022
367	0.000004	-0.000005	-0.000006
368	0.000002	-0.000022	-0.000039
369	0	-0.000038	-0.000071
370	-0.000011	0.000006	-0.000079
371	-0.000023	0.000059	-0.000083
372	-0.00005	0.000031	-0.000078
373	-0.000084	-0.000032	-0.000069
374	-0.000115	-0.000069	-0.000081
375	-0.000142	-0.000085	-0.000111
376	-0.00015	-0.000076	-0.00012
377	-0.000122	-0.000025	-0.000094
378	-0.000107	-0	-0.000079
379	-0.000145	-0.000091	-0.00011
380	-0.000183	-0.000179	-0.000139
381	-0.000168	-0.000164	-0.000124
382	-0.000154	-0.00015	-0.000109
383	-0.000177	-0.000154	-0.000141
384	-0.000206	-0.000162	-0.00018
385	-0.000232	-0.000198	-0.000211
386	-0.000257	-0.000246	-0.000237
387	-0.000308	-0.000318	-0.000266
388	-0.000384	-0.000412	-0.000296
389	-0.000471	-0.000479	-0.000342
390	-0.000577	-0.000495	-0.000419
391	-0.000663	-0.000518	-0.000494
392	-0.000657	-0.000571	-0.00056
393	-0.000651	-0.000624	-0.000624
394	-0.000596	-0.000584	-0.000589
395	-0.000541	-0.000545	-0.000555
396	-0.000514	-0.00052	-0.000597
397	-0.000491	-0.000497	-0.000653
398	-0.000465	-0.000438	-0.0006
399	-0.000435	-0.000362	-0.000496
400	-0.000389	-0.000307	-0.000423
401	-0.000326	-0.000271	-0.000381
402	-0.000297	-0.000262	-0.00035
403	-0.000331	-0.000301	-0.000341
404	-0.000368	-0.000345	-0.000333
405	-0.000414	-0.000403	-0.000326
406	-0.00046	-0.00046	-0.00032
407	-0.000473	-0.000482	-0.000368
408	-0.000486	-0.000504	-0.000416
409	-0.00048	-0.000473	-0.000383
410	-0.00047	-0.000433	-0.000337
411	-0.000464	-0.000353	-0.000324
412	-0.000459	-0.000255	-0.000325
413	-0.000474	-0.000276	-0.000351
414	-0.000508	-0.000403	-0.000397
415	-0.000504	-0.000457	-0.000393
416	-0.000435	-0.000381	-0.000303
417	-0.000382	-0.000322	-0.000244
418	-0.000399	-0.000324	-0.000305
419	-0.000418	-0.00033	-0.000367
420	-0.000521	-0.000421	-0.000452
421	-0.000624	-0.000511	-0.000536
422	-0.000621	-0.000548	-0.000544
423	-0.000603	-0.000578	-0.000541
424	-0.000574	-0.000538	-0.000514
425	-0.000541	-0.000471	-0.000479
426	-0.000539	-0.000468	-0.00045
427	-0.000561	-0.000517	-0.000426
428	-0.000562	-0.000526	-0.0004
429	-0.000527	-0.000471	-0.00037
430	-0.000503	-0.000436	-0.000351
431	-0.000516	-0.000467	-0.00037
432	-0.000534	-0.000502	-0.000392
433	-0.000607	-0.00058	-0.000444
434	-0.00068	-0.000658	-0.000496
435	-0.000642	-0.000647	-0.00048
436	-0.000593	-0.000628	-0.000457
437	-0.000605	-0.000613	-0.000486
438	-0.000637	-0.0006	-0.000532
439	-0.000676	-0.000617	-0.000545
440	-0.000718	-0.000655	-0.000537
441	-0.000727	-0.000657	-0.000532
442	-0.000694	-0.000614	-0.00053
443	-0.000656	-0.00058	-0.000518
444	-0.000608	-0.00057	-0.000479
445	-0.000573	-0.000565	-0.000452
446	-0.000632	-0.000595	-0.000507
447	-0.00069	-0.000625	-0.000563
448	-0.000725	-0.000665	-0.00056
449	-0.000759	-0.000705	-0.000555
450	-0.000766	-0.000689	-0.000556
451	-0.000767	-0.000659	-0.000557
452	-0.0008	-0.00067	-0.000556
453	-0.00085	-0.000702	-0.000554
454	-0.00087	-0.000706	-0.000564
455	-0.000861	-0.000682	-0.000588
456	-0.000837	-0.000667	-0.000603
457	-0.000785	-0.000668	-0.000604
458	-0.000749	-0.00067	-0.000614
459	-0.000777	-0.000682	-0.000665
460	-0.000804	-0.000693	-0.000711
461	-0.000812	-0.000701	-0.000642
462	-0.000819	-0.000709	-0.000572
463	-0.000798	-0.000733	-0.000608
464	-0.000772	-0.000759	-0.000658
465	-0.0008	-0.000762	-0.000664
466	-0.000848	-0.000758	-0.000654
467	-0.000855	-0.000716	-0.000621
468	-0.000835	-0.000646	-0.000573
469	-0.000814	-0.000622	-0.000555
470	-0.000792	-0.000657	-0.000575
471	-0.000794	-0.000706	-0.000614
472	-0.000856	-0.000788	-0.000703
473	-0.000913	-0.000865	-0.000782
474	-0.000937	-0.000908	-0.0008
475	-0.000961	-0.000951	-0.000819
476	-0.000927	-0.000924	-0.000803
477	-0.000893	-0.000896	-0.000787
478	-0.000889	-0.000894	-0.000776
479	-0.000891	-0.000896	-0.000767
480	-0.000907	-0.000882	-0.000761
481	-0.00093	-0.000861	-0.000757
482	-0.000914	-0.000827	-0.000726
483	-0.000865	-0.000783	-0.00067
484	-0.000841	-0.000761	-0.000643
485	-0.000858	-0.000772	-0.000664
486	-0.000878	-0.000792	-0.000683
487	-0.000908	-0.000836	-0.000698
488	-0.000935	-0.000875	-0.00071
489	-0.000924	-0.000862	-0.000697
490	-0.000913	-0.000848	-0.000684
491	-0.000917	-0.000837	-0.000678
492	-0.000921	-0.000826	-0.000673
493	-0.000933	-0.000845	-0.000721
494	-0.000947	-0.000873	-0.000781
495	-0.000958	-0.000874	-0.000789
496	-0.000969	-0.000862	-0.000769
497	-0.000993	-0.000877	-0.000779
498	-0.001029	-0.000918	-0.000818
499	-0.001061	-0.000961	-0.000849
500	-0.001088	-0.001008	-0.000869
501	-0.001107	-0.00105	-0.000883
502	-0.001101	-0.001074	-0.000875
503	-0.001091	-0.001089	-0.000863
504	-0.001038	-0.001011	-0.000818
505	-0.000984	-0.000933	-0.000772
506	-0.00106	-0.00098	-0.000807
507	-0.001144	-0.001034	-0.000847
508	-0.0011	-0.001045	-0.000844
509	-0.001024	-0.001045	-0.000831
510	-0.000997	-0.001012	-0.000809
511	-0.000995	-0.000961	-0.000783
512	-0.000976	-0.000911	-0.000756
513	-0.000944	-0.000862	-0.000726
514	-0.000912	-0.000842	-0.000685
515	-0.000881	-0.000869	-0.000624
516	-0.000862	-0.000891	-0.00059
517	-0.000875	-0.0009	-0.000642
518	-0.000897	-0.000909	-0.000697
519	-0.000988	-0.000918	-0.000776
520	-0.001078	-0.000928	-0.000854
521	-0.001088	-0.000968	-0.000862
522	-0.001096	-0.001008	-0.000867
523	-0.001139	-0.001069	-0.0009
524	-0.00119	-0.001135	-0.000939
525	-0.001191	-0.001133	-0.000949
526	-0.00117	-0.001103	-0.000945
527	-0.001157	-0.001103	-0.000929
528	-0.00115	-0.001127	-0.000901
529	-0.001137	-0.001123	-0.000871
530	-0.001118	-0.00108	-0.000837
531	-0.0011	-0.001051	-0.000809
532	-0.001088	-0.001055	-0.000799
533	-0.001075	-0.001049	-0.000787
534	-0.00106	-0.000996	-0.00077
535	-0.001044	-0.000944	-0.000753
536	-0.000987	-0.000928	-0.000751
537	-0.00093	-0.000912	-0.00075
538	-0.000921	-0.000886	-0.000709
539	-0.000918	-0.000859	-0.000664
540	-0.000937	-0.000884	-0.000685
541	-0.000963	-0.000926	-0.000726
542	-0.000969	-0.000967	-0.000731
543	-0.000964	-0.001008	-0.000715
544	-0.001003	-0.001016	-0.000771
545	-0.001087	-0.000992	-0.0009
546	-0.001129	-0.000974	-0.000953
547	-0.001102	-0.000966	-0.000879
548	-0.001087	-0.000967	-0.000822
549	-0.001111	-0.000996	-0.000822
550	-0.001127	-0.00102	-0.000823
551	-0.001088	-0.001009	-0.000842
552	-0.00105	-0.000999	-0.000861
553	-0.001081	-0.000991	-0.000847
554	-0.001112	-0.000982	-0.000832
555	-0.001045	-0.000928	-0.000817
556	-0.000961	-0.000867	-0.000802
557	-0.000903	-0.000801	-0.000714
558	-0.000853	-0.000734	-0.000599
559	-0.000884	-0.000753	-0.000574
560	-0.000965	-0.000829	-0.000607
561	-0.000973	-0.000857	-0.000639
562	-0.000903	-0.000834	-0.000671
563	-0.000868	-0.00082	-0.000694
564	-0.000898	-0.00082	-0.000701
565	-0.00092	-0.000816	-0.000707
566	-0.000916	-0.000801	-0.00071
567	-0.000899	-0.000783	-0.000701
568	-0.000788	-0.000741	-0.000604
569	-0.000677	-0.000699	-0.000507
570	-0.000706	-0.0007	-0.000527
571	-0.000737	-0.000702	-0.000547
572	-0.000792	-0.00074	-0.000601
573	-0.000851	-0.000784	-0.00066
574	-0.000859	-0.000785	-0.000684
575	-0.000851	-0.00077	-0.000697
576	-0.000848	-0.000767	-0.000692
577	-0.000849	-0.00077	-0.000678
578	-0.00083	-0.000778	-0.000663
579	-0.00079	-0.000791	-0.000649
580	-0.000766	-0.000784	-0.000636
581	-0.000764	-0.000748	-0.000625
582	-0.000756	-0.000723	-0.000613
583	-0.000728	-0.000725	-0.000602
584	-0.000698	-0.000719	-0.000588
585	-0.000655	-0.000673	-0.000559
586	-0.000614	-0.000628	-0.00053
587	-0.000612	-0.00059	-0.000492
588	-0.000609	-0.000552	-0.000454
589	-0.000612	-0.000559	-0.000448
590	-0.000616	-0.000569	-0.000445
591	-0.000612	-0.000567	-0.000444
592	-0.000606	-0.000563	-0.000444
593	-0.000647	-0.00059	-0.000469
594	-0.000708	-0.000631	-0.000504
595	-0.000734	-0.000643	-0.00052
596	-0.000736	-0.000636	-0.000521
597	-0.000741	-0.000651	-0.000537
598	-0.000749	-0.00069	-0.000569
599	-0.00075	-0.000705	-0.000594
600	-0.000741	-0.000674	-0.000603
601	-0.000738	-0.000668	-0.000618
602	-0.000756	-0.000734	-0.000648
603	-0.000774	-0.00079	-0.000673
604	-0.00079	-0.000782	-0.000667
605	-0.000807	-0.000775	-0.000662
606	-0.000838	-0.000778	-0.000689
607	-0.000869	-0.000781	-0.000715
608	-0.000872	-0.000794	-0.000732
609	-0.000872	-0.000807	-0.000749
610	-0.000844	-0.000794	-0.000745
611	-0.000809	-0.000774	-0.000737
612	-0.000822	-0.000784	-0.000701
613	-0.000853	-0.000806	-0.000655
614	-0.000856	-0.000804	-0.000632
615	-0.00084	-0.000785	-0.000625
616	-0.000805	-0.000764	-0.000619
617	-0.00075	-0.000739	-0.000614
618	-0.000715	-0.000708	-0.00059
619	-0.000707	-0.000667	-0.000537
620	-0.000707	-0.000651	-0.000515
621	-0.000721	-0.000692	-0.000563
622	-0.000732	-0.000716	-0.000592
623	-0.000727	-0.000669	-0.000539
624	-0.000722	-0.00063	-0.000491
625	-0.000713	-0.000674	-0.0005
626	-0.000704	-0.000719	-0.000508
627	-0.000804	-0.000804	-0.000614
628	-0.000904	-0.00089	-0.000721
629	-0.000932	-0.000895	-0.000734
630	-0.000951	-0.000891	-0.000736
631	-0.000959	-0.000928	-0.000766
632	-0.000964	-0.000976	-0.000804
633	-0.000967	-0.000971	-0.0008
634	-0.000968	-0.000942	-0.000778
635	-0.000991	-0.000958	-0.000811
636	-0.001026	-0.001004	-0.00088
637	-0.001045	-0.000974	-0.000875
638	-0.001048	-0.000869	-0.000796
639	-0.001059	-0.000841	-0.000775
640	-0.001083	-0.000925	-0.000837
641	-0.001082	-0.000985	-0.000868
642	-0.001025	-0.00099	-0.000831
643	-0.000982	-0.00098	-0.000803
644	-0.000992	-0.000915	-0.000805
645	-0.001	-0.000862	-0.000806
646	-0.000992	-0.000894	-0.000796
647	-0.000983	-0.000924	-0.000785
648	-0.000915	-0.0009	-0.000752
649	-0.000847	-0.000876	-0.00072
650	-0.000772	-0.000751	-0.000634
651	-0.000696	-0.000619	-0.000545
652	-0.000644	-0.000608	-0.000503
653	-0.000597	-0.000618	-0.00047
654	-0.000573	-0.000568	-0.00043
655	-0.000556	-0.000501	-0.000387
656	-0.000529	-0.000483	-0.000375
657	-0.000498	-0.000489	-0.000377
658	-0.000492	-0.000508	-0.000417
659	-0.000503	-0.000537	-0.000485
660	-0.000532	-0.00057	-0.00051
661	-0.000579	-0.000609	-0.000493
662	-0.000652	-0.00066	-0.000516
663	-0.00076	-0.00073	-0.000598
664	-0.000837	-0.00077	-0.000654
665	-0.00085	-0.000747	-0.000661
666	-0.000872	-0.00076	-0.000691
667	-0.000925	-0.000879	-0.000795
668	-0.000968	-0.000975	-0.000879
669	-0.000966	-0.000953	-0.000856
670	-0.000968	-0.000935	-0.000833
671	-0.001026	-0.000968	-0.000813
672	-0.001083	-0.001001	-0.000793
673	-0.001044	-0.001028	-0.000818
674	-0.001004	-0.001056	-0.000843
675	-0.001017	-0.001031	-0.000881
676	-0.001035	-0.001001	-0.000922
677	-0.001	-0.000947	-0.00084
678	-0.000954	-0.000889	-0.000736
679	-0.000946	-0.000911	-0.000739
680	-0.00095	-0.000958	-0.000776
681	-0.00094	-0.000953	-0.00079
682	-0.000924	-0.000924	-0.000794
683	-0.000903	-0.000879	-0.000767
684	-0.000878	-0.000824	-0.000719
685	-0.000858	-0.000797	-0.000688
686	-0.000842	-0.000796	-0.000671
687	-0.000792	-0.000778	-0.000622
688	-0.000703	-0.000741	-0.000536
689	-0.000682	-0.000729	-0.00051
690	-0.00077	-0.000757	-0.000581
691	-0.00082	-0.00078	-0.000623
692	-0.000787	-0.000791	-0.000598
693	-0.000769	-0.000805	-0.000592
694	-0.000797	-0.000822	-0.000646
695	-0.000814	-0.000829	-0.000689
696	-0.000776	-0.000786	-0.000682
697	-0.000742	-0.000748	-0.000678
698	-0.000749	-0.000751	-0.000698
699	-0.000756	-0.000755	-0.000714
700	-0.000787	-0.000735	-0.000631
701	-0.000817	-0.000715	-0.000547
702	-0.000784	-0.000695	-0.000568
703	-0.000747	-0.000674	-0.000592
704	-0.00073	-0.000711	-0.000555
705	-0.000715	-0.000755	-0.00051
706	-0.000778	-0.000801	-0.000597
707	-0.000857	-0.000848	-0.00071
708	-0.000814	-0.000812	-0.000673
709	-0.000734	-0.000751	-0.000591
710	-0.000754	-0.000723	-0.000596
711	-0.000815	-0.000708	-0.000638
712	-0.000842	-0.000715	-0.000668
713	-0.000851	-0.000734	-0.000692
714	-0.000801	-0.000715	-0.000674
715	-0.000708	-0.000669	-0.000625
716	-0.000735	-0.000715	-0.000647
717	-0.000873	-0.000847	-0.000734
718	-0.000941	-0.000919	-0.00079
719	-0.000927	-0.000919	-0.000809
720	-0.000915	-0.000891	-0.000782
[LOG]
CHECKSUM°*