[HEADER]
Format	J&M ASCII Table
Comment	
Date	03/03/2026 19:26:02
Order	Y (evenX)
TechType	UV
NumPoints	411
FirstX	310
LastX	720
XType	nm
YType	Absorbance
ZType	s
NumSubFile	3
Matrix	Z vs X
[LOGIN]
Name=pcbob
[INSTRUMENT]
Name=TIDAS E Base UV/VI
Detector=MMS - ASPEN 97,5 kHz
Diodearray=256 Pixel
Serial#=36584
Calibrated=2011-07-01
Range=183.81-729.88 [nm] (F0)

SWVersion=v3.18.2 (build 0)[LOGIN]
Name=pcbob
[CONFIG]
ChannelName=Channel 1
ChannelType=Normalized
[PARAMETER]
It=400,00
Aver=5
Norm=3
Range=310,0-720,0 nm
Scan=Time
ScanTime=5,00 s
[TRIGGER]
Sweep=0
Scan=0
[DIO]
DigOut=0x0000
DigIn=0x0000
[DATA]
	00:00:00,000	00:00:02,000	00:00:04,000
310	0.000322	0.000367	0.000345
311	0.000294	0.000347	0.000299
312	0.000242	0.000299	0.000245
313	0.000223	0.00028	0.000222
314	0.000251	0.0003	0.00024
315	0.000266	0.000305	0.000246
316	0.00024	0.000258	0.000214
317	0.000212	0.000215	0.000185
318	0.000173	0.000211	0.000195
319	0.000135	0.000207	0.000206
320	0.000142	0.00021	0.0002
321	0.000154	0.000214	0.000193
322	0.000166	0.000213	0.000195
323	0.000176	0.00021	0.000201
324	0.000165	0.000195	0.000189
325	0.000134	0.000171	0.000161
326	0.000104	0.000145	0.000117
327	0.000078	0.000116	0.000047
328	0.00006	0.00009	-0.000003
329	0.000089	0.000084	0.000044
330	0.000117	0.000078	0.00009
331	0.00006	0.000066	0.000072
332	0.000003	0.000054	0.000055
333	0.000007	0.000033	0.000053
334	0.000022	0.000011	0.000055
335	0.000013	-0.00001	0.00002
336	-0.00001	-0.00003	-0.000035
337	-0.000018	-0.000034	-0.000039
338	-0.000007	-0.000019	0.000015
339	-0.000023	-0.000029	0.000035
340	-0.000099	-0.000099	-0.000025
341	-0.00016	-0.000156	-0.000072
342	-0.000112	-0.000115	-0.000037
343	-0.000065	-0.000073	-0.000002
344	-0.000108	-0.000117	0.000008
345	-0.000156	-0.000165	0.000017
346	-0.000175	-0.000158	-0.000036
347	-0.000187	-0.000134	-0.000106
348	-0.000174	-0.00011	-0.000132
349	-0.000144	-0.000087	-0.000129
350	-0.000146	-0.000097	-0.000148
351	-0.000191	-0.000153	-0.000197
352	-0.000237	-0.000215	-0.000246
353	-0.000286	-0.000297	-0.000293
354	-0.000333	-0.000369	-0.000338
355	-0.000354	-0.000335	-0.000347
356	-0.000375	-0.0003	-0.000356
357	-0.000368	-0.000294	-0.000331
358	-0.000357	-0.000291	-0.000302
359	-0.000325	-0.00029	-0.000293
360	-0.000284	-0.00029	-0.000291
361	-0.000299	-0.000294	-0.000302
362	-0.000358	-0.0003	-0.000324
363	-0.000407	-0.00032	-0.000354
364	-0.000441	-0.000363	-0.000399
365	-0.000467	-0.000402	-0.000434
366	-0.00047	-0.000426	-0.000432
367	-0.000473	-0.000449	-0.00043
368	-0.000491	-0.000458	-0.000416
369	-0.000509	-0.000466	-0.000402
370	-0.000463	-0.00043	-0.000365
371	-0.000408	-0.000387	-0.000324
372	-0.00044	-0.000436	-0.000362
373	-0.000509	-0.000525	-0.000434
374	-0.000518	-0.000547	-0.000451
375	-0.000474	-0.000509	-0.000421
376	-0.00045	-0.000485	-0.000409
377	-0.000464	-0.000486	-0.000426
378	-0.000479	-0.000491	-0.000443
379	-0.000504	-0.00051	-0.000457
380	-0.000529	-0.000528	-0.000472
381	-0.000561	-0.000519	-0.000501
382	-0.000593	-0.00051	-0.000531
383	-0.000591	-0.000553	-0.000534
384	-0.000583	-0.000606	-0.000531
385	-0.000564	-0.000612	-0.000543
386	-0.00054	-0.000596	-0.000561
387	-0.000552	-0.000589	-0.000574
388	-0.000599	-0.00059	-0.000581
389	-0.000632	-0.000597	-0.000584
390	-0.00064	-0.000616	-0.000582
391	-0.000649	-0.000627	-0.000581
392	-0.000661	-0.000603	-0.000588
393	-0.000672	-0.000579	-0.000595
394	-0.000699	-0.00062	-0.000592
395	-0.000725	-0.000661	-0.000589
396	-0.000736	-0.000652	-0.000636
397	-0.000743	-0.000634	-0.000692
398	-0.000722	-0.000633	-0.000702
399	-0.000689	-0.00064	-0.00069
400	-0.000693	-0.000653	-0.000678
401	-0.000734	-0.000673	-0.000664
402	-0.000758	-0.00068	-0.000662
403	-0.000752	-0.000662	-0.000681
404	-0.000749	-0.000653	-0.000705
405	-0.000757	-0.000687	-0.000748
406	-0.000764	-0.000719	-0.000787
407	-0.000777	-0.000683	-0.00065
408	-0.000789	-0.000647	-0.000513
409	-0.000733	-0.000624	-0.000482
410	-0.000664	-0.000603	-0.000469
411	-0.000693	-0.000653	-0.00057
412	-0.000766	-0.000735	-0.000722
413	-0.000863	-0.000794	-0.000792
414	-0.000981	-0.000832	-0.000788
415	-0.001042	-0.000848	-0.000791
416	-0.001004	-0.000825	-0.000807
417	-0.000961	-0.000806	-0.000808
418	-0.000902	-0.0008	-0.000747
419	-0.000846	-0.000797	-0.000692
420	-0.000876	-0.00085	-0.00078
421	-0.000906	-0.000903	-0.000869
422	-0.000918	-0.000904	-0.000851
423	-0.000928	-0.000898	-0.000819
424	-0.000939	-0.000939	-0.00083
425	-0.000952	-0.000999	-0.000859
426	-0.000975	-0.000984	-0.000859
427	-0.001008	-0.00091	-0.000835
428	-0.001024	-0.000874	-0.000838
429	-0.001015	-0.000897	-0.000885
430	-0.001008	-0.000926	-0.000924
431	-0.001006	-0.000975	-0.000941
432	-0.001005	-0.001021	-0.000955
433	-0.001024	-0.001027	-0.00095
434	-0.001042	-0.001033	-0.000944
435	-0.000993	-0.000967	-0.000881
436	-0.000938	-0.000896	-0.000812
437	-0.000948	-0.000903	-0.000798
438	-0.000978	-0.000937	-0.0008
439	-0.000991	-0.000943	-0.000825
440	-0.000993	-0.00093	-0.000864
441	-0.000991	-0.00094	-0.000892
442	-0.000984	-0.000979	-0.000906
443	-0.001	-0.001025	-0.000931
444	-0.001071	-0.00109	-0.000985
445	-0.001141	-0.001147	-0.001039
446	-0.001195	-0.001146	-0.001089
447	-0.001249	-0.001145	-0.001139
448	-0.001206	-0.001134	-0.001067
449	-0.00116	-0.001123	-0.000991
450	-0.001132	-0.00111	-0.000982
451	-0.001108	-0.001096	-0.000989
452	-0.001121	-0.001086	-0.001017
453	-0.001153	-0.001077	-0.001058
454	-0.001194	-0.001095	-0.001097
455	-0.001246	-0.001137	-0.001135
456	-0.001244	-0.00115	-0.001142
457	-0.001144	-0.001107	-0.001089
458	-0.001062	-0.001071	-0.00104
459	-0.001052	-0.001063	-0.001003
460	-0.001049	-0.001058	-0.000972
461	-0.001188	-0.001104	-0.001075
462	-0.001326	-0.00115	-0.001178
463	-0.001277	-0.00116	-0.001152
464	-0.001204	-0.001166	-0.00111
465	-0.001222	-0.001166	-0.001112
466	-0.001274	-0.001164	-0.001129
467	-0.001296	-0.001181	-0.001153
468	-0.001299	-0.001212	-0.001181
469	-0.001316	-0.001238	-0.001194
470	-0.001354	-0.001256	-0.001187
471	-0.001387	-0.001285	-0.001181
472	-0.001409	-0.00134	-0.00118
473	-0.001428	-0.001385	-0.001183
474	-0.001427	-0.001357	-0.00121
475	-0.001425	-0.00133	-0.001238
476	-0.001409	-0.001285	-0.001207
477	-0.001392	-0.001239	-0.001176
478	-0.001352	-0.001255	-0.00118
479	-0.001307	-0.001283	-0.001192
480	-0.001322	-0.001281	-0.001199
481	-0.001366	-0.001265	-0.001205
482	-0.001385	-0.00125	-0.001223
483	-0.001384	-0.001235	-0.001251
484	-0.001378	-0.001238	-0.001259
485	-0.001365	-0.00127	-0.001236
486	-0.001352	-0.001291	-0.001228
487	-0.001337	-0.001281	-0.001266
488	-0.001327	-0.001276	-0.001301
489	-0.001366	-0.001309	-0.001307
490	-0.001406	-0.001342	-0.001313
491	-0.001421	-0.001344	-0.001289
492	-0.001436	-0.001346	-0.001263
493	-0.001435	-0.001347	-0.001246
494	-0.001429	-0.001348	-0.001231
495	-0.001419	-0.00133	-0.001217
496	-0.001407	-0.001302	-0.001204
497	-0.001402	-0.00131	-0.001209
498	-0.001403	-0.001352	-0.001231
499	-0.001409	-0.001364	-0.001245
500	-0.001422	-0.001328	-0.001247
501	-0.00142	-0.001304	-0.00125
502	-0.001367	-0.001317	-0.001258
503	-0.001324	-0.001332	-0.001267
504	-0.001379	-0.001357	-0.001273
505	-0.001434	-0.001383	-0.001279
506	-0.001512	-0.001462	-0.001357
507	-0.001591	-0.001544	-0.001439
508	-0.001611	-0.001512	-0.001429
509	-0.001617	-0.001452	-0.001397
510	-0.001577	-0.001417	-0.00137
511	-0.001514	-0.001393	-0.001347
512	-0.001475	-0.00138	-0.001328
513	-0.001457	-0.001377	-0.001313
514	-0.001458	-0.001383	-0.001304
515	-0.001488	-0.001404	-0.001304
516	-0.001512	-0.001423	-0.001309
517	-0.001512	-0.001436	-0.001328
518	-0.001513	-0.001452	-0.001353
519	-0.00151	-0.001491	-0.001419
520	-0.001507	-0.001531	-0.001485
521	-0.001553	-0.001539	-0.001462
522	-0.0016	-0.001547	-0.001436
523	-0.00152	-0.001457	-0.001359
524	-0.001413	-0.001348	-0.001271
525	-0.001382	-0.001315	-0.001257
526	-0.001384	-0.001315	-0.001273
527	-0.001399	-0.001364	-0.001323
528	-0.001425	-0.001449	-0.0014
529	-0.001447	-0.0015	-0.00142
530	-0.001465	-0.001505	-0.001365
531	-0.001487	-0.001512	-0.001346
532	-0.001517	-0.001526	-0.001413
533	-0.001557	-0.001545	-0.001475
534	-0.001645	-0.001591	-0.001506
535	-0.001728	-0.001635	-0.001535
536	-0.001601	-0.001579	-0.001466
537	-0.001474	-0.001522	-0.001398
538	-0.001497	-0.001482	-0.001376
539	-0.001539	-0.001443	-0.00136
540	-0.001576	-0.001458	-0.001354
541	-0.001611	-0.001491	-0.00135
542	-0.001603	-0.001475	-0.001339
543	-0.001569	-0.001432	-0.001322
544	-0.001519	-0.001417	-0.001307
545	-0.001454	-0.001431	-0.001295
546	-0.001431	-0.001448	-0.001306
547	-0.001481	-0.001471	-0.001359
548	-0.001518	-0.001485	-0.001393
549	-0.001518	-0.001471	-0.001372
550	-0.001512	-0.001456	-0.00135
551	-0.001463	-0.001435	-0.00132
552	-0.001414	-0.001413	-0.001289
553	-0.001499	-0.001432	-0.001299
554	-0.001587	-0.001451	-0.001309
555	-0.001585	-0.001427	-0.001321
556	-0.001568	-0.001396	-0.001333
557	-0.001522	-0.001392	-0.00133
558	-0.001465	-0.001398	-0.001321
559	-0.001473	-0.001434	-0.001325
560	-0.001523	-0.001489	-0.001336
561	-0.001519	-0.001488	-0.001345
562	-0.001459	-0.001426	-0.001352
563	-0.001415	-0.001378	-0.001338
564	-0.0014	-0.001355	-0.001287
565	-0.001413	-0.001342	-0.001256
566	-0.001518	-0.001364	-0.001295
567	-0.0016	-0.001382	-0.001327
568	-0.001497	-0.001365	-0.001311
569	-0.001394	-0.001349	-0.001295
570	-0.001432	-0.001351	-0.001316
571	-0.001471	-0.001354	-0.001337
572	-0.001449	-0.001349	-0.001297
573	-0.001418	-0.001343	-0.001248
574	-0.001377	-0.001307	-0.001215
575	-0.001333	-0.001262	-0.001189
576	-0.001312	-0.001251	-0.001201
577	-0.001306	-0.001259	-0.001234
578	-0.001302	-0.001255	-0.001229
579	-0.0013	-0.00124	-0.001186
580	-0.001302	-0.001235	-0.001164
581	-0.001311	-0.001246	-0.001173
582	-0.001314	-0.001258	-0.001183
583	-0.0013	-0.001275	-0.001195
584	-0.001289	-0.001282	-0.001206
585	-0.00129	-0.001238	-0.001206
586	-0.001293	-0.001199	-0.001207
587	-0.001331	-0.001237	-0.001215
588	-0.001369	-0.001274	-0.001223
589	-0.001364	-0.001289	-0.001239
590	-0.001355	-0.001301	-0.001256
591	-0.001362	-0.001292	-0.001246
592	-0.001372	-0.001276	-0.001229
593	-0.001396	-0.001278	-0.001252
594	-0.001426	-0.001288	-0.001291
595	-0.001415	-0.00129	-0.001299
596	-0.001376	-0.001286	-0.001284
597	-0.001374	-0.001288	-0.001272
598	-0.001413	-0.001296	-0.001264
599	-0.001428	-0.001307	-0.00127
600	-0.001403	-0.00132	-0.001301
601	-0.001385	-0.001327	-0.001325
602	-0.001385	-0.001314	-0.001326
603	-0.001385	-0.001305	-0.001324
604	-0.001385	-0.001323	-0.001305
605	-0.001386	-0.00134	-0.001286
606	-0.001381	-0.001321	-0.001255
607	-0.001376	-0.001301	-0.001224
608	-0.00138	-0.001318	-0.001253
609	-0.001384	-0.001337	-0.001287
610	-0.00139	-0.00138	-0.001278
611	-0.001395	-0.001429	-0.001261
612	-0.001428	-0.001439	-0.001304
613	-0.001471	-0.001433	-0.00137
614	-0.001479	-0.001409	-0.001394
615	-0.001466	-0.001372	-0.001392
616	-0.001465	-0.001349	-0.001368
617	-0.001476	-0.001339	-0.001322
618	-0.001482	-0.001353	-0.001317
619	-0.00148	-0.001404	-0.001371
620	-0.001474	-0.001439	-0.001398
621	-0.001458	-0.001434	-0.00136
622	-0.001453	-0.00143	-0.001334
623	-0.001496	-0.001429	-0.001357
624	-0.001531	-0.00143	-0.001376
625	-0.001489	-0.001456	-0.001349
626	-0.001448	-0.001481	-0.001322
627	-0.001465	-0.001442	-0.001367
628	-0.001483	-0.001403	-0.001413
629	-0.001511	-0.001411	-0.001405
630	-0.001541	-0.001424	-0.00139
631	-0.001507	-0.001411	-0.001355
632	-0.001455	-0.001392	-0.001316
633	-0.001493	-0.001428	-0.001333
634	-0.00157	-0.001488	-0.001374
635	-0.001586	-0.001495	-0.001404
636	-0.001561	-0.001465	-0.001426
637	-0.001551	-0.001454	-0.001442
638	-0.001556	-0.00146	-0.00145
639	-0.001533	-0.001432	-0.001428
640	-0.001468	-0.001356	-0.001362
641	-0.001416	-0.00132	-0.001317
642	-0.001395	-0.001375	-0.001318
643	-0.001395	-0.001421	-0.00133
644	-0.001473	-0.001434	-0.001379
645	-0.00154	-0.001445	-0.001418
646	-0.001531	-0.001444	-0.001385
647	-0.001522	-0.001444	-0.001353
648	-0.00153	-0.00146	-0.001381
649	-0.001539	-0.001477	-0.001409
650	-0.001502	-0.001449	-0.001393
651	-0.001461	-0.00142	-0.001374
652	-0.001442	-0.00136	-0.001354
653	-0.001427	-0.001296	-0.001333
654	-0.001386	-0.001301	-0.00127
655	-0.001337	-0.001328	-0.001194
656	-0.001327	-0.001327	-0.001188
657	-0.001337	-0.001312	-0.001216
658	-0.001356	-0.001311	-0.001252
659	-0.001382	-0.00132	-0.001293
660	-0.001393	-0.001335	-0.001313
661	-0.001388	-0.001356	-0.001309
662	-0.00141	-0.001385	-0.001312
663	-0.00147	-0.001424	-0.001323
664	-0.001502	-0.001437	-0.001329
665	-0.001477	-0.001398	-0.001324
666	-0.001472	-0.001382	-0.001339
667	-0.001532	-0.001436	-0.001416
668	-0.001567	-0.001468	-0.001472
669	-0.001479	-0.001392	-0.001418
670	-0.001405	-0.001328	-0.001372
671	-0.001486	-0.001404	-0.001421
672	-0.001567	-0.001479	-0.001469
673	-0.001514	-0.001491	-0.001438
674	-0.001461	-0.001502	-0.001407
675	-0.001499	-0.001537	-0.001443
676	-0.001546	-0.001573	-0.001484
677	-0.001546	-0.00154	-0.001479
678	-0.001537	-0.001494	-0.001466
679	-0.001541	-0.001466	-0.001416
680	-0.001549	-0.001443	-0.001356
681	-0.001539	-0.001453	-0.00135
682	-0.001521	-0.001478	-0.00137
683	-0.00151	-0.00148	-0.001405
684	-0.001502	-0.001467	-0.001451
685	-0.00153	-0.001482	-0.001476
686	-0.001588	-0.00152	-0.001484
687	-0.001605	-0.001558	-0.001495
688	-0.001573	-0.001594	-0.001511
689	-0.001569	-0.001627	-0.001524
690	-0.001612	-0.001654	-0.00153
691	-0.001627	-0.001648	-0.00152
692	-0.001584	-0.001568	-0.001477
693	-0.001561	-0.001523	-0.001459
694	-0.001603	-0.001586	-0.001525
695	-0.001643	-0.001634	-0.001573
696	-0.001672	-0.001611	-0.00154
697	-0.0017	-0.001591	-0.001513
698	-0.001716	-0.001596	-0.001553
699	-0.001729	-0.001599	-0.001588
700	-0.001631	-0.001507	-0.00149
701	-0.001534	-0.001414	-0.001393
702	-0.001558	-0.001479	-0.00145
703	-0.001587	-0.00155	-0.001513
704	-0.00158	-0.001559	-0.00148
705	-0.001568	-0.00156	-0.001437
706	-0.001548	-0.001562	-0.001453
707	-0.001526	-0.001564	-0.001482
708	-0.001498	-0.001569	-0.00148
709	-0.001468	-0.001574	-0.001468
710	-0.001454	-0.001528	-0.001471
711	-0.001447	-0.001462	-0.00148
712	-0.001485	-0.001459	-0.001481
713	-0.001549	-0.001491	-0.001478
714	-0.001536	-0.001469	-0.001428
715	-0.001467	-0.001407	-0.001345
716	-0.001407	-0.001368	-0.001291
717	-0.001354	-0.001348	-0.001266
718	-0.001349	-0.001385	-0.001271
719	-0.0014	-0.001489	-0.001313
720	-0.001452	-0.001557	-0.001397
[LOG]
CHECKSUM#‰