[HEADER]
Format	J&M ASCII Table
Comment	
Date	03/03/2026 20:53:05
Order	Y (evenX)
TechType	UV
NumPoints	411
FirstX	310
LastX	720
XType	nm
YType	Absorbance
ZType	s
NumSubFile	3
Matrix	Z vs X
[LOGIN]
Name=pcbob
[INSTRUMENT]
Name=TIDAS E Base UV/VI
Detector=MMS - ASPEN 97,5 kHz
Diodearray=256 Pixel
Serial#=36584
Calibrated=2011-07-01
Range=183.81-729.88 [nm] (F0)

SWVersion=v3.18.2 (build 0)[LOGIN]
Name=pcbob
[CONFIG]
ChannelName=Channel 1
ChannelType=Normalized
[PARAMETER]
It=400,00
Aver=5
Norm=3
Range=310,0-720,0 nm
Scan=Time
ScanTime=5,00 s
[TRIGGER]
Sweep=0
Scan=0
[DIO]
DigOut=0x0000
DigIn=0x0000
[DATA]
	00:00:00,000	00:00:02,000	00:00:04,000
310	0.47112	0.470768	0.470256
311	0.464071	0.46371	0.4632
312	0.457143	0.456766	0.456307
313	0.450309	0.449941	0.449521
314	0.443605	0.443283	0.442882
315	0.436926	0.436617	0.436226
316	0.430328	0.42993	0.429518
317	0.423744	0.423263	0.422833
318	0.417366	0.41689	0.416489
319	0.410989	0.410518	0.410146
320	0.404808	0.404315	0.403965
321	0.398654	0.398134	0.397805
322	0.392528	0.392044	0.3917
323	0.386415	0.385991	0.385617
324	0.38038	0.379963	0.379568
325	0.374413	0.373955	0.37355
326	0.368491	0.368009	0.367608
327	0.36265	0.362177	0.361806
328	0.356808	0.356343	0.356007
329	0.350961	0.350504	0.350227
330	0.345114	0.344665	0.344447
331	0.339467	0.339043	0.338801
332	0.33382	0.33342	0.333154
333	0.328307	0.327912	0.327603
334	0.322823	0.322429	0.322073
335	0.317417	0.317043	0.316641
336	0.312054	0.311709	0.311261
337	0.306773	0.306443	0.306028
338	0.301583	0.301252	0.300959
339	0.296415	0.296103	0.29588
340	0.291295	0.291053	0.290775
341	0.286216	0.28602	0.285695
342	0.281427	0.281102	0.280796
343	0.276638	0.276183	0.275898
344	0.271794	0.271411	0.271121
345	0.266946	0.266647	0.26635
346	0.262192	0.261934	0.261614
347	0.257464	0.257237	0.256888
348	0.252836	0.252619	0.252228
349	0.248275	0.248054	0.247611
350	0.243725	0.243498	0.243041
351	0.239189	0.238955	0.238534
352	0.234697	0.234441	0.234068
353	0.230336	0.230016	0.229722
354	0.225988	0.225607	0.225382
355	0.22179	0.221406	0.221106
356	0.217593	0.217204	0.216831
357	0.213256	0.212878	0.212565
358	0.208904	0.208539	0.208301
359	0.204731	0.204396	0.204114
360	0.200623	0.200327	0.199955
361	0.196509	0.196269	0.195857
362	0.192392	0.192222	0.191807
363	0.188344	0.188177	0.187764
364	0.184407	0.184135	0.183732
365	0.180493	0.180133	0.17975
366	0.176663	0.176273	0.175955
367	0.172835	0.172419	0.172162
368	0.169067	0.168712	0.168445
369	0.165299	0.165005	0.164727
370	0.161561	0.161246	0.160912
371	0.157829	0.157479	0.157082
372	0.154137	0.153769	0.153394
373	0.150464	0.150083	0.149767
374	0.146842	0.14648	0.146196
375	0.143265	0.142948	0.142674
376	0.139736	0.139455	0.139168
377	0.136291	0.136026	0.13569
378	0.132849	0.132579	0.132212
379	0.129419	0.129055	0.128729
380	0.125989	0.125536	0.12525
381	0.122635	0.122259	0.121967
382	0.11928	0.118981	0.118683
383	0.116026	0.115733	0.115412
384	0.11279	0.11249	0.112143
385	0.109629	0.109337	0.108984
386	0.106503	0.106225	0.105875
387	0.103427	0.103174	0.102835
388	0.100398	0.100179	0.099858
389	0.097437	0.097221	0.096907
390	0.0946	0.094334	0.094005
391	0.091722	0.091418	0.091082
392	0.088656	0.088374	0.088063
393	0.085595	0.085335	0.085048
394	0.082862	0.082609	0.082307
395	0.08013	0.079883	0.079566
396	0.077635	0.077426	0.077103
397	0.075182	0.075016	0.074691
398	0.072875	0.072693	0.072388
399	0.070636	0.07041	0.070135
400	0.068227	0.067978	0.067703
401	0.065658	0.065403	0.065104
402	0.063053	0.062814	0.062497
403	0.060382	0.0602	0.059879
404	0.05778	0.057646	0.057314
405	0.055483	0.055366	0.05499
406	0.053188	0.053086	0.052669
407	0.050994	0.050828	0.050496
408	0.0488	0.048569	0.048324
409	0.046442	0.046257	0.04601
410	0.044057	0.043935	0.043672
411	0.041769	0.041638	0.04133
412	0.039524	0.039351	0.038986
413	0.037355	0.037119	0.03678
414	0.035254	0.034937	0.034698
415	0.033085	0.032747	0.032537
416	0.030794	0.030544	0.030238
417	0.028523	0.028339	0.027957
418	0.026332	0.02612	0.02575
419	0.024143	0.023905	0.023549
420	0.021994	0.02177	0.02149
421	0.019845	0.019636	0.019432
422	0.017847	0.017663	0.017447
423	0.015871	0.015713	0.015473
424	0.014005	0.013904	0.013625
425	0.012183	0.012152	0.011826
426	0.010544	0.010505	0.010169
427	0.009051	0.008943	0.008627
428	0.007631	0.007503	0.007192
429	0.006323	0.006249	0.005922
430	0.004993	0.00496	0.004617
431	0.003586	0.003557	0.0032
432	0.002171	0.002144	0.001779
433	0.000643	0.000616	0.000296
434	-0.000885	-0.000912	-0.001186
435	-0.002219	-0.002232	-0.002508
436	-0.003535	-0.003534	-0.003815
437	-0.004806	-0.004845	-0.005112
438	-0.006061	-0.00616	-0.006406
439	-0.007316	-0.007442	-0.007697
440	-0.00857	-0.008702	-0.008988
441	-0.009734	-0.009864	-0.010169
442	-0.010783	-0.010902	-0.011213
443	-0.011838	-0.011926	-0.012249
444	-0.012912	-0.012916	-0.013267
445	-0.013963	-0.013907	-0.014275
446	-0.014854	-0.014898	-0.015209
447	-0.015744	-0.01589	-0.016142
448	-0.016678	-0.016775	-0.017062
449	-0.017614	-0.017658	-0.01798
450	-0.01841	-0.018464	-0.018804
451	-0.019174	-0.019253	-0.019606
452	-0.019966	-0.020018	-0.02037
453	-0.020772	-0.02077	-0.021114
454	-0.021552	-0.021533	-0.021861
455	-0.022305	-0.022305	-0.022611
456	-0.022985	-0.023005	-0.023303
457	-0.023529	-0.023569	-0.023886
458	-0.024084	-0.024135	-0.024464
459	-0.024685	-0.024708	-0.025019
460	-0.025286	-0.025282	-0.025576
461	-0.02587	-0.025868	-0.026192
462	-0.026454	-0.026454	-0.026809
463	-0.027003	-0.026972	-0.027347
464	-0.027548	-0.027481	-0.027875
465	-0.028008	-0.027945	-0.028299
466	-0.028437	-0.028392	-0.028685
467	-0.028673	-0.028672	-0.028944
468	-0.028771	-0.028832	-0.029113
469	-0.028959	-0.029042	-0.029339
470	-0.029266	-0.029316	-0.029638
471	-0.029586	-0.029608	-0.029957
472	-0.029944	-0.029944	-0.030324
473	-0.030306	-0.030284	-0.030688
474	-0.030699	-0.030658	-0.031031
475	-0.031092	-0.031031	-0.031373
476	-0.031305	-0.031276	-0.031636
477	-0.031514	-0.031518	-0.031897
478	-0.031807	-0.031829	-0.032166
479	-0.032116	-0.032154	-0.032437
480	-0.032465	-0.032525	-0.032781
481	-0.032832	-0.032918	-0.033158
482	-0.03327	-0.033377	-0.033601
483	-0.033767	-0.033893	-0.034103
484	-0.034268	-0.034396	-0.034613
485	-0.034775	-0.034876	-0.035135
486	-0.03512	-0.035196	-0.035493
487	-0.034961	-0.035013	-0.035334
488	-0.034796	-0.034829	-0.035167
489	-0.034571	-0.03464	-0.034923
490	-0.034347	-0.034451	-0.03468
491	-0.034105	-0.034145	-0.034431
492	-0.033863	-0.033833	-0.034182
493	-0.033757	-0.033763	-0.034062
494	-0.033684	-0.033752	-0.033972
495	-0.033564	-0.03362	-0.033872
496	-0.03342	-0.033425	-0.033766
497	-0.033418	-0.033399	-0.033745
498	-0.033548	-0.033531	-0.033802
499	-0.033627	-0.033623	-0.03385
500	-0.033622	-0.033645	-0.033883
501	-0.033606	-0.033647	-0.033907
502	-0.033558	-0.033585	-0.033899
503	-0.033504	-0.033514	-0.033881
504	-0.033398	-0.033353	-0.033742
505	-0.033292	-0.033191	-0.033603
506	-0.033175	-0.033145	-0.033563
507	-0.033057	-0.033105	-0.03353
508	-0.032943	-0.032977	-0.033398
509	-0.03283	-0.032828	-0.033242
510	-0.032746	-0.032747	-0.033129
511	-0.032677	-0.0327	-0.033038
512	-0.032579	-0.032615	-0.032905
513	-0.032456	-0.032496	-0.032734
514	-0.032338	-0.032356	-0.03259
515	-0.032226	-0.03218	-0.032489
516	-0.03212	-0.032041	-0.032399
517	-0.032029	-0.032011	-0.032341
518	-0.031942	-0.031977	-0.032281
519	-0.03189	-0.031901	-0.032214
520	-0.031839	-0.031825	-0.032147
521	-0.031753	-0.031717	-0.032048
522	-0.031666	-0.031608	-0.031948
523	-0.031595	-0.03153	-0.031856
524	-0.031527	-0.031458	-0.031766
525	-0.031446	-0.0314	-0.031691
526	-0.031359	-0.031348	-0.031623
527	-0.03125	-0.031236	-0.031528
528	-0.031123	-0.031076	-0.031411
529	-0.030993	-0.030935	-0.031258
530	-0.030857	-0.030817	-0.031056
531	-0.030711	-0.030692	-0.03089
532	-0.030541	-0.030549	-0.030808
533	-0.030358	-0.030392	-0.030698
534	-0.030109	-0.030153	-0.030442
535	-0.029864	-0.029916	-0.03019
536	-0.029784	-0.029761	-0.030066
537	-0.029703	-0.029605	-0.029941
538	-0.029551	-0.029496	-0.029832
539	-0.02939	-0.029393	-0.029724
540	-0.029295	-0.029315	-0.029618
541	-0.029221	-0.029245	-0.029513
542	-0.029141	-0.029177	-0.029433
543	-0.029059	-0.029109	-0.029368
544	-0.028973	-0.029019	-0.029299
545	-0.028884	-0.028904	-0.029225
546	-0.028759	-0.028764	-0.029089
547	-0.028574	-0.02858	-0.028847
548	-0.028374	-0.028381	-0.028602
549	-0.02813	-0.028131	-0.028345
550	-0.027891	-0.027884	-0.0281
551	-0.027693	-0.027662	-0.027946
552	-0.027495	-0.02744	-0.027793
553	-0.027318	-0.02729	-0.027626
554	-0.027141	-0.027141	-0.02746
555	-0.026958	-0.02694	-0.027223
556	-0.026774	-0.026732	-0.026974
557	-0.026537	-0.026515	-0.026755
558	-0.026279	-0.026294	-0.026547
559	-0.026103	-0.026128	-0.026366
560	-0.02598	-0.025996	-0.026204
561	-0.025841	-0.02585	-0.026048
562	-0.025684	-0.02569	-0.025897
563	-0.02558	-0.025568	-0.025785
564	-0.025568	-0.025515	-0.025739
565	-0.025572	-0.02549	-0.025735
566	-0.025625	-0.025559	-0.025863
567	-0.025682	-0.025635	-0.025987
568	-0.025781	-0.025777	-0.026078
569	-0.02588	-0.025919	-0.02617
570	-0.026145	-0.026141	-0.026373
571	-0.026412	-0.026364	-0.026577
572	-0.026527	-0.026507	-0.026683
573	-0.026619	-0.026638	-0.026775
574	-0.026659	-0.026666	-0.026824
575	-0.026682	-0.02666	-0.02686
576	-0.026687	-0.026655	-0.026875
577	-0.026682	-0.026651	-0.02688
578	-0.026647	-0.026624	-0.026862
579	-0.026585	-0.026576	-0.026824
580	-0.026465	-0.026471	-0.026715
581	-0.026256	-0.026278	-0.026498
582	-0.026027	-0.026047	-0.026249
583	-0.025743	-0.025712	-0.025917
584	-0.025432	-0.025359	-0.025567
585	-0.024976	-0.02491	-0.02512
586	-0.024522	-0.024465	-0.024675
587	-0.024111	-0.024101	-0.024287
588	-0.0237	-0.023736	-0.023899
589	-0.02329	-0.023316	-0.023515
590	-0.022879	-0.022892	-0.02313
591	-0.022572	-0.02259	-0.022819
592	-0.022287	-0.022315	-0.022524
593	-0.022087	-0.022119	-0.022323
594	-0.021922	-0.021957	-0.02216
595	-0.02174	-0.021762	-0.02197
596	-0.021545	-0.021544	-0.021759
597	-0.021343	-0.02133	-0.021552
598	-0.021134	-0.021121	-0.021351
599	-0.020932	-0.020919	-0.021155
600	-0.020742	-0.020729	-0.020969
601	-0.020565	-0.020544	-0.02079
602	-0.020425	-0.020376	-0.020629
603	-0.020268	-0.020195	-0.020451
604	-0.020002	-0.019942	-0.020174
605	-0.019734	-0.019686	-0.019896
606	-0.01937	-0.019345	-0.019581
607	-0.019006	-0.019004	-0.019266
608	-0.018762	-0.018749	-0.018994
609	-0.018527	-0.018501	-0.018727
610	-0.018248	-0.018213	-0.018443
611	-0.01796	-0.017917	-0.018155
612	-0.017657	-0.017628	-0.017871
613	-0.017349	-0.01734	-0.017589
614	-0.017079	-0.017073	-0.017298
615	-0.016835	-0.016818	-0.017001
616	-0.016501	-0.016484	-0.016661
617	-0.01608	-0.016074	-0.016279
618	-0.015736	-0.015717	-0.015946
619	-0.015505	-0.015439	-0.015687
620	-0.015267	-0.015185	-0.015436
621	-0.015011	-0.014986	-0.015206
622	-0.014749	-0.014758	-0.014963
623	-0.014458	-0.014408	-0.014665
624	-0.014176	-0.014077	-0.014381
625	-0.013978	-0.013938	-0.014243
626	-0.01378	-0.013798	-0.014104
627	-0.013626	-0.013657	-0.01394
628	-0.013471	-0.013516	-0.013776
629	-0.013253	-0.013288	-0.013528
630	-0.013026	-0.013049	-0.01327
631	-0.012841	-0.012861	-0.013064
632	-0.012667	-0.012687	-0.012871
633	-0.012437	-0.012447	-0.012656
634	-0.012183	-0.012177	-0.012432
635	-0.012032	-0.012004	-0.012285
636	-0.01195	-0.011896	-0.012189
637	-0.011803	-0.011748	-0.012021
638	-0.011591	-0.011563	-0.01178
639	-0.011348	-0.011352	-0.011531
640	-0.011058	-0.011104	-0.011271
641	-0.010788	-0.010857	-0.011026
642	-0.01056	-0.010613	-0.010814
643	-0.010342	-0.010376	-0.010599
644	-0.010159	-0.010166	-0.010371
645	-0.009984	-0.009961	-0.010152
646	-0.009855	-0.009796	-0.009998
647	-0.009727	-0.009633	-0.009846
648	-0.009623	-0.009544	-0.009769
649	-0.009518	-0.009456	-0.009692
650	-0.00988	-0.009832	-0.010017
651	-0.01027	-0.010236	-0.010366
652	-0.010961	-0.010923	-0.011081
653	-0.011705	-0.01166	-0.01186
654	-0.012225	-0.012194	-0.012374
655	-0.012675	-0.012665	-0.012805
656	-0.01272	-0.012684	-0.012823
657	-0.012571	-0.012484	-0.012642
658	-0.012148	-0.01208	-0.012254
659	-0.011533	-0.011533	-0.011721
660	-0.010718	-0.010732	-0.010914
661	-0.009704	-0.009676	-0.009835
662	-0.008799	-0.008726	-0.008897
663	-0.008047	-0.007925	-0.008158
664	-0.007384	-0.007249	-0.007514
665	-0.0069	-0.006828	-0.007065
666	-0.006498	-0.006471	-0.006692
667	-0.006352	-0.006312	-0.006555
668	-0.006195	-0.006144	-0.006403
669	-0.005986	-0.005932	-0.006176
670	-0.00578	-0.005726	-0.005956
671	-0.005608	-0.005579	-0.005824
672	-0.005437	-0.005431	-0.005693
673	-0.005307	-0.005243	-0.005515
674	-0.005178	-0.005054	-0.005336
675	-0.004978	-0.004856	-0.00517
676	-0.004772	-0.004657	-0.005004
677	-0.004616	-0.004501	-0.004853
678	-0.004469	-0.004354	-0.004704
679	-0.004299	-0.004217	-0.004517
680	-0.004122	-0.004082	-0.004318
681	-0.003953	-0.003956	-0.004124
682	-0.003787	-0.003833	-0.003933
683	-0.00366	-0.003647	-0.003804
684	-0.003558	-0.003421	-0.003716
685	-0.003395	-0.00324	-0.003575
686	-0.003179	-0.0031	-0.00339
687	-0.002957	-0.002907	-0.003185
688	-0.002729	-0.002651	-0.002958
689	-0.002533	-0.002454	-0.002766
690	-0.002386	-0.002351	-0.002627
691	-0.002233	-0.002222	-0.002476
692	-0.002066	-0.002037	-0.002297
693	-0.001898	-0.001851	-0.002111
694	-0.001727	-0.001661	-0.001903
695	-0.001549	-0.001475	-0.001704
696	-0.001336	-0.001307	-0.001541
697	-0.001128	-0.001144	-0.001379
698	-0.000964	-0.001027	-0.001215
699	-0.000799	-0.000907	-0.001051
700	-0.000633	-0.000683	-0.000885
701	-0.000467	-0.000459	-0.00072
702	-0.000334	-0.000253	-0.000538
703	-0.000201	-0.000048	-0.000355
704	0.000014	0.000076	-0.000164
705	0.000239	0.000191	0.000029
706	0.000313	0.000349	0.000137
707	0.000356	0.000516	0.000228
708	0.00054	0.000646	0.000401
709	0.000767	0.000766	0.000598
710	0.000951	0.000902	0.000751
711	0.001115	0.001045	0.000885
712	0.001228	0.001211	0.001004
713	0.001311	0.00139	0.001114
714	0.001445	0.001559	0.001256
715	0.001614	0.00172	0.001422
716	0.001731	0.001828	0.001544
717	0.0018	0.001887	0.001626
718	0.001935	0.002009	0.001755
719	0.002145	0.002206	0.001939
720	0.002321	0.002373	0.00211
[LOG]
CHECKSUM…