[HEADER]
Format	J&M ASCII Table
Comment	
Date	03/03/2026 20:38:58
Order	Y (evenX)
TechType	UV
NumPoints	411
FirstX	310
LastX	720
XType	nm
YType	Absorbance
ZType	s
NumSubFile	3
Matrix	Z vs X
[LOGIN]
Name=pcbob
[INSTRUMENT]
Name=TIDAS E Base UV/VI
Detector=MMS - ASPEN 97,5 kHz
Diodearray=256 Pixel
Serial#=36584
Calibrated=2011-07-01
Range=183.81-729.88 [nm] (F0)

SWVersion=v3.18.2 (build 0)[LOGIN]
Name=pcbob
[CONFIG]
ChannelName=Channel 1
ChannelType=Normalized
[PARAMETER]
It=400,00
Aver=5
Norm=3
Range=310,0-720,0 nm
Scan=Time
ScanTime=5,00 s
[TRIGGER]
Sweep=0
Scan=0
[DIO]
DigOut=0x0000
DigIn=0x0000
[DATA]
	00:00:00,000	00:00:02,000	00:00:04,000
310	0.53628	0.536233	0.535846
311	0.528135	0.528057	0.527666
312	0.520223	0.519999	0.519665
313	0.512314	0.51205	0.511767
314	0.50441	0.504253	0.504012
315	0.496596	0.49651	0.496287
316	0.489064	0.488936	0.48866
317	0.481548	0.481377	0.481053
318	0.474249	0.474057	0.473745
319	0.46695	0.466736	0.466437
320	0.459932	0.459739	0.459492
321	0.45295	0.452783	0.452594
322	0.445987	0.445838	0.445646
323	0.439031	0.438897	0.438677
324	0.432128	0.431989	0.431753
325	0.425272	0.42511	0.424868
326	0.418479	0.418308	0.418061
327	0.411805	0.41165	0.411396
328	0.405153	0.405003	0.404742
329	0.398609	0.398405	0.398142
330	0.392064	0.391807	0.391542
331	0.385682	0.385514	0.38518
332	0.379299	0.379222	0.378818
333	0.373058	0.373001	0.372617
334	0.366846	0.366796	0.366451
335	0.360669	0.360637	0.360335
336	0.35451	0.354504	0.354246
337	0.348467	0.348428	0.348189
338	0.342554	0.342415	0.342168
339	0.336693	0.336493	0.33625
340	0.330956	0.330786	0.330572
341	0.325238	0.325098	0.324905
342	0.319659	0.319547	0.319315
343	0.31408	0.313997	0.313725
344	0.308573	0.308462	0.308174
345	0.303069	0.302928	0.302626
346	0.297659	0.297517	0.297225
347	0.292277	0.292143	0.291867
348	0.286976	0.286812	0.286579
349	0.281729	0.281511	0.281337
350	0.276506	0.276236	0.276095
351	0.271314	0.270999	0.270854
352	0.26615	0.265809	0.265663
353	0.261066	0.260762	0.260621
354	0.255993	0.255725	0.255589
355	0.251034	0.250814	0.250675
356	0.246076	0.245903	0.245762
357	0.2411	0.24093	0.240755
358	0.236121	0.235951	0.235738
359	0.231315	0.231152	0.230963
360	0.226572	0.226419	0.226275
361	0.221941	0.221741	0.221617
362	0.217398	0.217107	0.216982
363	0.212822	0.212515	0.212371
364	0.208195	0.207989	0.2078
365	0.203614	0.203478	0.203262
366	0.199198	0.199023	0.198844
367	0.194785	0.194574	0.194432
368	0.190445	0.190282	0.190133
369	0.186104	0.185989	0.185833
370	0.181945	0.1818	0.181622
371	0.177812	0.177626	0.177423
372	0.173685	0.173479	0.173259
373	0.169561	0.169342	0.169111
374	0.165414	0.165214	0.164986
375	0.161247	0.161093	0.160882
376	0.157181	0.157047	0.156867
377	0.153293	0.153136	0.153008
378	0.149422	0.14924	0.149156
379	0.14562	0.145408	0.145329
380	0.141821	0.141582	0.141507
381	0.138127	0.138016	0.137843
382	0.134433	0.134451	0.13418
383	0.130838	0.13078	0.130557
384	0.127259	0.127092	0.126941
385	0.123775	0.123566	0.123416
386	0.120335	0.120116	0.119933
387	0.11696	0.116767	0.116557
388	0.113647	0.113513	0.11328
389	0.110356	0.110276	0.110032
390	0.107103	0.107067	0.106838
391	0.103852	0.103851	0.103637
392	0.100608	0.100596	0.100404
393	0.097367	0.097346	0.097175
394	0.094438	0.094387	0.094254
395	0.091508	0.091429	0.091332
396	0.088845	0.088766	0.088644
397	0.08623	0.086157	0.085998
398	0.083791	0.083731	0.083539
399	0.081435	0.081391	0.081167
400	0.078929	0.078868	0.078642
401	0.076281	0.076172	0.075972
402	0.073626	0.073504	0.073317
403	0.07096	0.070889	0.070691
404	0.068349	0.068311	0.068105
405	0.065981	0.065899	0.065696
406	0.063615	0.06349	0.063292
407	0.061368	0.061295	0.061168
408	0.059121	0.059099	0.059044
409	0.056758	0.056761	0.056675
410	0.054376	0.054399	0.054265
411	0.052068	0.052086	0.051931
412	0.049794	0.049794	0.049631
413	0.047573	0.047551	0.047383
414	0.045399	0.045352	0.045181
415	0.043212	0.043158	0.043004
416	0.040998	0.040974	0.040867
417	0.038787	0.038788	0.03871
418	0.036587	0.036591	0.036472
419	0.034397	0.034404	0.034248
420	0.032486	0.032474	0.03234
421	0.030575	0.030545	0.030432
422	0.028657	0.028633	0.028523
423	0.026739	0.026724	0.026613
424	0.02498	0.024986	0.024857
425	0.023284	0.023315	0.023163
426	0.021719	0.021746	0.021627
427	0.02026	0.020259	0.020218
428	0.018938	0.018889	0.018874
429	0.017826	0.017698	0.01763
430	0.016665	0.016498	0.016388
431	0.015346	0.015268	0.015155
432	0.014026	0.014031	0.013914
433	0.012702	0.012686	0.01257
434	0.011378	0.011342	0.011227
435	0.010137	0.010128	0.010038
436	0.008904	0.008927	0.008863
437	0.00771	0.007752	0.007641
438	0.006529	0.006584	0.006404
439	0.005423	0.005473	0.005301
440	0.004368	0.004398	0.004288
441	0.003345	0.003373	0.00329
442	0.00236	0.002409	0.002314
443	0.001409	0.001466	0.001371
444	0.000541	0.000575	0.000514
445	-0.000313	-0.000299	-0.000337
446	-0.001067	-0.001054	-0.001144
447	-0.001821	-0.001808	-0.001952
448	-0.002551	-0.002564	-0.002701
449	-0.003281	-0.00332	-0.003448
450	-0.003968	-0.003998	-0.004095
451	-0.004645	-0.004659	-0.00472
452	-0.005319	-0.005303	-0.005401
453	-0.005991	-0.005937	-0.006113
454	-0.00667	-0.006586	-0.006784
455	-0.007355	-0.00725	-0.007415
456	-0.00799	-0.007887	-0.008016
457	-0.008532	-0.008473	-0.00856
458	-0.009061	-0.009034	-0.009098
459	-0.00953	-0.009494	-0.009612
460	-0.010001	-0.009956	-0.010125
461	-0.010506	-0.010494	-0.010623
462	-0.011011	-0.011032	-0.01112
463	-0.011485	-0.011493	-0.011585
464	-0.011956	-0.011944	-0.012046
465	-0.012288	-0.012289	-0.012378
466	-0.012571	-0.012595	-0.012664
467	-0.012768	-0.012778	-0.012854
468	-0.012904	-0.012872	-0.012976
469	-0.013065	-0.013014	-0.013132
470	-0.013259	-0.013216	-0.013335
471	-0.013471	-0.013431	-0.013557
472	-0.013726	-0.013679	-0.013829
473	-0.013996	-0.013941	-0.014111
474	-0.014365	-0.014301	-0.014462
475	-0.014735	-0.014661	-0.014814
476	-0.01491	-0.01485	-0.015012
477	-0.015082	-0.015035	-0.015207
478	-0.015283	-0.015238	-0.015394
479	-0.015489	-0.015445	-0.01558
480	-0.015768	-0.015721	-0.015854
481	-0.016079	-0.016028	-0.01617
482	-0.016443	-0.016379	-0.016529
483	-0.016852	-0.016767	-0.016926
484	-0.017259	-0.017159	-0.01732
485	-0.017661	-0.017558	-0.017707
486	-0.017928	-0.017828	-0.017965
487	-0.017768	-0.017695	-0.017816
488	-0.017602	-0.017554	-0.01766
489	-0.017385	-0.017342	-0.017447
490	-0.017168	-0.017129	-0.017235
491	-0.016995	-0.016931	-0.017034
492	-0.016824	-0.016734	-0.016834
493	-0.016721	-0.01663	-0.016741
494	-0.016634	-0.01655	-0.016674
495	-0.016528	-0.016455	-0.016587
496	-0.016411	-0.016352	-0.01649
497	-0.016402	-0.01636	-0.016483
498	-0.016494	-0.016471	-0.01656
499	-0.016566	-0.016533	-0.016626
500	-0.016606	-0.01651	-0.016672
501	-0.016624	-0.016487	-0.016686
502	-0.016572	-0.016463	-0.016591
503	-0.016506	-0.016428	-0.01649
504	-0.016303	-0.016265	-0.016334
505	-0.016099	-0.016102	-0.016178
506	-0.016024	-0.016025	-0.016083
507	-0.015957	-0.015952	-0.015992
508	-0.015805	-0.01582	-0.015871
509	-0.015632	-0.015674	-0.015743
510	-0.015535	-0.015573	-0.015663
511	-0.015478	-0.015497	-0.015607
512	-0.015413	-0.01538	-0.015538
513	-0.015342	-0.015228	-0.015457
514	-0.015261	-0.015091	-0.015351
515	-0.015163	-0.014977	-0.015204
516	-0.015074	-0.014886	-0.015082
517	-0.015015	-0.014863	-0.015034
518	-0.014959	-0.01484	-0.014987
519	-0.014935	-0.014811	-0.014944
520	-0.01491	-0.014782	-0.014901
521	-0.014729	-0.014697	-0.014782
522	-0.014543	-0.01461	-0.01466
523	-0.01453	-0.014541	-0.01462
524	-0.014553	-0.014476	-0.014596
525	-0.014526	-0.014436	-0.014589
526	-0.014478	-0.014406	-0.014589
527	-0.014393	-0.014356	-0.014518
528	-0.014278	-0.01429	-0.014392
529	-0.014216	-0.014216	-0.014284
530	-0.014225	-0.014132	-0.014202
531	-0.014197	-0.014041	-0.014131
532	-0.014085	-0.013934	-0.014088
533	-0.013966	-0.013816	-0.01402
534	-0.01381	-0.013644	-0.013823
535	-0.013654	-0.013474	-0.013627
536	-0.013508	-0.013365	-0.013531
537	-0.013362	-0.013257	-0.013435
538	-0.01325	-0.013165	-0.013316
539	-0.013142	-0.013075	-0.013195
540	-0.013053	-0.013015	-0.01314
541	-0.012971	-0.012963	-0.013107
542	-0.012931	-0.01289	-0.013057
543	-0.012917	-0.012805	-0.012997
544	-0.012885	-0.012755	-0.012942
545	-0.012835	-0.01274	-0.012894
546	-0.012777	-0.012686	-0.012819
547	-0.012706	-0.012566	-0.0127
548	-0.012628	-0.012446	-0.012588
549	-0.01253	-0.012326	-0.012495
550	-0.012423	-0.012205	-0.012396
551	-0.012259	-0.012085	-0.012243
552	-0.012095	-0.011964	-0.012091
553	-0.011907	-0.011787	-0.011931
554	-0.011718	-0.011609	-0.01177
555	-0.011577	-0.011459	-0.011612
556	-0.011444	-0.011313	-0.011454
557	-0.011308	-0.011185	-0.01131
558	-0.01117	-0.011064	-0.011171
559	-0.011064	-0.01098	-0.011059
560	-0.010977	-0.010921	-0.010965
561	-0.010857	-0.010808	-0.010858
562	-0.010702	-0.010638	-0.010736
563	-0.010591	-0.010518	-0.010647
564	-0.010557	-0.010485	-0.010615
565	-0.010542	-0.010473	-0.010598
566	-0.010591	-0.01053	-0.01063
567	-0.010644	-0.010591	-0.010668
568	-0.010726	-0.010675	-0.010755
569	-0.010807	-0.01076	-0.010841
570	-0.010998	-0.010902	-0.011018
571	-0.01119	-0.011044	-0.011194
572	-0.011247	-0.011132	-0.011291
573	-0.011286	-0.011212	-0.011375
574	-0.011303	-0.011258	-0.011384
575	-0.011314	-0.011293	-0.011368
576	-0.011321	-0.011272	-0.011347
577	-0.011325	-0.011219	-0.011324
578	-0.011302	-0.011182	-0.011299
579	-0.011253	-0.011159	-0.011273
580	-0.011162	-0.011085	-0.0112
581	-0.011005	-0.010934	-0.011055
582	-0.010831	-0.010761	-0.010883
583	-0.010609	-0.010536	-0.010636
584	-0.010368	-0.010296	-0.010372
585	-0.010027	-0.009982	-0.010016
586	-0.00969	-0.009669	-0.009663
587	-0.009431	-0.009387	-0.009413
588	-0.009172	-0.009105	-0.009164
589	-0.008879	-0.008813	-0.008879
590	-0.008583	-0.00852	-0.008592
591	-0.008369	-0.008332	-0.0084
592	-0.008175	-0.008168	-0.008231
593	-0.00806	-0.00806	-0.008108
594	-0.007978	-0.007976	-0.008005
595	-0.007841	-0.007837	-0.007876
596	-0.007664	-0.00766	-0.007729
597	-0.007517	-0.007501	-0.007582
598	-0.007402	-0.007364	-0.007437
599	-0.007273	-0.007227	-0.007294
600	-0.00712	-0.00709	-0.007156
601	-0.006983	-0.00696	-0.00703
602	-0.006889	-0.006853	-0.006941
603	-0.006779	-0.00673	-0.006836
604	-0.006577	-0.006515	-0.006632
605	-0.006374	-0.006299	-0.006427
606	-0.006148	-0.006084	-0.006198
607	-0.005922	-0.00587	-0.005969
608	-0.005716	-0.005637	-0.005747
609	-0.005511	-0.005403	-0.005526
610	-0.0053	-0.005192	-0.005315
611	-0.005089	-0.004986	-0.005106
612	-0.004892	-0.004779	-0.004917
613	-0.0047	-0.004571	-0.004734
614	-0.004519	-0.004376	-0.004547
615	-0.004344	-0.00419	-0.004356
616	-0.004131	-0.00399	-0.00414
617	-0.00388	-0.003778	-0.003901
618	-0.003627	-0.003558	-0.00366
619	-0.003371	-0.003326	-0.00342
620	-0.003141	-0.003104	-0.003205
621	-0.002973	-0.002906	-0.003054
622	-0.002803	-0.002716	-0.002886
623	-0.002624	-0.002555	-0.00265
624	-0.002449	-0.002398	-0.002425
625	-0.00231	-0.002269	-0.00231
626	-0.002172	-0.002141	-0.002194
627	-0.002116	-0.002016	-0.002089
628	-0.002062	-0.001892	-0.001984
629	-0.001945	-0.001783	-0.001875
630	-0.00182	-0.001675	-0.001765
631	-0.001646	-0.00152	-0.00162
632	-0.001459	-0.001353	-0.001465
633	-0.001269	-0.00118	-0.001271
634	-0.001079	-0.001005	-0.001059
635	-0.000967	-0.00086	-0.000931
636	-0.000906	-0.000734	-0.000859
637	-0.000773	-0.000582	-0.000709
638	-0.00057	-0.000402	-0.000483
639	-0.000404	-0.000247	-0.000319
640	-0.00029	-0.000127	-0.000247
641	-0.00015	0.000012	-0.000138
642	0.000047	0.000195	0.000052
643	0.000246	0.00037	0.000234
644	0.00045	0.000518	0.000388
645	0.000648	0.000666	0.000548
646	0.000799	0.00082	0.000757
647	0.000948	0.000972	0.000961
648	0.00102	0.001072	0.001012
649	0.001093	0.001172	0.001063
650	0.00088	0.000934	0.00084
651	0.000651	0.000675	0.0006
652	0.000269	0.000314	0.000229
653	-0.00014	-0.000064	-0.000164
654	-0.000461	-0.000384	-0.000465
655	-0.000756	-0.000685	-0.000738
656	-0.000751	-0.000702	-0.000726
657	-0.000601	-0.000582	-0.000576
658	-0.000307	-0.000302	-0.000298
659	0.000087	0.000092	0.000069
660	0.000617	0.00064	0.000585
661	0.001282	0.001343	0.001249
662	0.001864	0.001935	0.001821
663	0.002329	0.002372	0.002261
664	0.002739	0.002771	0.002669
665	0.003036	0.003095	0.003011
666	0.003275	0.003373	0.003298
667	0.003339	0.003507	0.003414
668	0.003432	0.003645	0.003539
669	0.003673	0.003805	0.003708
670	0.003902	0.003962	0.00387
671	0.003985	0.004086	0.003937
672	0.004068	0.004209	0.004005
673	0.004182	0.004357	0.004218
674	0.004297	0.004505	0.004431
675	0.004446	0.004582	0.004502
676	0.004597	0.004653	0.004559
677	0.004715	0.004807	0.004692
678	0.004827	0.004978	0.004839
679	0.004977	0.005119	0.005008
680	0.005139	0.005251	0.005183
681	0.005267	0.005392	0.005299
682	0.005379	0.005537	0.005388
683	0.005549	0.005683	0.005539
684	0.005756	0.005829	0.005731
685	0.005916	0.005967	0.005882
686	0.006033	0.0061	0.005996
687	0.006166	0.006267	0.006158
688	0.006318	0.006474	0.006375
689	0.006459	0.006633	0.006532
690	0.006582	0.006715	0.006593
691	0.006721	0.006815	0.006685
692	0.006894	0.006956	0.00685
693	0.00706	0.007092	0.007009
694	0.007203	0.007212	0.007147
695	0.007342	0.007333	0.007287
696	0.00746	0.007458	0.007433
697	0.007576	0.007585	0.007572
698	0.007684	0.007731	0.007637
699	0.007792	0.007877	0.007702
700	0.007884	0.008009	0.007791
701	0.007976	0.008142	0.007881
702	0.008089	0.008239	0.008051
703	0.008203	0.008334	0.008225
704	0.008353	0.008458	0.008347
705	0.008507	0.008585	0.008463
706	0.008573	0.008644	0.008554
707	0.008622	0.00869	0.008641
708	0.008746	0.008826	0.008749
709	0.008892	0.00899	0.008863
710	0.008956	0.009107	0.009
711	0.008984	0.009205	0.009147
712	0.009058	0.009277	0.009233
713	0.009156	0.009334	0.009285
714	0.009296	0.009439	0.009367
715	0.009464	0.009578	0.009472
716	0.009615	0.009683	0.009581
717	0.009748	0.009756	0.009694
718	0.009876	0.009884	0.009833
719	0.009997	0.010075	0.010004
720	0.010136	0.010249	0.010163
[LOG]
CHECKSUM‡c