[HEADER]
Format	J&M ASCII Table
Comment	
Date	03/03/2026 19:45:55
Order	Y (evenX)
TechType	UV
NumPoints	411
FirstX	310
LastX	720
XType	nm
YType	Absorbance
ZType	s
NumSubFile	3
Matrix	Z vs X
[LOGIN]
Name=pcbob
[INSTRUMENT]
Name=TIDAS E Base UV/VI
Detector=MMS - ASPEN 97,5 kHz
Diodearray=256 Pixel
Serial#=36584
Calibrated=2011-07-01
Range=183.81-729.88 [nm] (F0)

SWVersion=v3.18.2 (build 0)[LOGIN]
Name=pcbob
[CONFIG]
ChannelName=Channel 1
ChannelType=Normalized
[PARAMETER]
It=400,00
Aver=5
Norm=3
Range=310,0-720,0 nm
Scan=Time
ScanTime=5,00 s
[TRIGGER]
Sweep=0
Scan=0
[DIO]
DigOut=0x0000
DigIn=0x0000
[DATA]
	00:00:00,000	00:00:02,000	00:00:04,000
310	0.523159	0.522795	0.52252
311	0.515104	0.514757	0.514422
312	0.50727	0.506962	0.506499
313	0.499511	0.499201	0.498708
314	0.491858	0.491487	0.4911
315	0.484266	0.483832	0.483531
316	0.476865	0.476364	0.476087
317	0.46948	0.46892	0.468661
318	0.462316	0.461837	0.461507
319	0.455153	0.454754	0.454353
320	0.448147	0.44771	0.447302
321	0.441162	0.440672	0.440264
322	0.434244	0.433772	0.433359
323	0.427353	0.426928	0.426509
324	0.420552	0.420181	0.419777
325	0.41383	0.413519	0.413151
326	0.407191	0.406918	0.406576
327	0.400704	0.400429	0.400097
328	0.394253	0.393957	0.393637
329	0.387971	0.387564	0.387259
330	0.381689	0.38117	0.380882
331	0.375338	0.374919	0.374569
332	0.368987	0.368667	0.368255
333	0.363022	0.362687	0.362266
334	0.357139	0.356765	0.356345
335	0.351197	0.350843	0.350411
336	0.345223	0.344922	0.344471
337	0.339352	0.339083	0.338615
338	0.333597	0.333335	0.332856
339	0.327919	0.327638	0.327167
340	0.32242	0.322059	0.321642
341	0.316935	0.316507	0.316142
342	0.311542	0.311143	0.310815
343	0.306149	0.305779	0.305489
344	0.300869	0.300553	0.300197
345	0.295594	0.295335	0.294906
346	0.290385	0.29007	0.289714
347	0.285194	0.28479	0.284551
348	0.280054	0.279626	0.279416
349	0.274946	0.27454	0.274301
350	0.269887	0.269528	0.269242
351	0.264895	0.264616	0.26426
352	0.259907	0.259695	0.259284
353	0.254934	0.254749	0.254328
354	0.249984	0.249811	0.249388
355	0.245304	0.24498	0.244638
356	0.240623	0.240148	0.239887
357	0.235893	0.235452	0.235194
358	0.231157	0.230769	0.230508
359	0.226588	0.226178	0.225908
360	0.222081	0.221621	0.22134
361	0.217587	0.217123	0.216847
362	0.213105	0.212672	0.212412
363	0.208622	0.20821	0.207956
364	0.204137	0.203732	0.203467
365	0.199706	0.199324	0.199042
366	0.195466	0.195168	0.19485
367	0.191232	0.191013	0.190663
368	0.187107	0.186886	0.186586
369	0.182981	0.182758	0.182508
370	0.179059	0.17882	0.178542
371	0.175166	0.174909	0.174592
372	0.171118	0.170874	0.170537
373	0.167004	0.166787	0.166436
374	0.162981	0.162743	0.162426
375	0.159039	0.158738	0.158498
376	0.155167	0.154821	0.154631
377	0.151417	0.151058	0.150872
378	0.147701	0.14734	0.147137
379	0.144129	0.143812	0.143502
380	0.140556	0.140283	0.13987
381	0.136978	0.136658	0.136352
382	0.133401	0.133032	0.132835
383	0.129884	0.129534	0.129354
384	0.126378	0.126057	0.12588
385	0.123006	0.122714	0.122513
386	0.119695	0.119433	0.119197
387	0.116466	0.116234	0.115994
388	0.113314	0.113111	0.112897
389	0.110213	0.110023	0.10983
390	0.107206	0.107001	0.106816
391	0.104191	0.10397	0.103786
392	0.101144	0.100903	0.100681
393	0.098098	0.097838	0.097578
394	0.095143	0.09489	0.094651
395	0.092189	0.091943	0.091723
396	0.089557	0.089313	0.08914
397	0.086983	0.086741	0.086618
398	0.084495	0.084264	0.084097
399	0.082048	0.081831	0.081577
400	0.079473	0.079277	0.079001
401	0.076779	0.076608	0.076375
402	0.074128	0.073974	0.073761
403	0.071558	0.071403	0.071169
404	0.069052	0.06891	0.06866
405	0.066834	0.06676	0.066513
406	0.064618	0.064608	0.064366
407	0.062497	0.062353	0.062203
408	0.060376	0.060098	0.06004
409	0.05812	0.057842	0.057765
410	0.05584	0.055587	0.055472
411	0.053527	0.053294	0.053138
412	0.051198	0.050984	0.050786
413	0.048947	0.048739	0.048543
414	0.046767	0.04655	0.0464
415	0.044568	0.044352	0.044209
416	0.042335	0.042137	0.041933
417	0.040123	0.03995	0.039695
418	0.037996	0.037869	0.037605
419	0.03588	0.035796	0.035524
420	0.034044	0.033918	0.033653
421	0.032209	0.032041	0.031782
422	0.030388	0.030229	0.029996
423	0.028568	0.028427	0.028222
424	0.026778	0.026647	0.026493
425	0.025	0.024877	0.024783
426	0.02339	0.023267	0.023181
427	0.021914	0.021787	0.021666
428	0.02056	0.020431	0.020282
429	0.019396	0.019269	0.019101
430	0.018229	0.018095	0.017917
431	0.017049	0.016883	0.016725
432	0.015858	0.015666	0.015527
433	0.01453	0.014391	0.014248
434	0.013203	0.013116	0.012969
435	0.012079	0.011967	0.011821
436	0.010975	0.010829	0.010686
437	0.009808	0.009662	0.009492
438	0.008621	0.008485	0.008281
439	0.007515	0.007384	0.007175
440	0.006463	0.006333	0.006141
441	0.005437	0.005301	0.005143
442	0.004443	0.004293	0.004192
443	0.003471	0.003314	0.003257
444	0.002556	0.002409	0.002361
445	0.001658	0.001528	0.001479
446	0.000879	0.000815	0.000688
447	0.000099	0.000101	-0.000103
448	-0.000541	-0.000592	-0.000727
449	-0.001177	-0.001284	-0.001346
450	-0.001817	-0.001896	-0.001962
451	-0.002459	-0.002489	-0.002577
452	-0.003097	-0.003117	-0.003212
453	-0.003733	-0.003763	-0.003858
454	-0.004372	-0.004415	-0.004511
455	-0.005013	-0.005073	-0.005172
456	-0.005626	-0.005695	-0.005779
457	-0.006186	-0.006247	-0.006284
458	-0.006711	-0.006758	-0.006767
459	-0.007089	-0.007102	-0.007155
460	-0.007475	-0.007455	-0.00755
461	-0.008035	-0.00803	-0.008108
462	-0.008595	-0.008606	-0.008666
463	-0.009071	-0.009074	-0.009114
464	-0.009536	-0.00953	-0.009548
465	-0.009845	-0.00986	-0.009889
466	-0.010098	-0.010145	-0.010196
467	-0.010241	-0.010311	-0.010386
468	-0.010305	-0.010392	-0.010492
469	-0.010437	-0.010516	-0.010617
470	-0.010657	-0.010698	-0.010768
471	-0.010859	-0.010877	-0.010928
472	-0.011016	-0.011048	-0.011111
473	-0.011184	-0.011229	-0.011303
474	-0.011422	-0.011477	-0.011561
475	-0.011661	-0.011725	-0.011818
476	-0.011818	-0.011882	-0.011913
477	-0.011974	-0.012039	-0.012005
478	-0.012146	-0.012172	-0.0122
479	-0.012321	-0.012301	-0.012416
480	-0.012635	-0.012601	-0.012734
481	-0.013014	-0.01298	-0.013098
482	-0.013496	-0.013498	-0.013571
483	-0.014067	-0.014137	-0.014136
484	-0.014626	-0.014733	-0.014707
485	-0.015168	-0.015263	-0.015286
486	-0.015528	-0.015601	-0.01567
487	-0.015312	-0.015338	-0.015442
488	-0.015087	-0.015074	-0.015206
489	-0.014765	-0.014803	-0.014892
490	-0.014443	-0.014532	-0.014578
491	-0.014142	-0.014224	-0.014277
492	-0.013842	-0.013914	-0.013977
493	-0.013634	-0.013711	-0.01379
494	-0.013449	-0.013534	-0.013631
495	-0.013311	-0.01338	-0.013466
496	-0.013198	-0.013238	-0.013297
497	-0.013115	-0.01316	-0.013193
498	-0.013061	-0.013142	-0.013148
499	-0.013017	-0.013108	-0.013106
500	-0.012991	-0.013048	-0.013067
501	-0.01294	-0.012982	-0.013022
502	-0.012806	-0.012896	-0.012952
503	-0.012679	-0.012808	-0.012882
504	-0.012627	-0.0127	-0.012803
505	-0.012574	-0.012593	-0.012724
506	-0.012485	-0.012509	-0.012599
507	-0.012393	-0.012427	-0.012471
508	-0.012295	-0.012361	-0.01237
509	-0.012196	-0.012299	-0.012275
510	-0.012068	-0.012164	-0.012142
511	-0.011926	-0.011991	-0.011991
512	-0.011819	-0.011857	-0.011894
513	-0.011744	-0.011758	-0.011846
514	-0.011655	-0.011671	-0.011777
515	-0.011545	-0.011602	-0.011673
516	-0.01142	-0.011512	-0.01156
517	-0.011251	-0.011354	-0.011416
518	-0.011082	-0.011194	-0.01127
519	-0.010919	-0.01101	-0.011112
520	-0.010756	-0.010826	-0.010953
521	-0.010618	-0.010658	-0.010777
522	-0.010481	-0.010491	-0.010601
523	-0.010319	-0.010349	-0.010389
524	-0.010153	-0.010213	-0.010169
525	-0.010073	-0.010144	-0.010107
526	-0.010031	-0.010104	-0.010113
527	-0.010036	-0.010107	-0.010146
528	-0.010077	-0.010143	-0.0102
529	-0.010096	-0.010166	-0.010218
530	-0.010087	-0.010172	-0.010188
531	-0.010048	-0.010134	-0.010145
532	-0.009937	-0.009992	-0.010071
533	-0.009846	-0.009873	-0.010003
534	-0.009861	-0.009882	-0.009967
535	-0.009872	-0.009887	-0.009928
536	-0.009721	-0.009739	-0.009781
537	-0.009569	-0.009591	-0.009633
538	-0.009404	-0.009466	-0.009496
539	-0.009237	-0.009343	-0.00936
540	-0.009163	-0.009271	-0.00927
541	-0.009118	-0.009215	-0.009195
542	-0.008968	-0.009066	-0.009067
543	-0.008757	-0.008862	-0.008906
544	-0.008585	-0.008686	-0.008733
545	-0.008452	-0.008538	-0.008548
546	-0.00834	-0.008419	-0.0084
547	-0.008266	-0.00835	-0.008313
548	-0.008177	-0.008261	-0.008205
549	-0.008041	-0.008109	-0.00803
550	-0.0079	-0.007958	-0.007859
551	-0.007724	-0.007814	-0.007715
552	-0.007548	-0.00767	-0.007572
553	-0.007384	-0.007528	-0.007483
554	-0.007221	-0.007386	-0.007395
555	-0.007203	-0.007295	-0.007335
556	-0.007208	-0.007212	-0.007279
557	-0.007157	-0.007172	-0.007222
558	-0.007085	-0.007148	-0.007164
559	-0.006981	-0.007048	-0.007075
560	-0.006856	-0.006901	-0.006965
561	-0.006743	-0.006778	-0.006845
562	-0.006644	-0.00668	-0.006715
563	-0.006577	-0.006609	-0.006628
564	-0.00657	-0.006585	-0.006618
565	-0.006593	-0.006587	-0.006635
566	-0.006719	-0.006671	-0.00674
567	-0.006844	-0.006765	-0.006848
568	-0.00696	-0.006931	-0.006976
569	-0.007076	-0.007097	-0.007104
570	-0.007245	-0.007259	-0.007265
571	-0.007415	-0.007422	-0.007427
572	-0.007494	-0.007496	-0.00752
573	-0.00756	-0.007558	-0.007603
574	-0.007597	-0.007621	-0.007669
575	-0.007625	-0.007685	-0.00773
576	-0.007703	-0.007754	-0.007795
577	-0.00781	-0.007827	-0.007863
578	-0.007845	-0.007884	-0.007907
579	-0.007812	-0.007928	-0.007926
580	-0.007763	-0.007904	-0.007897
581	-0.00769	-0.007778	-0.007795
582	-0.007586	-0.007631	-0.007667
583	-0.007403	-0.007434	-0.007471
584	-0.0072	-0.007218	-0.007258
585	-0.006898	-0.00691	-0.006957
586	-0.006596	-0.006604	-0.006659
587	-0.006315	-0.00633	-0.006406
588	-0.006034	-0.006056	-0.006154
589	-0.005705	-0.00574	-0.005812
590	-0.005373	-0.00542	-0.005464
591	-0.00512	-0.005147	-0.0052
592	-0.004886	-0.004884	-0.004955
593	-0.004697	-0.004683	-0.004764
594	-0.004527	-0.00451	-0.004597
595	-0.004295	-0.004301	-0.004374
596	-0.004019	-0.004066	-0.004113
597	-0.00378	-0.003843	-0.003871
598	-0.003583	-0.00363	-0.003652
599	-0.003401	-0.003433	-0.003454
600	-0.003246	-0.003263	-0.003291
601	-0.003082	-0.003092	-0.003125
602	-0.002886	-0.002917	-0.00295
603	-0.002682	-0.002733	-0.002766
604	-0.002431	-0.002499	-0.002534
605	-0.00218	-0.002263	-0.002299
606	-0.001923	-0.001976	-0.00201
607	-0.001666	-0.001689	-0.00172
608	-0.001426	-0.001476	-0.00151
609	-0.001186	-0.00127	-0.001305
610	-0.001004	-0.001119	-0.001144
611	-0.000833	-0.00098	-0.000993
612	-0.000706	-0.00084	-0.000851
613	-0.000596	-0.0007	-0.000712
614	-0.00043	-0.00051	-0.000508
615	-0.000228	-0.000287	-0.000263
616	-0.000028	-0.000059	-0.000037
617	0.000171	0.000177	0.00017
618	0.000386	0.00039	0.000379
619	0.000626	0.000572	0.000592
620	0.000852	0.000772	0.000797
621	0.001046	0.001019	0.000983
622	0.001248	0.001256	0.00118
623	0.001486	0.001458	0.001418
624	0.001724	0.001666	0.001653
625	0.001969	0.001929	0.001861
626	0.002215	0.002192	0.002069
627	0.002434	0.00242	0.002302
628	0.002652	0.002648	0.002536
629	0.002887	0.00289	0.002813
630	0.003124	0.003135	0.003095
631	0.003368	0.00337	0.003323
632	0.003614	0.003602	0.003536
633	0.003792	0.003751	0.003674
634	0.003939	0.003864	0.003778
635	0.004128	0.00405	0.004001
636	0.004343	0.004285	0.004304
637	0.004543	0.004496	0.004528
638	0.004726	0.004681	0.004674
639	0.0049	0.004867	0.004826
640	0.00506	0.005055	0.004987
641	0.005213	0.005221	0.005135
642	0.005351	0.005339	0.005255
643	0.005485	0.005455	0.005371
644	0.005607	0.005563	0.005469
645	0.005724	0.005672	0.005571
646	0.00581	0.005792	0.005697
647	0.00589	0.005904	0.005816
648	0.005781	0.005791	0.005713
649	0.005673	0.005678	0.00561
650	0.005201	0.005176	0.005117
651	0.004707	0.004651	0.004601
652	0.003978	0.003949	0.003872
653	0.003207	0.003216	0.003107
654	0.002699	0.002705	0.002592
655	0.002273	0.002262	0.002155
656	0.002245	0.002218	0.002124
657	0.002409	0.002365	0.002288
658	0.002805	0.002769	0.002682
659	0.003363	0.003354	0.003237
660	0.004134	0.004126	0.004022
661	0.005117	0.005085	0.005039
662	0.006014	0.005962	0.005949
663	0.006792	0.006723	0.00671
664	0.007483	0.007413	0.007379
665	0.007996	0.007954	0.007863
666	0.008434	0.008419	0.008278
667	0.008641	0.008649	0.008483
668	0.008846	0.008874	0.008685
669	0.009035	0.009075	0.008871
670	0.009218	0.009268	0.009053
671	0.009343	0.009363	0.009203
672	0.009468	0.009458	0.009352
673	0.00959	0.009559	0.009458
674	0.009711	0.00966	0.009564
675	0.009819	0.009747	0.009631
676	0.009926	0.009834	0.009694
677	0.009987	0.009921	0.009786
678	0.010038	0.010008	0.009883
679	0.010143	0.010109	0.01
680	0.010263	0.010214	0.010123
681	0.010382	0.010296	0.01023
682	0.0105	0.010368	0.010329
683	0.010598	0.010469	0.010418
684	0.010682	0.010589	0.010499
685	0.010771	0.010701	0.010602
686	0.010865	0.010805	0.010724
687	0.010972	0.01093	0.010872
688	0.011096	0.01108	0.011051
689	0.011226	0.011236	0.011204
690	0.011367	0.0114	0.011315
691	0.011516	0.011567	0.011452
692	0.011688	0.011741	0.011648
693	0.011847	0.011894	0.011825
694	0.011967	0.011983	0.011948
695	0.012092	0.012071	0.012062
696	0.012241	0.01216	0.012133
697	0.012385	0.012253	0.012209
698	0.012488	0.012372	0.012339
699	0.012594	0.012493	0.012471
700	0.012769	0.01266	0.012662
701	0.012944	0.012827	0.012854
702	0.013029	0.012914	0.012947
703	0.013111	0.012998	0.013037
704	0.013224	0.01312	0.013121
705	0.01334	0.013247	0.013204
706	0.013438	0.013338	0.013317
707	0.013533	0.013422	0.013436
708	0.013684	0.013609	0.01357
709	0.013853	0.013827	0.013709
710	0.013995	0.013964	0.01386
711	0.014125	0.014066	0.014017
712	0.014264	0.014189	0.014184
713	0.014407	0.014325	0.014356
714	0.014564	0.014484	0.01451
715	0.01473	0.01466	0.014653
716	0.014906	0.014838	0.014817
717	0.015094	0.015016	0.015001
718	0.015271	0.015183	0.015155
719	0.015437	0.015336	0.015273
720	0.015568	0.015478	0.015396
[LOG]
CHECKSUMÚ`