[HEADER]
Format	J&M ASCII Table
Comment	
Date	03/03/2026 19:58:03
Order	Y (evenX)
TechType	UV
NumPoints	411
FirstX	310
LastX	720
XType	nm
YType	Absorbance
ZType	s
NumSubFile	3
Matrix	Z vs X
[LOGIN]
Name=pcbob
[INSTRUMENT]
Name=TIDAS E Base UV/VI
Detector=MMS - ASPEN 97,5 kHz
Diodearray=256 Pixel
Serial#=36584
Calibrated=2011-07-01
Range=183.81-729.88 [nm] (F0)

SWVersion=v3.18.2 (build 0)[LOGIN]
Name=pcbob
[CONFIG]
ChannelName=Channel 1
ChannelType=Normalized
[PARAMETER]
It=400,00
Aver=5
Norm=3
Range=310,0-720,0 nm
Scan=Time
ScanTime=5,00 s
[TRIGGER]
Sweep=0
Scan=0
[DIO]
DigOut=0x0000
DigIn=0x0000
[DATA]
	00:00:00,000	00:00:02,000	00:00:04,000
310	0.588251	0.587836	0.587467
311	0.579195	0.57882	0.57844
312	0.570299	0.57	0.56952
313	0.561569	0.561273	0.560756
314	0.553068	0.552677	0.55221
315	0.544624	0.544172	0.543752
316	0.536361	0.535955	0.535573
317	0.528113	0.527746	0.527398
318	0.52008	0.519659	0.519276
319	0.512047	0.511572	0.511154
320	0.504131	0.503651	0.503198
321	0.496231	0.495752	0.495263
322	0.48853	0.488052	0.487584
323	0.480912	0.480434	0.48001
324	0.47336	0.472918	0.472512
325	0.465865	0.465492	0.465083
326	0.458495	0.458135	0.457722
327	0.451352	0.450905	0.450485
328	0.444197	0.443688	0.443272
329	0.436992	0.436532	0.436167
330	0.429787	0.429377	0.429063
331	0.422791	0.422329	0.422044
332	0.415795	0.415282	0.415026
333	0.409017	0.408556	0.408224
334	0.402285	0.401899	0.401468
335	0.395628	0.395264	0.394848
336	0.389013	0.388642	0.388301
337	0.382492	0.382074	0.381777
338	0.376077	0.375566	0.375278
339	0.369662	0.369132	0.368805
340	0.363251	0.362869	0.362393
341	0.356886	0.356628	0.35603
342	0.350854	0.350535	0.350023
343	0.344823	0.344442	0.344016
344	0.338951	0.338574	0.338193
345	0.333087	0.332718	0.332381
346	0.327299	0.326885	0.326564
347	0.321533	0.321059	0.320746
348	0.315768	0.31523	0.314943
349	0.310005	0.309399	0.30915
350	0.304295	0.30369	0.303416
351	0.298656	0.298144	0.297764
352	0.293007	0.292577	0.292125
353	0.287326	0.286945	0.286528
354	0.281669	0.281328	0.280941
355	0.276282	0.275889	0.275477
356	0.270895	0.27045	0.270012
357	0.26556	0.265101	0.264656
358	0.260231	0.259762	0.259311
359	0.255028	0.254616	0.25419
360	0.249872	0.249541	0.249151
361	0.244822	0.244489	0.244114
362	0.239857	0.239458	0.239078
363	0.234903	0.234472	0.23409
364	0.229969	0.229559	0.229176
365	0.225082	0.224696	0.224314
366	0.220364	0.220012	0.219646
367	0.215649	0.215331	0.214979
368	0.210972	0.210723	0.210335
369	0.206296	0.206115	0.205692
370	0.201873	0.20164	0.201184
371	0.197488	0.197184	0.196696
372	0.193002	0.192671	0.192211
373	0.188473	0.188135	0.187728
374	0.184059	0.183758	0.183332
375	0.179747	0.179522	0.179011
376	0.175484	0.175296	0.174749
377	0.171307	0.171086	0.170589
378	0.167172	0.166917	0.166469
379	0.163214	0.162923	0.162516
380	0.159259	0.15893	0.158566
381	0.155395	0.155025	0.154684
382	0.151532	0.151121	0.150802
383	0.147733	0.14737	0.147069
384	0.143946	0.143646	0.143361
385	0.140279	0.13999	0.139667
386	0.136668	0.136366	0.135979
387	0.133166	0.132849	0.132426
388	0.129766	0.129433	0.128999
389	0.126429	0.126085	0.125665
390	0.123208	0.122862	0.122504
391	0.119975	0.119631	0.119316
392	0.116685	0.116364	0.116008
393	0.113396	0.113099	0.112702
394	0.110196	0.109953	0.109556
395	0.106996	0.106807	0.106409
396	0.104199	0.103997	0.103583
397	0.101475	0.101248	0.100814
398	0.098875	0.098632	0.098168
399	0.096335	0.096079	0.095581
400	0.093693	0.093454	0.092958
401	0.090956	0.090761	0.090303
402	0.088232	0.088043	0.087606
403	0.085534	0.085281	0.084829
404	0.082919	0.082612	0.082165
405	0.080676	0.080358	0.080006
406	0.078433	0.078106	0.077844
407	0.076183	0.075941	0.075557
408	0.073933	0.073775	0.07327
409	0.071644	0.071455	0.070988
410	0.069348	0.069109	0.068706
411	0.066914	0.066734	0.066292
412	0.064418	0.064345	0.06382
413	0.062072	0.062034	0.06152
414	0.059861	0.059792	0.059376
415	0.057622	0.057517	0.05717
416	0.055332	0.055185	0.054853
417	0.05307	0.052889	0.052562
418	0.050919	0.050741	0.050374
419	0.048777	0.048604	0.048201
420	0.046871	0.046739	0.046416
421	0.044965	0.044873	0.044631
422	0.043288	0.043162	0.042895
423	0.041643	0.041472	0.041165
424	0.039877	0.039694	0.039405
425	0.038062	0.037881	0.037633
426	0.036412	0.036294	0.035994
427	0.034895	0.034888	0.034461
428	0.0335	0.033523	0.033037
429	0.032294	0.032221	0.031779
430	0.031083	0.030931	0.030535
431	0.029858	0.029684	0.029332
432	0.028626	0.028439	0.028126
433	0.027301	0.027229	0.026868
434	0.025977	0.026018	0.025611
435	0.024874	0.024884	0.024513
436	0.023791	0.023758	0.023431
437	0.022618	0.022556	0.022239
438	0.021415	0.02133	0.021012
439	0.020276	0.020222	0.019869
440	0.01918	0.019192	0.018784
441	0.018138	0.018174	0.017743
442	0.017166	0.01717	0.01676
443	0.016209	0.016178	0.015795
444	0.015287	0.015217	0.014877
445	0.014382	0.014278	0.013977
446	0.013591	0.013491	0.013205
447	0.012801	0.012705	0.012433
448	0.012063	0.011999	0.01165
449	0.011328	0.011295	0.010865
450	0.010692	0.010641	0.010231
451	0.010079	0.009999	0.009632
452	0.009421	0.009365	0.008984
453	0.008739	0.008736	0.008311
454	0.008069	0.008098	0.007667
455	0.007411	0.007453	0.00705
456	0.006816	0.006836	0.006464
457	0.006341	0.00627	0.005936
458	0.00587	0.00574	0.005427
459	0.005412	0.005359	0.004992
460	0.004951	0.004973	0.004552
461	0.004409	0.00443	0.00398
462	0.003867	0.003888	0.003407
463	0.003354	0.003333	0.002952
464	0.002845	0.002776	0.002512
465	0.002419	0.002365	0.002112
466	0.002024	0.002008	0.001726
467	0.001747	0.001752	0.001404
468	0.001554	0.001568	0.001127
469	0.001337	0.001343	0.000873
470	0.001089	0.001066	0.000647
471	0.000848	0.000793	0.000413
472	0.000627	0.000532	0.00016
473	0.000399	0.000273	-0.000095
474	0.000118	0.00003	-0.000361
475	-0.000162	-0.000213	-0.000627
476	-0.000372	-0.000428	-0.000823
477	-0.000581	-0.000642	-0.001016
478	-0.000807	-0.000835	-0.001236
479	-0.001037	-0.001024	-0.00146
480	-0.001338	-0.001314	-0.001748
481	-0.001672	-0.001651	-0.002066
482	-0.002154	-0.002101	-0.00254
483	-0.002764	-0.002647	-0.003149
484	-0.003296	-0.003177	-0.003672
485	-0.003704	-0.003683	-0.004058
486	-0.003996	-0.004049	-0.004332
487	-0.003926	-0.003979	-0.004256
488	-0.003846	-0.003902	-0.004181
489	-0.003677	-0.003754	-0.004106
490	-0.003509	-0.003607	-0.004031
491	-0.003323	-0.003401	-0.003842
492	-0.003136	-0.003192	-0.003647
493	-0.00304	-0.003064	-0.003536
494	-0.002965	-0.002955	-0.003445
495	-0.002896	-0.002876	-0.003363
496	-0.002829	-0.002812	-0.003286
497	-0.002811	-0.002812	-0.003275
498	-0.002839	-0.002872	-0.003327
499	-0.00286	-0.002902	-0.003357
500	-0.002869	-0.002881	-0.003349
501	-0.002869	-0.002858	-0.003333
502	-0.002839	-0.002826	-0.003286
503	-0.002818	-0.002802	-0.003245
504	-0.002886	-0.002863	-0.003274
505	-0.002955	-0.002924	-0.003302
506	-0.002926	-0.002925	-0.00334
507	-0.002892	-0.002922	-0.003377
508	-0.002916	-0.002947	-0.003449
509	-0.002955	-0.002978	-0.003529
510	-0.002937	-0.002967	-0.003499
511	-0.002889	-0.002933	-0.003413
512	-0.002865	-0.002913	-0.003353
513	-0.002864	-0.002904	-0.003316
514	-0.002871	-0.002899	-0.003301
515	-0.002894	-0.0029	-0.00332
516	-0.002882	-0.002878	-0.003304
517	-0.002764	-0.002783	-0.003178
518	-0.00265	-0.002687	-0.00306
519	-0.002579	-0.00258	-0.003005
520	-0.002507	-0.002473	-0.00295
521	-0.002421	-0.002386	-0.002912
522	-0.002334	-0.002299	-0.002875
523	-0.002222	-0.002195	-0.002759
524	-0.002105	-0.002087	-0.002627
525	-0.002087	-0.002061	-0.002564
526	-0.002113	-0.00207	-0.002532
527	-0.002182	-0.002128	-0.002597
528	-0.002285	-0.002225	-0.002738
529	-0.002368	-0.002306	-0.002837
530	-0.002423	-0.002366	-0.002878
531	-0.002475	-0.002441	-0.002921
532	-0.002519	-0.00255	-0.002965
533	-0.00257	-0.002642	-0.003012
534	-0.002662	-0.002639	-0.003069
535	-0.002749	-0.002636	-0.003124
536	-0.002667	-0.002612	-0.003091
537	-0.002584	-0.002588	-0.003059
538	-0.002541	-0.002544	-0.002981
539	-0.002502	-0.002499	-0.002897
540	-0.002457	-0.002432	-0.002833
541	-0.00241	-0.002358	-0.002774
542	-0.002311	-0.00227	-0.002709
543	-0.002179	-0.002175	-0.002639
544	-0.002059	-0.002063	-0.002539
545	-0.001948	-0.001934	-0.002409
546	-0.001852	-0.001817	-0.002304
547	-0.001782	-0.00172	-0.002244
548	-0.001716	-0.001634	-0.002178
549	-0.001666	-0.001581	-0.002095
550	-0.001615	-0.001522	-0.002018
551	-0.001552	-0.001419	-0.001987
552	-0.001488	-0.001315	-0.001955
553	-0.001473	-0.001358	-0.001939
554	-0.001459	-0.001402	-0.001923
555	-0.001436	-0.001421	-0.001905
556	-0.00141	-0.001436	-0.001887
557	-0.0014	-0.00141	-0.001846
558	-0.001394	-0.001369	-0.001796
559	-0.001389	-0.001338	-0.001776
560	-0.001383	-0.001312	-0.001775
561	-0.001345	-0.001281	-0.001756
562	-0.001272	-0.001243	-0.001716
563	-0.001225	-0.001201	-0.001671
564	-0.001221	-0.001154	-0.001617
565	-0.001247	-0.001146	-0.001604
566	-0.00137	-0.001266	-0.001724
567	-0.001488	-0.001385	-0.00184
568	-0.001565	-0.00149	-0.001925
569	-0.001643	-0.001595	-0.002011
570	-0.001726	-0.001707	-0.002112
571	-0.001809	-0.00182	-0.002214
572	-0.001906	-0.001886	-0.002238
573	-0.002006	-0.001947	-0.00225
574	-0.00203	-0.001965	-0.002301
575	-0.00203	-0.00197	-0.002363
576	-0.002068	-0.002042	-0.002411
577	-0.002128	-0.002154	-0.002449
578	-0.002173	-0.002214	-0.002487
579	-0.002202	-0.002226	-0.002524
580	-0.002203	-0.002214	-0.002529
581	-0.002161	-0.002166	-0.002484
582	-0.002106	-0.002101	-0.00242
583	-0.002012	-0.001992	-0.00231
584	-0.001903	-0.001868	-0.002186
585	-0.001708	-0.00167	-0.001991
586	-0.001517	-0.001474	-0.001799
587	-0.001386	-0.001323	-0.00168
588	-0.001256	-0.001173	-0.001562
589	-0.001038	-0.000988	-0.001373
590	-0.000815	-0.0008	-0.00118
591	-0.000644	-0.000621	-0.000966
592	-0.000486	-0.000444	-0.000748
593	-0.00033	-0.000288	-0.000602
594	-0.000175	-0.000143	-0.000486
595	-0.000007	0.000008	-0.00035
596	0.00017	0.000161	-0.0002
597	0.000331	0.000323	-0.00003
598	0.000474	0.000493	0.000159
599	0.000623	0.000667	0.000334
600	0.00078	0.000847	0.000482
601	0.000937	0.001016	0.000636
602	0.001094	0.00115	0.000803
603	0.001254	0.001288	0.000969
604	0.001432	0.001447	0.001126
605	0.001609	0.001607	0.001282
606	0.001778	0.001797	0.001432
607	0.001948	0.001988	0.001582
608	0.002096	0.002126	0.001723
609	0.002243	0.00226	0.001863
610	0.002318	0.002359	0.001949
611	0.002377	0.002451	0.002024
612	0.00242	0.002505	0.002081
613	0.002457	0.002545	0.002131
614	0.002573	0.002651	0.002244
615	0.002738	0.0028	0.002397
616	0.002905	0.002942	0.002539
617	0.003072	0.003078	0.002669
618	0.0032	0.003204	0.002803
619	0.00327	0.003317	0.002943
620	0.003364	0.003444	0.003072
621	0.003518	0.003602	0.003177
622	0.003669	0.003753	0.003288
623	0.003806	0.003872	0.003422
624	0.003951	0.003997	0.003565
625	0.004172	0.004193	0.003789
626	0.004393	0.004389	0.004014
627	0.004516	0.004539	0.004164
628	0.004639	0.004688	0.004314
629	0.004843	0.00486	0.004453
630	0.005057	0.005036	0.004591
631	0.005249	0.005227	0.004817
632	0.005436	0.005421	0.005066
633	0.005552	0.005562	0.005167
634	0.005637	0.00568	0.005204
635	0.005775	0.005826	0.005356
636	0.005948	0.005991	0.005584
637	0.006098	0.006137	0.005755
638	0.006226	0.006263	0.005867
639	0.006344	0.006379	0.005981
640	0.006445	0.006481	0.006097
641	0.006531	0.00659	0.006188
642	0.006581	0.006715	0.006227
643	0.006623	0.006807	0.006269
644	0.006641	0.006781	0.006327
645	0.00667	0.006771	0.006384
646	0.00678	0.006867	0.006433
647	0.006882	0.006957	0.006478
648	0.006777	0.006837	0.006402
649	0.006672	0.006718	0.006327
650	0.006309	0.006352	0.005981
651	0.005931	0.005972	0.00562
652	0.00547	0.0055	0.005181
653	0.004995	0.005012	0.004728
654	0.004674	0.004673	0.004402
655	0.004399	0.00438	0.004115
656	0.00439	0.004404	0.004111
657	0.00451	0.004582	0.004243
658	0.004767	0.004841	0.004496
659	0.005121	0.005157	0.004832
660	0.005643	0.005664	0.005311
661	0.006333	0.006362	0.005932
662	0.006948	0.006967	0.006523
663	0.007457	0.007442	0.007073
664	0.007921	0.00789	0.007572
665	0.00829	0.00828	0.007968
666	0.008605	0.008616	0.008301
667	0.008753	0.008786	0.008437
668	0.008905	0.008957	0.008582
669	0.009074	0.009129	0.008767
670	0.009237	0.009294	0.008938
671	0.009337	0.009392	0.008961
672	0.009437	0.009489	0.008985
673	0.009507	0.00954	0.009039
674	0.009578	0.00959	0.009093
675	0.009578	0.009577	0.009142
676	0.009572	0.009558	0.009191
677	0.009618	0.009632	0.009268
678	0.009673	0.009724	0.009351
679	0.009729	0.009807	0.009389
680	0.009784	0.009889	0.009413
681	0.009834	0.009927	0.00947
682	0.009881	0.009946	0.009542
683	0.009912	0.009998	0.009634
684	0.009933	0.010071	0.009737
685	0.00998	0.010147	0.009784
686	0.010051	0.010226	0.009781
687	0.010115	0.010309	0.009823
688	0.010171	0.010397	0.009918
689	0.010234	0.010466	0.010002
690	0.010308	0.010503	0.010068
691	0.01042	0.010575	0.010161
692	0.010616	0.01072	0.010316
693	0.010781	0.010843	0.010439
694	0.01085	0.010897	0.010463
695	0.010914	0.010956	0.010497
696	0.010947	0.01104	0.010583
697	0.010985	0.011121	0.010663
698	0.011067	0.011168	0.010684
699	0.011151	0.011218	0.010712
700	0.011321	0.011382	0.01093
701	0.011491	0.011547	0.011147
702	0.011557	0.01158	0.011155
703	0.01162	0.011607	0.011155
704	0.011651	0.011708	0.011259
705	0.011678	0.011816	0.011375
706	0.011738	0.011834	0.011448
707	0.011806	0.011833	0.011513
708	0.01189	0.011941	0.011606
709	0.011979	0.012082	0.011708
710	0.012128	0.012191	0.011791
711	0.012303	0.012286	0.011866
712	0.012438	0.01239	0.01196
713	0.01255	0.012499	0.012065
714	0.012621	0.012585	0.012221
715	0.012662	0.012654	0.012415
716	0.012787	0.012804	0.012549
717	0.012989	0.01303	0.012628
718	0.013118	0.013191	0.012688
719	0.013159	0.013276	0.012726
720	0.013217	0.013338	0.012802
[LOG]
CHECKSUMëþ