[HEADER]
Format	J&M ASCII Table
Comment	
Date	03/03/2026 20:24:53
Order	Y (evenX)
TechType	UV
NumPoints	411
FirstX	310
LastX	720
XType	nm
YType	Absorbance
ZType	s
NumSubFile	3
Matrix	Z vs X
[LOGIN]
Name=pcbob
[INSTRUMENT]
Name=TIDAS E Base UV/VI
Detector=MMS - ASPEN 97,5 kHz
Diodearray=256 Pixel
Serial#=36584
Calibrated=2011-07-01
Range=183.81-729.88 [nm] (F0)

SWVersion=v3.18.2 (build 0)[LOGIN]
Name=pcbob
[CONFIG]
ChannelName=Channel 1
ChannelType=Normalized
[PARAMETER]
It=400,00
Aver=5
Norm=3
Range=310,0-720,0 nm
Scan=Time
ScanTime=5,00 s
[TRIGGER]
Sweep=0
Scan=0
[DIO]
DigOut=0x0000
DigIn=0x0000
[DATA]
	00:00:00,000	00:00:02,000	00:00:04,000
310	0.664141	0.663828	0.663533
311	0.654231	0.653974	0.653706
312	0.6444	0.644251	0.64403
313	0.634844	0.634742	0.634521
314	0.625668	0.625529	0.625242
315	0.616542	0.616356	0.61603
316	0.607573	0.607311	0.607029
317	0.598612	0.598285	0.598041
318	0.589776	0.589541	0.589247
319	0.58094	0.580798	0.580452
320	0.572428	0.572294	0.572009
321	0.563958	0.563821	0.563611
322	0.555524	0.55542	0.555202
323	0.547105	0.547049	0.546787
324	0.53888	0.538782	0.538536
325	0.530825	0.530608	0.530427
326	0.522792	0.522532	0.52238
327	0.514797	0.514636	0.514445
328	0.506819	0.506737	0.506519
329	0.498923	0.498831	0.498634
330	0.491026	0.490925	0.490749
331	0.483278	0.483108	0.482912
332	0.47553	0.475292	0.475075
333	0.467901	0.467829	0.467556
334	0.460297	0.460441	0.460104
335	0.452883	0.452976	0.452637
336	0.445571	0.445468	0.445161
337	0.438209	0.438024	0.437758
338	0.43079	0.430651	0.430435
339	0.423504	0.423396	0.423219
340	0.416531	0.416416	0.416252
341	0.409566	0.409448	0.409297
342	0.402667	0.402563	0.402415
343	0.395767	0.395678	0.395534
344	0.389041	0.388914	0.38877
345	0.382325	0.382157	0.382013
346	0.375633	0.375456	0.375268
347	0.368949	0.368772	0.368528
348	0.362419	0.362218	0.362044
349	0.355994	0.355753	0.355731
350	0.349633	0.349383	0.349432
351	0.343362	0.343143	0.343151
352	0.337149	0.336939	0.336887
353	0.331114	0.330842	0.330674
354	0.325075	0.324754	0.324479
355	0.318996	0.318779	0.318507
356	0.312917	0.312804	0.312536
357	0.307094	0.306939	0.306741
358	0.301298	0.301085	0.300965
359	0.295554	0.295367	0.295214
360	0.289829	0.289699	0.289474
361	0.284166	0.284074	0.283829
362	0.278551	0.278482	0.27826
363	0.273016	0.272958	0.272735
364	0.267608	0.267539	0.267278
365	0.262254	0.262178	0.261909
366	0.2571	0.25703	0.256861
367	0.251953	0.251887	0.251812
368	0.24695	0.246853	0.246718
369	0.241946	0.241818	0.241624
370	0.23699	0.236869	0.236652
371	0.232041	0.231932	0.231698
372	0.227195	0.227049	0.226822
373	0.222393	0.222189	0.221978
374	0.21761	0.217419	0.217246
375	0.212843	0.21273	0.212611
376	0.208221	0.208154	0.208046
377	0.203854	0.203775	0.203602
378	0.199517	0.199423	0.199213
379	0.195305	0.195183	0.195055
380	0.191097	0.190948	0.190899
381	0.187079	0.186933	0.186818
382	0.18306	0.182917	0.182736
383	0.179046	0.178917	0.178707
384	0.175033	0.174919	0.174687
385	0.171189	0.171073	0.170841
386	0.167423	0.167296	0.167077
387	0.163737	0.163628	0.163445
388	0.160125	0.160061	0.159937
389	0.156596	0.156546	0.156437
390	0.15322	0.153129	0.152951
391	0.14983	0.149705	0.149474
392	0.146377	0.146249	0.146043
393	0.14293	0.142801	0.142619
394	0.139972	0.139877	0.139733
395	0.137014	0.136954	0.136847
396	0.134251	0.13423	0.134082
397	0.131524	0.131543	0.13134
398	0.128933	0.128915	0.128728
399	0.126407	0.126314	0.126177
400	0.123751	0.123641	0.123513
401	0.120973	0.120901	0.120741
402	0.118213	0.118162	0.118003
403	0.115483	0.115429	0.115325
404	0.112805	0.112746	0.112696
405	0.110356	0.11029	0.110277
406	0.107909	0.107836	0.10786
407	0.105576	0.105541	0.105523
408	0.103243	0.103245	0.103185
409	0.100926	0.100895	0.10079
410	0.098612	0.098535	0.098385
411	0.096332	0.096255	0.096091
412	0.094068	0.09401	0.093848
413	0.091835	0.091798	0.091614
414	0.089629	0.089615	0.089389
415	0.087425	0.087422	0.087181
416	0.085222	0.085212	0.085005
417	0.083001	0.082989	0.082812
418	0.080713	0.080718	0.080551
419	0.078434	0.078454	0.078298
420	0.076392	0.076345	0.076239
421	0.07435	0.074237	0.074181
422	0.072348	0.072334	0.072277
423	0.070352	0.070461	0.070395
424	0.068615	0.068729	0.068679
425	0.066982	0.067054	0.067029
426	0.065405	0.065472	0.065415
427	0.063874	0.063964	0.063829
428	0.062386	0.062459	0.062298
429	0.060964	0.060956	0.060851
430	0.059548	0.059484	0.059424
431	0.058155	0.058114	0.058066
432	0.05676	0.056743	0.056707
433	0.055351	0.055356	0.055332
434	0.053942	0.05397	0.053957
435	0.052764	0.052806	0.052745
436	0.051608	0.051663	0.051548
437	0.050321	0.050387	0.050285
438	0.048992	0.049067	0.049002
439	0.047777	0.047866	0.047802
440	0.046638	0.046745	0.046657
441	0.045567	0.045664	0.045563
442	0.044582	0.044634	0.044534
443	0.043613	0.043615	0.04353
444	0.042682	0.042621	0.042594
445	0.041748	0.041638	0.041651
446	0.04078	0.040739	0.040659
447	0.039812	0.039839	0.039668
448	0.038842	0.038856	0.038781
449	0.037872	0.03787	0.037899
450	0.037074	0.037069	0.037068
451	0.036315	0.03631	0.03625
452	0.03548	0.035463	0.035432
453	0.034606	0.034568	0.034615
454	0.033797	0.033762	0.033811
455	0.033055	0.033044	0.033021
456	0.032338	0.032352	0.032282
457	0.031671	0.031713	0.031639
458	0.031011	0.031071	0.030997
459	0.03038	0.030421	0.030364
460	0.029747	0.02977	0.029728
461	0.029092	0.029122	0.029034
462	0.028437	0.028473	0.028341
463	0.02778	0.027844	0.027737
464	0.027124	0.027217	0.027144
465	0.026573	0.026662	0.026574
466	0.02606	0.026133	0.026013
467	0.025644	0.025711	0.025578
468	0.025298	0.025367	0.025233
469	0.02485	0.024919	0.02479
470	0.024266	0.024335	0.024217
471	0.02369	0.023774	0.023661
472	0.023132	0.023276	0.02315
473	0.022579	0.02277	0.022635
474	0.022064	0.022216	0.022106
475	0.02155	0.021663	0.021577
476	0.021164	0.021301	0.021142
477	0.020781	0.020943	0.020709
478	0.020432	0.020499	0.020314
479	0.020091	0.020038	0.019928
480	0.019602	0.019566	0.019457
481	0.019044	0.01909	0.018948
482	0.018563	0.018651	0.018502
483	0.018149	0.018245	0.01811
484	0.017729	0.017813	0.017699
485	0.017302	0.017341	0.017255
486	0.016939	0.016958	0.016886
487	0.016778	0.016855	0.016753
488	0.01661	0.01674	0.01661
489	0.016378	0.016512	0.016373
490	0.016146	0.016285	0.016136
491	0.015973	0.016146	0.016017
492	0.015803	0.016012	0.015905
493	0.015608	0.015791	0.015672
494	0.015406	0.015548	0.01541
495	0.015228	0.01534	0.015213
496	0.015061	0.015151	0.015049
497	0.014834	0.014918	0.014818
498	0.014548	0.014645	0.014525
499	0.014278	0.014398	0.014259
500	0.014036	0.014193	0.01404
501	0.013804	0.013978	0.013821
502	0.01361	0.013728	0.013607
503	0.013417	0.013487	0.013399
504	0.013236	0.01335	0.013262
505	0.013056	0.013212	0.013125
506	0.012877	0.013021	0.012945
507	0.012697	0.012826	0.012763
508	0.012562	0.012674	0.012611
509	0.012437	0.012533	0.012465
510	0.01221	0.012353	0.012271
511	0.011932	0.012151	0.012053
512	0.011747	0.011949	0.011881
513	0.011646	0.011746	0.011752
514	0.011521	0.011552	0.011611
515	0.01136	0.011373	0.011449
516	0.011195	0.011207	0.01128
517	0.011023	0.011084	0.011087
518	0.010855	0.010957	0.010902
519	0.010724	0.010807	0.010774
520	0.010593	0.010657	0.010646
521	0.010508	0.010526	0.010414
522	0.010425	0.010396	0.010178
523	0.010207	0.010225	0.010013
524	0.009962	0.010046	0.009861
525	0.009775	0.009874	0.009725
526	0.009614	0.009706	0.009595
527	0.00945	0.009553	0.009459
528	0.009284	0.009413	0.009317
529	0.009143	0.009301	0.009185
530	0.009037	0.009226	0.009069
531	0.008944	0.009144	0.008953
532	0.008888	0.009041	0.008841
533	0.008833	0.008952	0.008745
534	0.008781	0.008932	0.008738
535	0.008727	0.008907	0.008727
536	0.008583	0.008702	0.008573
537	0.008438	0.008498	0.00842
538	0.008346	0.008388	0.008322
539	0.008259	0.00829	0.008232
540	0.008162	0.008195	0.008144
541	0.008062	0.008101	0.008057
542	0.007925	0.007996	0.007941
543	0.007766	0.007884	0.007808
544	0.007657	0.007772	0.007669
545	0.007596	0.00766	0.007524
546	0.00752	0.007559	0.00742
547	0.007419	0.007479	0.007386
548	0.007333	0.007407	0.007333
549	0.007293	0.007362	0.007222
550	0.007243	0.007311	0.007118
551	0.007118	0.007213	0.007078
552	0.006993	0.007116	0.007038
553	0.006937	0.007061	0.006964
554	0.006881	0.007006	0.006888
555	0.006848	0.006948	0.006836
556	0.006819	0.006888	0.006787
557	0.006797	0.006872	0.00677
558	0.006778	0.006871	0.006765
559	0.006727	0.006841	0.00674
560	0.006656	0.00679	0.006702
561	0.006581	0.006713	0.006628
562	0.006503	0.006605	0.006516
563	0.006416	0.006511	0.006416
564	0.006315	0.006438	0.006336
565	0.00623	0.006367	0.00626
566	0.006194	0.006301	0.006195
567	0.006161	0.006245	0.006138
568	0.006148	0.006268	0.006145
569	0.006135	0.006291	0.006151
570	0.006004	0.006112	0.005991
571	0.005871	0.005932	0.005829
572	0.005768	0.00584	0.005741
573	0.005669	0.005761	0.005664
574	0.005602	0.005673	0.005618
575	0.005545	0.005582	0.005583
576	0.005462	0.005513	0.005502
577	0.005364	0.005458	0.005394
578	0.00531	0.005426	0.005325
579	0.0053	0.005415	0.005293
580	0.00529	0.005391	0.005268
581	0.005283	0.005345	0.005256
582	0.00528	0.005323	0.005253
583	0.005288	0.005363	0.005278
584	0.0053	0.0054	0.005307
585	0.00534	0.005429	0.005356
586	0.00538	0.005458	0.005404
587	0.005427	0.0055	0.005432
588	0.005474	0.005542	0.005459
589	0.005468	0.005562	0.005476
590	0.005459	0.00558	0.005492
591	0.005472	0.005577	0.005506
592	0.00549	0.00557	0.00552
593	0.005451	0.005541	0.005478
594	0.005388	0.005502	0.005411
595	0.005378	0.005473	0.005391
596	0.005405	0.005451	0.005404
597	0.005417	0.00545	0.005402
598	0.005412	0.005474	0.005383
599	0.005407	0.005481	0.005377
600	0.005403	0.005459	0.005395
601	0.005395	0.005433	0.005396
602	0.005374	0.005396	0.005346
603	0.005352	0.005369	0.005303
604	0.005321	0.005398	0.005306
605	0.005293	0.005427	0.00531
606	0.005345	0.005454	0.005352
607	0.005397	0.005481	0.005394
608	0.0054	0.005466	0.00541
609	0.005401	0.005447	0.005423
610	0.005382	0.005444	0.005409
611	0.00536	0.005444	0.00539
612	0.005405	0.005475	0.005419
613	0.005478	0.005519	0.005468
614	0.005472	0.005511	0.005452
615	0.005415	0.00547	0.005395
616	0.00541	0.005474	0.005401
617	0.005457	0.00552	0.005468
618	0.005499	0.005571	0.005529
619	0.005534	0.00563	0.005579
620	0.005557	0.005659	0.005599
621	0.005547	0.00562	0.00555
622	0.005546	0.005596	0.005514
623	0.005576	0.005636	0.005535
624	0.005608	0.005677	0.005555
625	0.005651	0.005723	0.005557
626	0.005694	0.005769	0.005558
627	0.005605	0.005653	0.005481
628	0.005514	0.005537	0.005404
629	0.005465	0.005519	0.005401
630	0.005422	0.005513	0.005408
631	0.005401	0.005492	0.005402
632	0.005387	0.005466	0.005394
633	0.00538	0.005506	0.00542
634	0.005375	0.005575	0.005461
635	0.005354	0.005571	0.005449
636	0.005322	0.00552	0.005404
637	0.005348	0.00553	0.005388
638	0.005432	0.005601	0.005402
639	0.00547	0.00563	0.005416
640	0.005441	0.005598	0.00543
641	0.005427	0.005577	0.005449
642	0.005443	0.005577	0.005479
643	0.005484	0.005593	0.005513
644	0.005612	0.00567	0.005558
645	0.005719	0.005739	0.005606
646	0.005682	0.005747	0.005674
647	0.005648	0.005754	0.005739
648	0.005702	0.005758	0.005713
649	0.005755	0.005762	0.005687
650	0.005744	0.005774	0.005709
651	0.005729	0.005786	0.005735
652	0.005691	0.005755	0.005701
653	0.005649	0.005718	0.005657
654	0.005611	0.005647	0.005611
655	0.005575	0.005567	0.005565
656	0.005594	0.0056	0.00558
657	0.00564	0.005687	0.005625
658	0.005662	0.005747	0.005662
659	0.005668	0.005788	0.005694
660	0.005713	0.005838	0.005732
661	0.005799	0.005897	0.005774
662	0.005847	0.00595	0.005819
663	0.005843	0.005995	0.005869
664	0.005858	0.006037	0.005906
665	0.005909	0.006076	0.005919
666	0.005942	0.006089	0.005918
667	0.00592	0.006026	0.005877
668	0.005902	0.005984	0.005865
669	0.005911	0.006051	0.005999
670	0.005923	0.006114	0.006122
671	0.00598	0.006133	0.006108
672	0.006037	0.006153	0.006095
673	0.006078	0.006126	0.006113
674	0.00612	0.006099	0.006132
675	0.006105	0.006126	0.006149
676	0.006086	0.006158	0.006165
677	0.006119	0.006206	0.006183
678	0.006162	0.006257	0.0062
679	0.006186	0.006288	0.006242
680	0.006204	0.006314	0.006291
681	0.006225	0.006336	0.006298
682	0.006247	0.006356	0.006288
683	0.006314	0.006393	0.006309
684	0.006409	0.006441	0.006352
685	0.006437	0.006478	0.0064
686	0.006406	0.006505	0.006453
687	0.00645	0.006549	0.006501
688	0.006585	0.006616	0.006543
689	0.006634	0.00664	0.006553
690	0.006546	0.006598	0.00651
691	0.006499	0.006584	0.006486
692	0.006542	0.006635	0.006505
693	0.006587	0.006671	0.006525
694	0.006642	0.006665	0.006547
695	0.006684	0.006671	0.006575
696	0.006669	0.006738	0.006635
697	0.006658	0.0068	0.006685
698	0.006686	0.00681	0.006646
699	0.006714	0.006818	0.006611
700	0.00672	0.006795	0.00672
701	0.006726	0.006772	0.006829
702	0.006772	0.006814	0.006836
703	0.006818	0.006858	0.00684
704	0.006884	0.006865	0.006845
705	0.006952	0.006867	0.00685
706	0.006942	0.006913	0.006835
707	0.006917	0.006967	0.006815
708	0.006923	0.006987	0.006853
709	0.006939	0.006997	0.006909
710	0.006919	0.007001	0.006916
711	0.006885	0.007003	0.006901
712	0.006862	0.006968	0.006879
713	0.006844	0.006912	0.006854
714	0.006876	0.006942	0.0069
715	0.006944	0.007035	0.006998
716	0.006946	0.007065	0.007012
717	0.006887	0.007034	0.006948
718	0.006911	0.007075	0.006965
719	0.007032	0.007197	0.007079
720	0.007118	0.007277	0.007149
[LOG]
CHECKSUM¨^