[HEADER]
Format	J&M ASCII Table
Comment	
Date	03/03/2026 19:59:36
Order	Y (evenX)
TechType	UV
NumPoints	411
FirstX	310
LastX	720
XType	nm
YType	Absorbance
ZType	s
NumSubFile	3
Matrix	Z vs X
[LOGIN]
Name=pcbob
[INSTRUMENT]
Name=TIDAS E Base UV/VI
Detector=MMS - ASPEN 97,5 kHz
Diodearray=256 Pixel
Serial#=36584
Calibrated=2011-07-01
Range=183.81-729.88 [nm] (F0)

SWVersion=v3.18.2 (build 0)[LOGIN]
Name=pcbob
[CONFIG]
ChannelName=Channel 1
ChannelType=Normalized
[PARAMETER]
It=400,00
Aver=5
Norm=3
Range=310,0-720,0 nm
Scan=Time
ScanTime=5,00 s
[TRIGGER]
Sweep=0
Scan=0
[DIO]
DigOut=0x0000
DigIn=0x0000
[DATA]
	00:00:00,000	00:00:02,000	00:00:04,000
310	0.590837	0.590255	0.589857
311	0.581793	0.581241	0.580858
312	0.572876	0.572395	0.57201
313	0.56413	0.563666	0.56328
314	0.555617	0.5551	0.554712
315	0.547181	0.546614	0.546233
316	0.538983	0.538381	0.538033
317	0.530789	0.530161	0.52984
318	0.522663	0.522138	0.521758
319	0.514536	0.514116	0.513676
320	0.506587	0.506151	0.505781
321	0.498659	0.498195	0.497911
322	0.490914	0.490451	0.49019
323	0.483244	0.482795	0.48253
324	0.475698	0.475265	0.474984
325	0.468261	0.467849	0.467537
326	0.460922	0.460503	0.460181
327	0.453763	0.453288	0.452989
328	0.446602	0.446095	0.445801
329	0.439435	0.439007	0.438629
330	0.432267	0.431919	0.431458
331	0.425232	0.424838	0.424402
332	0.418196	0.417756	0.417347
333	0.411412	0.410953	0.410574
334	0.40468	0.404208	0.403862
335	0.398014	0.397548	0.397237
336	0.391383	0.390934	0.390658
337	0.384853	0.384419	0.384175
338	0.378434	0.378015	0.377798
339	0.372038	0.37164	0.371403
340	0.365698	0.365331	0.364967
341	0.359386	0.359044	0.358578
342	0.353271	0.352907	0.352524
343	0.347155	0.346771	0.34647
344	0.341271	0.340888	0.340638
345	0.3354	0.33502	0.334819
346	0.329524	0.329158	0.328919
347	0.323646	0.323298	0.322994
348	0.317856	0.317489	0.31717
349	0.312126	0.311713	0.311413
350	0.306441	0.306034	0.305723
351	0.300818	0.300486	0.300122
352	0.295214	0.294935	0.294521
353	0.289667	0.289377	0.288921
354	0.284123	0.283822	0.283331
355	0.278624	0.278309	0.27786
356	0.273126	0.272797	0.272388
357	0.267798	0.267435	0.267089
358	0.262489	0.262089	0.261807
359	0.257308	0.256948	0.256644
360	0.252175	0.251883	0.251523
361	0.247115	0.246838	0.24646
362	0.242111	0.24181	0.241444
363	0.237147	0.236822	0.236465
364	0.232246	0.231899	0.231548
365	0.227389	0.227027	0.226687
366	0.222693	0.222339	0.222036
367	0.217999	0.217653	0.217382
368	0.213356	0.212987	0.212692
369	0.208713	0.208321	0.208001
370	0.20421	0.203848	0.203471
371	0.199728	0.199404	0.198964
372	0.195235	0.194888	0.194476
373	0.190737	0.190342	0.189995
374	0.186367	0.185942	0.185636
375	0.182107	0.181671	0.181384
376	0.177861	0.17743	0.177142
377	0.173638	0.173244	0.172918
378	0.169461	0.169098	0.168747
379	0.16548	0.165118	0.1648
380	0.1615	0.16114	0.160856
381	0.15759	0.15728	0.157
382	0.15368	0.153419	0.153145
383	0.149918	0.14963	0.149354
384	0.146181	0.145854	0.145574
385	0.142457	0.142155	0.141888
386	0.138739	0.138492	0.138244
387	0.135204	0.134965	0.134734
388	0.13184	0.131565	0.13135
389	0.128516	0.128223	0.128013
390	0.125267	0.124988	0.124765
391	0.122016	0.121751	0.121509
392	0.118751	0.118501	0.118213
393	0.115488	0.115253	0.114919
394	0.112303	0.1121	0.111853
395	0.109118	0.108946	0.108787
396	0.106348	0.106136	0.105944
397	0.103652	0.103388	0.103141
398	0.101051	0.100757	0.100545
399	0.098495	0.098182	0.098047
400	0.095836	0.095528	0.095419
401	0.093078	0.092799	0.092669
402	0.090332	0.090101	0.089915
403	0.087608	0.087458	0.087156
404	0.08496	0.084872	0.084494
405	0.082644	0.082535	0.082271
406	0.080329	0.0802	0.080046
407	0.078043	0.077953	0.077763
408	0.075758	0.075706	0.075479
409	0.073426	0.073379	0.07319
410	0.071085	0.071039	0.0709
411	0.068702	0.068634	0.068461
412	0.066299	0.0662	0.065955
413	0.06396	0.063853	0.063596
414	0.061679	0.061583	0.06137
415	0.059402	0.059308	0.059124
416	0.057132	0.057021	0.056843
417	0.054873	0.054755	0.054583
418	0.052655	0.052565	0.052405
419	0.050452	0.050387	0.050236
420	0.048625	0.048528	0.048275
421	0.046798	0.046669	0.046315
422	0.045014	0.044883	0.044598
423	0.043236	0.043107	0.042915
424	0.041428	0.041299	0.041178
425	0.039609	0.039478	0.039419
426	0.037989	0.037871	0.037819
427	0.036529	0.036435	0.036348
428	0.03515	0.035071	0.034951
429	0.033892	0.033815	0.033669
430	0.032635	0.032562	0.032403
431	0.031375	0.031322	0.031189
432	0.030112	0.030077	0.029964
433	0.028805	0.028773	0.028612
434	0.027498	0.02747	0.027259
435	0.026353	0.026309	0.026151
436	0.025224	0.025162	0.025065
437	0.024027	0.023981	0.023871
438	0.022809	0.022788	0.022641
439	0.021658	0.02167	0.021524
440	0.020553	0.020601	0.020482
441	0.019497	0.019542	0.019451
442	0.018507	0.018495	0.018435
443	0.017531	0.017487	0.017438
444	0.016595	0.01658	0.016488
445	0.015676	0.015679	0.015556
446	0.014871	0.014825	0.014749
447	0.014065	0.013972	0.013943
448	0.013343	0.013264	0.013208
449	0.012623	0.012561	0.012476
450	0.011942	0.011899	0.011809
451	0.011271	0.011247	0.011157
452	0.010586	0.010602	0.010528
453	0.009895	0.009962	0.009911
454	0.009241	0.009331	0.009277
455	0.008626	0.008708	0.008626
456	0.008047	0.008113	0.008017
457	0.007539	0.007568	0.007483
458	0.007039	0.007043	0.006967
459	0.006575	0.006597	0.006527
460	0.006108	0.006145	0.006081
461	0.005578	0.005577	0.005508
462	0.005047	0.005008	0.004936
463	0.004504	0.00453	0.004444
464	0.003959	0.004063	0.003963
465	0.003554	0.00364	0.003541
466	0.0032	0.003231	0.003139
467	0.002919	0.002947	0.002838
468	0.00269	0.002751	0.002609
469	0.002461	0.002536	0.002389
470	0.002232	0.002295	0.002179
471	0.001985	0.002051	0.001956
472	0.00169	0.001801	0.001698
473	0.001396	0.001548	0.001442
474	0.001113	0.001276	0.001202
475	0.000831	0.001003	0.000962
476	0.000656	0.000831	0.000748
477	0.000483	0.000661	0.000535
478	0.000266	0.000425	0.000324
479	0.000041	0.000176	0.000113
480	-0.000254	-0.00016	-0.000198
481	-0.00058	-0.000537	-0.000555
482	-0.001094	-0.001029	-0.00107
483	-0.001773	-0.001622	-0.00172
484	-0.002357	-0.002171	-0.002292
485	-0.002793	-0.00265	-0.00274
486	-0.003107	-0.003004	-0.003068
487	-0.003039	-0.002964	-0.003021
488	-0.002963	-0.002911	-0.002963
489	-0.002809	-0.002735	-0.002812
490	-0.002656	-0.002558	-0.00266
491	-0.002424	-0.002337	-0.002417
492	-0.002188	-0.002113	-0.002169
493	-0.002076	-0.001969	-0.002029
494	-0.001995	-0.001845	-0.001916
495	-0.001941	-0.001794	-0.001841
496	-0.0019	-0.001781	-0.001785
497	-0.001884	-0.001764	-0.001782
498	-0.001889	-0.001745	-0.001827
499	-0.001899	-0.00175	-0.001863
500	-0.001915	-0.001794	-0.001882
501	-0.001932	-0.001822	-0.001893
502	-0.001947	-0.001796	-0.001876
503	-0.001962	-0.001774	-0.001863
504	-0.001967	-0.001802	-0.001891
505	-0.001973	-0.00183	-0.001919
506	-0.001986	-0.001836	-0.001895
507	-0.002001	-0.001841	-0.001868
508	-0.001995	-0.00182	-0.001868
509	-0.001985	-0.001793	-0.001875
510	-0.001979	-0.001783	-0.001862
511	-0.001977	-0.001782	-0.001839
512	-0.001952	-0.00175	-0.001806
513	-0.001907	-0.001691	-0.001766
514	-0.001871	-0.00167	-0.00175
515	-0.001851	-0.001709	-0.001773
516	-0.001827	-0.001716	-0.00177
517	-0.001795	-0.001622	-0.00169
518	-0.001752	-0.001527	-0.001612
519	-0.001631	-0.001425	-0.001545
520	-0.00151	-0.001323	-0.001479
521	-0.001468	-0.001309	-0.00139
522	-0.001428	-0.001297	-0.0013
523	-0.001298	-0.001211	-0.001203
524	-0.001149	-0.00111	-0.001104
525	-0.001144	-0.001071	-0.001079
526	-0.001201	-0.00106	-0.001087
527	-0.00128	-0.0011	-0.001142
528	-0.001378	-0.00118	-0.001233
529	-0.001459	-0.001249	-0.001314
530	-0.001516	-0.001303	-0.001382
531	-0.001575	-0.001358	-0.001451
532	-0.001636	-0.001416	-0.001527
533	-0.001695	-0.001479	-0.001598
534	-0.001742	-0.001561	-0.001641
535	-0.001786	-0.001639	-0.001683
536	-0.001714	-0.001568	-0.001655
537	-0.001641	-0.001496	-0.001627
538	-0.001609	-0.001468	-0.0015
539	-0.001583	-0.001444	-0.001361
540	-0.001513	-0.001387	-0.001336
541	-0.00143	-0.00132	-0.001346
542	-0.001348	-0.001241	-0.001251
543	-0.001269	-0.001156	-0.001094
544	-0.001159	-0.001051	-0.000983
545	-0.001021	-0.000925	-0.000918
546	-0.000924	-0.000804	-0.000848
547	-0.000899	-0.000688	-0.000768
548	-0.000863	-0.000592	-0.000696
549	-0.000792	-0.000553	-0.000647
550	-0.000721	-0.000513	-0.000597
551	-0.000647	-0.000464	-0.000544
552	-0.000573	-0.000415	-0.00049
553	-0.000596	-0.00043	-0.000495
554	-0.00062	-0.000446	-0.000501
555	-0.00064	-0.000416	-0.000477
556	-0.000659	-0.000378	-0.000448
557	-0.000619	-0.000402	-0.00044
558	-0.000558	-0.000449	-0.00044
559	-0.000523	-0.000428	-0.000416
560	-0.000505	-0.000364	-0.000378
561	-0.000482	-0.000314	-0.000352
562	-0.000451	-0.000278	-0.000339
563	-0.000429	-0.000266	-0.000328
564	-0.000422	-0.000296	-0.00032
565	-0.000448	-0.000344	-0.000349
566	-0.000584	-0.000454	-0.000496
567	-0.000719	-0.000564	-0.000643
568	-0.000847	-0.000684	-0.000795
569	-0.000976	-0.000804	-0.000947
570	-0.001101	-0.000976	-0.00105
571	-0.001226	-0.001149	-0.001152
572	-0.001296	-0.001208	-0.00122
573	-0.001357	-0.00125	-0.001284
574	-0.001401	-0.001312	-0.001332
575	-0.001441	-0.00138	-0.001376
576	-0.001523	-0.001442	-0.00145
577	-0.00163	-0.001499	-0.001542
578	-0.001692	-0.001548	-0.001585
579	-0.001711	-0.001591	-0.001582
580	-0.0017	-0.001594	-0.00157
581	-0.001642	-0.001538	-0.001543
582	-0.001571	-0.001473	-0.001503
583	-0.001468	-0.001386	-0.00143
584	-0.001352	-0.00128	-0.001328
585	-0.001171	-0.001077	-0.001078
586	-0.000992	-0.000875	-0.000832
587	-0.000855	-0.000695	-0.000688
588	-0.000718	-0.000516	-0.000544
589	-0.00049	-0.000309	-0.000333
590	-0.000254	-0.000099	-0.000116
591	-0.000053	0.000101	0.000052
592	0.000139	0.0003	0.000208
593	0.000265	0.000452	0.000331
594	0.000362	0.000585	0.000438
595	0.000512	0.000717	0.000575
596	0.0007	0.00085	0.000732
597	0.000876	0.001007	0.000913
598	0.001041	0.001193	0.001122
599	0.001194	0.001361	0.00131
600	0.001328	0.001498	0.001466
601	0.001463	0.001641	0.001616
602	0.001602	0.001799	0.001753
603	0.00175	0.001955	0.001894
604	0.001951	0.002099	0.002053
605	0.00215	0.002243	0.002213
606	0.002329	0.0024	0.002394
607	0.002509	0.002557	0.002576
608	0.00263	0.002729	0.002725
609	0.002747	0.002903	0.002871
610	0.002826	0.002986	0.002962
611	0.002895	0.003048	0.003041
612	0.002954	0.003123	0.003104
613	0.003008	0.003202	0.00316
614	0.003128	0.00332	0.003262
615	0.003292	0.003464	0.003394
616	0.003452	0.003607	0.003549
617	0.003609	0.003751	0.003727
618	0.003733	0.003884	0.003868
619	0.003809	0.004003	0.003955
620	0.003904	0.004119	0.00405
621	0.004043	0.004228	0.004167
622	0.004182	0.004346	0.004289
623	0.004324	0.004503	0.004436
624	0.004477	0.004668	0.004592
625	0.004734	0.004913	0.004831
626	0.004992	0.005158	0.005069
627	0.005103	0.005277	0.005215
628	0.005213	0.005395	0.005361
629	0.005421	0.005578	0.005544
630	0.00564	0.005769	0.005733
631	0.005804	0.00597	0.005918
632	0.005954	0.006173	0.006103
633	0.00606	0.006286	0.00622
634	0.006146	0.006361	0.006308
635	0.006283	0.006476	0.006449
636	0.006455	0.006618	0.006626
637	0.006614	0.006775	0.00677
638	0.006761	0.006947	0.006881
639	0.00689	0.00709	0.00701
640	0.006989	0.007192	0.007164
641	0.00708	0.007284	0.007288
642	0.007149	0.007355	0.007341
643	0.007215	0.00742	0.007393
644	0.00727	0.007462	0.007437
645	0.007323	0.007507	0.007487
646	0.007372	0.007569	0.007575
647	0.007414	0.007622	0.007655
648	0.007295	0.007435	0.007485
649	0.007176	0.007248	0.007315
650	0.006823	0.006921	0.006944
651	0.006457	0.006586	0.006561
652	0.005902	0.006063	0.006006
653	0.005315	0.005508	0.005422
654	0.00496	0.005105	0.005076
655	0.004677	0.004748	0.004805
656	0.004652	0.004751	0.00482
657	0.004752	0.004927	0.004972
658	0.005023	0.005226	0.005228
659	0.005417	0.005611	0.005557
660	0.005966	0.006135	0.006062
661	0.00667	0.006799	0.006745
662	0.007311	0.007426	0.00739
663	0.007863	0.008002	0.007982
664	0.00836	0.008523	0.008501
665	0.008749	0.008934	0.008873
666	0.009085	0.009276	0.009194
667	0.009259	0.009405	0.009359
668	0.009425	0.009542	0.009533
669	0.009554	0.009719	0.009747
670	0.009681	0.009889	0.009947
671	0.00978	0.009976	0.009976
672	0.009879	0.010063	0.010005
673	0.009933	0.010097	0.010095
674	0.009987	0.010131	0.010185
675	0.010007	0.010167	0.010204
676	0.010025	0.010204	0.010218
677	0.010113	0.010273	0.010273
678	0.010214	0.010349	0.010336
679	0.010257	0.010384	0.010402
680	0.010283	0.010407	0.010468
681	0.010325	0.010456	0.010501
682	0.010376	0.010517	0.010518
683	0.010429	0.010586	0.010589
684	0.010485	0.01066	0.010694
685	0.010546	0.010702	0.010743
686	0.010613	0.010717	0.010742
687	0.010675	0.010779	0.010787
688	0.010733	0.010897	0.010887
689	0.01081	0.010983	0.010966
690	0.01092	0.011017	0.011013
691	0.011025	0.011093	0.011085
692	0.011118	0.011263	0.011213
693	0.011207	0.011393	0.011332
694	0.011286	0.011394	0.011424
695	0.011367	0.011421	0.01151
696	0.011461	0.011568	0.01156
697	0.011548	0.011705	0.011614
698	0.011585	0.011753	0.011691
699	0.011626	0.011803	0.011771
700	0.011802	0.011909	0.011942
701	0.011978	0.012014	0.012113
702	0.012009	0.012085	0.012186
703	0.012035	0.012154	0.012256
704	0.012099	0.012245	0.01227
705	0.012167	0.012338	0.012279
706	0.012226	0.012367	0.012316
707	0.012283	0.012383	0.01236
708	0.012351	0.012507	0.012494
709	0.012421	0.012663	0.012655
710	0.012548	0.012771	0.01273
711	0.012699	0.012859	0.012768
712	0.012805	0.012914	0.012882
713	0.012885	0.01295	0.013037
714	0.013002	0.013045	0.013179
715	0.013146	0.013184	0.013309
716	0.013287	0.013362	0.013448
717	0.013424	0.013576	0.013595
718	0.013508	0.013691	0.013677
719	0.013529	0.013686	0.013681
720	0.013586	0.013718	0.013724
[LOG]
CHECKSUMês