[HEADER]
Format	J&M ASCII Table
Comment	
Date	03/03/2026 20:51:23
Order	Y (evenX)
TechType	UV
NumPoints	411
FirstX	310
LastX	720
XType	nm
YType	Absorbance
ZType	s
NumSubFile	3
Matrix	Z vs X
[LOGIN]
Name=pcbob
[INSTRUMENT]
Name=TIDAS E Base UV/VI
Detector=MMS - ASPEN 97,5 kHz
Diodearray=256 Pixel
Serial#=36584
Calibrated=2011-07-01
Range=183.81-729.88 [nm] (F0)

SWVersion=v3.18.2 (build 0)[LOGIN]
Name=pcbob
[CONFIG]
ChannelName=Channel 1
ChannelType=Normalized
[PARAMETER]
It=400,00
Aver=5
Norm=3
Range=310,0-720,0 nm
Scan=Time
ScanTime=5,00 s
[TRIGGER]
Sweep=0
Scan=0
[DIO]
DigOut=0x0000
DigIn=0x0000
[DATA]
	00:00:00,000	00:00:02,000	00:00:04,000
310	0.466748	0.466491	0.466091
311	0.459636	0.459366	0.459004
312	0.452694	0.452353	0.452066
313	0.445872	0.445502	0.445244
314	0.439215	0.438875	0.438584
315	0.432566	0.432242	0.431935
316	0.425943	0.42559	0.425322
317	0.419337	0.418961	0.418726
318	0.412993	0.412664	0.412384
319	0.406649	0.406366	0.406042
320	0.400484	0.400121	0.399836
321	0.394342	0.393883	0.393647
322	0.388203	0.387757	0.387509
323	0.382066	0.381677	0.381391
324	0.375975	0.375644	0.375337
325	0.369923	0.369651	0.369338
326	0.363975	0.363712	0.363405
327	0.358217	0.357868	0.357593
328	0.352457	0.352053	0.351804
329	0.346691	0.346365	0.346119
330	0.340925	0.340677	0.340435
331	0.335351	0.334983	0.334647
332	0.329777	0.329289	0.328859
333	0.324331	0.323823	0.323415
334	0.318912	0.318406	0.318043
335	0.313476	0.312981	0.312654
336	0.30803	0.307552	0.307256
337	0.302744	0.302295	0.301972
338	0.297638	0.297231	0.296816
339	0.292546	0.292171	0.291706
340	0.287489	0.287124	0.286708
341	0.282457	0.282092	0.281717
342	0.277591	0.277166	0.276775
343	0.272726	0.272239	0.271833
344	0.267807	0.26742	0.26707
345	0.262885	0.262608	0.262316
346	0.258223	0.257917	0.257659
347	0.253636	0.253263	0.253031
348	0.249027	0.248662	0.248434
349	0.244404	0.244098	0.243858
350	0.239839	0.239585	0.239341
351	0.235352	0.235141	0.234906
352	0.230909	0.230699	0.230479
353	0.226597	0.226261	0.226077
354	0.222289	0.221834	0.22168
355	0.218026	0.217538	0.217344
356	0.213764	0.213242	0.213008
357	0.20942	0.208994	0.208729
358	0.205067	0.20475	0.204456
359	0.200893	0.200573	0.200313
360	0.196786	0.196421	0.196218
361	0.192663	0.192317	0.19213
362	0.188528	0.188251	0.188047
363	0.184455	0.184237	0.183999
364	0.180477	0.180306	0.180005
365	0.176543	0.176391	0.176044
366	0.17277	0.172528	0.172201
367	0.168998	0.16867	0.168364
368	0.16527	0.164929	0.164646
369	0.161541	0.161189	0.160928
370	0.157764	0.157485	0.15713
371	0.15398	0.153786	0.153319
372	0.150309	0.150125	0.149651
373	0.146685	0.146481	0.146044
374	0.143101	0.14287	0.142485
375	0.139552	0.139289	0.138968
376	0.136049	0.135756	0.135495
377	0.132627	0.13231	0.132096
378	0.129199	0.128861	0.128685
379	0.125742	0.125406	0.125216
380	0.122289	0.121955	0.121751
381	0.119005	0.118737	0.118457
382	0.11572	0.115519	0.115163
383	0.112476	0.112241	0.111908
384	0.109237	0.108953	0.108659
385	0.106041	0.105734	0.105472
386	0.102864	0.102547	0.102313
387	0.099815	0.099475	0.099285
388	0.096886	0.09651	0.09638
389	0.093972	0.093582	0.093477
390	0.091085	0.090721	0.090579
391	0.088173	0.087833	0.087662
392	0.085144	0.084825	0.084657
393	0.08212	0.081822	0.081657
394	0.079434	0.079136	0.078982
395	0.076748	0.07645	0.076307
396	0.07427	0.07399	0.073788
397	0.07183	0.07157	0.071297
398	0.069548	0.069314	0.069054
399	0.06734	0.067136	0.066929
400	0.064968	0.064769	0.064598
401	0.062441	0.062224	0.062075
402	0.0599	0.059655	0.059521
403	0.057332	0.057042	0.05691
404	0.054813	0.054496	0.054357
405	0.052503	0.052252	0.052056
406	0.050197	0.050008	0.049758
407	0.048074	0.047788	0.047564
408	0.045952	0.045569	0.04537
409	0.043615	0.043306	0.043123
410	0.041242	0.041037	0.040867
411	0.038981	0.038788	0.038608
412	0.03677	0.03655	0.036347
413	0.034587	0.034383	0.034192
414	0.032429	0.032282	0.032132
415	0.030255	0.030146	0.030019
416	0.028052	0.027947	0.027815
417	0.025861	0.025758	0.025616
418	0.023714	0.023606	0.023439
419	0.021571	0.021457	0.021266
420	0.019532	0.019389	0.019188
421	0.017492	0.017321	0.01711
422	0.015508	0.015382	0.015188
423	0.013531	0.013461	0.013288
424	0.011735	0.011688	0.011512
425	0.010012	0.009973	0.009785
426	0.00839	0.00834	0.008175
427	0.006849	0.006773	0.006658
428	0.005433	0.005333	0.005246
429	0.004209	0.004087	0.003996
430	0.002945	0.002817	0.00272
431	0.001551	0.001467	0.001358
432	0.000152	0.000107	-0.000012
433	-0.001308	-0.001379	-0.001505
434	-0.002768	-0.002866	-0.002997
435	-0.004047	-0.00416	-0.004275
436	-0.00531	-0.005435	-0.005532
437	-0.006561	-0.006694	-0.006793
438	-0.007807	-0.007946	-0.008055
439	-0.009099	-0.009198	-0.00931
440	-0.010423	-0.01045	-0.010558
441	-0.011597	-0.011597	-0.01169
442	-0.01258	-0.012611	-0.012673
443	-0.013561	-0.013605	-0.013661
444	-0.014539	-0.01455	-0.014663
445	-0.015508	-0.015494	-0.015654
446	-0.016422	-0.016436	-0.016567
447	-0.017336	-0.017377	-0.01748
448	-0.018185	-0.018259	-0.018315
449	-0.019032	-0.019139	-0.019148
450	-0.01983	-0.019919	-0.019935
451	-0.020616	-0.020677	-0.020712
452	-0.021374	-0.021423	-0.021492
453	-0.022117	-0.022164	-0.022275
454	-0.02283	-0.022907	-0.023034
455	-0.023514	-0.023655	-0.023771
456	-0.02417	-0.024329	-0.024419
457	-0.024773	-0.024868	-0.024902
458	-0.025363	-0.025407	-0.025402
459	-0.025899	-0.025943	-0.025977
460	-0.026438	-0.026481	-0.026551
461	-0.027065	-0.02708	-0.027103
462	-0.027691	-0.027678	-0.027655
463	-0.028222	-0.028203	-0.028254
464	-0.028741	-0.028718	-0.028859
465	-0.029154	-0.029164	-0.029253
466	-0.02953	-0.029585	-0.02957
467	-0.02975	-0.029855	-0.029807
468	-0.02986	-0.030015	-0.029987
469	-0.030057	-0.0302	-0.030194
470	-0.030371	-0.030417	-0.030439
471	-0.030694	-0.030663	-0.030711
472	-0.031043	-0.030984	-0.031056
473	-0.031384	-0.031313	-0.031398
474	-0.031673	-0.0317	-0.031722
475	-0.031961	-0.032087	-0.032046
476	-0.032211	-0.032344	-0.032295
477	-0.032461	-0.032598	-0.032542
478	-0.032761	-0.032838	-0.03279
479	-0.033072	-0.033076	-0.033039
480	-0.03341	-0.033396	-0.033376
481	-0.033763	-0.033755	-0.033755
482	-0.034182	-0.03421	-0.034185
483	-0.034659	-0.034749	-0.03466
484	-0.035139	-0.035248	-0.035145
485	-0.035625	-0.035684	-0.035647
486	-0.035964	-0.03599	-0.035993
487	-0.03584	-0.03589	-0.035851
488	-0.035701	-0.035772	-0.035699
489	-0.035415	-0.035483	-0.035441
490	-0.035129	-0.035193	-0.035182
491	-0.034851	-0.034915	-0.034943
492	-0.034574	-0.034636	-0.034706
493	-0.034481	-0.034509	-0.034573
494	-0.034432	-0.034417	-0.034467
495	-0.034326	-0.034321	-0.034346
496	-0.03419	-0.034222	-0.034216
497	-0.034162	-0.034184	-0.034201
498	-0.034238	-0.034203	-0.034292
499	-0.034283	-0.034225	-0.034342
500	-0.034277	-0.034252	-0.034323
501	-0.034274	-0.034277	-0.034306
502	-0.034275	-0.034292	-0.034298
503	-0.034264	-0.034294	-0.034284
504	-0.034116	-0.03415	-0.034203
505	-0.033967	-0.034006	-0.034121
506	-0.033849	-0.033942	-0.033971
507	-0.033732	-0.033882	-0.033817
508	-0.033598	-0.03372	-0.033697
509	-0.03346	-0.033534	-0.033586
510	-0.033383	-0.033451	-0.03348
511	-0.033338	-0.033421	-0.033375
512	-0.033257	-0.033326	-0.033263
513	-0.033145	-0.033171	-0.033144
514	-0.033015	-0.03303	-0.03302
515	-0.032856	-0.032911	-0.032888
516	-0.032723	-0.0328	-0.032777
517	-0.032669	-0.032715	-0.032732
518	-0.032613	-0.032633	-0.032678
519	-0.032544	-0.032575	-0.032556
520	-0.032474	-0.032517	-0.032433
521	-0.032328	-0.032351	-0.032311
522	-0.032179	-0.032183	-0.032189
523	-0.032114	-0.032133	-0.032128
524	-0.032066	-0.032106	-0.03208
525	-0.031992	-0.032043	-0.031997
526	-0.031908	-0.031962	-0.031899
527	-0.031804	-0.031825	-0.031766
528	-0.031687	-0.031644	-0.031604
529	-0.031562	-0.031487	-0.031469
530	-0.031428	-0.031362	-0.031368
531	-0.031285	-0.031245	-0.031246
532	-0.031117	-0.031145	-0.031072
533	-0.030937	-0.031024	-0.030901
534	-0.030694	-0.030787	-0.030746
535	-0.030454	-0.030552	-0.030591
536	-0.030326	-0.030417	-0.030417
537	-0.030197	-0.030282	-0.030242
538	-0.030063	-0.030134	-0.03009
539	-0.029929	-0.029985	-0.029941
540	-0.029837	-0.029886	-0.029823
541	-0.029758	-0.029802	-0.029714
542	-0.029697	-0.029728	-0.029638
543	-0.029645	-0.029659	-0.029581
544	-0.029555	-0.02958	-0.029503
545	-0.029425	-0.029493	-0.029402
546	-0.029276	-0.029348	-0.029275
547	-0.029097	-0.029107	-0.029103
548	-0.028908	-0.028871	-0.02891
549	-0.028694	-0.028653	-0.02865
550	-0.028478	-0.028438	-0.028394
551	-0.02825	-0.028245	-0.028164
552	-0.028021	-0.028052	-0.027935
553	-0.027823	-0.027864	-0.027761
554	-0.027626	-0.027675	-0.027588
555	-0.027417	-0.027444	-0.027416
556	-0.027206	-0.027206	-0.027245
557	-0.027001	-0.027026	-0.027022
558	-0.026798	-0.026866	-0.026779
559	-0.026615	-0.026692	-0.026592
560	-0.026446	-0.026508	-0.02644
561	-0.026278	-0.026325	-0.026278
562	-0.026113	-0.026142	-0.026104
563	-0.026004	-0.026014	-0.025978
564	-0.025994	-0.025983	-0.025934
565	-0.026007	-0.025976	-0.025921
566	-0.026096	-0.026048	-0.026007
567	-0.026186	-0.026125	-0.026098
568	-0.026288	-0.026232	-0.026223
569	-0.02639	-0.026338	-0.026347
570	-0.026614	-0.026544	-0.026552
571	-0.026839	-0.026751	-0.026757
572	-0.02693	-0.026881	-0.026862
573	-0.027002	-0.026999	-0.026953
574	-0.02702	-0.027015	-0.026973
575	-0.02702	-0.026999	-0.026971
576	-0.027016	-0.026991	-0.026978
577	-0.027011	-0.02699	-0.02699
578	-0.026987	-0.026968	-0.026965
579	-0.026945	-0.026927	-0.026904
580	-0.026849	-0.026827	-0.026792
581	-0.02667	-0.026639	-0.026602
582	-0.026437	-0.026402	-0.02637
583	-0.026062	-0.026041	-0.026033
584	-0.025678	-0.025671	-0.025679
585	-0.025245	-0.025254	-0.025243
586	-0.024816	-0.024839	-0.024808
587	-0.024452	-0.024454	-0.02442
588	-0.024088	-0.02407	-0.024031
589	-0.023704	-0.02365	-0.023633
590	-0.023319	-0.023228	-0.023234
591	-0.022999	-0.02294	-0.022921
592	-0.022695	-0.022683	-0.022628
593	-0.022497	-0.022495	-0.022423
594	-0.022345	-0.022337	-0.022257
595	-0.022135	-0.022125	-0.022061
596	-0.021887	-0.021876	-0.021846
597	-0.021659	-0.021649	-0.021625
598	-0.021456	-0.021446	-0.021396
599	-0.021251	-0.021239	-0.021186
600	-0.021042	-0.021028	-0.021008
601	-0.020849	-0.02083	-0.020831
602	-0.020703	-0.020672	-0.020655
603	-0.020542	-0.020498	-0.020469
604	-0.020289	-0.020232	-0.020221
605	-0.020033	-0.019963	-0.01997
606	-0.01969	-0.019623	-0.019597
607	-0.019346	-0.019284	-0.019225
608	-0.019092	-0.019038	-0.018977
609	-0.018844	-0.018799	-0.018739
610	-0.018537	-0.018513	-0.018459
611	-0.018217	-0.018217	-0.01817
612	-0.017944	-0.017921	-0.017878
613	-0.017689	-0.017625	-0.017585
614	-0.017421	-0.017355	-0.017322
615	-0.017146	-0.0171	-0.017079
616	-0.01681	-0.016762	-0.016766
617	-0.016416	-0.01634	-0.016385
618	-0.016074	-0.01599	-0.016032
619	-0.015812	-0.015749	-0.015722
620	-0.015557	-0.015505	-0.015444
621	-0.015318	-0.015256	-0.015241
622	-0.015065	-0.014999	-0.015015
623	-0.014751	-0.014709	-0.014697
624	-0.014452	-0.014427	-0.014393
625	-0.014291	-0.014228	-0.014219
626	-0.01413	-0.01403	-0.014045
627	-0.013954	-0.013883	-0.013887
628	-0.013777	-0.013736	-0.013729
629	-0.013525	-0.013541	-0.013495
630	-0.013263	-0.013341	-0.013251
631	-0.013065	-0.013118	-0.013048
632	-0.012883	-0.01289	-0.012855
633	-0.012642	-0.012633	-0.012636
634	-0.012375	-0.012363	-0.012406
635	-0.012264	-0.012216	-0.012232
636	-0.012258	-0.012149	-0.012095
637	-0.012145	-0.012006	-0.011944
638	-0.011926	-0.011788	-0.011778
639	-0.011669	-0.011555	-0.011575
640	-0.011358	-0.011301	-0.011317
641	-0.011076	-0.011041	-0.011066
642	-0.010859	-0.010766	-0.010829
643	-0.01065	-0.010516	-0.010599
644	-0.010469	-0.010354	-0.010393
645	-0.010286	-0.01019	-0.010191
646	-0.010089	-0.010019	-0.010024
647	-0.009897	-0.009852	-0.009859
648	-0.009872	-0.00983	-0.00978
649	-0.009848	-0.009808	-0.009701
650	-0.010224	-0.010135	-0.010047
651	-0.010626	-0.010484	-0.010418
652	-0.011305	-0.011168	-0.011108
653	-0.012032	-0.011909	-0.011855
654	-0.01252	-0.012447	-0.012387
655	-0.012934	-0.012921	-0.012854
656	-0.012933	-0.012945	-0.012879
657	-0.012731	-0.012752	-0.012692
658	-0.012338	-0.012345	-0.012289
659	-0.011811	-0.011788	-0.011734
660	-0.011043	-0.010992	-0.010941
661	-0.010036	-0.009958	-0.009909
662	-0.009099	-0.009037	-0.00897
663	-0.008261	-0.008275	-0.008163
664	-0.007571	-0.007601	-0.007483
665	-0.007181	-0.00711	-0.007062
666	-0.006836	-0.006708	-0.00671
667	-0.006629	-0.006576	-0.006569
668	-0.006418	-0.006424	-0.00641
669	-0.006185	-0.006167	-0.006163
670	-0.005957	-0.005918	-0.005923
671	-0.005779	-0.005765	-0.00577
672	-0.005601	-0.005611	-0.005616
673	-0.005432	-0.005452	-0.005415
674	-0.005263	-0.005294	-0.005214
675	-0.005132	-0.005087	-0.005078
676	-0.005004	-0.004877	-0.004947
677	-0.004869	-0.00473	-0.004748
678	-0.004733	-0.004597	-0.004537
679	-0.004512	-0.004409	-0.004388
680	-0.004265	-0.004204	-0.004259
681	-0.004113	-0.004049	-0.00412
682	-0.004006	-0.003916	-0.003978
683	-0.003862	-0.003782	-0.003798
684	-0.003694	-0.003647	-0.003595
685	-0.003532	-0.003503	-0.003434
686	-0.003375	-0.003351	-0.003309
687	-0.003166	-0.003168	-0.003122
688	-0.002898	-0.002948	-0.002862
689	-0.002684	-0.002751	-0.002647
690	-0.002556	-0.00259	-0.002506
691	-0.002429	-0.002431	-0.002367
692	-0.002304	-0.002277	-0.002231
693	-0.002153	-0.002116	-0.002079
694	-0.00192	-0.001933	-0.001877
695	-0.001698	-0.001741	-0.001684
696	-0.00153	-0.001513	-0.001532
697	-0.001366	-0.0013	-0.001379
698	-0.001236	-0.001218	-0.001215
699	-0.001104	-0.001131	-0.001051
700	-0.000896	-0.000907	-0.000883
701	-0.000689	-0.000684	-0.000715
702	-0.0005	-0.000492	-0.000504
703	-0.000311	-0.000301	-0.000292
704	-0.00016	-0.000157	-0.000119
705	-0.000014	-0.000018	0.000049
706	0.0001	0.000106	0.000147
707	0.000208	0.000227	0.00023
708	0.000374	0.000409	0.000415
709	0.000558	0.000608	0.000631
710	0.000731	0.000758	0.0008
711	0.000901	0.000887	0.000948
712	0.001016	0.000999	0.001071
713	0.001102	0.001101	0.001182
714	0.001253	0.001246	0.001348
715	0.001452	0.001422	0.001556
716	0.001594	0.001557	0.001697
717	0.001685	0.001653	0.001777
718	0.001811	0.001807	0.001889
719	0.001978	0.002028	0.002037
720	0.002151	0.002229	0.002195
[LOG]
CHECKSUMçe