[HEADER]
Format	J&M ASCII Table
Comment	
Date	03/03/2026 20:16:04
Order	Y (evenX)
TechType	UV
NumPoints	411
FirstX	310
LastX	720
XType	nm
YType	Absorbance
ZType	s
NumSubFile	3
Matrix	Z vs X
[LOGIN]
Name=pcbob
[INSTRUMENT]
Name=TIDAS E Base UV/VI
Detector=MMS - ASPEN 97,5 kHz
Diodearray=256 Pixel
Serial#=36584
Calibrated=2011-07-01
Range=183.81-729.88 [nm] (F0)

SWVersion=v3.18.2 (build 0)[LOGIN]
Name=pcbob
[CONFIG]
ChannelName=Channel 1
ChannelType=Normalized
[PARAMETER]
It=400,00
Aver=5
Norm=3
Range=310,0-720,0 nm
Scan=Time
ScanTime=5,00 s
[TRIGGER]
Sweep=0
Scan=0
[DIO]
DigOut=0x0000
DigIn=0x0000
[DATA]
	00:00:00,000	00:00:02,000	00:00:04,000
310	0.723236	0.722976	0.722729
311	0.712799	0.712568	0.712344
312	0.702449	0.702263	0.702071
313	0.692313	0.692119	0.691956
314	0.682475	0.682199	0.682059
315	0.672662	0.672314	0.672191
316	0.662925	0.662534	0.662415
317	0.653217	0.652795	0.652672
318	0.643935	0.643647	0.643404
319	0.634654	0.6345	0.634135
320	0.625532	0.625358	0.625032
321	0.616429	0.616218	0.61595
322	0.607412	0.607165	0.60693
323	0.598429	0.598148	0.597936
324	0.589507	0.589268	0.589056
325	0.580637	0.580508	0.580278
326	0.571909	0.571824	0.571583
327	0.563439	0.563281	0.56304
328	0.55496	0.554738	0.554503
329	0.546442	0.546202	0.545987
330	0.537924	0.537667	0.537471
331	0.529605	0.529319	0.5291
332	0.521286	0.520971	0.52073
333	0.513125	0.512825	0.512493
334	0.504997	0.504723	0.504284
335	0.496947	0.496668	0.496307
336	0.488939	0.488641	0.488456
337	0.481	0.480707	0.480544
338	0.473138	0.472879	0.472564
339	0.465407	0.46515	0.464757
340	0.457985	0.457655	0.457356
341	0.450578	0.450174	0.449971
342	0.443278	0.442794	0.442696
343	0.435979	0.435415	0.435421
344	0.428689	0.428374	0.428232
345	0.4214	0.421351	0.421048
346	0.414425	0.414239	0.413999
347	0.407543	0.407101	0.406989
348	0.400662	0.400122	0.400075
349	0.393782	0.39325	0.393226
350	0.386889	0.38646	0.386388
351	0.379977	0.379779	0.379567
352	0.373182	0.373148	0.372828
353	0.366741	0.366664	0.366337
354	0.360297	0.360184	0.359858
355	0.353836	0.353739	0.353516
356	0.347374	0.347295	0.347173
357	0.341128	0.341034	0.340937
358	0.334905	0.334792	0.334712
359	0.32896	0.328802	0.328683
360	0.323118	0.322905	0.322726
361	0.317392	0.317154	0.316976
362	0.311758	0.311516	0.311388
363	0.306105	0.305865	0.305759
364	0.300422	0.300193	0.300063
365	0.294806	0.294599	0.294433
366	0.289433	0.289292	0.289042
367	0.284067	0.283988	0.283661
368	0.27884	0.27876	0.278515
369	0.273614	0.273531	0.27337
370	0.268486	0.268433	0.268288
371	0.263372	0.263354	0.263215
372	0.258481	0.258427	0.258275
373	0.253683	0.253566	0.25339
374	0.248901	0.248754	0.24858
375	0.244131	0.243987	0.243836
376	0.239448	0.2393	0.23915
377	0.234915	0.234755	0.234567
378	0.230407	0.230228	0.230012
379	0.226005	0.225774	0.225578
380	0.221607	0.221325	0.221152
381	0.217336	0.217138	0.217015
382	0.213065	0.212951	0.212878
383	0.208975	0.208821	0.208755
384	0.204916	0.204701	0.204635
385	0.200992	0.200774	0.200682
386	0.197131	0.196935	0.196805
387	0.193431	0.19324	0.193127
388	0.189882	0.189678	0.189634
389	0.186364	0.18615	0.186146
390	0.182902	0.182684	0.18267
391	0.179409	0.179202	0.17917
392	0.175778	0.175647	0.175565
393	0.172155	0.172097	0.171968
394	0.169069	0.168957	0.168903
395	0.165983	0.165817	0.165839
396	0.16304	0.162927	0.162882
397	0.160123	0.160083	0.159944
398	0.157432	0.157401	0.157251
399	0.154846	0.154796	0.154672
400	0.152182	0.152106	0.152004
401	0.149444	0.149335	0.149253
402	0.146709	0.146563	0.14651
403	0.143981	0.14379	0.143786
404	0.141297	0.141068	0.141087
405	0.138812	0.13857	0.1385
406	0.136327	0.136075	0.135918
407	0.133893	0.133701	0.133564
408	0.13146	0.131328	0.131211
409	0.12901	0.128883	0.128783
410	0.126557	0.126426	0.126342
411	0.124117	0.124016	0.123894
412	0.121683	0.121627	0.121442
413	0.119307	0.119277	0.119063
414	0.116983	0.116961	0.116749
415	0.114696	0.11466	0.114475
416	0.112474	0.112384	0.112269
417	0.110234	0.110106	0.110034
418	0.107924	0.107825	0.107679
419	0.105618	0.105548	0.105332
420	0.103422	0.103388	0.103191
421	0.101225	0.101228	0.101051
422	0.099196	0.099132	0.099052
423	0.09719	0.097046	0.097074
424	0.095242	0.095145	0.095188
425	0.093318	0.093317	0.09334
426	0.091576	0.091565	0.09156
427	0.089983	0.089875	0.089834
428	0.088426	0.088278	0.088238
429	0.086925	0.086823	0.08684
430	0.085436	0.085373	0.085431
431	0.083984	0.083936	0.083985
432	0.082521	0.082486	0.082524
433	0.080931	0.080867	0.080877
434	0.07934	0.079247	0.07923
435	0.077936	0.077852	0.077867
436	0.07655	0.076479	0.076532
437	0.075149	0.075071	0.075143
438	0.073742	0.073653	0.073736
439	0.072422	0.072363	0.072392
440	0.071161	0.071161	0.071089
441	0.069923	0.06994	0.069846
442	0.068715	0.068694	0.06868
443	0.067521	0.067476	0.067507
444	0.06636	0.066328	0.066315
445	0.065213	0.065188	0.065139
446	0.064163	0.064105	0.064078
447	0.063113	0.063022	0.063017
448	0.062087	0.061979	0.061986
449	0.061061	0.060938	0.060956
450	0.06005	0.059944	0.059966
451	0.059041	0.058962	0.058986
452	0.058069	0.057977	0.058023
453	0.057117	0.05699	0.057068
454	0.056152	0.056056	0.056111
455	0.055177	0.055174	0.055151
456	0.054248	0.054298	0.054233
457	0.053408	0.053435	0.05339
458	0.052574	0.052584	0.052546
459	0.051767	0.051784	0.051697
460	0.050959	0.050983	0.050849
461	0.050132	0.050161	0.050027
462	0.049306	0.049339	0.049205
463	0.048514	0.048572	0.048473
464	0.047727	0.047811	0.047752
465	0.047025	0.047053	0.047025
466	0.046354	0.046296	0.046295
467	0.045731	0.045662	0.045628
468	0.04514	0.045116	0.045007
469	0.044497	0.044494	0.044372
470	0.043785	0.043774	0.04372
471	0.043093	0.043068	0.043065
472	0.042453	0.042397	0.042402
473	0.041812	0.041732	0.041737
474	0.041164	0.041104	0.041062
475	0.040516	0.040477	0.040388
476	0.039969	0.039924	0.039876
477	0.039423	0.039373	0.039366
478	0.038856	0.038847	0.038829
479	0.038285	0.038325	0.038287
480	0.037707	0.037729	0.037687
481	0.037126	0.0371	0.03706
482	0.036552	0.036504	0.036482
483	0.035984	0.035937	0.035945
484	0.03545	0.035411	0.03544
485	0.034969	0.034947	0.034987
486	0.034537	0.034523	0.034557
487	0.034256	0.034226	0.0342
488	0.033966	0.033922	0.033848
489	0.033594	0.033556	0.033541
490	0.033222	0.033189	0.033235
491	0.032938	0.032913	0.032932
492	0.03266	0.032641	0.03263
493	0.032276	0.032263	0.032216
494	0.031866	0.031858	0.031773
495	0.031499	0.031474	0.031447
496	0.031155	0.0311	0.031181
497	0.030792	0.030724	0.03081
498	0.030411	0.030346	0.03034
499	0.030033	0.029968	0.029916
500	0.02966	0.02959	0.029571
501	0.029291	0.029223	0.029223
502	0.028933	0.028891	0.028871
503	0.028582	0.028565	0.028526
504	0.028313	0.028293	0.028268
505	0.028044	0.028021	0.028009
506	0.027754	0.027754	0.027747
507	0.027463	0.027487	0.027485
508	0.02723	0.027222	0.027247
509	0.027011	0.026959	0.027015
510	0.026709	0.026663	0.026702
511	0.026365	0.02635	0.026348
512	0.026078	0.026075	0.026053
513	0.025842	0.025834	0.025812
514	0.025593	0.025587	0.025566
515	0.025323	0.02533	0.025311
516	0.025025	0.025039	0.025031
517	0.024639	0.024646	0.024674
518	0.024264	0.024261	0.024312
519	0.023971	0.023943	0.023919
520	0.023679	0.023625	0.023525
521	0.023408	0.023344	0.023293
522	0.023138	0.023064	0.023066
523	0.022827	0.022756	0.022769
524	0.022508	0.022442	0.022458
525	0.022201	0.02215	0.022146
526	0.021898	0.021868	0.021833
527	0.021605	0.021591	0.021549
528	0.02132	0.021319	0.021286
529	0.021058	0.02107	0.021064
530	0.020825	0.020855	0.020895
531	0.020611	0.020646	0.020709
532	0.020441	0.020454	0.020483
533	0.020284	0.020274	0.020276
534	0.020194	0.020154	0.02017
535	0.020102	0.020033	0.020062
536	0.019924	0.019904	0.019889
537	0.019745	0.019774	0.019715
538	0.019569	0.019559	0.019495
539	0.019394	0.019333	0.01927
540	0.019126	0.019051	0.01901
541	0.01883	0.018751	0.01874
542	0.01858	0.018511	0.018494
543	0.018357	0.018306	0.018263
544	0.018115	0.018085	0.018059
545	0.017856	0.01785	0.017882
546	0.017655	0.017641	0.017699
547	0.017554	0.017479	0.017507
548	0.017424	0.017313	0.017318
549	0.017199	0.017136	0.01714
550	0.016986	0.016962	0.016966
551	0.016858	0.01682	0.016822
552	0.016731	0.016679	0.016679
553	0.016589	0.016532	0.016538
554	0.016448	0.016385	0.016397
555	0.016295	0.016259	0.016237
556	0.01614	0.016136	0.016075
557	0.015988	0.015993	0.015975
558	0.015836	0.015844	0.015897
559	0.015712	0.015697	0.015743
560	0.015604	0.015552	0.015538
561	0.015505	0.015442	0.015428
562	0.015413	0.015369	0.015418
563	0.015276	0.015255	0.015328
564	0.015061	0.015066	0.015094
565	0.014867	0.014898	0.014877
566	0.014746	0.014794	0.014718
567	0.014632	0.014687	0.014575
568	0.014583	0.014558	0.014556
569	0.014535	0.014429	0.014538
570	0.014298	0.014219	0.014293
571	0.014061	0.014008	0.014046
572	0.013838	0.013785	0.013812
573	0.013617	0.01356	0.01358
574	0.013462	0.013418	0.013429
575	0.013329	0.013303	0.013306
576	0.013229	0.013185	0.01321
577	0.013149	0.013066	0.01313
578	0.013059	0.01298	0.013025
579	0.012959	0.012927	0.012897
580	0.012873	0.012867	0.012804
581	0.012806	0.012798	0.012766
582	0.012737	0.012724	0.012712
583	0.012661	0.012639	0.012617
584	0.012595	0.012567	0.012538
585	0.012581	0.012564	0.012543
586	0.012566	0.01256	0.012547
587	0.012546	0.01252	0.012522
588	0.012526	0.01248	0.012498
589	0.012446	0.012422	0.012451
590	0.012362	0.012362	0.012404
591	0.012331	0.012324	0.01233
592	0.012313	0.01229	0.012251
593	0.012207	0.012185	0.01215
594	0.012065	0.01205	0.01204
595	0.011976	0.011941	0.011956
596	0.011926	0.011849	0.01189
597	0.01185	0.011785	0.011828
598	0.011744	0.011752	0.011768
599	0.011651	0.011692	0.011687
600	0.01158	0.011587	0.011569
601	0.01149	0.011484	0.011459
602	0.01135	0.011385	0.01137
603	0.011222	0.01129	0.011285
604	0.011168	0.011212	0.011217
605	0.011117	0.011135	0.01115
606	0.011129	0.011107	0.011127
607	0.011141	0.011078	0.011105
608	0.01105	0.011	0.011018
609	0.010952	0.010918	0.010926
610	0.010885	0.010864	0.010877
611	0.010825	0.010815	0.010838
612	0.010837	0.01081	0.010832
613	0.010878	0.010821	0.010839
614	0.010822	0.01076	0.010784
615	0.010703	0.010651	0.010689
616	0.010659	0.010633	0.010645
617	0.010688	0.010704	0.010651
618	0.0107	0.010734	0.010645
619	0.010689	0.010703	0.010619
620	0.01065	0.01065	0.010583
621	0.010544	0.010544	0.010523
622	0.010457	0.010459	0.010468
623	0.01045	0.010461	0.010441
624	0.010436	0.010452	0.010407
625	0.010351	0.010339	0.010307
626	0.010265	0.010226	0.010206
627	0.010072	0.010095	0.01006
628	0.009878	0.009964	0.009913
629	0.009848	0.009875	0.009873
630	0.009838	0.009791	0.009845
631	0.009745	0.009701	0.00977
632	0.009631	0.009611	0.009682
633	0.009661	0.009632	0.009663
634	0.009753	0.009701	0.009673
635	0.009712	0.009647	0.009647
636	0.00958	0.009508	0.009597
637	0.009472	0.009421	0.009526
638	0.009388	0.009383	0.009434
639	0.009314	0.009318	0.009352
640	0.009252	0.009214	0.009287
641	0.009221	0.009162	0.009259
642	0.009255	0.009226	0.009311
643	0.009276	0.00928	0.009349
644	0.009248	0.009293	0.009335
645	0.009222	0.009293	0.009315
646	0.009199	0.009196	0.009243
647	0.009177	0.009101	0.009172
648	0.009142	0.009079	0.009133
649	0.009108	0.009057	0.009095
650	0.009081	0.009034	0.009066
651	0.009054	0.009012	0.009038
652	0.008986	0.008926	0.008951
653	0.008912	0.00883	0.008854
654	0.008801	0.008755	0.008783
655	0.008678	0.008688	0.008719
656	0.008673	0.008688	0.008678
657	0.008725	0.00872	0.008648
658	0.008716	0.008696	0.008632
659	0.008665	0.008632	0.008625
660	0.008647	0.008613	0.008644
661	0.008661	0.008641	0.008689
662	0.008662	0.00864	0.008687
663	0.008644	0.008601	0.008617
664	0.008601	0.008552	0.008556
665	0.00851	0.008483	0.008516
666	0.008425	0.008422	0.008463
667	0.008361	0.008385	0.008367
668	0.008309	0.008357	0.00829
669	0.008315	0.008371	0.008308
670	0.008315	0.008372	0.008316
671	0.008255	0.008233	0.008208
672	0.008195	0.008094	0.0081
673	0.008107	0.008044	0.008103
674	0.008019	0.007994	0.008107
675	0.007994	0.007998	0.008101
676	0.007974	0.008007	0.008095
677	0.008003	0.007988	0.008067
678	0.00804	0.007964	0.008035
679	0.008055	0.00797	0.008008
680	0.008063	0.007985	0.007982
681	0.008019	0.00794	0.00793
682	0.007951	0.007866	0.007867
683	0.007951	0.007885	0.00783
684	0.007997	0.007964	0.00781
685	0.007969	0.007957	0.00779
686	0.007878	0.007873	0.007769
687	0.007883	0.007865	0.007814
688	0.008002	0.007944	0.007939
689	0.008047	0.007975	0.007974
690	0.007973	0.007928	0.007865
691	0.007919	0.007876	0.007811
692	0.007909	0.007815	0.007875
693	0.007886	0.00776	0.007901
694	0.007823	0.007723	0.007812
695	0.007771	0.007695	0.007745
696	0.007771	0.007706	0.007788
697	0.007761	0.007708	0.007815
698	0.007664	0.007641	0.007702
699	0.007572	0.007577	0.007594
700	0.007593	0.00759	0.007607
701	0.007614	0.007603	0.00762
702	0.007591	0.007556	0.007599
703	0.007566	0.007506	0.007577
704	0.007559	0.00748	0.007573
705	0.007554	0.007456	0.007571
706	0.007442	0.00738	0.007459
707	0.007309	0.007292	0.007326
708	0.007267	0.007289	0.00729
709	0.007252	0.00731	0.007284
710	0.00726	0.00725	0.007245
711	0.007276	0.007156	0.007193
712	0.007245	0.007105	0.00716
713	0.007187	0.007077	0.007138
714	0.007192	0.007104	0.007169
715	0.007241	0.00717	0.007238
716	0.00722	0.007136	0.007203
717	0.007135	0.00701	0.007072
718	0.007095	0.006984	0.007039
719	0.007109	0.007075	0.007121
720	0.007128	0.007146	0.007174
[LOG]
CHECKSUMä[