[HEADER]
Format	J&M ASCII Table
Comment	
Date	03/03/2026 20:45:58
Order	Y (evenX)
TechType	UV
NumPoints	411
FirstX	310
LastX	720
XType	nm
YType	Absorbance
ZType	s
NumSubFile	3
Matrix	Z vs X
[LOGIN]
Name=pcbob
[INSTRUMENT]
Name=TIDAS E Base UV/VI
Detector=MMS - ASPEN 97,5 kHz
Diodearray=256 Pixel
Serial#=36584
Calibrated=2011-07-01
Range=183.81-729.88 [nm] (F0)

SWVersion=v3.18.2 (build 0)[LOGIN]
Name=pcbob
[CONFIG]
ChannelName=Channel 1
ChannelType=Normalized
[PARAMETER]
It=400,00
Aver=5
Norm=3
Range=310,0-720,0 nm
Scan=Time
ScanTime=5,00 s
[TRIGGER]
Sweep=0
Scan=0
[DIO]
DigOut=0x0000
DigIn=0x0000
[DATA]
	00:00:00,000	00:00:02,000	00:00:04,000
310	0.52938	0.529076	0.52877
311	0.521472	0.521144	0.520846
312	0.513761	0.513367	0.513081
313	0.50611	0.505682	0.505392
314	0.498544	0.498123	0.497809
315	0.491021	0.490616	0.490275
316	0.483632	0.483271	0.482893
317	0.476262	0.475936	0.47553
318	0.469177	0.468768	0.46843
319	0.462092	0.461599	0.461331
320	0.455196	0.454719	0.454415
321	0.448325	0.447876	0.447523
322	0.441525	0.441097	0.440731
323	0.434755	0.434344	0.433981
324	0.428039	0.42761	0.427254
325	0.421371	0.420891	0.420547
326	0.414739	0.414251	0.413904
327	0.408176	0.407756	0.407377
328	0.401632	0.401272	0.40087
329	0.39518	0.394839	0.394456
330	0.388727	0.388406	0.388041
331	0.382424	0.382071	0.381734
332	0.376121	0.375736	0.375426
333	0.370074	0.36964	0.369417
334	0.364081	0.363595	0.363471
335	0.358129	0.35765	0.357548
336	0.352199	0.351759	0.351637
337	0.346313	0.345881	0.345713
338	0.340475	0.340018	0.339775
339	0.334726	0.334245	0.333962
340	0.329184	0.328688	0.328442
341	0.323657	0.323149	0.322933
342	0.318244	0.317739	0.317504
343	0.31283	0.312329	0.312075
344	0.307429	0.307034	0.306645
345	0.302029	0.301745	0.301215
346	0.296792	0.296464	0.295989
347	0.291604	0.291185	0.290824
348	0.28647	0.286021	0.285711
349	0.281374	0.280933	0.280631
350	0.27629	0.275874	0.275564
351	0.271221	0.270854	0.270511
352	0.266203	0.265864	0.265508
353	0.261332	0.260962	0.260655
354	0.256465	0.256072	0.255812
355	0.25164	0.251316	0.251096
356	0.246815	0.246561	0.24638
357	0.242035	0.241758	0.24149
358	0.237259	0.23695	0.236582
359	0.232606	0.232296	0.231962
360	0.227999	0.227697	0.227446
361	0.223457	0.223167	0.22295
362	0.218967	0.21869	0.218471
363	0.214503	0.214227	0.213999
364	0.21008	0.209786	0.209538
365	0.205693	0.205369	0.205108
366	0.201437	0.201038	0.200783
367	0.197181	0.196712	0.196462
368	0.19291	0.192491	0.192223
369	0.188638	0.188269	0.187983
370	0.184555	0.184242	0.183923
371	0.180499	0.180243	0.179889
372	0.176417	0.176148	0.175799
373	0.172322	0.172012	0.171685
374	0.168254	0.167924	0.167633
375	0.164208	0.163877	0.163633
376	0.160237	0.1599	0.159677
377	0.156399	0.156048	0.155799
378	0.152561	0.152205	0.151936
379	0.148726	0.148399	0.148137
380	0.144895	0.144597	0.144341
381	0.14121	0.140966	0.140675
382	0.137525	0.137334	0.137008
383	0.133923	0.133652	0.133415
384	0.130336	0.129961	0.129834
385	0.12679	0.126459	0.12632
386	0.123264	0.123042	0.122838
387	0.119861	0.119664	0.119417
388	0.116572	0.11632	0.116056
389	0.113288	0.113012	0.112734
390	0.110012	0.109774	0.109488
391	0.106735	0.106519	0.106229
392	0.103455	0.103189	0.102909
393	0.100179	0.099863	0.099594
394	0.097143	0.096922	0.096644
395	0.094107	0.09398	0.093693
396	0.091326	0.091227	0.090995
397	0.088591	0.088507	0.088343
398	0.086053	0.085909	0.085759
399	0.083607	0.083369	0.083207
400	0.080985	0.080713	0.080536
401	0.078199	0.077948	0.077753
402	0.0754	0.075195	0.074999
403	0.07258	0.072463	0.072297
404	0.069822	0.069768	0.069623
405	0.067342	0.067237	0.067068
406	0.064863	0.064707	0.064515
407	0.062428	0.062268	0.062106
408	0.059992	0.059828	0.059697
409	0.057472	0.057363	0.057172
410	0.054937	0.054894	0.054627
411	0.052516	0.052449	0.052172
412	0.050146	0.050015	0.049758
413	0.047746	0.047622	0.047368
414	0.045318	0.045266	0.045001
415	0.042906	0.042895	0.04264
416	0.040518	0.040498	0.040287
417	0.038133	0.038099	0.037922
418	0.035753	0.035692	0.035505
419	0.033385	0.033296	0.0331
420	0.031296	0.031176	0.030997
421	0.029207	0.029056	0.028893
422	0.027095	0.026978	0.02684
423	0.024979	0.024906	0.024794
424	0.023029	0.022934	0.022823
425	0.021144	0.021003	0.020881
426	0.019382	0.019225	0.019082
427	0.017719	0.017572	0.017398
428	0.016142	0.016012	0.015846
429	0.014696	0.014595	0.014497
430	0.013256	0.01316	0.013121
431	0.011833	0.01167	0.011656
432	0.0104	0.010174	0.010181
433	0.008835	0.008619	0.008576
434	0.00727	0.007064	0.006971
435	0.0058	0.005628	0.005561
436	0.004338	0.004203	0.004169
437	0.002973	0.002849	0.002841
438	0.00164	0.001518	0.001534
439	0.000332	0.000258	0.000237
440	-0.000958	-0.000955	-0.001053
441	-0.00216	-0.002158	-0.002276
442	-0.003248	-0.00335	-0.003413
443	-0.004325	-0.004489	-0.004514
444	-0.005372	-0.005493	-0.005526
445	-0.006406	-0.006485	-0.006529
446	-0.007351	-0.007389	-0.007475
447	-0.008296	-0.008293	-0.008422
448	-0.00921	-0.009219	-0.009304
449	-0.010122	-0.010145	-0.010184
450	-0.01092	-0.010951	-0.011015
451	-0.011692	-0.011729	-0.011834
452	-0.012485	-0.012554	-0.012639
453	-0.013289	-0.013405	-0.013436
454	-0.014103	-0.014218	-0.014237
455	-0.014927	-0.014995	-0.015042
456	-0.015672	-0.015702	-0.015774
457	-0.016269	-0.016277	-0.016368
458	-0.016863	-0.016857	-0.016961
459	-0.017452	-0.017453	-0.01755
460	-0.018042	-0.018052	-0.018138
461	-0.018658	-0.018702	-0.018715
462	-0.019274	-0.019352	-0.019291
463	-0.019859	-0.019863	-0.019858
464	-0.02044	-0.020356	-0.020423
465	-0.020885	-0.020835	-0.020877
466	-0.021281	-0.021308	-0.021291
467	-0.021567	-0.021632	-0.021606
468	-0.021773	-0.021848	-0.02185
469	-0.022062	-0.022115	-0.022146
470	-0.02246	-0.02245	-0.022511
471	-0.022822	-0.022787	-0.022865
472	-0.023092	-0.023134	-0.023191
473	-0.023383	-0.023484	-0.023516
474	-0.023813	-0.023847	-0.023838
475	-0.024244	-0.024211	-0.024159
476	-0.02451	-0.024472	-0.024483
477	-0.024774	-0.024731	-0.024807
478	-0.025085	-0.025049	-0.025097
479	-0.025406	-0.025379	-0.025379
480	-0.025722	-0.025719	-0.025704
481	-0.026035	-0.026063	-0.026049
482	-0.026384	-0.026419	-0.026418
483	-0.026764	-0.026785	-0.026809
484	-0.027172	-0.027177	-0.027223
485	-0.027625	-0.027608	-0.027673
486	-0.02796	-0.027933	-0.027996
487	-0.027925	-0.027924	-0.02792
488	-0.027875	-0.027897	-0.027834
489	-0.027677	-0.027704	-0.027663
490	-0.027479	-0.027512	-0.027492
491	-0.027321	-0.02737	-0.027316
492	-0.027165	-0.02723	-0.027139
493	-0.027119	-0.027175	-0.027137
494	-0.027101	-0.027141	-0.027176
495	-0.027054	-0.027111	-0.027134
496	-0.026992	-0.027082	-0.027049
497	-0.02703	-0.027128	-0.027051
498	-0.027161	-0.027242	-0.027136
499	-0.027251	-0.027312	-0.027214
500	-0.027271	-0.027306	-0.027283
501	-0.027284	-0.027302	-0.027322
502	-0.027275	-0.027305	-0.027262
503	-0.027253	-0.027295	-0.027193
504	-0.02708	-0.027146	-0.02702
505	-0.026908	-0.026996	-0.026848
506	-0.026878	-0.026887	-0.026807
507	-0.026857	-0.026779	-0.026774
508	-0.026756	-0.026703	-0.026672
509	-0.026636	-0.026634	-0.026552
510	-0.026597	-0.02661	-0.026513
511	-0.026599	-0.02661	-0.026516
512	-0.026535	-0.026562	-0.026475
513	-0.026411	-0.026473	-0.026394
514	-0.026307	-0.026382	-0.026322
515	-0.026234	-0.026291	-0.026263
516	-0.026175	-0.026208	-0.026203
517	-0.026156	-0.026152	-0.026144
518	-0.026127	-0.026093	-0.026085
519	-0.026012	-0.026024	-0.026031
520	-0.025898	-0.025954	-0.025978
521	-0.02579	-0.025889	-0.02585
522	-0.025683	-0.025825	-0.02572
523	-0.025645	-0.025734	-0.025645
524	-0.025622	-0.025639	-0.025581
525	-0.025546	-0.025572	-0.025502
526	-0.025447	-0.025518	-0.025417
527	-0.025367	-0.025454	-0.025347
528	-0.025303	-0.025382	-0.02529
529	-0.02522	-0.025278	-0.025199
530	-0.025114	-0.025129	-0.025064
531	-0.025009	-0.024994	-0.024943
532	-0.024908	-0.024892	-0.024855
533	-0.024792	-0.024776	-0.024755
534	-0.024594	-0.024591	-0.024583
535	-0.024398	-0.024408	-0.024412
536	-0.024267	-0.024297	-0.024278
537	-0.024135	-0.024187	-0.024144
538	-0.024036	-0.024028	-0.023993
539	-0.02394	-0.023865	-0.02384
540	-0.023841	-0.023774	-0.02376
541	-0.023741	-0.023707	-0.023703
542	-0.023706	-0.023664	-0.023657
543	-0.023711	-0.023634	-0.023618
544	-0.023664	-0.023579	-0.023558
545	-0.023565	-0.023497	-0.023478
546	-0.023467	-0.0234	-0.023378
547	-0.023369	-0.02328	-0.023242
548	-0.023252	-0.023159	-0.0231
549	-0.023074	-0.023037	-0.022936
550	-0.022888	-0.0229	-0.022767
551	-0.022635	-0.022649	-0.022546
552	-0.022382	-0.022398	-0.022326
553	-0.022219	-0.022262	-0.022168
554	-0.022058	-0.022128	-0.02201
555	-0.021924	-0.021994	-0.021872
556	-0.021796	-0.021859	-0.021736
557	-0.021648	-0.021684	-0.021564
558	-0.021493	-0.021495	-0.021378
559	-0.02136	-0.021346	-0.021245
560	-0.02124	-0.021221	-0.021147
561	-0.021077	-0.021091	-0.021025
562	-0.020868	-0.020957	-0.020876
563	-0.020724	-0.020836	-0.020745
564	-0.020697	-0.020739	-0.020645
565	-0.020682	-0.020672	-0.020583
566	-0.020709	-0.020701	-0.020645
567	-0.020736	-0.02073	-0.020703
568	-0.020759	-0.020763	-0.020729
569	-0.020781	-0.020797	-0.020754
570	-0.020904	-0.020897	-0.020845
571	-0.021027	-0.020998	-0.020937
572	-0.021043	-0.021033	-0.020977
573	-0.021044	-0.021059	-0.021009
574	-0.021036	-0.021058	-0.020996
575	-0.021025	-0.021048	-0.020968
576	-0.021005	-0.021027	-0.020955
577	-0.020979	-0.020999	-0.020951
578	-0.020918	-0.020929	-0.020905
579	-0.020825	-0.020817	-0.020819
580	-0.020709	-0.020693	-0.020697
581	-0.020559	-0.02055	-0.02052
582	-0.020372	-0.02037	-0.020322
583	-0.020092	-0.020099	-0.020067
584	-0.019803	-0.019817	-0.019798
585	-0.019463	-0.019479	-0.019458
586	-0.019125	-0.01914	-0.019119
587	-0.018825	-0.018804	-0.018792
588	-0.018525	-0.018468	-0.018465
589	-0.018223	-0.018208	-0.018159
590	-0.017922	-0.017953	-0.017854
591	-0.017676	-0.017668	-0.017629
592	-0.017443	-0.017376	-0.017423
593	-0.017333	-0.017257	-0.017286
594	-0.017275	-0.017211	-0.01718
595	-0.017117	-0.017072	-0.017034
596	-0.016889	-0.016868	-0.016862
597	-0.016687	-0.016673	-0.016673
598	-0.016515	-0.016487	-0.016464
599	-0.016335	-0.016296	-0.016268
600	-0.016143	-0.016096	-0.016092
601	-0.015978	-0.015925	-0.015937
602	-0.015888	-0.015838	-0.015844
603	-0.015782	-0.015736	-0.015735
604	-0.015578	-0.015547	-0.015532
605	-0.015371	-0.015355	-0.015327
606	-0.015075	-0.015075	-0.015033
607	-0.014779	-0.014795	-0.014739
608	-0.014604	-0.014617	-0.014564
609	-0.014438	-0.014447	-0.014397
610	-0.0142	-0.014182	-0.014154
611	-0.013946	-0.013896	-0.013894
612	-0.013713	-0.013676	-0.013673
613	-0.013488	-0.013482	-0.013468
614	-0.013296	-0.013292	-0.013279
615	-0.013124	-0.013103	-0.013099
616	-0.012877	-0.012856	-0.012846
617	-0.012555	-0.012551	-0.01252
618	-0.012276	-0.01227	-0.012233
619	-0.012063	-0.012024	-0.012005
620	-0.01186	-0.011799	-0.011785
621	-0.011683	-0.011626	-0.011589
622	-0.011495	-0.01144	-0.011382
623	-0.011262	-0.011199	-0.011133
624	-0.011035	-0.010971	-0.010897
625	-0.010866	-0.010859	-0.010782
626	-0.010698	-0.010747	-0.010668
627	-0.010572	-0.010572	-0.010503
628	-0.010446	-0.010397	-0.010337
629	-0.010268	-0.010249	-0.010216
630	-0.010085	-0.010105	-0.010099
631	-0.009885	-0.009936	-0.009943
632	-0.009679	-0.00976	-0.009777
633	-0.009494	-0.00958	-0.00957
634	-0.009317	-0.009398	-0.009344
635	-0.009229	-0.009282	-0.00922
636	-0.009201	-0.00921	-0.009165
637	-0.009062	-0.009056	-0.009016
638	-0.008811	-0.008819	-0.008774
639	-0.008588	-0.008592	-0.00855
640	-0.008408	-0.008378	-0.00835
641	-0.008228	-0.008162	-0.008145
642	-0.00805	-0.007943	-0.007928
643	-0.007862	-0.007742	-0.007724
644	-0.00764	-0.007606	-0.007566
645	-0.007432	-0.007467	-0.007409
646	-0.007318	-0.007307	-0.00726
647	-0.007203	-0.007147	-0.007111
648	-0.007073	-0.00699	-0.006957
649	-0.006943	-0.006834	-0.006803
650	-0.007074	-0.006992	-0.006966
651	-0.007222	-0.00717	-0.007149
652	-0.007626	-0.007587	-0.007597
653	-0.008075	-0.008046	-0.008091
654	-0.008379	-0.008371	-0.008373
655	-0.008638	-0.008655	-0.008588
656	-0.008639	-0.008663	-0.008569
657	-0.008516	-0.008538	-0.008435
658	-0.008251	-0.008268	-0.008172
659	-0.007888	-0.007896	-0.007817
660	-0.007318	-0.007331	-0.007249
661	-0.006543	-0.006573	-0.006468
662	-0.005853	-0.005894	-0.005786
663	-0.005287	-0.005328	-0.005243
664	-0.004796	-0.004837	-0.004767
665	-0.00446	-0.0045	-0.004425
666	-0.004185	-0.004224	-0.004141
667	-0.004101	-0.004135	-0.004036
668	-0.003991	-0.004017	-0.003916
669	-0.003755	-0.003754	-0.003714
670	-0.003532	-0.003505	-0.00352
671	-0.003449	-0.003407	-0.003415
672	-0.003366	-0.003309	-0.003309
673	-0.003191	-0.003166	-0.003096
674	-0.003015	-0.003023	-0.002883
675	-0.002875	-0.002869	-0.002758
676	-0.002737	-0.002714	-0.00264
677	-0.00257	-0.002536	-0.002502
678	-0.002398	-0.002353	-0.002359
679	-0.002249	-0.002196	-0.002187
680	-0.002109	-0.002048	-0.002005
681	-0.00199	-0.001953	-0.001884
682	-0.001881	-0.001882	-0.00179
683	-0.001733	-0.001725	-0.001657
684	-0.001559	-0.001513	-0.001499
685	-0.001374	-0.001358	-0.001333
686	-0.001178	-0.001252	-0.001161
687	-0.000987	-0.001079	-0.000982
688	-0.000801	-0.000826	-0.000796
689	-0.000664	-0.000633	-0.000644
690	-0.000606	-0.000536	-0.000546
691	-0.000502	-0.000411	-0.000407
692	-0.000297	-0.000227	-0.000172
693	-0.0001	-0.000048	0.000045
694	0.000067	0.000112	0.000208
695	0.000239	0.000272	0.000372
696	0.00043	0.000431	0.000541
697	0.000609	0.00059	0.000704
698	0.000693	0.000759	0.000809
699	0.00078	0.000926	0.000917
700	0.000986	0.001074	0.001124
701	0.001193	0.001223	0.001331
702	0.001341	0.001397	0.001471
703	0.001487	0.001573	0.00161
704	0.001629	0.001706	0.001727
705	0.00177	0.001834	0.001842
706	0.001868	0.001927	0.00193
707	0.001957	0.002013	0.002014
708	0.00213	0.002198	0.002202
709	0.002327	0.002412	0.002422
710	0.002472	0.002533	0.00255
711	0.002594	0.002615	0.00264
712	0.002683	0.002727	0.002736
713	0.002753	0.002858	0.002836
714	0.002928	0.003041	0.002977
715	0.003179	0.003262	0.003149
716	0.003315	0.00337	0.003268
717	0.003343	0.003374	0.003338
718	0.003462	0.003481	0.003482
719	0.003686	0.003708	0.003712
720	0.003882	0.003889	0.003915
[LOG]
CHECKSUMý