[HEADER]
Format	J&M ASCII Table
Comment	
Date	03/03/2026 20:36:49
Order	Y (evenX)
TechType	UV
NumPoints	411
FirstX	310
LastX	720
XType	nm
YType	Absorbance
ZType	s
NumSubFile	3
Matrix	Z vs X
[LOGIN]
Name=pcbob
[INSTRUMENT]
Name=TIDAS E Base UV/VI
Detector=MMS - ASPEN 97,5 kHz
Diodearray=256 Pixel
Serial#=36584
Calibrated=2011-07-01
Range=183.81-729.88 [nm] (F0)

SWVersion=v3.18.2 (build 0)[LOGIN]
Name=pcbob
[CONFIG]
ChannelName=Channel 1
ChannelType=Normalized
[PARAMETER]
It=400,00
Aver=5
Norm=3
Range=310,0-720,0 nm
Scan=Time
ScanTime=5,00 s
[TRIGGER]
Sweep=0
Scan=0
[DIO]
DigOut=0x0000
DigIn=0x0000
[DATA]
	00:00:00,000	00:00:02,000	00:00:04,000
310	0.53156	0.531146	0.530895
311	0.523414	0.52299	0.522717
312	0.515458	0.515044	0.514765
313	0.507593	0.507164	0.506903
314	0.499855	0.499378	0.499164
315	0.492124	0.491628	0.49145
316	0.484418	0.483991	0.483811
317	0.476736	0.476377	0.476189
318	0.469411	0.469111	0.468828
319	0.462086	0.461845	0.461468
320	0.455016	0.454749	0.45442
321	0.447979	0.447674	0.447412
322	0.441006	0.440673	0.440418
323	0.43406	0.433703	0.433428
324	0.427185	0.426808	0.426546
325	0.420373	0.419979	0.419758
326	0.413608	0.413216	0.413003
327	0.40693	0.406569	0.406305
328	0.400268	0.39994	0.399635
329	0.393685	0.393393	0.393095
330	0.387101	0.386847	0.386556
331	0.380699	0.380422	0.380111
332	0.374298	0.373997	0.373666
333	0.36816	0.367841	0.367533
334	0.362079	0.361742	0.361467
335	0.355973	0.355618	0.355324
336	0.349853	0.34948	0.349139
337	0.343767	0.343396	0.343054
338	0.337719	0.337374	0.337081
339	0.331787	0.331441	0.331212
340	0.326129	0.325716	0.325586
341	0.320479	0.320021	0.319956
342	0.314893	0.314531	0.3143
343	0.309308	0.309041	0.308643
344	0.303774	0.303507	0.30311
345	0.298244	0.297971	0.297584
346	0.292832	0.292554	0.292182
347	0.287455	0.287172	0.286816
348	0.282146	0.281833	0.281507
349	0.276882	0.276523	0.276235
350	0.27163	0.27126	0.271003
351	0.266395	0.26606	0.265825
352	0.261219	0.260904	0.260672
353	0.256217	0.25588	0.255596
354	0.25122	0.250859	0.250532
355	0.246277	0.245879	0.245609
356	0.241334	0.2409	0.240685
357	0.236386	0.235951	0.235744
358	0.231437	0.231005	0.230801
359	0.226591	0.226214	0.226002
360	0.221781	0.221479	0.221256
361	0.217035	0.2168	0.216548
362	0.212339	0.212163	0.21187
363	0.207667	0.207532	0.207208
364	0.203032	0.20291	0.202574
365	0.198464	0.198333	0.197992
366	0.194143	0.193914	0.193604
367	0.189824	0.189501	0.189221
368	0.185557	0.185218	0.184952
369	0.18129	0.180935	0.180684
370	0.177081	0.17676	0.176521
371	0.17288	0.1726	0.172374
372	0.168629	0.168396	0.168177
373	0.164356	0.164174	0.163957
374	0.16022	0.160022	0.159813
375	0.156205	0.155932	0.155734
376	0.152237	0.151927	0.151729
377	0.148355	0.148073	0.147854
378	0.144478	0.144223	0.143989
379	0.140623	0.140391	0.140164
380	0.136773	0.136564	0.136342
381	0.133141	0.132923	0.132679
382	0.129509	0.129282	0.129015
383	0.125885	0.125649	0.125399
384	0.122262	0.122016	0.121791
385	0.118791	0.118535	0.118291
386	0.115392	0.115122	0.11484
387	0.112055	0.111775	0.1115
388	0.108778	0.108488	0.108262
389	0.105546	0.105267	0.105043
390	0.102396	0.102166	0.101861
391	0.09922	0.099036	0.098662
392	0.095932	0.095776	0.095392
393	0.09265	0.092521	0.092128
394	0.089787	0.089647	0.08927
395	0.086924	0.086774	0.086412
396	0.084279	0.084126	0.083825
397	0.081674	0.08152	0.081287
398	0.079273	0.079116	0.078917
399	0.076969	0.076807	0.076626
400	0.074478	0.074316	0.074129
401	0.071809	0.071652	0.071438
402	0.06916	0.068994	0.068761
403	0.066546	0.066343	0.06611
404	0.063985	0.063746	0.06352
405	0.06165	0.061384	0.061202
406	0.059318	0.059025	0.058887
407	0.057124	0.05683	0.056697
408	0.054929	0.054634	0.054508
409	0.052678	0.052415	0.052255
410	0.050418	0.050192	0.049991
411	0.048139	0.047963	0.047749
412	0.045852	0.045732	0.045515
413	0.04365	0.043526	0.043334
414	0.041525	0.041342	0.041199
415	0.039396	0.039192	0.039065
416	0.037259	0.037099	0.036934
417	0.03512	0.034991	0.034792
418	0.032969	0.03282	0.032602
419	0.030826	0.03066	0.030424
420	0.028883	0.028777	0.02855
421	0.026939	0.026893	0.026675
422	0.025089	0.025036	0.024822
423	0.023251	0.023182	0.022973
424	0.021527	0.021446	0.02124
425	0.019848	0.019757	0.019553
426	0.018352	0.018244	0.018044
427	0.017002	0.016874	0.016678
428	0.015723	0.015589	0.015392
429	0.014553	0.014437	0.014229
430	0.01337	0.013265	0.013049
431	0.012147	0.012027	0.011811
432	0.010914	0.010782	0.010571
433	0.009562	0.009447	0.009301
434	0.008211	0.008112	0.008031
435	0.007098	0.006973	0.006871
436	0.006007	0.005851	0.005721
437	0.00487	0.004738	0.004598
438	0.003719	0.003627	0.003483
439	0.002659	0.002562	0.002422
440	0.001661	0.001528	0.001398
441	0.000673	0.000545	0.000413
442	-0.000302	-0.000374	-0.000525
443	-0.001235	-0.001265	-0.001425
444	-0.002061	-0.002084	-0.002232
445	-0.002872	-0.002896	-0.003031
446	-0.003576	-0.003651	-0.003767
447	-0.004281	-0.004406	-0.004503
448	-0.005017	-0.005143	-0.005222
449	-0.005754	-0.00588	-0.00594
450	-0.006396	-0.006509	-0.006575
451	-0.007016	-0.007112	-0.00719
452	-0.00767	-0.007737	-0.007844
453	-0.008342	-0.008372	-0.008519
454	-0.008985	-0.009031	-0.009178
455	-0.0096	-0.009712	-0.009821
456	-0.010179	-0.010329	-0.010413
457	-0.010688	-0.010826	-0.010909
458	-0.011187	-0.011309	-0.011389
459	-0.01164	-0.011734	-0.011802
460	-0.012095	-0.012159	-0.012219
461	-0.012589	-0.012609	-0.012715
462	-0.013083	-0.013059	-0.013212
463	-0.013514	-0.013512	-0.01365
464	-0.013936	-0.013966	-0.01408
465	-0.014313	-0.014348	-0.014441
466	-0.014673	-0.014705	-0.014778
467	-0.014859	-0.014896	-0.014966
468	-0.01492	-0.014968	-0.015049
469	-0.015056	-0.015125	-0.0152
470	-0.01529	-0.015394	-0.015441
471	-0.015526	-0.015651	-0.01568
472	-0.015767	-0.015879	-0.015914
473	-0.016018	-0.016119	-0.016149
474	-0.016342	-0.016439	-0.016401
475	-0.016666	-0.016759	-0.016653
476	-0.016833	-0.016929	-0.016868
477	-0.016997	-0.017095	-0.017082
478	-0.017155	-0.017256	-0.017268
479	-0.017313	-0.017416	-0.017448
480	-0.017538	-0.017636	-0.017691
481	-0.017795	-0.017886	-0.017962
482	-0.01814	-0.01822	-0.018268
483	-0.01856	-0.018629	-0.018603
484	-0.018944	-0.019002	-0.01898
485	-0.019269	-0.019316	-0.019423
486	-0.019484	-0.019532	-0.019717
487	-0.019348	-0.019438	-0.019547
488	-0.019209	-0.01933	-0.01937
489	-0.019035	-0.019093	-0.019136
490	-0.018861	-0.018855	-0.018902
491	-0.018647	-0.018706	-0.018748
492	-0.018431	-0.018561	-0.018598
493	-0.018361	-0.018444	-0.018474
494	-0.018328	-0.018333	-0.018356
495	-0.018253	-0.018241	-0.018264
496	-0.018158	-0.018157	-0.018186
497	-0.018157	-0.01816	-0.018182
498	-0.018244	-0.018246	-0.018248
499	-0.018294	-0.018288	-0.018315
500	-0.018278	-0.018258	-0.018382
501	-0.018244	-0.018223	-0.018407
502	-0.01815	-0.018169	-0.018289
503	-0.018048	-0.018108	-0.018167
504	-0.017865	-0.017962	-0.017998
505	-0.017681	-0.017817	-0.017828
506	-0.017588	-0.017739	-0.017758
507	-0.0175	-0.017665	-0.017694
508	-0.017419	-0.01752	-0.01759
509	-0.017339	-0.017357	-0.017476
510	-0.017242	-0.017232	-0.017346
511	-0.017137	-0.017127	-0.017208
512	-0.017038	-0.017023	-0.01709
513	-0.016945	-0.016921	-0.016992
514	-0.016834	-0.016826	-0.016895
515	-0.016697	-0.016744	-0.016798
516	-0.0166	-0.016673	-0.016728
517	-0.016632	-0.016641	-0.016739
518	-0.016651	-0.016611	-0.016742
519	-0.01656	-0.01661	-0.016679
520	-0.016469	-0.016608	-0.016615
521	-0.016391	-0.016491	-0.016514
522	-0.016314	-0.01637	-0.016411
523	-0.016296	-0.016313	-0.016348
524	-0.016291	-0.016269	-0.016292
525	-0.016201	-0.016206	-0.016232
526	-0.016074	-0.016137	-0.016171
527	-0.015998	-0.01606	-0.016087
528	-0.015961	-0.015978	-0.015985
529	-0.015878	-0.015892	-0.015897
530	-0.015732	-0.015803	-0.01583
531	-0.015603	-0.015705	-0.01575
532	-0.015514	-0.015589	-0.01564
533	-0.015405	-0.015462	-0.015518
534	-0.015193	-0.015279	-0.015333
535	-0.014983	-0.015099	-0.01515
536	-0.014881	-0.014998	-0.015036
537	-0.014779	-0.014897	-0.014922
538	-0.014682	-0.01476	-0.014811
539	-0.014586	-0.014619	-0.014701
540	-0.014504	-0.014538	-0.014606
541	-0.014428	-0.014475	-0.014517
542	-0.014383	-0.014431	-0.014474
543	-0.014355	-0.014398	-0.014458
544	-0.014319	-0.014358	-0.014416
545	-0.014275	-0.014313	-0.014349
546	-0.014192	-0.01423	-0.014259
547	-0.014045	-0.014083	-0.014134
548	-0.013919	-0.013951	-0.01402
549	-0.013857	-0.013865	-0.013946
550	-0.013779	-0.013765	-0.013857
551	-0.013586	-0.013554	-0.013657
552	-0.013392	-0.013344	-0.013457
553	-0.013208	-0.013197	-0.013282
554	-0.013024	-0.013051	-0.013107
555	-0.012873	-0.012888	-0.012921
556	-0.012726	-0.012724	-0.012733
557	-0.012576	-0.012591	-0.012619
558	-0.012424	-0.01247	-0.01253
559	-0.012313	-0.012369	-0.012436
560	-0.012229	-0.012283	-0.012338
561	-0.012104	-0.012178	-0.012208
562	-0.011935	-0.012053	-0.012045
563	-0.011833	-0.01195	-0.011935
564	-0.01185	-0.011884	-0.011918
565	-0.011866	-0.011841	-0.011915
566	-0.011881	-0.011871	-0.011957
567	-0.011898	-0.0119	-0.011992
568	-0.011932	-0.011924	-0.011976
569	-0.011966	-0.011947	-0.01196
570	-0.012124	-0.012099	-0.012138
571	-0.012282	-0.012251	-0.012317
572	-0.01231	-0.01232	-0.012367
573	-0.012319	-0.012376	-0.012398
574	-0.012304	-0.012351	-0.012377
575	-0.01228	-0.0123	-0.012337
576	-0.012261	-0.012279	-0.01233
577	-0.012244	-0.012277	-0.012341
578	-0.012216	-0.012253	-0.012305
579	-0.012178	-0.012208	-0.012224
580	-0.01209	-0.012114	-0.012114
581	-0.011925	-0.011943	-0.011962
582	-0.011746	-0.01176	-0.011797
583	-0.011531	-0.011546	-0.011596
584	-0.011303	-0.011311	-0.011375
585	-0.010999	-0.010969	-0.011047
586	-0.010697	-0.010632	-0.010723
587	-0.010412	-0.010391	-0.010476
588	-0.010128	-0.01015	-0.010229
589	-0.009867	-0.009877	-0.009935
590	-0.009608	-0.0096	-0.009638
591	-0.009406	-0.009395	-0.009455
592	-0.009217	-0.009206	-0.009299
593	-0.009094	-0.009081	-0.009173
594	-0.009	-0.008983	-0.00906
595	-0.008849	-0.008824	-0.008897
596	-0.008658	-0.008624	-0.008699
597	-0.0085	-0.008472	-0.008534
598	-0.008378	-0.008373	-0.008404
599	-0.008248	-0.008255	-0.008269
600	-0.008105	-0.008102	-0.008125
601	-0.007971	-0.007961	-0.007993
602	-0.007864	-0.007855	-0.007899
603	-0.007737	-0.007728	-0.007788
604	-0.007499	-0.007481	-0.007576
605	-0.007261	-0.007237	-0.007364
606	-0.007047	-0.007063	-0.007154
607	-0.006833	-0.006888	-0.006943
608	-0.006628	-0.006659	-0.006728
609	-0.006423	-0.006425	-0.006514
610	-0.006224	-0.006233	-0.006295
611	-0.006027	-0.006051	-0.006076
612	-0.005836	-0.005854	-0.00586
613	-0.005647	-0.005652	-0.005644
614	-0.005459	-0.005458	-0.005444
615	-0.005273	-0.00527	-0.005252
616	-0.005066	-0.005054	-0.005065
617	-0.004839	-0.004809	-0.004881
618	-0.004603	-0.004579	-0.004675
619	-0.004352	-0.004371	-0.004436
620	-0.004129	-0.004176	-0.004207
621	-0.003969	-0.004008	-0.004002
622	-0.003812	-0.00384	-0.00381
623	-0.003664	-0.003668	-0.003671
624	-0.003513	-0.003494	-0.003529
625	-0.003333	-0.003308	-0.00336
626	-0.003152	-0.003121	-0.00319
627	-0.003045	-0.003049	-0.003078
628	-0.002938	-0.002978	-0.002966
629	-0.002822	-0.002842	-0.002868
630	-0.002705	-0.002699	-0.00277
631	-0.002557	-0.00253	-0.002629
632	-0.0024	-0.002355	-0.002477
633	-0.002205	-0.002167	-0.002265
634	-0.001995	-0.001972	-0.002027
635	-0.00188	-0.00186	-0.001892
636	-0.00183	-0.001803	-0.001825
637	-0.001672	-0.001663	-0.001697
638	-0.001408	-0.001441	-0.001509
639	-0.001214	-0.001251	-0.001322
640	-0.001119	-0.001108	-0.001137
641	-0.00099	-0.000963	-0.00096
642	-0.000782	-0.000814	-0.0008
643	-0.000595	-0.000661	-0.000639
644	-0.00048	-0.000493	-0.000473
645	-0.000361	-0.000326	-0.000311
646	-0.000222	-0.000167	-0.000179
647	-0.000083	-0.000012	-0.000048
648	0.000053	0.000046	0.000047
649	0.00019	0.000104	0.000143
650	0.000038	0.000001	-0.000046
651	-0.000132	-0.000112	-0.000252
652	-0.00047	-0.000476	-0.000556
653	-0.000837	-0.000883	-0.000879
654	-0.001096	-0.001139	-0.001142
655	-0.001322	-0.001349	-0.001387
656	-0.00132	-0.00132	-0.001368
657	-0.001209	-0.001178	-0.001223
658	-0.000945	-0.000904	-0.000961
659	-0.000573	-0.000538	-0.000616
660	-0.000077	-0.00004	-0.000134
661	0.000545	0.00059	0.000488
662	0.001102	0.001131	0.001048
663	0.001566	0.001547	0.001522
664	0.001977	0.001939	0.001952
665	0.00228	0.002284	0.002292
666	0.002525	0.002558	0.002569
667	0.002592	0.002618	0.002654
668	0.00268	0.002698	0.002744
669	0.00288	0.002886	0.002865
670	0.003074	0.003067	0.00299
671	0.00321	0.003175	0.003167
672	0.003345	0.003282	0.003345
673	0.00345	0.003473	0.003498
674	0.003555	0.003664	0.003651
675	0.00371	0.003731	0.003708
676	0.00387	0.003786	0.003756
677	0.003977	0.003941	0.003922
678	0.004073	0.004114	0.00411
679	0.004213	0.004252	0.004237
680	0.004366	0.00438	0.004344
681	0.004483	0.00449	0.004412
682	0.004583	0.004593	0.004463
683	0.004733	0.004747	0.004622
684	0.004916	0.004935	0.004851
685	0.005074	0.005099	0.005035
686	0.00521	0.00524	0.005179
687	0.005376	0.005405	0.005345
688	0.005576	0.005597	0.005537
689	0.005749	0.005746	0.005682
690	0.005881	0.005828	0.005754
691	0.006004	0.005923	0.005865
692	0.006106	0.006046	0.006065
693	0.006219	0.006177	0.006236
694	0.006363	0.006332	0.006316
695	0.006497	0.006485	0.00641
696	0.00658	0.006633	0.006565
697	0.006667	0.006779	0.006718
698	0.00679	0.006904	0.006852
699	0.006912	0.007028	0.006984
700	0.007032	0.007127	0.007099
701	0.007152	0.007226	0.007214
702	0.00731	0.007388	0.007356
703	0.007468	0.007552	0.007498
704	0.007622	0.007687	0.007628
705	0.007775	0.007818	0.007757
706	0.007854	0.007864	0.007856
707	0.007917	0.007892	0.00795
708	0.008017	0.008002	0.008065
709	0.008127	0.008136	0.008186
710	0.008232	0.008261	0.008277
711	0.008336	0.008382	0.008357
712	0.008428	0.008435	0.0084
713	0.008513	0.008451	0.008424
714	0.008638	0.008546	0.008533
715	0.008793	0.0087	0.008704
716	0.008898	0.008842	0.008864
717	0.008959	0.008974	0.009016
718	0.009077	0.009096	0.009123
719	0.009262	0.00921	0.009179
720	0.009429	0.009357	0.009308
[LOG]
CHECKSUMz¡