[HEADER]
Format	J&M ASCII Table
Comment	
Date	03/03/2026 19:44:15
Order	Y (evenX)
TechType	UV
NumPoints	411
FirstX	310
LastX	720
XType	nm
YType	Absorbance
ZType	s
NumSubFile	3
Matrix	Z vs X
[LOGIN]
Name=pcbob
[INSTRUMENT]
Name=TIDAS E Base UV/VI
Detector=MMS - ASPEN 97,5 kHz
Diodearray=256 Pixel
Serial#=36584
Calibrated=2011-07-01
Range=183.81-729.88 [nm] (F0)

SWVersion=v3.18.2 (build 0)[LOGIN]
Name=pcbob
[CONFIG]
ChannelName=Channel 1
ChannelType=Normalized
[PARAMETER]
It=400,00
Aver=5
Norm=3
Range=310,0-720,0 nm
Scan=Time
ScanTime=5,00 s
[TRIGGER]
Sweep=0
Scan=0
[DIO]
DigOut=0x0000
DigIn=0x0000
[DATA]
	00:00:00,000	00:00:02,000	00:00:04,000
310	0.523577	0.523213	0.522754
311	0.515522	0.515163	0.514703
312	0.507708	0.507326	0.506862
313	0.499976	0.499571	0.49909
314	0.492354	0.49193	0.491414
315	0.48477	0.484327	0.483812
316	0.477301	0.476845	0.476443
317	0.469853	0.46939	0.469088
318	0.462698	0.462328	0.461938
319	0.455542	0.455267	0.454788
320	0.448535	0.448254	0.447771
321	0.441546	0.441247	0.440771
322	0.434655	0.434345	0.433865
323	0.427804	0.427488	0.426998
324	0.421072	0.420714	0.420258
325	0.414446	0.414015	0.41363
326	0.407854	0.407383	0.407016
327	0.401321	0.400874	0.400428
328	0.394825	0.394401	0.393896
329	0.388499	0.388099	0.387623
330	0.382173	0.381797	0.38135
331	0.375905	0.375469	0.375096
332	0.369637	0.369141	0.368841
333	0.363633	0.363162	0.362816
334	0.357685	0.357258	0.35684
335	0.351729	0.351319	0.35087
336	0.345769	0.345362	0.344904
337	0.339924	0.339523	0.339077
338	0.334205	0.333813	0.333403
339	0.328541	0.328152	0.327751
340	0.323002	0.322605	0.32215
341	0.317485	0.317078	0.316585
342	0.312118	0.311703	0.311288
343	0.306751	0.306328	0.305991
344	0.301499	0.301058	0.30075
345	0.296254	0.295793	0.295513
346	0.291082	0.290527	0.290292
347	0.285931	0.285261	0.285076
348	0.280778	0.280126	0.279938
349	0.275624	0.275077	0.274851
350	0.270529	0.270093	0.269819
351	0.265513	0.265196	0.26486
352	0.260521	0.260276	0.259904
353	0.255602	0.255288	0.254956
354	0.250697	0.250319	0.250019
355	0.24596	0.245571	0.245205
356	0.241224	0.240822	0.240391
357	0.236484	0.236139	0.235729
358	0.231743	0.231463	0.231082
359	0.227224	0.226868	0.226532
360	0.222787	0.222303	0.222018
361	0.218273	0.217779	0.217509
362	0.2137	0.213289	0.213002
363	0.209216	0.208818	0.208535
364	0.204873	0.204378	0.204128
365	0.200537	0.199988	0.199747
366	0.19623	0.195785	0.195458
367	0.191929	0.191583	0.191177
368	0.187769	0.18742	0.187087
369	0.183609	0.183257	0.182997
370	0.179683	0.179369	0.179039
371	0.175791	0.175521	0.175101
372	0.17178	0.171499	0.171073
373	0.16772	0.167404	0.167007
374	0.163705	0.163364	0.163009
375	0.159731	0.159374	0.159073
376	0.155849	0.155475	0.155195
377	0.152129	0.151736	0.15142
378	0.148432	0.148031	0.147686
379	0.144835	0.144465	0.144127
380	0.141238	0.140899	0.140567
381	0.137642	0.137297	0.136973
382	0.134047	0.133696	0.133379
383	0.130541	0.1302	0.129927
384	0.127051	0.126723	0.1265
385	0.123654	0.123367	0.123139
386	0.120298	0.120067	0.119809
387	0.117084	0.116874	0.116601
388	0.114001	0.113779	0.113506
389	0.110949	0.110701	0.110442
390	0.107955	0.10765	0.107436
391	0.104944	0.104593	0.104414
392	0.101863	0.101502	0.10132
393	0.098783	0.098414	0.098228
394	0.095806	0.095537	0.095265
395	0.092829	0.09266	0.092302
396	0.09022	0.09004	0.089669
397	0.087677	0.087466	0.087096
398	0.085212	0.085	0.084625
399	0.082784	0.082583	0.082202
400	0.080214	0.080007	0.079653
401	0.077508	0.077279	0.076983
402	0.074838	0.074608	0.074341
403	0.072234	0.072042	0.071747
404	0.069711	0.069538	0.069231
405	0.067542	0.067314	0.067061
406	0.065372	0.06509	0.06489
407	0.06316	0.062878	0.062688
408	0.060949	0.060665	0.060485
409	0.058726	0.058428	0.058243
410	0.056501	0.056186	0.055994
411	0.054136	0.053877	0.053671
412	0.051706	0.051539	0.051314
413	0.049442	0.049291	0.049068
414	0.047327	0.047124	0.046923
415	0.045159	0.044929	0.044732
416	0.042899	0.042687	0.042459
417	0.040668	0.04047	0.040233
418	0.038551	0.038353	0.038199
419	0.036444	0.036247	0.03617
420	0.034595	0.034409	0.03428
421	0.032747	0.032571	0.03239
422	0.030904	0.030763	0.030549
423	0.029062	0.028958	0.028714
424	0.027286	0.027168	0.026951
425	0.025537	0.025384	0.025216
426	0.02393	0.023792	0.02364
427	0.022437	0.022356	0.022192
428	0.021081	0.021004	0.020844
429	0.019933	0.019784	0.019649
430	0.018765	0.018574	0.018448
431	0.01753	0.017403	0.01723
432	0.016289	0.016221	0.016011
433	0.014983	0.014903	0.014794
434	0.013677	0.013585	0.013576
435	0.012535	0.012437	0.012383
436	0.011409	0.011305	0.011192
437	0.010224	0.010128	0.010015
438	0.009019	0.008938	0.008844
439	0.007917	0.007854	0.007768
440	0.006885	0.006844	0.006757
441	0.005869	0.005825	0.005717
442	0.004874	0.004797	0.00464
443	0.003909	0.003807	0.00363
444	0.003019	0.002912	0.002789
445	0.002152	0.002038	0.001958
446	0.001434	0.001301	0.001193
447	0.000717	0.000564	0.000428
448	0.000001	-0.000106	-0.000249
449	-0.000716	-0.000773	-0.000925
450	-0.001364	-0.001381	-0.001514
451	-0.001997	-0.001976	-0.002084
452	-0.002585	-0.002582	-0.002679
453	-0.00315	-0.003195	-0.003288
454	-0.003776	-0.003852	-0.003945
455	-0.004462	-0.004554	-0.004651
456	-0.005108	-0.005197	-0.005286
457	-0.005677	-0.005733	-0.005786
458	-0.006201	-0.006235	-0.006269
459	-0.006538	-0.0066	-0.00668
460	-0.006883	-0.006972	-0.007097
461	-0.007411	-0.007537	-0.007652
462	-0.007939	-0.008102	-0.008207
463	-0.00845	-0.008574	-0.008654
464	-0.008958	-0.009034	-0.009087
465	-0.009295	-0.009375	-0.009396
466	-0.00957	-0.009673	-0.009661
467	-0.009738	-0.009854	-0.009831
468	-0.009831	-0.009952	-0.009935
469	-0.009965	-0.010048	-0.01007
470	-0.010151	-0.010142	-0.010245
471	-0.010329	-0.010271	-0.010416
472	-0.010482	-0.010492	-0.010575
473	-0.01065	-0.010715	-0.010747
474	-0.010914	-0.010954	-0.011004
475	-0.011177	-0.011192	-0.011261
476	-0.011281	-0.011271	-0.011415
477	-0.011383	-0.011347	-0.011568
478	-0.01154	-0.011531	-0.011722
479	-0.011708	-0.011736	-0.011876
480	-0.012026	-0.012062	-0.012157
481	-0.012412	-0.012443	-0.012496
482	-0.012943	-0.012935	-0.012996
483	-0.013599	-0.013524	-0.013636
484	-0.014202	-0.014098	-0.014243
485	-0.014721	-0.014649	-0.014799
486	-0.015053	-0.015008	-0.015156
487	-0.014797	-0.014762	-0.014888
488	-0.014537	-0.014516	-0.014618
489	-0.014237	-0.014271	-0.01433
490	-0.013938	-0.014026	-0.014043
491	-0.013618	-0.013689	-0.013704
492	-0.013298	-0.013347	-0.013362
493	-0.013075	-0.013098	-0.013127
494	-0.012876	-0.012871	-0.012916
495	-0.012716	-0.012699	-0.012796
496	-0.012577	-0.012557	-0.012722
497	-0.012473	-0.012471	-0.012656
498	-0.012403	-0.012437	-0.012598
499	-0.012354	-0.012425	-0.01253
500	-0.01234	-0.012449	-0.012445
501	-0.0123	-0.012439	-0.012359
502	-0.012179	-0.012317	-0.012271
503	-0.012062	-0.012197	-0.012187
504	-0.011998	-0.012092	-0.012147
505	-0.011934	-0.011988	-0.012107
506	-0.011861	-0.011897	-0.011988
507	-0.011788	-0.011806	-0.011864
508	-0.011705	-0.011731	-0.011796
509	-0.011619	-0.01166	-0.011741
510	-0.011501	-0.011519	-0.011628
511	-0.011367	-0.011342	-0.011486
512	-0.011274	-0.011214	-0.011363
513	-0.011219	-0.011132	-0.011259
514	-0.011128	-0.011043	-0.011162
515	-0.010979	-0.010946	-0.011076
516	-0.010821	-0.010837	-0.01096
517	-0.010631	-0.010694	-0.010754
518	-0.010443	-0.010549	-0.010556
519	-0.010266	-0.010393	-0.010423
520	-0.010089	-0.010236	-0.01029
521	-0.00997	-0.010062	-0.010146
522	-0.009854	-0.009888	-0.010002
523	-0.009681	-0.009698	-0.009834
524	-0.009497	-0.009505	-0.009662
525	-0.009435	-0.009435	-0.009551
526	-0.009425	-0.009418	-0.009467
527	-0.009423	-0.009454	-0.009476
528	-0.009427	-0.009531	-0.009558
529	-0.009429	-0.00954	-0.009603
530	-0.009427	-0.009456	-0.009598
531	-0.009398	-0.009369	-0.009552
532	-0.009303	-0.009274	-0.009407
533	-0.009215	-0.0092	-0.009283
534	-0.009165	-0.009236	-0.009277
535	-0.009113	-0.009266	-0.009267
536	-0.009002	-0.009079	-0.009146
537	-0.00889	-0.008893	-0.009024
538	-0.008737	-0.008778	-0.008847
539	-0.00858	-0.008672	-0.008663
540	-0.008538	-0.008596	-0.008586
541	-0.008532	-0.008528	-0.008542
542	-0.008394	-0.008368	-0.008411
543	-0.00818	-0.008153	-0.008229
544	-0.007999	-0.007978	-0.008051
545	-0.007851	-0.007841	-0.007877
546	-0.007729	-0.007735	-0.007743
547	-0.00765	-0.007683	-0.007677
548	-0.00755	-0.007605	-0.007592
549	-0.007388	-0.007442	-0.007447
550	-0.007224	-0.007278	-0.007297
551	-0.007049	-0.007103	-0.007104
552	-0.006874	-0.006928	-0.006911
553	-0.006748	-0.006804	-0.006818
554	-0.006622	-0.006681	-0.006725
555	-0.006584	-0.006625	-0.006676
556	-0.006561	-0.006579	-0.006633
557	-0.006507	-0.006498	-0.006557
558	-0.006441	-0.006405	-0.006469
559	-0.006335	-0.006297	-0.006353
560	-0.006203	-0.00618	-0.006219
561	-0.006079	-0.006081	-0.006114
562	-0.005962	-0.006002	-0.006039
563	-0.005875	-0.005924	-0.005987
564	-0.005841	-0.00585	-0.005974
565	-0.005839	-0.005825	-0.005981
566	-0.005941	-0.005961	-0.006052
567	-0.006049	-0.006094	-0.006133
568	-0.006206	-0.006196	-0.006284
569	-0.006363	-0.006298	-0.006436
570	-0.006557	-0.006521	-0.006637
571	-0.006751	-0.006745	-0.006838
572	-0.006831	-0.00682	-0.006877
573	-0.006894	-0.006874	-0.006892
574	-0.006958	-0.006937	-0.006955
575	-0.007024	-0.007003	-0.007034
576	-0.007103	-0.007061	-0.007105
577	-0.00719	-0.007114	-0.00717
578	-0.007218	-0.007158	-0.007226
579	-0.00719	-0.007193	-0.007274
580	-0.007134	-0.007166	-0.007249
581	-0.007035	-0.007043	-0.007115
582	-0.006914	-0.006907	-0.006962
583	-0.006738	-0.00674	-0.006762
584	-0.006541	-0.006546	-0.006549
585	-0.006237	-0.006216	-0.006266
586	-0.005934	-0.005889	-0.005983
587	-0.005655	-0.005637	-0.00569
588	-0.005375	-0.005386	-0.005396
589	-0.00505	-0.005032	-0.005067
590	-0.004722	-0.00467	-0.004735
591	-0.004447	-0.004404	-0.004475
592	-0.004186	-0.00416	-0.004231
593	-0.003971	-0.003986	-0.004038
594	-0.003775	-0.003843	-0.003868
595	-0.003567	-0.003647	-0.003649
596	-0.00335	-0.003414	-0.003395
597	-0.003133	-0.00318	-0.003176
598	-0.002917	-0.002945	-0.002995
599	-0.002734	-0.00274	-0.002822
600	-0.002609	-0.002585	-0.002662
601	-0.002462	-0.002416	-0.002496
602	-0.002253	-0.002208	-0.002311
603	-0.002037	-0.001998	-0.002111
604	-0.001787	-0.001779	-0.00182
605	-0.001535	-0.001558	-0.00153
606	-0.001244	-0.001261	-0.001251
607	-0.000953	-0.000965	-0.000972
608	-0.000748	-0.000752	-0.000768
609	-0.000549	-0.000545	-0.00057
610	-0.000363	-0.000346	-0.000389
611	-0.000178	-0.000148	-0.00021
612	-0.000043	-0.000017	-0.000074
613	0.000072	0.000089	0.000045
614	0.000255	0.00026	0.000248
615	0.000482	0.000473	0.000504
616	0.000707	0.000678	0.000717
617	0.00093	0.000876	0.000889
618	0.001148	0.001103	0.001085
619	0.00136	0.001375	0.001319
620	0.001571	0.001615	0.001537
621	0.001778	0.001779	0.001717
622	0.001991	0.001961	0.001914
623	0.002229	0.002211	0.002189
624	0.00247	0.002459	0.002461
625	0.002729	0.002689	0.002709
626	0.002988	0.002919	0.002958
627	0.003194	0.003165	0.003151
628	0.003399	0.00341	0.003345
629	0.003637	0.003624	0.003564
630	0.00388	0.003834	0.003786
631	0.00412	0.004076	0.004037
632	0.004359	0.004326	0.004295
633	0.004523	0.004502	0.004451
634	0.004654	0.004645	0.004563
635	0.004871	0.004872	0.004765
636	0.005147	0.005156	0.005028
637	0.005361	0.00537	0.00525
638	0.005512	0.005512	0.005432
639	0.005656	0.005659	0.005618
640	0.00579	0.00581	0.00581
641	0.005916	0.005965	0.00597
642	0.006022	0.006126	0.006061
643	0.006134	0.006269	0.006156
644	0.006266	0.006347	0.006262
645	0.006402	0.006432	0.006366
646	0.00656	0.006575	0.00646
647	0.006708	0.006709	0.006548
648	0.006545	0.006583	0.00648
649	0.006381	0.006456	0.006412
650	0.005923	0.005972	0.00593
651	0.005446	0.005467	0.005422
652	0.004718	0.004749	0.004697
653	0.003947	0.003994	0.003934
654	0.003429	0.003475	0.003409
655	0.00299	0.00303	0.002957
656	0.00296	0.002974	0.002903
657	0.003127	0.003106	0.00304
658	0.003525	0.003499	0.003432
659	0.004087	0.004076	0.004003
660	0.004853	0.004851	0.004777
661	0.005823	0.005825	0.005753
662	0.006734	0.006724	0.006675
663	0.007563	0.007517	0.00752
664	0.00827	0.00821	0.008233
665	0.008727	0.008699	0.00868
666	0.009126	0.009123	0.009077
667	0.009345	0.009349	0.00932
668	0.009563	0.009575	0.009552
669	0.009773	0.009798	0.009727
670	0.009975	0.010012	0.009903
671	0.010085	0.010135	0.010102
672	0.010194	0.010258	0.0103
673	0.010326	0.010376	0.010358
674	0.010457	0.010495	0.010415
675	0.0105	0.010572	0.010527
676	0.010534	0.010646	0.010644
677	0.010665	0.010709	0.01074
678	0.010814	0.01077	0.010833
679	0.010932	0.010872	0.010948
680	0.011042	0.010986	0.01107
681	0.011101	0.011108	0.011162
682	0.011137	0.011232	0.01124
683	0.011213	0.011328	0.01131
684	0.011314	0.011406	0.011374
685	0.011443	0.011502	0.011462
686	0.011595	0.011612	0.01157
687	0.011761	0.01176	0.011703
688	0.011942	0.011952	0.011866
689	0.012091	0.01212	0.012029
690	0.012188	0.012249	0.012192
691	0.012323	0.012384	0.012352
692	0.012539	0.012534	0.012504
693	0.012726	0.012676	0.012642
694	0.012824	0.012799	0.012738
695	0.012923	0.012919	0.012838
696	0.013019	0.013029	0.012961
697	0.013117	0.013136	0.013085
698	0.01323	0.013213	0.013211
699	0.013346	0.013297	0.01334
700	0.013564	0.01355	0.013538
701	0.013781	0.013803	0.013737
702	0.013814	0.013865	0.013824
703	0.013839	0.013921	0.013907
704	0.013947	0.014015	0.013974
705	0.014064	0.014113	0.014039
706	0.014184	0.014211	0.014121
707	0.014305	0.01431	0.014205
708	0.014434	0.014466	0.014368
709	0.014566	0.014639	0.014555
710	0.014727	0.014781	0.014728
711	0.0149	0.01491	0.014896
712	0.015062	0.01505	0.015018
713	0.015217	0.015197	0.015115
714	0.015359	0.015362	0.015278
715	0.015492	0.01554	0.015489
716	0.015682	0.015724	0.015699
717	0.015926	0.015914	0.015909
718	0.016079	0.016072	0.016061
719	0.016125	0.016194	0.016145
720	0.016207	0.016309	0.016242
[LOG]
CHECKSUMÃ"