[HEADER]
Format	J&M ASCII Table
Comment	
Date	03/03/2026 20:22:54
Order	Y (evenX)
TechType	UV
NumPoints	411
FirstX	310
LastX	720
XType	nm
YType	Absorbance
ZType	s
NumSubFile	3
Matrix	Z vs X
[LOGIN]
Name=pcbob
[INSTRUMENT]
Name=TIDAS E Base UV/VI
Detector=MMS - ASPEN 97,5 kHz
Diodearray=256 Pixel
Serial#=36584
Calibrated=2011-07-01
Range=183.81-729.88 [nm] (F0)

SWVersion=v3.18.2 (build 0)[LOGIN]
Name=pcbob
[CONFIG]
ChannelName=Channel 1
ChannelType=Normalized
[PARAMETER]
It=400,00
Aver=5
Norm=3
Range=310,0-720,0 nm
Scan=Time
ScanTime=5,00 s
[TRIGGER]
Sweep=0
Scan=0
[DIO]
DigOut=0x0000
DigIn=0x0000
[DATA]
	00:00:00,000	00:00:02,000	00:00:04,000
310	0.659623	0.659303	0.6588
311	0.649783	0.649447	0.648944
312	0.640098	0.639732	0.63925
313	0.630599	0.630226	0.629776
314	0.621355	0.62101	0.620604
315	0.612164	0.611829	0.611461
316	0.603142	0.602757	0.602405
317	0.594136	0.593707	0.593365
318	0.585384	0.58496	0.58457
319	0.576632	0.576213	0.575775
320	0.568129	0.567737	0.56726
321	0.559659	0.559295	0.55878
322	0.551356	0.550918	0.550443
323	0.543121	0.542567	0.542163
324	0.534926	0.534339	0.533964
325	0.526766	0.526218	0.525837
326	0.518649	0.518145	0.517764
327	0.510611	0.510161	0.50979
328	0.502595	0.502198	0.501846
329	0.494685	0.494336	0.494036
330	0.486776	0.486474	0.486227
331	0.479085	0.478752	0.478434
332	0.471395	0.47103	0.470642
333	0.463842	0.463439	0.463048
334	0.456317	0.455875	0.455496
335	0.448882	0.448404	0.448076
336	0.441496	0.440981	0.440727
337	0.434152	0.43365	0.433385
338	0.426855	0.426419	0.426049
339	0.419632	0.419243	0.418798
340	0.41258	0.412198	0.411743
341	0.405558	0.405176	0.404717
342	0.398744	0.398324	0.397903
343	0.39193	0.391473	0.391089
344	0.385251	0.38469	0.384388
345	0.37858	0.377911	0.377694
346	0.371884	0.371328	0.371068
347	0.365182	0.364803	0.364462
348	0.358698	0.358325	0.357943
349	0.35236	0.351878	0.351483
350	0.345987	0.345479	0.345052
351	0.339565	0.339145	0.338662
352	0.333223	0.332858	0.332335
353	0.327119	0.326708	0.326201
354	0.32103	0.320575	0.320087
355	0.315127	0.314645	0.314219
356	0.309224	0.308716	0.308352
357	0.303341	0.302874	0.302465
358	0.297459	0.297042	0.296575
359	0.291677	0.291234	0.290762
360	0.285931	0.285435	0.284977
361	0.280269	0.279738	0.279333
362	0.274673	0.274121	0.2738
363	0.269145	0.26861	0.268331
364	0.263725	0.263266	0.262963
365	0.258365	0.257975	0.257639
366	0.253224	0.252878	0.252472
367	0.248087	0.24778	0.247308
368	0.243012	0.242665	0.242231
369	0.237936	0.23755	0.237154
370	0.232985	0.232579	0.232163
371	0.228053	0.227628	0.227185
372	0.223164	0.222769	0.222322
373	0.218295	0.217949	0.217509
374	0.21357	0.213217	0.212799
375	0.208972	0.208563	0.20818
376	0.20447	0.203986	0.203631
377	0.200135	0.199544	0.199205
378	0.19581	0.195146	0.194828
379	0.191523	0.190937	0.190654
380	0.187241	0.186734	0.186483
381	0.183153	0.182778	0.182399
382	0.179064	0.178822	0.178316
383	0.175111	0.174809	0.17437
384	0.171182	0.170785	0.170449
385	0.167368	0.166981	0.166639
386	0.163608	0.163278	0.162881
387	0.159938	0.159633	0.159208
388	0.156354	0.156042	0.155615
389	0.152823	0.152511	0.152088
390	0.149391	0.149091	0.148685
391	0.145968	0.145659	0.145266
392	0.142581	0.142169	0.141773
393	0.1392	0.138688	0.138289
394	0.136246	0.135803	0.135439
395	0.133291	0.132919	0.13259
396	0.130557	0.130174	0.12987
397	0.127862	0.127455	0.127174
398	0.125353	0.124968	0.124688
399	0.122931	0.12259	0.122301
400	0.12036	0.119998	0.119712
401	0.117649	0.117203	0.116934
402	0.114943	0.114459	0.114204
403	0.112246	0.111809	0.111565
404	0.109595	0.109206	0.108969
405	0.107152	0.106807	0.106559
406	0.104712	0.104412	0.10415
407	0.102478	0.102187	0.101853
408	0.100243	0.099963	0.099556
409	0.097926	0.09758	0.097262
410	0.095595	0.095169	0.094969
411	0.093322	0.092883	0.092685
412	0.091077	0.090652	0.090404
413	0.088893	0.088501	0.088227
414	0.086764	0.086419	0.086145
415	0.084626	0.084294	0.084014
416	0.082472	0.082093	0.081796
417	0.080292	0.079879	0.079586
418	0.078008	0.077618	0.077402
419	0.075731	0.075368	0.075223
420	0.07367	0.073395	0.073168
421	0.071609	0.071421	0.071113
422	0.069777	0.06957	0.069254
423	0.067977	0.067736	0.067423
424	0.066305	0.066038	0.06577
425	0.064683	0.064394	0.064188
426	0.063106	0.062849	0.06262
427	0.061565	0.061383	0.061062
428	0.060113	0.059946	0.059603
429	0.058801	0.058554	0.058295
430	0.057481	0.057171	0.056988
431	0.056138	0.05582	0.055684
432	0.054796	0.05447	0.054376
433	0.053469	0.053124	0.053006
434	0.052142	0.051778	0.051636
435	0.050935	0.050648	0.050466
436	0.04974	0.049538	0.049316
437	0.04851	0.048332	0.048099
438	0.04727	0.047096	0.046862
439	0.046105	0.045941	0.045712
440	0.044992	0.044842	0.044621
441	0.043943	0.043783	0.043585
442	0.042977	0.042776	0.04262
443	0.042037	0.041793	0.041664
444	0.041161	0.04087	0.040729
445	0.040276	0.039948	0.039798
446	0.039324	0.039032	0.038897
447	0.038373	0.038116	0.037995
448	0.037515	0.037275	0.037114
449	0.03666	0.036437	0.036234
450	0.035889	0.035635	0.035459
451	0.035136	0.034841	0.034708
452	0.034302	0.034037	0.0339
453	0.033426	0.033228	0.033063
454	0.032636	0.032448	0.032291
455	0.031933	0.031697	0.031582
456	0.031278	0.031021	0.030919
457	0.030713	0.030485	0.030339
458	0.030122	0.029927	0.029742
459	0.029424	0.029273	0.029074
460	0.02873	0.028619	0.028406
461	0.028134	0.027965	0.027773
462	0.027537	0.027311	0.02714
463	0.026953	0.026692	0.02658
464	0.026372	0.026078	0.02603
465	0.025821	0.025531	0.025461
466	0.025282	0.025007	0.024887
467	0.02486	0.024594	0.024457
468	0.024522	0.02426	0.024132
469	0.024109	0.023849	0.023717
470	0.023597	0.023335	0.023186
471	0.023085	0.022821	0.022665
472	0.022573	0.022311	0.02217
473	0.022056	0.021796	0.021663
474	0.021517	0.021253	0.021072
475	0.020978	0.020711	0.020482
476	0.020612	0.020332	0.020151
477	0.02025	0.019957	0.019825
478	0.019858	0.019631	0.019491
479	0.01946	0.019315	0.019156
480	0.019012	0.018847	0.018712
481	0.018543	0.018308	0.018219
482	0.018151	0.017891	0.017828
483	0.017827	0.017579	0.017525
484	0.017444	0.017203	0.017151
485	0.016966	0.016729	0.016667
486	0.01657	0.016335	0.016263
487	0.01643	0.016196	0.016111
488	0.016283	0.016049	0.015953
489	0.016069	0.015838	0.015736
490	0.015855	0.015627	0.015519
491	0.015739	0.015469	0.015391
492	0.015629	0.015313	0.015269
493	0.015406	0.0151	0.01506
494	0.015157	0.014873	0.014829
495	0.014968	0.014693	0.014635
496	0.014811	0.014537	0.014458
497	0.014596	0.014329	0.014238
498	0.014327	0.014071	0.013978
499	0.014074	0.013828	0.013719
500	0.013847	0.013613	0.013463
501	0.013627	0.013396	0.013215
502	0.013428	0.013177	0.012996
503	0.013234	0.012967	0.012789
504	0.013095	0.012857	0.012709
505	0.012955	0.012746	0.012629
506	0.012747	0.01254	0.01245
507	0.012535	0.012329	0.012264
508	0.012406	0.012168	0.012092
509	0.012297	0.012019	0.011924
510	0.012137	0.011821	0.011744
511	0.011952	0.011598	0.011558
512	0.011785	0.011426	0.011372
513	0.011634	0.011301	0.011186
514	0.011474	0.011183	0.011034
515	0.011301	0.011073	0.010935
516	0.011138	0.010941	0.010823
517	0.011013	0.010737	0.010673
518	0.01088	0.010543	0.010518
519	0.010696	0.010432	0.010327
520	0.010511	0.010321	0.010135
521	0.010394	0.010168	0.010041
522	0.010279	0.010013	0.00995
523	0.010072	0.009873	0.009779
524	0.009846	0.009736	0.009591
525	0.00968	0.009587	0.009422
526	0.009539	0.009431	0.009263
527	0.009412	0.009266	0.009133
528	0.009296	0.009094	0.009025
529	0.009204	0.008957	0.008923
530	0.009141	0.008867	0.008827
531	0.009068	0.008793	0.008753
532	0.008969	0.008754	0.008733
533	0.008883	0.008717	0.008702
534	0.008865	0.008687	0.00861
535	0.008844	0.008653	0.008516
536	0.008681	0.008505	0.008369
537	0.008517	0.008357	0.008222
538	0.008483	0.008258	0.008137
539	0.008465	0.008166	0.008058
540	0.008364	0.008091	0.007965
541	0.008238	0.008022	0.007866
542	0.008103	0.007908	0.007739
543	0.007962	0.007767	0.007595
544	0.007847	0.007627	0.007485
545	0.007758	0.007488	0.007409
546	0.007678	0.007398	0.007345
547	0.007615	0.007392	0.007304
548	0.007553	0.007365	0.007256
549	0.007493	0.007276	0.007188
550	0.007435	0.00719	0.007119
551	0.007398	0.007136	0.007045
552	0.007362	0.007081	0.006971
553	0.007276	0.00707	0.006886
554	0.00719	0.007059	0.006802
555	0.007163	0.006989	0.006828
556	0.007144	0.00691	0.006873
557	0.007149	0.006895	0.006873
558	0.007163	0.006904	0.006857
559	0.007124	0.006877	0.006801
560	0.007051	0.006826	0.00672
561	0.006968	0.006765	0.006646
562	0.006876	0.006694	0.006579
563	0.006797	0.006632	0.006523
564	0.006743	0.006587	0.006483
565	0.00669	0.006539	0.006433
566	0.006646	0.006482	0.006351
567	0.006607	0.006432	0.006278
568	0.006619	0.006441	0.00628
569	0.00663	0.006451	0.006282
570	0.006475	0.006308	0.006162
571	0.00632	0.006164	0.006042
572	0.006282	0.006087	0.005984
573	0.006262	0.00602	0.005936
574	0.006177	0.005948	0.005863
575	0.00607	0.005874	0.005783
576	0.006015	0.005808	0.005714
577	0.00599	0.005746	0.005651
578	0.005956	0.005703	0.005609
579	0.005915	0.005677	0.005586
580	0.005885	0.00565	0.005559
581	0.005873	0.005624	0.005528
582	0.005877	0.005617	0.005524
583	0.005926	0.005661	0.005592
584	0.005971	0.005711	0.005652
585	0.005998	0.005786	0.005673
586	0.006026	0.005859	0.005695
587	0.006074	0.005864	0.005748
588	0.006122	0.005869	0.0058
589	0.006148	0.005923	0.005816
590	0.006172	0.00598	0.00583
591	0.006154	0.005981	0.005829
592	0.006126	0.00597	0.005824
593	0.006109	0.005935	0.005789
594	0.006097	0.00589	0.00574
595	0.006108	0.005893	0.005732
596	0.006136	0.005929	0.005751
597	0.006137	0.005931	0.005763
598	0.006108	0.005894	0.005767
599	0.006087	0.00587	0.00577
600	0.006078	0.005868	0.005774
601	0.00607	0.00586	0.00577
602	0.006061	0.005837	0.005746
603	0.006053	0.005822	0.005723
604	0.006046	0.005852	0.005714
605	0.006042	0.005883	0.005708
606	0.006106	0.005939	0.005778
607	0.00617	0.005996	0.005849
608	0.006154	0.00599	0.005825
609	0.006131	0.005979	0.005794
610	0.006124	0.005957	0.005803
611	0.006121	0.005933	0.005821
612	0.006141	0.005959	0.005871
613	0.00617	0.006005	0.005934
614	0.006174	0.006004	0.005942
615	0.006163	0.005972	0.005916
616	0.006212	0.005987	0.005944
617	0.006319	0.006047	0.006025
618	0.006391	0.006095	0.006081
619	0.00641	0.006125	0.0061
620	0.006404	0.006147	0.006091
621	0.006337	0.006151	0.006015
622	0.0063	0.006164	0.005979
623	0.006385	0.006219	0.006107
624	0.006463	0.006269	0.006222
625	0.006465	0.006277	0.006214
626	0.006468	0.006284	0.006206
627	0.006417	0.006176	0.006138
628	0.006365	0.006066	0.00607
629	0.006341	0.006066	0.00603
630	0.00632	0.006078	0.005993
631	0.006302	0.006074	0.005981
632	0.006283	0.006065	0.005975
633	0.006301	0.006093	0.005989
634	0.006335	0.006137	0.006011
635	0.006358	0.006143	0.006018
636	0.006375	0.006124	0.006015
637	0.006379	0.006124	0.006018
638	0.006372	0.006142	0.006027
639	0.006354	0.006146	0.006033
640	0.006323	0.00613	0.006035
641	0.006323	0.006141	0.006067
642	0.006392	0.006214	0.006166
643	0.006456	0.006274	0.006243
644	0.006498	0.00629	0.006243
645	0.006536	0.006309	0.006247
646	0.006552	0.006349	0.006271
647	0.006568	0.006389	0.006296
648	0.006597	0.006405	0.006342
649	0.006626	0.006422	0.006388
650	0.006704	0.006499	0.006401
651	0.006785	0.006581	0.006411
652	0.006753	0.006538	0.006379
653	0.006701	0.006475	0.00634
654	0.006642	0.006412	0.006307
655	0.00658	0.00635	0.006276
656	0.006603	0.0064	0.006308
657	0.006666	0.006504	0.00637
658	0.006708	0.006537	0.006403
659	0.006736	0.00652	0.006415
660	0.006793	0.006545	0.006456
661	0.006879	0.006613	0.006524
662	0.006941	0.006683	0.006577
663	0.00697	0.006756	0.006609
664	0.006986	0.006813	0.006632
665	0.006976	0.006838	0.006639
666	0.006956	0.006831	0.006643
667	0.006909	0.006728	0.006636
668	0.006887	0.006657	0.006641
669	0.006999	0.006755	0.006707
670	0.007103	0.006848	0.006766
671	0.007112	0.006882	0.006765
672	0.007122	0.006917	0.006764
673	0.007116	0.006871	0.006789
674	0.007109	0.006826	0.006815
675	0.007122	0.00687	0.00682
676	0.007136	0.006922	0.006823
677	0.007192	0.006994	0.006891
678	0.007256	0.00707	0.006973
679	0.007286	0.007121	0.006993
680	0.007305	0.007163	0.006994
681	0.007344	0.007167	0.007021
682	0.007392	0.007152	0.00706
683	0.007436	0.007192	0.00712
684	0.007478	0.007267	0.007193
685	0.007519	0.007303	0.007216
686	0.007561	0.007305	0.007197
687	0.007621	0.007355	0.007223
688	0.007703	0.007463	0.007301
689	0.007744	0.007511	0.007324
690	0.00772	0.007466	0.007259
691	0.007712	0.007458	0.007241
692	0.007741	0.007534	0.007325
693	0.007788	0.007586	0.007398
694	0.00789	0.00756	0.007435
695	0.00797	0.007546	0.007477
696	0.007938	0.007594	0.007538
697	0.007905	0.007641	0.007592
698	0.00786	0.007679	0.007581
699	0.00782	0.007717	0.007573
700	0.007917	0.007752	0.007643
701	0.008015	0.007787	0.007713
702	0.008036	0.007806	0.007731
703	0.008055	0.007825	0.007747
704	0.00811	0.007874	0.007744
705	0.008168	0.007927	0.00774
706	0.008147	0.007909	0.007769
707	0.00811	0.007878	0.007805
708	0.008108	0.007893	0.007807
709	0.008117	0.007924	0.007799
710	0.008113	0.007912	0.007788
711	0.008104	0.007883	0.007775
712	0.008138	0.007875	0.007774
713	0.008197	0.007877	0.007779
714	0.008241	0.007924	0.007824
715	0.008273	0.008002	0.007899
716	0.008252	0.008035	0.007891
717	0.008184	0.008028	0.007807
718	0.008206	0.008049	0.007814
719	0.008333	0.008104	0.007931
720	0.008434	0.008157	0.008023
[LOG]
CHECKSUMÕÂ