[HEADER]
Format	J&M ASCII Table
Comment	
Date	03/03/2026 20:19:26
Order	Y (evenX)
TechType	UV
NumPoints	411
FirstX	310
LastX	720
XType	nm
YType	Absorbance
ZType	s
NumSubFile	3
Matrix	Z vs X
[LOGIN]
Name=pcbob
[INSTRUMENT]
Name=TIDAS E Base UV/VI
Detector=MMS - ASPEN 97,5 kHz
Diodearray=256 Pixel
Serial#=36584
Calibrated=2011-07-01
Range=183.81-729.88 [nm] (F0)

SWVersion=v3.18.2 (build 0)[LOGIN]
Name=pcbob
[CONFIG]
ChannelName=Channel 1
ChannelType=Normalized
[PARAMETER]
It=400,00
Aver=5
Norm=3
Range=310,0-720,0 nm
Scan=Time
ScanTime=5,00 s
[TRIGGER]
Sweep=0
Scan=0
[DIO]
DigOut=0x0000
DigIn=0x0000
[DATA]
	00:00:00,000	00:00:02,000	00:00:04,000
310	0.72729	0.72701	0.726787
311	0.716922	0.716604	0.716448
312	0.70668	0.706383	0.706262
313	0.696612	0.696344	0.696205
314	0.686785	0.686559	0.686324
315	0.676985	0.676798	0.676509
316	0.667275	0.667113	0.666902
317	0.657591	0.657453	0.657312
318	0.648304	0.64816	0.647977
319	0.639018	0.638867	0.638641
320	0.629974	0.629829	0.629632
321	0.620961	0.620822	0.620665
322	0.611942	0.611853	0.61166
323	0.602921	0.602899	0.60264
324	0.593981	0.59396	0.59368
325	0.585112	0.585032	0.584773
326	0.576377	0.576254	0.576008
327	0.567889	0.56775	0.567502
328	0.5594	0.559253	0.559015
329	0.550909	0.550783	0.550623
330	0.542418	0.542314	0.54223
331	0.534022	0.533966	0.533777
332	0.525626	0.525618	0.525323
333	0.517466	0.517424	0.517149
334	0.509356	0.509262	0.509033
335	0.501348	0.501197	0.500986
336	0.493395	0.493184	0.492975
337	0.485461	0.485199	0.485029
338	0.477548	0.477245	0.477154
339	0.469772	0.469476	0.46944
340	0.462317	0.46214	0.462104
341	0.454886	0.454804	0.454757
342	0.447621	0.447459	0.447322
343	0.440355	0.440115	0.439888
344	0.433116	0.43292	0.432692
345	0.425879	0.425732	0.42551
346	0.418843	0.418677	0.418461
347	0.411866	0.411661	0.411451
348	0.404995	0.404699	0.404552
349	0.398196	0.397773	0.397727
350	0.391358	0.390918	0.390903
351	0.384464	0.384161	0.384079
352	0.37767	0.377473	0.377317
353	0.37117	0.370997	0.370741
354	0.364684	0.364533	0.364185
355	0.358352	0.358208	0.357876
356	0.35202	0.351884	0.351566
357	0.345604	0.345493	0.345223
358	0.33918	0.339097	0.338877
359	0.333152	0.333077	0.332888
360	0.327269	0.327195	0.32703
361	0.321589	0.321449	0.321323
362	0.316069	0.315808	0.315736
363	0.310427	0.310145	0.310097
364	0.304591	0.304446	0.304378
365	0.298872	0.298818	0.298725
366	0.293581	0.293446	0.293311
367	0.28829	0.288083	0.287905
368	0.283023	0.282909	0.282676
369	0.277756	0.277736	0.277448
370	0.272625	0.272591	0.27233
371	0.267515	0.267451	0.267228
372	0.262553	0.262466	0.262311
373	0.257655	0.257547	0.257471
374	0.252834	0.252725	0.252667
375	0.24808	0.247987	0.247895
376	0.243372	0.243285	0.243172
377	0.238742	0.238646	0.238538
378	0.23415	0.234056	0.233951
379	0.229714	0.229671	0.22956
380	0.225283	0.225289	0.225172
381	0.221099	0.221034	0.220951
382	0.216915	0.216779	0.21673
383	0.212776	0.212722	0.212625
384	0.208645	0.208699	0.208541
385	0.20469	0.20479	0.204589
386	0.200816	0.200934	0.200698
387	0.197069	0.197144	0.196954
388	0.19344	0.193414	0.193348
389	0.189861	0.189759	0.18977
390	0.186376	0.186243	0.186244
391	0.182869	0.182716	0.182698
392	0.179262	0.179141	0.179066
393	0.175662	0.175572	0.17544
394	0.172532	0.172452	0.172277
395	0.169401	0.169332	0.169113
396	0.166413	0.166349	0.166228
397	0.163451	0.163391	0.163394
398	0.160681	0.160662	0.160675
399	0.158	0.158041	0.15801
400	0.155257	0.155304	0.155279
401	0.152455	0.152457	0.152485
402	0.149675	0.149621	0.149678
403	0.146935	0.146804	0.146849
404	0.144204	0.144028	0.144059
405	0.141513	0.141435	0.141441
406	0.138827	0.138845	0.138827
407	0.13643	0.136485	0.136413
408	0.134033	0.134126	0.134
409	0.1315	0.131583	0.131457
410	0.128942	0.129009	0.128892
411	0.126447	0.126464	0.12635
412	0.12398	0.123932	0.123819
413	0.121563	0.121492	0.121396
414	0.119193	0.119134	0.119071
415	0.116834	0.116792	0.116738
416	0.114495	0.114476	0.114392
417	0.112138	0.112145	0.112048
418	0.109709	0.109753	0.10971
419	0.107287	0.107369	0.107376
420	0.105056	0.105178	0.105149
421	0.102824	0.102987	0.102923
422	0.100683	0.100845	0.100807
423	0.098555	0.098709	0.098707
424	0.09663	0.096744	0.096671
425	0.094785	0.094845	0.094661
426	0.092974	0.093011	0.092861
427	0.091188	0.091228	0.091232
428	0.089506	0.089531	0.089624
429	0.087983	0.087967	0.08805
430	0.086457	0.086403	0.086472
431	0.084919	0.084835	0.084886
432	0.083375	0.083267	0.083302
433	0.081759	0.08169	0.081761
434	0.080142	0.080113	0.080219
435	0.078628	0.078627	0.078692
436	0.077124	0.077149	0.077167
437	0.075644	0.075691	0.075656
438	0.074172	0.07424	0.07415
439	0.072788	0.072842	0.07277
440	0.071464	0.07148	0.071476
441	0.070174	0.07018	0.070201
442	0.068926	0.068959	0.068949
443	0.067672	0.067723	0.067696
444	0.066406	0.066446	0.066439
445	0.065162	0.06519	0.065199
446	0.064082	0.064081	0.064081
447	0.063002	0.062972	0.062962
448	0.061841	0.061917	0.061836
449	0.060677	0.060864	0.06071
450	0.059652	0.059815	0.059658
451	0.058659	0.058768	0.058623
452	0.057652	0.057698	0.057599
453	0.056637	0.056616	0.056579
454	0.055625	0.0556	0.05559
455	0.054616	0.054651	0.054629
456	0.053645	0.053718	0.053697
457	0.052742	0.052817	0.052818
458	0.051838	0.051918	0.051942
459	0.050931	0.051031	0.051079
460	0.050027	0.050145	0.050215
461	0.049209	0.04928	0.049331
462	0.048391	0.048416	0.048447
463	0.047576	0.047567	0.047643
464	0.04676	0.046721	0.04685
465	0.045977	0.045991	0.046104
466	0.045205	0.045303	0.045375
467	0.044509	0.04464	0.044688
468	0.043867	0.043994	0.044031
469	0.043193	0.043298	0.043338
470	0.042476	0.042536	0.042597
471	0.041759	0.041788	0.04186
472	0.041043	0.041077	0.041133
473	0.040327	0.040367	0.040409
474	0.039624	0.039672	0.039696
475	0.038921	0.038977	0.038983
476	0.038351	0.038407	0.038443
477	0.037784	0.03784	0.037907
478	0.037196	0.037249	0.037298
479	0.036603	0.036654	0.036674
480	0.035974	0.03605	0.036061
481	0.035328	0.035441	0.035452
482	0.034785	0.034901	0.034903
483	0.03433	0.034421	0.034406
484	0.033867	0.033927	0.033919
485	0.03339	0.033411	0.033448
486	0.032942	0.032949	0.033022
487	0.032585	0.032658	0.032734
488	0.032225	0.032353	0.032434
489	0.031847	0.031918	0.032009
490	0.031469	0.031483	0.031584
491	0.031072	0.031101	0.031217
492	0.030675	0.030721	0.030853
493	0.030228	0.030272	0.030412
494	0.02977	0.029806	0.029953
495	0.029441	0.029467	0.02958
496	0.02918	0.029192	0.029252
497	0.028787	0.028821	0.028864
498	0.02827	0.02836	0.028419
499	0.027811	0.027933	0.027988
500	0.027452	0.027563	0.02758
501	0.027101	0.027195	0.02718
502	0.026775	0.026838	0.026807
503	0.026455	0.026487	0.026449
504	0.026184	0.026198	0.026241
505	0.025913	0.025909	0.026034
506	0.025566	0.025607	0.025675
507	0.025214	0.025305	0.025307
508	0.024946	0.025036	0.025062
509	0.024699	0.024775	0.024848
510	0.024386	0.02443	0.024517
511	0.024039	0.024043	0.024126
512	0.023734	0.023731	0.023773
513	0.023465	0.023488	0.023453
514	0.023174	0.023209	0.023157
515	0.022844	0.022872	0.022899
516	0.022505	0.022524	0.022614
517	0.022136	0.022142	0.02225
518	0.021771	0.02177	0.021892
519	0.021435	0.021474	0.021587
520	0.0211	0.021179	0.021281
521	0.020756	0.020878	0.020943
522	0.020412	0.020576	0.020604
523	0.020098	0.020236	0.020294
524	0.01979	0.019887	0.019991
525	0.019469	0.019585	0.019663
526	0.019144	0.019304	0.019324
527	0.018889	0.01904	0.019048
528	0.018691	0.018789	0.018822
529	0.018479	0.018547	0.01859
530	0.018251	0.018319	0.018352
531	0.018014	0.018084	0.018122
532	0.017754	0.017833	0.017914
533	0.017534	0.017616	0.017727
534	0.017524	0.01758	0.017655
535	0.017509	0.01754	0.01758
536	0.017241	0.017327	0.017355
537	0.016972	0.017114	0.01713
538	0.016718	0.016846	0.016868
539	0.016465	0.016571	0.016603
540	0.016254	0.016354	0.016384
541	0.016056	0.016155	0.016181
542	0.015853	0.015923	0.015963
543	0.015648	0.015671	0.015737
544	0.0154	0.015406	0.015491
545	0.015109	0.015128	0.015225
546	0.014874	0.014887	0.014997
547	0.014734	0.014709	0.014833
548	0.014579	0.014535	0.014672
549	0.014377	0.01437	0.014521
550	0.014176	0.014204	0.014362
551	0.013986	0.014035	0.014144
552	0.013797	0.013865	0.013927
553	0.01364	0.013727	0.013737
554	0.013485	0.013588	0.013549
555	0.013317	0.013475	0.013452
556	0.013148	0.013365	0.01337
557	0.013045	0.013222	0.013266
558	0.012966	0.013068	0.013154
559	0.012884	0.012929	0.013036
560	0.0128	0.0128	0.012915
561	0.012692	0.012698	0.01281
562	0.012558	0.012627	0.012723
563	0.012406	0.012498	0.012582
564	0.012221	0.012267	0.012346
565	0.012059	0.012078	0.012148
566	0.01197	0.012025	0.012074
567	0.011887	0.011972	0.012007
568	0.011843	0.01193	0.011985
569	0.011798	0.011887	0.011963
570	0.011595	0.011703	0.01175
571	0.011391	0.011517	0.011536
572	0.011193	0.011333	0.011348
573	0.010996	0.011149	0.011163
574	0.01089	0.011048	0.011052
575	0.010814	0.010974	0.010966
576	0.010747	0.010864	0.010869
577	0.010684	0.010731	0.010766
578	0.010602	0.010642	0.010693
579	0.010501	0.010595	0.010649
580	0.010416	0.010536	0.01059
581	0.010354	0.010458	0.010508
582	0.010292	0.010381	0.010418
583	0.010225	0.010307	0.010307
584	0.01016	0.01024	0.010212
585	0.010102	0.010207	0.010194
586	0.010044	0.01017	0.010175
587	0.009984	0.010051	0.010108
588	0.009925	0.009932	0.010042
589	0.009858	0.009866	0.009946
590	0.00979	0.009805	0.009847
591	0.009719	0.009749	0.009794
592	0.009647	0.009694	0.00975
593	0.009531	0.009595	0.009649
594	0.009396	0.009477	0.009524
595	0.009298	0.009373	0.009423
596	0.009224	0.009279	0.00934
597	0.00914	0.009202	0.009257
598	0.009044	0.009145	0.009177
599	0.008951	0.009073	0.00909
600	0.008862	0.008972	0.008991
601	0.008763	0.00886	0.008888
602	0.008631	0.008713	0.008773
603	0.00851	0.008572	0.008662
604	0.008443	0.008468	0.008573
605	0.008377	0.008368	0.008485
606	0.008327	0.00837	0.008443
607	0.008277	0.008372	0.008402
608	0.008218	0.008285	0.008344
609	0.008158	0.008192	0.008284
610	0.00805	0.008106	0.008202
611	0.007931	0.008022	0.008114
612	0.007909	0.008017	0.00808
613	0.007926	0.008042	0.008067
614	0.007845	0.007964	0.00799
615	0.0077	0.007819	0.007873
616	0.007643	0.007744	0.007816
617	0.00767	0.007738	0.00782
618	0.007672	0.007732	0.007824
619	0.007638	0.007724	0.007828
620	0.007581	0.00769	0.007792
621	0.007468	0.007595	0.007661
622	0.007379	0.00751	0.007548
623	0.007388	0.007466	0.00751
624	0.007385	0.007418	0.007465
625	0.007271	0.007329	0.007348
626	0.007157	0.00724	0.007232
627	0.006997	0.007092	0.007105
628	0.006836	0.006943	0.006977
629	0.006744	0.006854	0.006897
630	0.00666	0.006771	0.006823
631	0.006556	0.006665	0.006722
632	0.006446	0.006553	0.006615
633	0.006416	0.006518	0.006575
634	0.00642	0.006517	0.006564
635	0.006375	0.006455	0.006523
636	0.006298	0.006351	0.006462
637	0.006237	0.006279	0.006383
638	0.006193	0.006239	0.006286
639	0.006129	0.006198	0.006211
640	0.006039	0.006156	0.006167
641	0.005982	0.00612	0.006131
642	0.005996	0.006095	0.006113
643	0.005999	0.006067	0.006097
644	0.005962	0.006026	0.006085
645	0.005927	0.005991	0.006074
646	0.005903	0.005997	0.006072
647	0.005881	0.006002	0.006067
648	0.005877	0.005979	0.00603
649	0.005872	0.005955	0.005992
650	0.00592	0.005984	0.006044
651	0.005972	0.006016	0.006102
652	0.005985	0.006078	0.006131
653	0.005992	0.006145	0.006155
654	0.006001	0.006133	0.006125
655	0.006011	0.006098	0.006079
656	0.006034	0.006105	0.006075
657	0.006064	0.006133	0.00609
658	0.006027	0.006085	0.006069
659	0.005941	0.005984	0.006022
660	0.005861	0.00588	0.005959
661	0.005787	0.005773	0.005879
662	0.005675	0.005657	0.005767
663	0.005508	0.00553	0.00561
664	0.005381	0.005439	0.00548
665	0.005331	0.005425	0.005402
666	0.005267	0.005385	0.005323
667	0.005162	0.005269	0.005238
668	0.005063	0.005157	0.005162
669	0.004997	0.005067	0.005137
670	0.004934	0.004979	0.005113
671	0.004889	0.004919	0.005091
672	0.004844	0.004859	0.005069
673	0.004801	0.004827	0.005004
674	0.004758	0.004794	0.004939
675	0.00471	0.004761	0.00484
676	0.004661	0.004728	0.004739
677	0.004642	0.004702	0.004734
678	0.004627	0.004678	0.004748
679	0.004639	0.004662	0.004762
680	0.00466	0.004649	0.004774
681	0.004598	0.004639	0.004716
682	0.0045	0.004631	0.004625
683	0.004479	0.004636	0.004638
684	0.004509	0.00465	0.004717
685	0.004545	0.00465	0.004735
686	0.004586	0.004637	0.004698
687	0.00462	0.004631	0.00469
688	0.004646	0.004633	0.004716
689	0.004648	0.004618	0.004706
690	0.004614	0.004576	0.004638
691	0.004578	0.004553	0.004603
692	0.004538	0.00457	0.004642
693	0.004512	0.004574	0.004663
694	0.004535	0.004536	0.004631
695	0.004538	0.004501	0.004598
696	0.004442	0.00448	0.004566
697	0.004354	0.004458	0.004535
698	0.004341	0.00444	0.004514
699	0.004328	0.00442	0.004493
700	0.004335	0.004385	0.004477
701	0.004343	0.00435	0.00446
702	0.004291	0.004318	0.004408
703	0.004238	0.004286	0.004355
704	0.00422	0.004292	0.004325
705	0.004206	0.004302	0.004297
706	0.004134	0.004219	0.004271
707	0.004051	0.004117	0.004245
708	0.00402	0.004102	0.004227
709	0.004003	0.004113	0.004211
710	0.004001	0.004112	0.004198
711	0.004005	0.004104	0.004185
712	0.003967	0.004058	0.0041
713	0.003907	0.00399	0.003974
714	0.003868	0.003967	0.003957
715	0.003844	0.003976	0.00402
716	0.003799	0.003932	0.004004
717	0.003735	0.003838	0.003916
718	0.003742	0.003807	0.003897
719	0.003831	0.003848	0.003959
720	0.003871	0.003872	0.003974
[LOG]
CHECKSUMWÐ