[HEADER]
Format	J&M ASCII Table
Comment	
Date	03/03/2026 20:33:35
Order	Y (evenX)
TechType	UV
NumPoints	411
FirstX	310
LastX	720
XType	nm
YType	Absorbance
ZType	s
NumSubFile	3
Matrix	Z vs X
[LOGIN]
Name=pcbob
[INSTRUMENT]
Name=TIDAS E Base UV/VI
Detector=MMS - ASPEN 97,5 kHz
Diodearray=256 Pixel
Serial#=36584
Calibrated=2011-07-01
Range=183.81-729.88 [nm] (F0)

SWVersion=v3.18.2 (build 0)[LOGIN]
Name=pcbob
[CONFIG]
ChannelName=Channel 1
ChannelType=Normalized
[PARAMETER]
It=400,00
Aver=5
Norm=3
Range=310,0-720,0 nm
Scan=Time
ScanTime=5,00 s
[TRIGGER]
Sweep=0
Scan=0
[DIO]
DigOut=0x0000
DigIn=0x0000
[DATA]
	00:00:00,000	00:00:02,000	00:00:04,000
310	0.611865	0.611413	0.610809
311	0.602698	0.602251	0.601671
312	0.593702	0.593265	0.5927
313	0.584775	0.584356	0.583822
314	0.575943	0.575557	0.575075
315	0.567216	0.566844	0.566417
316	0.55882	0.558405	0.558036
317	0.550436	0.549982	0.549662
318	0.542232	0.541798	0.541387
319	0.534028	0.533615	0.533113
320	0.526086	0.525667	0.525209
321	0.518178	0.517749	0.517354
322	0.510357	0.509923	0.50953
323	0.502571	0.502133	0.50172
324	0.494851	0.494441	0.494031
325	0.48719	0.486834	0.48645
326	0.479614	0.479264	0.478901
327	0.472194	0.471761	0.471411
328	0.464778	0.464287	0.463945
329	0.457383	0.456948	0.456588
330	0.449988	0.44961	0.449232
331	0.442812	0.442478	0.442016
332	0.435636	0.435347	0.434801
333	0.428676	0.428377	0.427845
334	0.421763	0.421441	0.420945
335	0.414884	0.414573	0.414142
336	0.408022	0.407741	0.407393
337	0.401198	0.4009	0.400575
338	0.394415	0.39405	0.39368
339	0.387748	0.387328	0.386943
340	0.381354	0.380907	0.380577
341	0.374969	0.374497	0.374217
342	0.368639	0.368174	0.367896
343	0.36231	0.361851	0.361575
344	0.356056	0.355591	0.355381
345	0.349806	0.349334	0.349195
346	0.343675	0.343256	0.34307
347	0.337578	0.33723	0.336963
348	0.33159	0.331248	0.330912
349	0.325674	0.325295	0.324899
350	0.319762	0.319381	0.318963
351	0.313856	0.313519	0.313132
352	0.308031	0.307737	0.307351
353	0.302444	0.302189	0.301719
354	0.296853	0.296636	0.2961
355	0.291215	0.291028	0.290623
356	0.285578	0.28542	0.285146
357	0.279944	0.279736	0.279405
358	0.27431	0.274045	0.273636
359	0.268939	0.268599	0.268202
360	0.263664	0.263243	0.262891
361	0.258412	0.257984	0.257595
362	0.253177	0.252802	0.252311
363	0.247999	0.247668	0.247144
364	0.242912	0.242608	0.242165
365	0.237876	0.237599	0.237209
366	0.23302	0.232776	0.232338
367	0.228164	0.227948	0.227467
368	0.223294	0.223052	0.222604
369	0.218424	0.218156	0.217741
370	0.213621	0.213368	0.212971
371	0.208829	0.208596	0.208216
372	0.20422	0.203955	0.203579
373	0.199689	0.19937	0.198993
374	0.195181	0.194884	0.194521
375	0.190694	0.190485	0.190148
376	0.186309	0.186116	0.185816
377	0.182105	0.181802	0.181557
378	0.177889	0.177497	0.177288
379	0.173626	0.173227	0.172981
380	0.169369	0.168965	0.16868
381	0.165342	0.165014	0.164667
382	0.161314	0.161064	0.160653
383	0.15738	0.157105	0.156743
384	0.153462	0.153144	0.152849
385	0.149673	0.149298	0.149041
386	0.145943	0.145506	0.145272
387	0.142279	0.14187	0.14161
388	0.138676	0.13838	0.138049
389	0.135121	0.134889	0.134529
390	0.131655	0.131398	0.131086
391	0.128197	0.127914	0.127644
392	0.124769	0.124468	0.124207
393	0.121344	0.121026	0.120773
394	0.11808	0.117842	0.117589
395	0.114817	0.114657	0.114406
396	0.112033	0.111893	0.111656
397	0.109336	0.109206	0.108984
398	0.106827	0.106639	0.106483
399	0.104407	0.104129	0.104063
400	0.101825	0.101501	0.101432
401	0.09909	0.098761	0.098603
402	0.096325	0.096012	0.095798
403	0.093501	0.093245	0.093042
404	0.090752	0.090533	0.09035
405	0.088335	0.088066	0.087944
406	0.085921	0.085602	0.085539
407	0.083643	0.083305	0.08322
408	0.081365	0.081007	0.080901
409	0.078959	0.078604	0.078501
410	0.07653	0.076183	0.076087
411	0.074143	0.073813	0.073705
412	0.071775	0.071465	0.071337
413	0.069484	0.06918	0.069024
414	0.067262	0.066951	0.066762
415	0.064977	0.064694	0.064467
416	0.062582	0.062386	0.062113
417	0.060205	0.060084	0.059783
418	0.057902	0.057806	0.057545
419	0.055611	0.055537	0.055316
420	0.05362	0.053482	0.053266
421	0.051629	0.051427	0.051217
422	0.049813	0.049634	0.049412
423	0.048023	0.047877	0.047641
424	0.046144	0.046017	0.045861
425	0.044229	0.044116	0.044076
426	0.042583	0.042438	0.042435
427	0.041153	0.040941	0.040909
428	0.039791	0.039536	0.039454
429	0.038532	0.038275	0.038111
430	0.037252	0.036992	0.036784
431	0.035904	0.035633	0.035509
432	0.034553	0.034272	0.034229
433	0.033162	0.032873	0.032884
434	0.031771	0.031474	0.031538
435	0.030542	0.030325	0.030318
436	0.029327	0.0292	0.029109
437	0.028086	0.027979	0.027877
438	0.026837	0.026726	0.026636
439	0.025665	0.025549	0.025434
440	0.024547	0.024421	0.024258
441	0.023492	0.023362	0.02317
442	0.022517	0.022391	0.022196
443	0.021543	0.021425	0.021246
444	0.02057	0.020475	0.020357
445	0.019615	0.019537	0.01947
446	0.018784	0.018686	0.018599
447	0.017953	0.017834	0.017729
448	0.017133	0.017004	0.016915
449	0.016314	0.016174	0.016103
450	0.015569	0.015455	0.015387
451	0.014841	0.014761	0.014693
452	0.01412	0.014022	0.013968
453	0.013403	0.01326	0.013227
454	0.01269	0.012542	0.012484
455	0.011981	0.011869	0.01174
456	0.01132	0.011256	0.011091
457	0.010751	0.010756	0.01062
458	0.010194	0.010238	0.010134
459	0.009687	0.009647	0.009589
460	0.00918	0.00906	0.009043
461	0.008651	0.008586	0.008472
462	0.008123	0.008112	0.007901
463	0.007604	0.007563	0.007433
464	0.007086	0.007004	0.006977
465	0.006638	0.006549	0.006519
466	0.006215	0.006131	0.006059
467	0.005878	0.005804	0.005724
468	0.005604	0.00554	0.005478
469	0.005311	0.005265	0.005187
470	0.004993	0.004974	0.004837
471	0.004682	0.004666	0.004496
472	0.004388	0.004315	0.004173
473	0.004079	0.003961	0.00385
474	0.003679	0.003592	0.003523
475	0.003279	0.003222	0.003196
476	0.00303	0.002986	0.002913
477	0.002784	0.002752	0.002631
478	0.002479	0.00247	0.002341
479	0.002162	0.00218	0.002051
480	0.00187	0.001886	0.001738
481	0.00159	0.001592	0.001414
482	0.001257	0.001215	0.001059
483	0.000878	0.000767	0.000676
484	0.000519	0.000371	0.00032
485	0.000194	0.000059	0.000009
486	-0.000069	-0.000189	-0.000235
487	-0.000131	-0.000234	-0.000271
488	-0.000178	-0.000262	-0.000293
489	-0.000072	-0.00012	-0.000182
490	0.000035	0.000023	-0.000071
491	0.00005	0.000035	-0.000059
492	0.000061	0.000041	-0.000053
493	0.000043	-0.000012	-0.000037
494	0.000019	-0.000079	-0.000017
495	-0.000001	-0.000123	-0.000102
496	-0.000018	-0.000156	-0.00024
497	-0.000093	-0.000223	-0.000347
498	-0.00022	-0.00032	-0.000424
499	-0.000336	-0.000429	-0.00051
500	-0.000432	-0.000557	-0.00061
501	-0.000534	-0.000669	-0.000716
502	-0.000652	-0.000725	-0.000839
503	-0.000756	-0.000775	-0.000944
504	-0.000698	-0.00076	-0.000857
505	-0.00064	-0.000744	-0.000769
506	-0.000691	-0.000788	-0.000797
507	-0.000749	-0.000835	-0.000832
508	-0.000747	-0.000845	-0.000848
509	-0.000732	-0.000846	-0.000859
510	-0.000757	-0.000857	-0.000873
511	-0.000801	-0.000872	-0.000888
512	-0.000817	-0.000886	-0.000912
513	-0.000807	-0.000896	-0.000945
514	-0.000791	-0.000889	-0.000945
515	-0.000765	-0.000851	-0.000893
516	-0.000762	-0.000832	-0.000877
517	-0.000826	-0.000872	-0.000974
518	-0.000886	-0.000921	-0.001055
519	-0.000922	-0.00104	-0.001005
520	-0.000958	-0.001159	-0.000955
521	-0.000973	-0.001093	-0.001028
522	-0.000987	-0.001022	-0.001104
523	-0.00106	-0.001064	-0.001165
524	-0.001144	-0.001129	-0.001223
525	-0.001158	-0.001173	-0.001238
526	-0.001143	-0.001206	-0.001233
527	-0.00113	-0.001222	-0.001238
528	-0.001121	-0.001224	-0.001249
529	-0.001124	-0.001228	-0.001277
530	-0.001144	-0.001234	-0.001326
531	-0.001167	-0.00125	-0.001358
532	-0.001198	-0.001294	-0.001346
533	-0.001222	-0.001325	-0.00133
534	-0.001212	-0.001287	-0.001297
535	-0.001203	-0.00125	-0.001266
536	-0.0012	-0.001227	-0.001305
537	-0.001198	-0.001205	-0.001344
538	-0.00115	-0.001195	-0.001284
539	-0.001096	-0.001187	-0.001212
540	-0.00112	-0.001191	-0.001193
541	-0.001168	-0.001197	-0.001191
542	-0.001183	-0.001199	-0.001214
543	-0.001178	-0.001199	-0.001251
544	-0.001169	-0.001217	-0.001249
545	-0.001156	-0.001256	-0.001209
546	-0.00113	-0.001238	-0.001178
547	-0.00108	-0.001124	-0.001162
548	-0.001029	-0.001038	-0.001148
549	-0.000975	-0.001038	-0.001137
550	-0.000928	-0.001034	-0.001123
551	-0.000932	-0.001002	-0.001084
552	-0.000936	-0.00097	-0.001046
553	-0.000934	-0.000956	-0.001008
554	-0.000932	-0.000942	-0.00097
555	-0.000801	-0.000857	-0.000862
556	-0.000649	-0.00076	-0.000741
557	-0.000573	-0.000686	-0.000656
558	-0.000525	-0.000622	-0.000582
559	-0.000523	-0.000596	-0.000579
560	-0.000551	-0.000594	-0.000621
561	-0.000527	-0.000567	-0.00061
562	-0.000448	-0.000514	-0.000542
563	-0.000403	-0.000481	-0.000503
564	-0.00042	-0.000483	-0.000515
565	-0.000441	-0.000496	-0.000535
566	-0.000474	-0.000543	-0.00058
567	-0.000511	-0.000587	-0.000623
568	-0.000582	-0.000606	-0.000651
569	-0.000653	-0.000625	-0.000679
570	-0.000752	-0.00076	-0.000824
571	-0.00085	-0.000896	-0.00097
572	-0.000911	-0.000963	-0.001031
573	-0.000967	-0.00102	-0.00108
574	-0.001003	-0.001059	-0.001106
575	-0.001033	-0.001093	-0.001125
576	-0.001069	-0.001121	-0.00113
577	-0.001108	-0.001146	-0.001127
578	-0.001095	-0.00114	-0.001118
579	-0.001031	-0.001104	-0.001103
580	-0.000969	-0.001051	-0.001055
581	-0.000908	-0.000972	-0.000956
582	-0.000832	-0.000888	-0.000851
583	-0.000715	-0.000789	-0.000734
584	-0.000587	-0.000673	-0.000609
585	-0.000402	-0.000462	-0.00044
586	-0.000218	-0.000254	-0.000272
587	-0.000043	-0.000104	-0.000131
588	0.000132	0.000046	0.000011
589	0.00025	0.00018	0.00018
590	0.000363	0.000312	0.000352
591	0.000491	0.00042	0.000493
592	0.000622	0.000523	0.000626
593	0.000695	0.000596	0.000672
594	0.000744	0.000656	0.00068
595	0.00082	0.000754	0.000751
596	0.000915	0.000879	0.000865
597	0.001025	0.000998	0.000979
598	0.00115	0.001113	0.001092
599	0.001254	0.001205	0.001182
600	0.001321	0.001259	0.001232
601	0.001379	0.001319	0.001286
602	0.001411	0.001394	0.001352
603	0.001459	0.001466	0.001425
604	0.001603	0.001527	0.001547
605	0.001747	0.001591	0.00167
606	0.001881	0.001757	0.001793
607	0.002015	0.001922	0.001916
608	0.002111	0.002032	0.002004
609	0.002203	0.002137	0.002089
610	0.00234	0.002259	0.002237
611	0.002487	0.002384	0.002399
612	0.002596	0.002495	0.002503
613	0.002691	0.002601	0.002584
614	0.002793	0.002719	0.002686
615	0.002898	0.002844	0.0028
616	0.003013	0.002965	0.002942
617	0.003139	0.003082	0.00311
618	0.003272	0.003223	0.003275
619	0.003417	0.003398	0.003435
620	0.00354	0.003542	0.003561
621	0.003614	0.003608	0.003609
622	0.003696	0.003683	0.00366
623	0.003812	0.003788	0.003728
624	0.00393	0.003892	0.003803
625	0.00405	0.003979	0.00395
626	0.004171	0.004066	0.004097
627	0.00419	0.004115	0.0041
628	0.004208	0.004164	0.004101
629	0.004244	0.004228	0.004189
630	0.004282	0.004293	0.004286
631	0.004349	0.004355	0.004364
632	0.004424	0.004416	0.004438
633	0.004512	0.004506	0.004502
634	0.004605	0.004609	0.004562
635	0.004681	0.004667	0.00463
636	0.004747	0.004695	0.004703
637	0.004843	0.004793	0.004801
638	0.004969	0.004959	0.004922
639	0.005075	0.00509	0.005024
640	0.005154	0.005171	0.005098
641	0.005248	0.005247	0.005188
642	0.005375	0.005315	0.005313
643	0.005497	0.005399	0.00544
644	0.005598	0.00554	0.005579
645	0.005699	0.005671	0.005706
646	0.005801	0.005732	0.005755
647	0.0059	0.005796	0.005803
648	0.005897	0.005903	0.005868
649	0.005895	0.006011	0.005932
650	0.005872	0.005899	0.005854
651	0.005848	0.005773	0.005768
652	0.005648	0.005562	0.005565
653	0.005417	0.005336	0.005342
654	0.005207	0.00515	0.005165
655	0.005005	0.004977	0.005002
656	0.00504	0.005017	0.005054
657	0.005189	0.00516	0.005209
658	0.005364	0.005331	0.005369
659	0.005557	0.005522	0.005532
660	0.005833	0.005801	0.005784
661	0.006194	0.006169	0.006126
662	0.006521	0.006479	0.006429
663	0.006802	0.006708	0.00668
664	0.007046	0.006918	0.006915
665	0.007218	0.007087	0.007118
666	0.007356	0.007241	0.007273
667	0.007393	0.007344	0.007282
668	0.007447	0.00745	0.007323
669	0.007587	0.007575	0.00753
670	0.007724	0.007693	0.007721
671	0.007824	0.007743	0.007717
672	0.007925	0.007793	0.007714
673	0.007946	0.007857	0.007793
674	0.007967	0.007921	0.007872
675	0.008024	0.007986	0.007957
676	0.008084	0.008051	0.008043
677	0.008178	0.008124	0.008149
678	0.008278	0.008198	0.008259
679	0.008346	0.008313	0.008318
680	0.008403	0.00844	0.008359
681	0.008477	0.008479	0.008432
682	0.008558	0.008477	0.008518
683	0.008675	0.00855	0.008611
684	0.008815	0.008672	0.00871
685	0.008893	0.008755	0.008769
686	0.008916	0.008804	0.008795
687	0.008985	0.008917	0.008898
688	0.00911	0.009108	0.009094
689	0.009204	0.009209	0.009218
690	0.00925	0.009167	0.009229
691	0.009306	0.009164	0.00924
692	0.009387	0.00925	0.009251
693	0.009466	0.009331	0.009292
694	0.00954	0.0094	0.009428
695	0.009612	0.009467	0.009548
696	0.009672	0.009527	0.009588
697	0.009731	0.009593	0.009629
698	0.009781	0.009722	0.009668
699	0.009833	0.009849	0.009711
700	0.009945	0.009934	0.009869
701	0.010058	0.010019	0.010028
702	0.010122	0.010075	0.010099
703	0.010184	0.010129	0.010167
704	0.010238	0.010175	0.010224
705	0.010292	0.010219	0.01028
706	0.010286	0.010295	0.010316
707	0.010268	0.010376	0.010348
708	0.010367	0.010444	0.010411
709	0.0105	0.010509	0.010484
710	0.010581	0.010558	0.010537
711	0.010641	0.010601	0.010583
712	0.010656	0.010637	0.010622
713	0.010646	0.010669	0.010657
714	0.010738	0.010735	0.01073
715	0.010902	0.010827	0.010833
716	0.011003	0.010871	0.010902
717	0.011046	0.010873	0.010941
718	0.011128	0.010961	0.011025
719	0.011258	0.01115	0.011163
720	0.011375	0.011303	0.011298
[LOG]
CHECKSUMwj