[HEADER]
Format	J&M ASCII Table
Comment	
Date	03/03/2026 19:49:07
Order	Y (evenX)
TechType	UV
NumPoints	411
FirstX	310
LastX	720
XType	nm
YType	Absorbance
ZType	s
NumSubFile	3
Matrix	Z vs X
[LOGIN]
Name=pcbob
[INSTRUMENT]
Name=TIDAS E Base UV/VI
Detector=MMS - ASPEN 97,5 kHz
Diodearray=256 Pixel
Serial#=36584
Calibrated=2011-07-01
Range=183.81-729.88 [nm] (F0)

SWVersion=v3.18.2 (build 0)[LOGIN]
Name=pcbob
[CONFIG]
ChannelName=Channel 1
ChannelType=Normalized
[PARAMETER]
It=400,00
Aver=5
Norm=3
Range=310,0-720,0 nm
Scan=Time
ScanTime=5,00 s
[TRIGGER]
Sweep=0
Scan=0
[DIO]
DigOut=0x0000
DigIn=0x0000
[DATA]
	00:00:00,000	00:00:02,000	00:00:04,000
310	0.564125	0.563175	0.562771
311	0.555383	0.554428	0.554014
312	0.54672	0.545752	0.545277
313	0.538313	0.537362	0.536816
314	0.530258	0.529371	0.528737
315	0.522214	0.521376	0.520677
316	0.5142	0.513366	0.51268
317	0.506198	0.505369	0.504698
318	0.498356	0.497566	0.496929
319	0.490513	0.489764	0.489159
320	0.482939	0.482178	0.481571
321	0.475399	0.474619	0.474005
322	0.468077	0.467255	0.466657
323	0.460844	0.45997	0.459397
324	0.453655	0.452768	0.452204
325	0.446504	0.445639	0.445071
326	0.439387	0.438562	0.43797
327	0.43233	0.431579	0.430931
328	0.425335	0.424642	0.42395
329	0.418633	0.417911	0.417233
330	0.41193	0.41118	0.410517
331	0.405229	0.404442	0.403776
332	0.398529	0.397704	0.397035
333	0.391947	0.391156	0.390475
334	0.385391	0.384648	0.383954
335	0.379013	0.378226	0.377567
336	0.372731	0.371849	0.371254
337	0.366509	0.365582	0.364992
338	0.360352	0.359436	0.358788
339	0.354221	0.353331	0.352641
340	0.348151	0.347322	0.346632
341	0.34211	0.341332	0.340643
342	0.336287	0.335475	0.334794
343	0.330463	0.329618	0.328944
344	0.32478	0.323875	0.32324
345	0.319104	0.318138	0.317543
346	0.313403	0.312521	0.311905
347	0.307696	0.30694	0.306282
348	0.302174	0.301386	0.300723
349	0.296778	0.295849	0.295204
350	0.291307	0.29037	0.289732
351	0.285736	0.284969	0.284321
352	0.280229	0.279584	0.278916
353	0.274916	0.274246	0.273527
354	0.269618	0.268919	0.268159
355	0.264494	0.26372	0.263044
356	0.259371	0.25852	0.257929
357	0.254261	0.253448	0.252825
358	0.249152	0.248389	0.247721
359	0.24416	0.243439	0.242752
360	0.23921	0.238529	0.237831
361	0.23438	0.233673	0.232992
362	0.229644	0.228858	0.228218
363	0.224863	0.224031	0.223435
364	0.220009	0.219183	0.218637
365	0.215213	0.214416	0.213891
366	0.210626	0.209942	0.209332
367	0.206047	0.205466	0.204778
368	0.201656	0.200944	0.20035
369	0.197265	0.196422	0.195921
370	0.192918	0.19211	0.191578
371	0.188577	0.187828	0.187248
372	0.184295	0.183549	0.182966
373	0.180038	0.179272	0.178706
374	0.175818	0.175058	0.174467
375	0.17163	0.170902	0.170247
376	0.167462	0.166751	0.166085
377	0.163331	0.162613	0.162022
378	0.159256	0.158538	0.158005
379	0.155424	0.154728	0.154177
380	0.151593	0.150919	0.150351
381	0.147806	0.147119	0.146564
382	0.144019	0.143319	0.142778
383	0.14035	0.139629	0.139096
384	0.136701	0.135958	0.135432
385	0.133115	0.132418	0.131872
386	0.129559	0.128939	0.128361
387	0.126177	0.125552	0.124983
388	0.12296	0.122249	0.121731
389	0.119762	0.119002	0.118511
390	0.116598	0.115856	0.115355
391	0.113416	0.112692	0.112187
392	0.110149	0.109445	0.108969
393	0.106885	0.106201	0.105753
394	0.103857	0.103209	0.102708
395	0.100829	0.100217	0.099663
396	0.098076	0.097494	0.096946
397	0.095372	0.09482	0.094287
398	0.092771	0.092225	0.091688
399	0.090219	0.089668	0.089116
400	0.087589	0.087045	0.086494
401	0.084886	0.084359	0.083825
402	0.082206	0.081671	0.081152
403	0.079567	0.078979	0.078474
404	0.077009	0.076377	0.075888
405	0.074809	0.074174	0.073715
406	0.07261	0.071971	0.071542
407	0.0704	0.069804	0.069353
408	0.06819	0.067637	0.067163
409	0.06592	0.06541	0.06487
410	0.063641	0.063173	0.06256
411	0.061228	0.060731	0.060206
412	0.058756	0.058198	0.057833
413	0.056459	0.055863	0.055587
414	0.05432	0.053705	0.053456
415	0.052124	0.051494	0.051252
416	0.04983	0.049189	0.048918
417	0.047573	0.046937	0.046651
418	0.045465	0.044899	0.04465
419	0.043367	0.042869	0.042653
420	0.041516	0.041021	0.040765
421	0.039665	0.039173	0.038876
422	0.037909	0.037392	0.037144
423	0.036166	0.035622	0.035435
424	0.034446	0.033861	0.033705
425	0.032735	0.032105	0.031968
426	0.03114	0.030552	0.030389
427	0.029639	0.029163	0.028937
428	0.028279	0.027851	0.027595
429	0.027136	0.026656	0.02642
430	0.025971	0.025465	0.025243
431	0.024738	0.024286	0.024058
432	0.023503	0.023104	0.022871
433	0.022233	0.021892	0.021654
434	0.020963	0.02068	0.020436
435	0.019887	0.019483	0.019348
436	0.018829	0.018286	0.018273
437	0.017679	0.017157	0.017121
438	0.016498	0.01605	0.015944
439	0.015402	0.015002	0.014842
440	0.014362	0.013993	0.013792
441	0.013343	0.012976	0.012752
442	0.012348	0.011948	0.011727
443	0.011383	0.01096	0.010759
444	0.010491	0.010071	0.009937
445	0.009613	0.009204	0.00912
446	0.00883	0.008488	0.008351
447	0.008047	0.007772	0.007582
448	0.007369	0.007087	0.006883
449	0.006695	0.006403	0.006187
450	0.006066	0.005758	0.005575
451	0.005447	0.005122	0.004983
452	0.004845	0.004511	0.004382
453	0.004252	0.003913	0.003777
454	0.003646	0.003279	0.003166
455	0.003028	0.002609	0.002549
456	0.002447	0.002004	0.001966
457	0.001932	0.001522	0.001446
458	0.00143	0.001046	0.000947
459	0.000974	0.000592	0.000531
460	0.000519	0.000135	0.000108
461	0.000054	-0.000398	-0.00045
462	-0.000411	-0.00093	-0.001008
463	-0.000914	-0.001354	-0.00144
464	-0.001422	-0.001763	-0.001855
465	-0.001771	-0.002102	-0.002175
466	-0.002064	-0.002416	-0.002459
467	-0.002272	-0.002633	-0.002662
468	-0.002419	-0.002782	-0.002807
469	-0.002585	-0.002938	-0.002969
470	-0.002776	-0.003105	-0.003154
471	-0.002978	-0.00328	-0.003348
472	-0.003206	-0.003479	-0.003564
473	-0.00344	-0.003688	-0.003787
474	-0.003712	-0.003959	-0.004056
475	-0.003985	-0.004231	-0.004326
476	-0.004109	-0.004406	-0.004474
477	-0.00423	-0.00458	-0.00462
478	-0.00444	-0.004801	-0.004807
479	-0.004666	-0.005033	-0.005003
480	-0.004968	-0.005322	-0.005293
481	-0.005304	-0.005637	-0.005625
482	-0.0058	-0.006086	-0.00609
483	-0.006436	-0.006649	-0.00667
484	-0.007015	-0.007198	-0.00724
485	-0.007505	-0.007725	-0.007795
486	-0.007828	-0.008079	-0.008176
487	-0.007623	-0.007891	-0.00801
488	-0.007419	-0.007702	-0.007839
489	-0.007223	-0.007509	-0.007617
490	-0.007027	-0.007315	-0.007395
491	-0.006752	-0.007032	-0.007128
492	-0.006472	-0.006745	-0.006859
493	-0.006297	-0.006564	-0.006661
494	-0.006147	-0.00641	-0.006481
495	-0.006005	-0.006262	-0.006326
496	-0.005869	-0.006116	-0.006184
497	-0.0058	-0.006083	-0.006138
498	-0.005794	-0.006155	-0.006182
499	-0.005796	-0.006173	-0.006211
500	-0.00581	-0.006101	-0.006212
501	-0.005798	-0.006027	-0.00618
502	-0.005698	-0.005943	-0.006036
503	-0.005604	-0.005864	-0.005901
504	-0.005582	-0.005824	-0.005869
505	-0.00556	-0.005785	-0.005836
506	-0.00552	-0.005794	-0.005802
507	-0.005479	-0.005805	-0.005768
508	-0.005511	-0.005829	-0.00579
509	-0.005561	-0.005856	-0.005827
510	-0.005453	-0.005749	-0.005706
511	-0.005265	-0.005573	-0.005505
512	-0.005183	-0.005478	-0.00541
513	-0.005198	-0.005454	-0.005413
514	-0.005183	-0.005417	-0.005393
515	-0.005116	-0.005357	-0.005335
516	-0.005024	-0.005285	-0.005264
517	-0.004852	-0.005177	-0.005151
518	-0.004689	-0.00506	-0.005034
519	-0.004601	-0.004881	-0.004887
520	-0.004512	-0.004701	-0.00474
521	-0.004426	-0.004632	-0.004622
522	-0.00434	-0.004567	-0.004506
523	-0.00414	-0.004386	-0.004357
524	-0.003917	-0.004181	-0.004201
525	-0.003851	-0.004129	-0.004152
526	-0.003854	-0.004142	-0.004149
527	-0.003904	-0.004183	-0.004173
528	-0.003992	-0.004247	-0.004218
529	-0.004047	-0.004317	-0.004258
530	-0.00406	-0.004397	-0.004293
531	-0.00407	-0.004446	-0.004324
532	-0.004072	-0.004419	-0.004345
533	-0.004081	-0.004394	-0.004365
534	-0.004118	-0.004381	-0.004383
535	-0.004153	-0.004367	-0.004398
536	-0.004053	-0.004331	-0.004306
537	-0.003954	-0.004296	-0.004214
538	-0.003878	-0.00421	-0.004142
539	-0.003804	-0.004118	-0.004072
540	-0.003747	-0.004047	-0.004002
541	-0.003696	-0.003983	-0.003931
542	-0.003592	-0.003892	-0.003856
543	-0.003457	-0.003786	-0.003777
544	-0.003341	-0.003649	-0.003655
545	-0.003243	-0.003479	-0.00349
546	-0.003141	-0.003365	-0.003365
547	-0.003033	-0.003345	-0.003308
548	-0.002921	-0.003296	-0.003227
549	-0.002803	-0.003157	-0.003069
550	-0.002685	-0.003018	-0.00292
551	-0.002566	-0.002877	-0.00284
552	-0.002447	-0.002737	-0.002761
553	-0.002456	-0.00269	-0.002698
554	-0.002467	-0.002645	-0.002635
555	-0.002408	-0.002602	-0.002577
556	-0.002339	-0.002559	-0.002519
557	-0.002272	-0.00253	-0.002463
558	-0.002205	-0.002505	-0.002408
559	-0.00216	-0.002453	-0.002363
560	-0.002128	-0.002385	-0.002326
561	-0.002054	-0.002309	-0.002279
562	-0.001935	-0.002226	-0.002221
563	-0.001854	-0.002151	-0.002168
564	-0.001843	-0.002092	-0.002124
565	-0.001877	-0.002092	-0.002131
566	-0.002052	-0.002282	-0.002298
567	-0.002216	-0.002462	-0.002455
568	-0.002288	-0.002572	-0.002531
569	-0.00236	-0.002682	-0.002607
570	-0.002519	-0.002812	-0.002783
571	-0.002679	-0.002943	-0.00296
572	-0.002771	-0.003024	-0.003043
573	-0.002852	-0.003098	-0.003113
574	-0.002926	-0.003154	-0.003184
575	-0.002998	-0.003205	-0.003255
576	-0.003052	-0.003275	-0.00333
577	-0.003095	-0.003356	-0.003407
578	-0.003134	-0.003399	-0.003455
579	-0.003169	-0.003407	-0.003475
580	-0.003159	-0.003391	-0.003463
581	-0.00308	-0.003337	-0.003403
582	-0.002989	-0.003264	-0.00332
583	-0.00287	-0.003141	-0.003176
584	-0.002727	-0.002995	-0.003013
585	-0.002462	-0.00273	-0.002752
586	-0.002201	-0.002468	-0.002493
587	-0.002022	-0.002252	-0.002293
588	-0.001843	-0.002037	-0.002092
589	-0.001537	-0.00175	-0.001818
590	-0.001223	-0.001458	-0.001539
591	-0.000987	-0.001239	-0.001292
592	-0.000769	-0.001038	-0.001052
593	-0.000625	-0.00088	-0.000903
594	-0.000512	-0.000741	-0.000793
595	-0.000358	-0.000601	-0.000615
596	-0.000176	-0.000462	-0.000391
597	0.000017	-0.000281	-0.000193
598	0.000223	-0.000054	-0.000025
599	0.000406	0.000146	0.000136
600	0.000549	0.000302	0.000285
601	0.000704	0.000455	0.000436
602	0.000891	0.000601	0.000592
603	0.001081	0.000759	0.00076
604	0.001285	0.000985	0.000994
605	0.001489	0.001211	0.001226
606	0.001701	0.001413	0.001389
607	0.001913	0.001616	0.001552
608	0.002093	0.001839	0.001745
609	0.00227	0.002064	0.00194
610	0.002392	0.002164	0.002098
611	0.002501	0.002237	0.002249
612	0.002586	0.002349	0.002341
613	0.002662	0.002476	0.00241
614	0.002803	0.002609	0.002554
615	0.002987	0.002746	0.002748
616	0.003165	0.00292	0.00295
617	0.003338	0.003132	0.003162
618	0.003498	0.003315	0.00334
619	0.003641	0.003455	0.003465
620	0.00379	0.003599	0.003606
621	0.003953	0.003752	0.003784
622	0.00412	0.003908	0.003958
623	0.0043	0.004072	0.004115
624	0.004487	0.004243	0.004281
625	0.004728	0.004498	0.004538
626	0.004969	0.004752	0.004795
627	0.005145	0.00493	0.005005
628	0.005322	0.005106	0.005214
629	0.005529	0.005296	0.005372
630	0.00574	0.005487	0.005523
631	0.005959	0.005701	0.005742
632	0.00618	0.00592	0.005978
633	0.006315	0.00607	0.006098
634	0.006412	0.006189	0.006166
635	0.006581	0.006372	0.006345
636	0.006798	0.006598	0.006597
637	0.006969	0.006785	0.006765
638	0.007095	0.006934	0.006848
639	0.007237	0.007072	0.006985
640	0.007405	0.007195	0.0072
641	0.00756	0.007317	0.007376
642	0.007688	0.007437	0.007468
643	0.007806	0.007545	0.007562
644	0.007886	0.007615	0.007668
645	0.007969	0.007692	0.007771
646	0.008069	0.007819	0.007858
647	0.008161	0.007936	0.007937
648	0.008	0.007775	0.007799
649	0.00784	0.007613	0.007662
650	0.007435	0.007233	0.007231
651	0.007014	0.006839	0.006782
652	0.006434	0.006222	0.006185
653	0.005828	0.005566	0.005562
654	0.005422	0.005163	0.005129
655	0.005079	0.004838	0.004754
656	0.005068	0.004806	0.004727
657	0.005217	0.004914	0.004868
658	0.005549	0.005226	0.005228
659	0.00601	0.005683	0.005741
660	0.006642	0.006306	0.00638
661	0.007444	0.007096	0.007147
662	0.008186	0.007848	0.007883
663	0.008844	0.008547	0.008575
664	0.009414	0.009152	0.009171
665	0.009806	0.009567	0.009572
666	0.010154	0.009925	0.009918
667	0.010369	0.010112	0.010095
668	0.010577	0.010301	0.010275
669	0.010747	0.010495	0.010468
670	0.01091	0.010679	0.010656
671	0.010987	0.010753	0.01077
672	0.011065	0.010827	0.010885
673	0.011173	0.010917	0.010988
674	0.011281	0.011007	0.01109
675	0.011338	0.011087	0.011123
676	0.011391	0.011167	0.011149
677	0.011446	0.011261	0.011267
678	0.011502	0.011358	0.011402
679	0.011627	0.011482	0.011507
680	0.011774	0.011616	0.011601
681	0.011872	0.011639	0.011691
682	0.011949	0.011611	0.011777
683	0.011997	0.011651	0.011824
684	0.012026	0.011735	0.011845
685	0.012091	0.011832	0.011889
686	0.012187	0.01194	0.011954
687	0.012313	0.012063	0.012061
688	0.012475	0.012203	0.012219
689	0.012617	0.012315	0.01234
690	0.012729	0.012381	0.012401
691	0.01283	0.012467	0.0125
692	0.012905	0.012598	0.012684
693	0.012986	0.012715	0.012845
694	0.013082	0.012789	0.012933
695	0.013172	0.012873	0.013012
696	0.013231	0.013004	0.013044
697	0.013288	0.013129	0.013085
698	0.013322	0.013199	0.013208
699	0.013365	0.013271	0.013332
700	0.013642	0.013412	0.013462
701	0.01392	0.013553	0.013593
702	0.013921	0.013577	0.01364
703	0.013911	0.013597	0.013685
704	0.014003	0.013677	0.013782
705	0.014106	0.013764	0.013885
706	0.014206	0.013825	0.013982
707	0.014304	0.013882	0.014078
708	0.014396	0.014021	0.01419
709	0.014487	0.014185	0.014308
710	0.01458	0.014344	0.014442
711	0.014676	0.014499	0.014584
712	0.0148	0.014609	0.014698
713	0.01494	0.014692	0.014796
714	0.015077	0.014815	0.014918
715	0.015211	0.014964	0.015057
716	0.015371	0.01514	0.015201
717	0.015556	0.015341	0.015351
718	0.015705	0.01547	0.015479
719	0.015813	0.015515	0.015582
720	0.015895	0.015585	0.015655
[LOG]
CHECKSUMK^