[HEADER]
Format	J&M ASCII Table
Comment	
Date	03/03/2026 19:30:37
Order	Y (evenX)
TechType	UV
NumPoints	411
FirstX	310
LastX	720
XType	nm
YType	Absorbance
ZType	s
NumSubFile	3
Matrix	Z vs X
[LOGIN]
Name=pcbob
[INSTRUMENT]
Name=TIDAS E Base UV/VI
Detector=MMS - ASPEN 97,5 kHz
Diodearray=256 Pixel
Serial#=36584
Calibrated=2011-07-01
Range=183.81-729.88 [nm] (F0)

SWVersion=v3.18.2 (build 0)[LOGIN]
Name=pcbob
[CONFIG]
ChannelName=Channel 1
ChannelType=Normalized
[PARAMETER]
It=400,00
Aver=5
Norm=3
Range=310,0-720,0 nm
Scan=Time
ScanTime=5,00 s
[TRIGGER]
Sweep=0
Scan=0
[DIO]
DigOut=0x0000
DigIn=0x0000
[DATA]
	00:00:00,000	00:00:02,000	00:00:04,000
310	0.546883	0.546288	0.545954
311	0.538694	0.538096	0.53774
312	0.530563	0.530017	0.529596
313	0.522629	0.522134	0.521662
314	0.514967	0.514525	0.514019
315	0.507341	0.506922	0.506405
316	0.499828	0.499336	0.49888
317	0.492323	0.491767	0.491365
318	0.484938	0.484438	0.483983
319	0.477554	0.47711	0.476601
320	0.470392	0.469949	0.469444
321	0.463258	0.46281	0.462316
322	0.456279	0.455838	0.455347
323	0.449364	0.448934	0.448443
324	0.44245	0.442022	0.441527
325	0.435536	0.4351	0.434601
326	0.428671	0.428231	0.427742
327	0.421897	0.421456	0.421006
328	0.415137	0.414706	0.414291
329	0.408445	0.408067	0.407678
330	0.401752	0.401428	0.401066
331	0.395361	0.395018	0.394685
332	0.388969	0.388609	0.388303
333	0.382559	0.382173	0.38184
334	0.376145	0.375733	0.375359
335	0.369789	0.369373	0.368998
336	0.363465	0.363057	0.362702
337	0.357331	0.356902	0.356569
338	0.351407	0.350926	0.350616
339	0.345482	0.345002	0.3447
340	0.339553	0.339197	0.338871
341	0.333648	0.333401	0.33305
342	0.327905	0.327665	0.32729
343	0.322163	0.321929	0.321529
344	0.316568	0.316322	0.316013
345	0.310982	0.310721	0.31051
346	0.305497	0.305266	0.304979
347	0.300042	0.299854	0.29944
348	0.294634	0.294424	0.294023
349	0.289259	0.288984	0.288687
350	0.283956	0.283661	0.283413
351	0.278749	0.278494	0.278222
352	0.273546	0.273313	0.273019
353	0.268353	0.268087	0.267778
354	0.263184	0.262884	0.262567
355	0.258299	0.257935	0.257693
356	0.253414	0.252987	0.252818
357	0.248465	0.248125	0.247867
358	0.243509	0.243272	0.242908
359	0.238731	0.238578	0.238168
360	0.234019	0.233943	0.233509
361	0.229392	0.229311	0.228913
362	0.224832	0.224682	0.224367
363	0.220265	0.220069	0.219802
364	0.215686	0.21548	0.215209
365	0.211142	0.210925	0.210663
366	0.206727	0.206495	0.206286
367	0.202316	0.202071	0.201908
368	0.198005	0.19777	0.197531
369	0.193693	0.19347	0.193154
370	0.189504	0.189266	0.189039
371	0.185333	0.185077	0.184962
372	0.181183	0.180908	0.180805
373	0.17704	0.176748	0.176613
374	0.172895	0.17264	0.172458
375	0.168747	0.168578	0.168336
376	0.164675	0.164539	0.164281
377	0.160739	0.160541	0.160344
378	0.156818	0.156583	0.156433
379	0.152958	0.152792	0.152634
380	0.149101	0.149003	0.148837
381	0.145381	0.145285	0.145107
382	0.141661	0.141568	0.141378
383	0.138069	0.137917	0.13773
384	0.134499	0.134278	0.134096
385	0.131011	0.130808	0.130577
386	0.127562	0.127415	0.12711
387	0.124212	0.124089	0.123789
388	0.120956	0.120825	0.120605
389	0.117719	0.11759	0.117416
390	0.114518	0.114409	0.114216
391	0.111297	0.111202	0.111
392	0.10798	0.107877	0.107707
393	0.104667	0.104557	0.104416
394	0.101605	0.101576	0.101343
395	0.098544	0.098595	0.098269
396	0.095825	0.095779	0.095527
397	0.093169	0.092994	0.092845
398	0.090533	0.090348	0.090211
399	0.087907	0.087768	0.0876
400	0.085186	0.08507	0.084898
401	0.082374	0.08226	0.082112
402	0.079611	0.079486	0.079352
403	0.076941	0.076778	0.076643
404	0.074319	0.074132	0.073994
405	0.071912	0.071767	0.071608
406	0.069508	0.069404	0.069224
407	0.067186	0.067116	0.066933
408	0.064864	0.064829	0.064641
409	0.06247	0.062383	0.062192
410	0.060063	0.05991	0.059716
411	0.057546	0.057436	0.057251
412	0.05498	0.05496	0.05479
413	0.052584	0.052591	0.05245
414	0.050342	0.050318	0.050219
415	0.048026	0.047986	0.047906
416	0.045583	0.045553	0.045451
417	0.043178	0.043155	0.043025
418	0.040927	0.040895	0.04072
419	0.038684	0.038642	0.038424
420	0.036637	0.036575	0.036368
421	0.034589	0.034507	0.034312
422	0.032512	0.032471	0.03227
423	0.03043	0.03044	0.030231
424	0.028492	0.028498	0.028341
425	0.026611	0.026592	0.02651
426	0.024907	0.024858	0.024815
427	0.023344	0.023263	0.023228
428	0.02185	0.021759	0.021712
429	0.020462	0.020396	0.020305
430	0.019083	0.019033	0.018909
431	0.017735	0.017667	0.017553
432	0.016377	0.016296	0.016185
433	0.0149	0.014858	0.014677
434	0.013423	0.01342	0.013169
435	0.012062	0.012015	0.011892
436	0.010712	0.010613	0.010636
437	0.009353	0.009256	0.009288
438	0.007991	0.007913	0.007911
439	0.006758	0.00668	0.00664
440	0.00561	0.00552	0.005438
441	0.004445	0.004376	0.004265
442	0.003259	0.003249	0.003125
443	0.002142	0.002162	0.002032
444	0.001198	0.001177	0.001055
445	0.000263	0.000204	0.000086
446	-0.000618	-0.00068	-0.000827
447	-0.001499	-0.001565	-0.001739
448	-0.002338	-0.002388	-0.002506
449	-0.003175	-0.003209	-0.003268
450	-0.003939	-0.003941	-0.003999
451	-0.004684	-0.004653	-0.004722
452	-0.00543	-0.005396	-0.005499
453	-0.006175	-0.006155	-0.006303
454	-0.006943	-0.006921	-0.007094
455	-0.007735	-0.007693	-0.00787
456	-0.008457	-0.008428	-0.008597
457	-0.009049	-0.009093	-0.009232
458	-0.009629	-0.009726	-0.009841
459	-0.010163	-0.01023	-0.01034
460	-0.010699	-0.010737	-0.010843
461	-0.01128	-0.011343	-0.011411
462	-0.011861	-0.01195	-0.011979
463	-0.01244	-0.012493	-0.01255
464	-0.013017	-0.013029	-0.013123
465	-0.013429	-0.013431	-0.013531
466	-0.013781	-0.013785	-0.013881
467	-0.014031	-0.014044	-0.014126
468	-0.014206	-0.014234	-0.014296
469	-0.014432	-0.014464	-0.01454
470	-0.014725	-0.014746	-0.014882
471	-0.015001	-0.015025	-0.015189
472	-0.01524	-0.015297	-0.015407
473	-0.0155	-0.015577	-0.015646
474	-0.015904	-0.015907	-0.016024
475	-0.016308	-0.016237	-0.016402
476	-0.01657	-0.01655	-0.016656
477	-0.016828	-0.016863	-0.016908
478	-0.017091	-0.017122	-0.017146
479	-0.017354	-0.017368	-0.017382
480	-0.017706	-0.017696	-0.017716
481	-0.0181	-0.018061	-0.018096
482	-0.018566	-0.018549	-0.018578
483	-0.019096	-0.019144	-0.019147
484	-0.019614	-0.019698	-0.019702
485	-0.020112	-0.020187	-0.020234
486	-0.02046	-0.02051	-0.020598
487	-0.020331	-0.020309	-0.020431
488	-0.02019	-0.020112	-0.020258
489	-0.019926	-0.019946	-0.020031
490	-0.019662	-0.019781	-0.019803
491	-0.019476	-0.019499	-0.019553
492	-0.019294	-0.019211	-0.019303
493	-0.019147	-0.019046	-0.01915
494	-0.019009	-0.018911	-0.019021
495	-0.0189	-0.018836	-0.018912
496	-0.018805	-0.018791	-0.018812
497	-0.018749	-0.018794	-0.018809
498	-0.01873	-0.018842	-0.018898
499	-0.018737	-0.018857	-0.018952
500	-0.018787	-0.018816	-0.018949
501	-0.018814	-0.018777	-0.01893
502	-0.018766	-0.018743	-0.018859
503	-0.018715	-0.018706	-0.018786
504	-0.018639	-0.018639	-0.01871
505	-0.018563	-0.018573	-0.018634
506	-0.018506	-0.018493	-0.018576
507	-0.018449	-0.018413	-0.018519
508	-0.018341	-0.01832	-0.0184
509	-0.018221	-0.018223	-0.018265
510	-0.018056	-0.018095	-0.018139
511	-0.017869	-0.017952	-0.018016
512	-0.017767	-0.017863	-0.017942
513	-0.017743	-0.017825	-0.017913
514	-0.017729	-0.017794	-0.017903
515	-0.017729	-0.017774	-0.017924
516	-0.017711	-0.017744	-0.017905
517	-0.017636	-0.017682	-0.017763
518	-0.017554	-0.017614	-0.017625
519	-0.017421	-0.017492	-0.017514
520	-0.017287	-0.01737	-0.017403
521	-0.017202	-0.017287	-0.017317
522	-0.017118	-0.017205	-0.01723
523	-0.016984	-0.017025	-0.01711
524	-0.016841	-0.016824	-0.016982
525	-0.016746	-0.016756	-0.016866
526	-0.016672	-0.016745	-0.016755
527	-0.016625	-0.016681	-0.016706
528	-0.016598	-0.016576	-0.016704
529	-0.016512	-0.016471	-0.016647
530	-0.016345	-0.016364	-0.016518
531	-0.016205	-0.016254	-0.016389
532	-0.016129	-0.016136	-0.016264
533	-0.016062	-0.016031	-0.01615
534	-0.016048	-0.015993	-0.016098
535	-0.016029	-0.015952	-0.016043
536	-0.01585	-0.015833	-0.015861
537	-0.01567	-0.015714	-0.015679
538	-0.015546	-0.015597	-0.015612
539	-0.015428	-0.015481	-0.015559
540	-0.015383	-0.015408	-0.015504
541	-0.015362	-0.01535	-0.015449
542	-0.015249	-0.015256	-0.015349
543	-0.015082	-0.015141	-0.015224
544	-0.014961	-0.015029	-0.015119
545	-0.014885	-0.014919	-0.015034
546	-0.01482	-0.014826	-0.014937
547	-0.014775	-0.014761	-0.014818
548	-0.014685	-0.014667	-0.014678
549	-0.014453	-0.014483	-0.014466
550	-0.014228	-0.014293	-0.014258
551	-0.014062	-0.014057	-0.014067
552	-0.013897	-0.013821	-0.013877
553	-0.013719	-0.013684	-0.013703
554	-0.013541	-0.013547	-0.013529
555	-0.013452	-0.013453	-0.013448
556	-0.013378	-0.013366	-0.013384
557	-0.013258	-0.013251	-0.013272
558	-0.013121	-0.013125	-0.013145
559	-0.012983	-0.012969	-0.013018
560	-0.012844	-0.012795	-0.012893
561	-0.012722	-0.012653	-0.012782
562	-0.012618	-0.012547	-0.012688
563	-0.012531	-0.012484	-0.012612
564	-0.012475	-0.012498	-0.012568
565	-0.012466	-0.012539	-0.012559
566	-0.01261	-0.012664	-0.012663
567	-0.012761	-0.01279	-0.012774
568	-0.012958	-0.012927	-0.012941
569	-0.013155	-0.013063	-0.013109
570	-0.013327	-0.01328	-0.013317
571	-0.013499	-0.013498	-0.013525
572	-0.013576	-0.013555	-0.013586
573	-0.01364	-0.013588	-0.013625
574	-0.013675	-0.013631	-0.013675
575	-0.013701	-0.013678	-0.013729
576	-0.013732	-0.013726	-0.013777
577	-0.013768	-0.013776	-0.013824
578	-0.013762	-0.013768	-0.01381
579	-0.013717	-0.013706	-0.013741
580	-0.013616	-0.013598	-0.013643
581	-0.013432	-0.01342	-0.013501
582	-0.013225	-0.013227	-0.013311
583	-0.012959	-0.012995	-0.012994
584	-0.012683	-0.012738	-0.012683
585	-0.012351	-0.012356	-0.012396
586	-0.012021	-0.011977	-0.012108
587	-0.011734	-0.011686	-0.011804
588	-0.011447	-0.011394	-0.0115
589	-0.0111	-0.011084	-0.011164
590	-0.010749	-0.010773	-0.010824
591	-0.010496	-0.010513	-0.010558
592	-0.010264	-0.010266	-0.010308
593	-0.010083	-0.010087	-0.010127
594	-0.009924	-0.009938	-0.009975
595	-0.009753	-0.009754	-0.009802
596	-0.009573	-0.009546	-0.009614
597	-0.009379	-0.009349	-0.009414
598	-0.009169	-0.009166	-0.0092
599	-0.008999	-0.008997	-0.009029
600	-0.008898	-0.008856	-0.008931
601	-0.008774	-0.008715	-0.008805
602	-0.008585	-0.008576	-0.008602
603	-0.008386	-0.008424	-0.008394
604	-0.008131	-0.008188	-0.008161
605	-0.007874	-0.007947	-0.007924
606	-0.007556	-0.00758	-0.007597
607	-0.007237	-0.007212	-0.007269
608	-0.007012	-0.00697	-0.007041
609	-0.006794	-0.006737	-0.006821
610	-0.006549	-0.006542	-0.006595
611	-0.006298	-0.006355	-0.006369
612	-0.006086	-0.006139	-0.006182
613	-0.00589	-0.005912	-0.006012
614	-0.005679	-0.005693	-0.005784
615	-0.005457	-0.005479	-0.00552
616	-0.005207	-0.005215	-0.005245
617	-0.004932	-0.004903	-0.004961
618	-0.004672	-0.004623	-0.004692
619	-0.004435	-0.004393	-0.004448
620	-0.004202	-0.004162	-0.004212
621	-0.003979	-0.003933	-0.003999
622	-0.003761	-0.003721	-0.003793
623	-0.003568	-0.003578	-0.003614
624	-0.003371	-0.003426	-0.003429
625	-0.003133	-0.003187	-0.003187
626	-0.002895	-0.002949	-0.002945
627	-0.002726	-0.002772	-0.002776
628	-0.002556	-0.002596	-0.002607
629	-0.002329	-0.002355	-0.002399
630	-0.002094	-0.002106	-0.002186
631	-0.001919	-0.001875	-0.00199
632	-0.00176	-0.001648	-0.001799
633	-0.001587	-0.001499	-0.001619
634	-0.001408	-0.001383	-0.001444
635	-0.001222	-0.001251	-0.00129
636	-0.001031	-0.001109	-0.001151
637	-0.000828	-0.000921	-0.000971
638	-0.000613	-0.000686	-0.000751
639	-0.000407	-0.000452	-0.000525
640	-0.000213	-0.000218	-0.000291
641	-0.000025	0.000003	-0.000072
642	0.000152	0.000197	0.000111
643	0.000318	0.000367	0.000272
644	0.000447	0.000452	0.000359
645	0.000581	0.000551	0.00046
646	0.00075	0.000746	0.000656
647	0.000914	0.000932	0.000846
648	0.000893	0.000913	0.000858
649	0.000871	0.000894	0.000869
650	0.000471	0.000468	0.000427
651	0.000047	0.000018	-0.000043
652	-0.000668	-0.000673	-0.000752
653	-0.001432	-0.001406	-0.001503
654	-0.001937	-0.001936	-0.002006
655	-0.002361	-0.002403	-0.002432
656	-0.002394	-0.00245	-0.002474
657	-0.002238	-0.002295	-0.002331
658	-0.001857	-0.001887	-0.001943
659	-0.001316	-0.0013	-0.001383
660	-0.000562	-0.000529	-0.000618
661	0.000407	0.000426	0.000349
662	0.00129	0.001293	0.001242
663	0.002054	0.002032	0.002029
664	0.00271	0.002704	0.002704
665	0.00315	0.003235	0.003153
666	0.003538	0.003671	0.00354
667	0.003765	0.003815	0.003736
668	0.003981	0.003967	0.003927
669	0.004131	0.00416	0.004098
670	0.004283	0.004348	0.004268
671	0.004452	0.004489	0.004444
672	0.00462	0.00463	0.00462
673	0.00474	0.004771	0.004745
674	0.00486	0.004911	0.00487
675	0.00499	0.004991	0.004954
676	0.00512	0.005065	0.005033
677	0.005222	0.005221	0.005162
678	0.00532	0.005392	0.0053
679	0.005416	0.005506	0.005412
680	0.005512	0.005603	0.005515
681	0.005665	0.005678	0.005598
682	0.005844	0.005744	0.005671
683	0.005984	0.005901	0.005822
684	0.006099	0.006116	0.006022
685	0.00621	0.0063	0.006169
686	0.006317	0.006457	0.006271
687	0.006468	0.006587	0.006417
688	0.006669	0.006685	0.006613
689	0.006837	0.006825	0.006785
690	0.00695	0.007035	0.006919
691	0.007098	0.007231	0.00709
692	0.007326	0.007395	0.007344
693	0.007526	0.007548	0.007572
694	0.007644	0.007666	0.007722
695	0.007765	0.00779	0.007866
696	0.007902	0.007949	0.007984
697	0.008037	0.008103	0.008102
698	0.008164	0.008222	0.00821
699	0.008293	0.008344	0.008321
700	0.008503	0.008592	0.008525
701	0.008713	0.00884	0.00873
702	0.008837	0.008866	0.008815
703	0.008958	0.008884	0.008895
704	0.009103	0.009054	0.00901
705	0.009252	0.00924	0.009128
706	0.009323	0.009352	0.009278
707	0.009379	0.009448	0.009434
708	0.009543	0.009584	0.009584
709	0.00974	0.009732	0.009732
710	0.009898	0.009868	0.009841
711	0.01004	0.009999	0.009933
712	0.010165	0.010146	0.010082
713	0.01028	0.010302	0.010263
714	0.010446	0.01047	0.010412
715	0.010651	0.010647	0.010538
716	0.010827	0.010817	0.010709
717	0.010978	0.010982	0.010921
718	0.011126	0.011108	0.011087
719	0.011272	0.011187	0.011198
720	0.011439	0.011313	0.011334
[LOG]
CHECKSUM?