[HEADER]
Format	J&M ASCII Table
Comment	
Date	03/03/2026 19:42:30
Order	Y (evenX)
TechType	UV
NumPoints	411
FirstX	310
LastX	720
XType	nm
YType	Absorbance
ZType	s
NumSubFile	3
Matrix	Z vs X
[LOGIN]
Name=pcbob
[INSTRUMENT]
Name=TIDAS E Base UV/VI
Detector=MMS - ASPEN 97,5 kHz
Diodearray=256 Pixel
Serial#=36584
Calibrated=2011-07-01
Range=183.81-729.88 [nm] (F0)

SWVersion=v3.18.2 (build 0)[LOGIN]
Name=pcbob
[CONFIG]
ChannelName=Channel 1
ChannelType=Normalized
[PARAMETER]
It=400,00
Aver=5
Norm=3
Range=310,0-720,0 nm
Scan=Time
ScanTime=5,00 s
[TRIGGER]
Sweep=0
Scan=0
[DIO]
DigOut=0x0000
DigIn=0x0000
[DATA]
	00:00:00,000	00:00:02,000	00:00:04,000
310	0.519309	0.518815	0.518436
311	0.511232	0.510738	0.510373
312	0.503341	0.502907	0.50253
313	0.495528	0.495131	0.494727
314	0.487823	0.487433	0.486978
315	0.480183	0.479793	0.479311
316	0.472748	0.472334	0.471897
317	0.465336	0.464898	0.464502
318	0.458252	0.457786	0.457395
319	0.451169	0.450675	0.450288
320	0.444187	0.443667	0.443279
321	0.437218	0.436672	0.436282
322	0.430296	0.429808	0.429416
323	0.423395	0.422998	0.422605
324	0.416651	0.41625	0.415855
325	0.410047	0.409557	0.409158
326	0.403463	0.402954	0.402545
327	0.396916	0.396513	0.396081
328	0.39041	0.390079	0.389639
329	0.384097	0.383674	0.38329
330	0.377784	0.37727	0.376942
331	0.371524	0.371043	0.370645
332	0.365263	0.364816	0.364349
333	0.359302	0.358874	0.35841
334	0.353406	0.352992	0.352546
335	0.347403	0.347051	0.346594
336	0.341344	0.341078	0.340594
337	0.335474	0.335227	0.334737
338	0.329814	0.329513	0.329042
339	0.324206	0.323855	0.323405
340	0.318722	0.31833	0.317906
341	0.313258	0.312824	0.312424
342	0.307936	0.307457	0.30707
343	0.302614	0.30209	0.301715
344	0.297286	0.296839	0.296494
345	0.291957	0.291595	0.291281
346	0.286776	0.286412	0.286101
347	0.281638	0.281248	0.280932
348	0.276526	0.276151	0.275806
349	0.271433	0.2711	0.270708
350	0.26639	0.266085	0.26565
351	0.261414	0.261118	0.260644
352	0.256453	0.256151	0.255657
353	0.251538	0.25118	0.250726
354	0.246637	0.24623	0.245815
355	0.241919	0.241533	0.241137
356	0.237201	0.236835	0.23646
357	0.232493	0.232109	0.231755
358	0.227786	0.22738	0.227046
359	0.223277	0.222843	0.222484
360	0.218841	0.218376	0.217974
361	0.214353	0.213912	0.213514
362	0.209825	0.209451	0.209093
363	0.205342	0.204995	0.204623
364	0.200932	0.200548	0.200076
365	0.196559	0.196154	0.19562
366	0.192323	0.191949	0.191495
367	0.188092	0.18775	0.187374
368	0.183993	0.183663	0.183322
369	0.179894	0.179576	0.17927
370	0.17597	0.175613	0.175286
371	0.172071	0.171668	0.171312
372	0.168041	0.167599	0.167237
373	0.163955	0.163478	0.163121
374	0.159953	0.159472	0.159138
375	0.156025	0.155567	0.155271
376	0.152161	0.151729	0.151447
377	0.14841	0.14801	0.147697
378	0.14469	0.144307	0.143975
379	0.141105	0.140676	0.140373
380	0.13752	0.137048	0.136772
381	0.13398	0.133554	0.13325
382	0.130441	0.130061	0.129728
383	0.126988	0.126621	0.126254
384	0.12355	0.12319	0.122789
385	0.12022	0.119857	0.119463
386	0.116941	0.116569	0.116201
387	0.113762	0.11338	0.113035
388	0.110678	0.110282	0.109959
389	0.107648	0.107253	0.106938
390	0.104721	0.104352	0.104019
391	0.101768	0.101418	0.101068
392	0.098699	0.098337	0.097971
393	0.095633	0.095259	0.094878
394	0.092716	0.092396	0.092005
395	0.089799	0.089533	0.089132
396	0.087213	0.086948	0.086595
397	0.084686	0.084414	0.08412
398	0.082266	0.081986	0.081689
399	0.079894	0.079609	0.079279
400	0.077375	0.077072	0.076732
401	0.074717	0.074385	0.074056
402	0.072063	0.071747	0.071431
403	0.069418	0.069199	0.068899
404	0.066885	0.066739	0.066438
405	0.064848	0.064672	0.064289
406	0.06281	0.062604	0.062141
407	0.060661	0.060472	0.060056
408	0.058513	0.05834	0.05797
409	0.056315	0.056083	0.055743
410	0.054108	0.053804	0.053491
411	0.051816	0.051521	0.051219
412	0.049485	0.049237	0.048938
413	0.047266	0.047064	0.046743
414	0.045149	0.044992	0.044627
415	0.043025	0.042881	0.04253
416	0.040892	0.040703	0.040465
417	0.038772	0.038546	0.03839
418	0.036703	0.036471	0.03627
419	0.034646	0.034407	0.034164
420	0.032879	0.032617	0.0324
421	0.031113	0.030826	0.030636
422	0.029311	0.029064	0.028848
423	0.027504	0.027305	0.027056
424	0.02578	0.025596	0.025358
425	0.024088	0.023907	0.023696
426	0.022541	0.022379	0.022168
427	0.021109	0.020982	0.020748
428	0.019789	0.019666	0.019442
429	0.018644	0.018478	0.018313
430	0.017509	0.017308	0.017179
431	0.016404	0.016201	0.016035
432	0.015287	0.015084	0.014882
433	0.014011	0.013845	0.013625
434	0.012734	0.012605	0.012367
435	0.011661	0.011535	0.011318
436	0.010607	0.01048	0.010289
437	0.009483	0.009342	0.009152
438	0.008336	0.008176	0.007981
439	0.007265	0.007097	0.006914
440	0.006244	0.006076	0.005918
441	0.005239	0.005096	0.004936
442	0.004253	0.004167	0.003973
443	0.003314	0.003255	0.003048
444	0.002492	0.002384	0.002223
445	0.001686	0.001534	0.001412
446	0.000988	0.000831	0.000695
447	0.00029	0.000127	-0.000022
448	-0.000346	-0.000467	-0.000667
449	-0.00098	-0.001058	-0.001311
450	-0.001565	-0.001647	-0.001877
451	-0.002139	-0.002234	-0.002426
452	-0.002711	-0.00283	-0.002997
453	-0.003281	-0.00343	-0.00358
454	-0.003869	-0.004035	-0.004191
455	-0.004473	-0.004646	-0.00483
456	-0.005058	-0.005219	-0.005425
457	-0.005607	-0.005722	-0.00594
458	-0.006112	-0.006201	-0.006421
459	-0.006437	-0.006578	-0.006758
460	-0.006771	-0.006962	-0.007102
461	-0.007309	-0.007488	-0.0076
462	-0.007846	-0.008015	-0.008097
463	-0.008266	-0.008454	-0.008529
464	-0.008671	-0.008883	-0.008952
465	-0.008975	-0.009171	-0.009273
466	-0.009243	-0.009408	-0.009557
467	-0.009423	-0.009552	-0.009707
468	-0.009539	-0.00963	-0.009762
469	-0.009653	-0.009728	-0.009851
470	-0.009765	-0.009855	-0.009987
471	-0.009874	-0.009985	-0.01013
472	-0.009976	-0.010121	-0.010291
473	-0.010096	-0.010271	-0.010463
474	-0.010343	-0.010507	-0.010712
475	-0.01059	-0.010743	-0.01096
476	-0.01072	-0.01083	-0.011041
477	-0.010847	-0.010914	-0.011119
478	-0.010976	-0.011061	-0.011206
479	-0.011105	-0.01122	-0.011296
480	-0.011373	-0.011515	-0.011571
481	-0.011706	-0.011873	-0.011931
482	-0.012205	-0.012367	-0.012438
483	-0.012847	-0.012978	-0.013074
484	-0.013446	-0.013569	-0.013673
485	-0.013977	-0.01413	-0.014213
486	-0.01431	-0.014485	-0.014552
487	-0.014021	-0.014195	-0.014255
488	-0.013733	-0.013903	-0.013958
489	-0.013445	-0.013589	-0.013659
490	-0.013158	-0.013275	-0.01336
491	-0.012772	-0.012914	-0.013027
492	-0.01238	-0.012551	-0.012692
493	-0.012172	-0.012344	-0.012464
494	-0.012007	-0.012174	-0.012263
495	-0.011831	-0.011991	-0.012072
496	-0.011649	-0.011799	-0.011886
497	-0.011532	-0.011694	-0.011775
498	-0.011477	-0.01167	-0.011736
499	-0.011421	-0.011635	-0.011701
500	-0.011363	-0.011581	-0.011671
501	-0.011303	-0.011499	-0.011622
502	-0.011238	-0.01132	-0.011505
503	-0.01117	-0.011155	-0.011391
504	-0.011088	-0.011135	-0.011304
505	-0.011006	-0.011115	-0.011217
506	-0.010954	-0.011033	-0.011155
507	-0.010904	-0.010947	-0.011095
508	-0.01081	-0.010834	-0.010962
509	-0.010704	-0.010714	-0.010811
510	-0.010531	-0.010567	-0.010664
511	-0.010323	-0.010406	-0.010519
512	-0.010169	-0.010287	-0.010401
513	-0.010065	-0.010205	-0.010307
514	-0.009967	-0.010102	-0.01021
515	-0.009881	-0.009964	-0.010107
516	-0.009771	-0.009823	-0.009988
517	-0.009589	-0.009674	-0.009822
518	-0.009406	-0.009519	-0.009651
519	-0.009212	-0.009319	-0.009437
520	-0.009019	-0.009118	-0.009223
521	-0.008884	-0.00896	-0.00904
522	-0.00875	-0.008804	-0.008858
523	-0.008511	-0.008591	-0.008677
524	-0.008249	-0.008367	-0.008497
525	-0.008166	-0.008287	-0.008427
526	-0.008161	-0.008269	-0.008404
527	-0.008189	-0.008313	-0.008403
528	-0.008244	-0.008404	-0.008418
529	-0.008257	-0.00842	-0.008424
530	-0.008213	-0.008337	-0.008418
531	-0.008178	-0.008267	-0.008402
532	-0.008165	-0.008229	-0.008363
533	-0.008137	-0.008187	-0.008315
534	-0.008029	-0.008125	-0.008219
535	-0.007921	-0.00806	-0.008123
536	-0.007772	-0.007881	-0.008012
537	-0.007624	-0.007701	-0.007901
538	-0.007477	-0.007575	-0.007754
539	-0.00733	-0.007455	-0.007603
540	-0.007259	-0.007364	-0.007492
541	-0.007212	-0.007282	-0.007395
542	-0.007062	-0.007133	-0.00724
543	-0.006853	-0.006944	-0.007053
544	-0.006661	-0.006768	-0.00688
545	-0.006485	-0.006606	-0.006723
546	-0.006348	-0.006468	-0.00658
547	-0.006275	-0.00637	-0.006462
548	-0.006178	-0.00626	-0.006329
549	-0.006007	-0.006111	-0.006155
550	-0.005835	-0.005961	-0.005985
551	-0.005659	-0.005792	-0.005849
552	-0.005483	-0.005623	-0.005712
553	-0.005392	-0.005483	-0.005599
554	-0.005301	-0.005344	-0.005486
555	-0.005187	-0.005258	-0.005421
556	-0.005069	-0.005181	-0.005365
557	-0.004996	-0.005102	-0.005241
558	-0.00494	-0.005023	-0.005093
559	-0.004821	-0.004905	-0.004994
560	-0.004662	-0.004764	-0.004927
561	-0.004552	-0.00465	-0.004834
562	-0.004493	-0.004568	-0.004715
563	-0.004441	-0.004499	-0.004631
564	-0.004398	-0.004454	-0.00461
565	-0.004395	-0.004459	-0.004627
566	-0.004523	-0.00463	-0.004764
567	-0.004654	-0.004794	-0.0049
568	-0.004819	-0.004906	-0.00502
569	-0.004983	-0.005018	-0.005141
570	-0.005169	-0.005215	-0.005334
571	-0.005356	-0.005413	-0.005528
572	-0.005415	-0.005481	-0.005586
573	-0.005456	-0.005529	-0.005625
574	-0.005527	-0.005603	-0.005686
575	-0.005608	-0.005685	-0.005753
576	-0.00568	-0.005741	-0.005819
577	-0.005749	-0.005782	-0.005884
578	-0.005781	-0.005813	-0.005935
579	-0.005779	-0.005835	-0.005973
580	-0.005736	-0.005799	-0.005952
581	-0.005627	-0.005676	-0.00584
582	-0.005497	-0.005543	-0.005704
583	-0.005311	-0.005387	-0.005504
584	-0.005105	-0.005202	-0.005287
585	-0.004787	-0.00486	-0.004978
586	-0.004472	-0.004522	-0.004672
587	-0.004206	-0.004275	-0.004397
588	-0.003941	-0.004029	-0.004122
589	-0.003605	-0.003666	-0.003749
590	-0.003263	-0.003295	-0.003369
591	-0.002975	-0.003019	-0.0031
592	-0.002699	-0.002764	-0.002856
593	-0.002493	-0.002555	-0.002659
594	-0.002316	-0.002366	-0.002483
595	-0.002113	-0.002161	-0.002277
596	-0.001892	-0.001945	-0.002052
597	-0.001658	-0.001725	-0.001831
598	-0.00141	-0.001499	-0.001617
599	-0.001199	-0.001283	-0.00141
600	-0.001053	-0.001084	-0.00122
601	-0.000891	-0.000885	-0.001027
602	-0.000682	-0.000689	-0.00083
603	-0.000473	-0.000491	-0.000627
604	-0.000256	-0.000285	-0.000389
605	-0.000038	-0.000077	-0.00015
606	0.000242	0.00021	0.000138
607	0.000521	0.000497	0.000427
608	0.000792	0.000745	0.000678
609	0.001062	0.000989	0.000925
610	0.001242	0.001161	0.001097
611	0.001402	0.001317	0.001252
612	0.001549	0.001486	0.001387
613	0.001691	0.00166	0.001513
614	0.001894	0.001851	0.001733
615	0.002136	0.002053	0.002012
616	0.002389	0.002277	0.002253
617	0.002653	0.002523	0.002459
618	0.002874	0.002772	0.002666
619	0.003031	0.003024	0.002878
620	0.003205	0.003246	0.003087
621	0.003421	0.003396	0.003291
622	0.003635	0.003565	0.0035
623	0.003845	0.003806	0.003726
624	0.004063	0.004051	0.003957
625	0.004357	0.00434	0.004246
626	0.004651	0.004628	0.004535
627	0.004856	0.004849	0.004695
628	0.00506	0.00507	0.004854
629	0.005316	0.005297	0.005141
630	0.005578	0.005524	0.005443
631	0.005827	0.005763	0.005699
632	0.006072	0.006006	0.005942
633	0.006237	0.006168	0.006091
634	0.006368	0.006296	0.006198
635	0.006606	0.006509	0.006395
636	0.006914	0.006777	0.006652
637	0.007136	0.006996	0.006876
638	0.007271	0.007166	0.007068
639	0.007419	0.007349	0.007256
640	0.007586	0.00755	0.007437
641	0.007749	0.007726	0.007613
642	0.0079	0.007849	0.007781
643	0.008046	0.007971	0.007937
644	0.008172	0.008093	0.008049
645	0.008297	0.008219	0.008161
646	0.008409	0.008378	0.008273
647	0.008513	0.008525	0.008376
648	0.008391	0.008338	0.008224
649	0.008269	0.008151	0.008071
650	0.007747	0.007663	0.007591
651	0.007199	0.007157	0.007091
652	0.006447	0.006434	0.006345
653	0.00566	0.005674	0.005556
654	0.005145	0.005153	0.005006
655	0.004716	0.004706	0.00453
656	0.004701	0.004662	0.004504
657	0.004885	0.004813	0.004695
658	0.005286	0.005217	0.005095
659	0.005839	0.005799	0.005644
660	0.006608	0.006582	0.006436
661	0.007592	0.007564	0.007471
662	0.008516	0.008481	0.008406
663	0.009353	0.009305	0.009201
664	0.010076	0.010022	0.009898
665	0.010569	0.010522	0.010397
666	0.011004	0.010956	0.010833
667	0.011262	0.011184	0.011077
668	0.011511	0.011407	0.011321
669	0.011714	0.01161	0.011568
670	0.011909	0.011806	0.011803
671	0.012013	0.011937	0.011896
672	0.012116	0.012069	0.011989
673	0.012228	0.012188	0.012116
674	0.012339	0.012306	0.012242
675	0.012404	0.012372	0.012303
676	0.012465	0.012432	0.012358
677	0.012611	0.012531	0.012464
678	0.012773	0.012636	0.012579
679	0.012894	0.012768	0.012742
680	0.013002	0.01291	0.01292
681	0.013082	0.012996	0.012991
682	0.013151	0.013056	0.013012
683	0.013257	0.013153	0.013112
684	0.013388	0.013273	0.013264
685	0.013497	0.013385	0.013393
686	0.013585	0.013489	0.013503
687	0.013713	0.013629	0.013603
688	0.013889	0.013813	0.013694
689	0.014036	0.013969	0.013799
690	0.014135	0.014082	0.013927
691	0.014263	0.014219	0.01409
692	0.014454	0.01441	0.014329
693	0.014618	0.014583	0.014533
694	0.014694	0.014699	0.014625
695	0.014778	0.014817	0.014719
696	0.014903	0.014939	0.014824
697	0.015028	0.01506	0.014931
698	0.015155	0.015171	0.01505
699	0.015283	0.015283	0.015171
700	0.015417	0.01544	0.015349
701	0.015551	0.015596	0.015527
702	0.015652	0.015676	0.015584
703	0.015752	0.015754	0.015637
704	0.015897	0.015867	0.015743
705	0.016047	0.015984	0.015854
706	0.016163	0.016088	0.015969
707	0.016273	0.01619	0.016084
708	0.01645	0.016338	0.016257
709	0.016646	0.016501	0.016447
710	0.016769	0.016667	0.016581
711	0.016861	0.016834	0.016692
712	0.016989	0.016967	0.016823
713	0.017137	0.017082	0.016966
714	0.017299	0.01724	0.017126
715	0.017469	0.01743	0.017298
716	0.017642	0.017611	0.017473
717	0.017818	0.017784	0.01765
718	0.017971	0.017944	0.017836
719	0.018097	0.018091	0.018031
720	0.018222	0.018223	0.018162
[LOG]
CHECKSUMՓ