[HEADER]
Format	J&M ASCII Table
Comment	
Date	03/03/2026 20:31:56
Order	Y (evenX)
TechType	UV
NumPoints	411
FirstX	310
LastX	720
XType	nm
YType	Absorbance
ZType	s
NumSubFile	3
Matrix	Z vs X
[LOGIN]
Name=pcbob
[INSTRUMENT]
Name=TIDAS E Base UV/VI
Detector=MMS - ASPEN 97,5 kHz
Diodearray=256 Pixel
Serial#=36584
Calibrated=2011-07-01
Range=183.81-729.88 [nm] (F0)

SWVersion=v3.18.2 (build 0)[LOGIN]
Name=pcbob
[CONFIG]
ChannelName=Channel 1
ChannelType=Normalized
[PARAMETER]
It=400,00
Aver=5
Norm=3
Range=310,0-720,0 nm
Scan=Time
ScanTime=5,00 s
[TRIGGER]
Sweep=0
Scan=0
[DIO]
DigOut=0x0000
DigIn=0x0000
[DATA]
	00:00:00,000	00:00:02,000	00:00:04,000
310	0.609915	0.60962	0.609275
311	0.600832	0.600496	0.60013
312	0.591913	0.591541	0.591159
313	0.583039	0.582678	0.582265
314	0.574226	0.57394	0.573477
315	0.565525	0.565276	0.564793
316	0.557174	0.556841	0.556433
317	0.548831	0.548419	0.548078
318	0.540603	0.540189	0.539797
319	0.532375	0.531958	0.531516
320	0.524437	0.524002	0.52363
321	0.516536	0.516081	0.515795
322	0.5087	0.508299	0.508021
323	0.50089	0.500574	0.500272
324	0.493212	0.492904	0.492596
325	0.485648	0.485281	0.484985
326	0.478137	0.477723	0.477427
327	0.470721	0.470282	0.469968
328	0.463315	0.462859	0.462534
329	0.455954	0.455521	0.45522
330	0.448594	0.448183	0.447907
331	0.44139	0.441044	0.440722
332	0.434186	0.433904	0.433537
333	0.427229	0.426892	0.426589
334	0.420325	0.419906	0.419693
335	0.413472	0.413014	0.412852
336	0.406646	0.406172	0.406041
337	0.399821	0.399394	0.399228
338	0.392996	0.392687	0.392413
339	0.386313	0.386081	0.385728
340	0.379968	0.37971	0.379353
341	0.373626	0.373336	0.372982
342	0.367315	0.366943	0.366638
343	0.361004	0.36055	0.360293
344	0.354746	0.354389	0.354049
345	0.348491	0.348241	0.34781
346	0.342405	0.342164	0.341757
347	0.336369	0.336109	0.335758
348	0.330384	0.330063	0.329763
349	0.324433	0.324023	0.323771
350	0.318524	0.318082	0.317813
351	0.312672	0.312275	0.311899
352	0.30688	0.306516	0.306084
353	0.301266	0.3009	0.300559
354	0.295661	0.295288	0.295033
355	0.290168	0.289719	0.289498
356	0.284674	0.28415	0.283963
357	0.279043	0.278527	0.2783
358	0.273398	0.272899	0.272624
359	0.267964	0.267507	0.267171
360	0.262607	0.2622	0.2618
361	0.257316	0.25691	0.256543
362	0.252078	0.251633	0.251378
363	0.246899	0.246466	0.246245
364	0.241813	0.241474	0.241164
365	0.236784	0.236509	0.236137
366	0.231958	0.231644	0.231302
367	0.22713	0.226779	0.226468
368	0.22226	0.221926	0.221661
369	0.21739	0.217073	0.216855
370	0.212627	0.212297	0.212037
371	0.20788	0.207532	0.207216
372	0.203239	0.202944	0.202591
373	0.198642	0.198431	0.198048
374	0.194162	0.193959	0.193605
375	0.189784	0.189523	0.189251
376	0.185436	0.185134	0.1849
377	0.181139	0.180828	0.180555
378	0.176861	0.176548	0.17624
379	0.172662	0.172377	0.172053
380	0.168468	0.168209	0.167871
381	0.164469	0.164144	0.163913
382	0.16047	0.16008	0.159955
383	0.156523	0.156173	0.155977
384	0.152585	0.152294	0.151995
385	0.148765	0.148483	0.148191
386	0.145	0.144705	0.144468
387	0.14135	0.141079	0.140842
388	0.137808	0.137595	0.137306
389	0.134315	0.134115	0.133792
390	0.130917	0.130642	0.130321
391	0.127492	0.127173	0.126855
392	0.123949	0.123714	0.123411
393	0.120412	0.120259	0.119971
394	0.117287	0.117078	0.116804
395	0.114161	0.113897	0.113637
396	0.11143	0.111112	0.110896
397	0.10877	0.108398	0.108233
398	0.106198	0.105874	0.10569
399	0.103667	0.103438	0.103203
400	0.101001	0.100806	0.100555
401	0.098207	0.09799	0.097756
402	0.095446	0.095222	0.094987
403	0.092742	0.092544	0.092276
404	0.090079	0.0899	0.089607
405	0.087594	0.087411	0.087129
406	0.085113	0.084926	0.084654
407	0.082865	0.082659	0.082349
408	0.080616	0.080392	0.080045
409	0.078208	0.078009	0.077703
410	0.075773	0.075607	0.075355
411	0.073408	0.073265	0.073037
412	0.071075	0.070951	0.070732
413	0.068784	0.068651	0.068439
414	0.066531	0.066365	0.066159
415	0.064254	0.064064	0.063885
416	0.061937	0.061737	0.061625
417	0.05963	0.05944	0.059356
418	0.057369	0.057261	0.057053
419	0.055117	0.055088	0.054763
420	0.053104	0.053057	0.052811
421	0.051091	0.051025	0.05086
422	0.049311	0.049184	0.048997
423	0.047564	0.047369	0.047147
424	0.045748	0.045576	0.045322
425	0.043906	0.043792	0.043508
426	0.042242	0.042154	0.041869
427	0.04072	0.040633	0.040372
428	0.039302	0.039209	0.038977
429	0.038045	0.037933	0.037741
430	0.036779	0.036648	0.036493
431	0.035482	0.035332	0.035206
432	0.034181	0.034012	0.033908
433	0.032815	0.032647	0.032486
434	0.031449	0.031282	0.031064
435	0.030244	0.030075	0.029893
436	0.029055	0.028883	0.028745
437	0.027799	0.027677	0.027519
438	0.026523	0.026465	0.026268
439	0.025371	0.025317	0.025087
440	0.024303	0.024213	0.023953
441	0.023283	0.023163	0.022895
442	0.022324	0.022185	0.021936
443	0.021366	0.02122	0.020986
444	0.020413	0.020293	0.020059
445	0.019469	0.019373	0.019137
446	0.01859	0.018514	0.018252
447	0.017711	0.017655	0.017366
448	0.016925	0.016858	0.016536
449	0.016143	0.016063	0.015708
450	0.015417	0.01534	0.01504
451	0.014704	0.014634	0.014408
452	0.013989	0.013925	0.013743
453	0.013273	0.013216	0.013059
454	0.012586	0.012512	0.012368
455	0.011929	0.011815	0.01167
456	0.011306	0.01119	0.011043
457	0.010747	0.010703	0.010551
458	0.010198	0.010204	0.010043
459	0.009689	0.009661	0.009471
460	0.009179	0.009118	0.008902
461	0.008632	0.008567	0.008379
462	0.008086	0.008016	0.007856
463	0.007602	0.007493	0.00737
464	0.007127	0.006972	0.006888
465	0.006692	0.006529	0.006434
466	0.006272	0.006113	0.005989
467	0.005945	0.005813	0.005671
468	0.005682	0.005595	0.005444
469	0.005388	0.005338	0.005171
470	0.005052	0.005028	0.004839
471	0.004716	0.004709	0.004512
472	0.004385	0.00437	0.004197
473	0.004049	0.004027	0.003874
474	0.003689	0.00365	0.003497
475	0.00333	0.003274	0.00312
476	0.003127	0.003044	0.002876
477	0.002927	0.002817	0.002634
478	0.002641	0.002547	0.002342
479	0.002338	0.002269	0.002039
480	0.002025	0.001958	0.001726
481	0.001708	0.001632	0.001407
482	0.001365	0.001266	0.001071
483	0.001	0.000867	0.000721
484	0.000655	0.000504	0.000369
485	0.000343	0.000197	0.000015
486	0.000091	-0.000033	-0.000256
487	0.000026	-0.000023	-0.000266
488	-0.000018	-0.000006	-0.000266
489	0.000132	0.000075	-0.00016
490	0.000282	0.000156	-0.000055
491	0.000293	0.000218	-0.000021
492	0.000297	0.00028	0.00001
493	0.000226	0.000197	-0.000042
494	0.000137	0.000078	-0.000114
495	0.000106	0.000006	-0.000138
496	0.000103	-0.000042	-0.000136
497	0.000026	-0.000112	-0.000189
498	-0.000122	-0.000205	-0.000294
499	-0.000239	-0.000303	-0.000416
500	-0.000306	-0.000412	-0.00057
501	-0.000371	-0.000512	-0.000699
502	-0.00043	-0.000581	-0.000748
503	-0.000485	-0.000641	-0.00079
504	-0.000494	-0.000611	-0.000759
505	-0.000504	-0.00058	-0.000729
506	-0.000575	-0.000628	-0.000807
507	-0.00065	-0.000681	-0.000891
508	-0.000616	-0.000665	-0.000883
509	-0.000554	-0.000633	-0.000852
510	-0.000545	-0.000632	-0.000839
511	-0.000561	-0.000646	-0.000835
512	-0.000582	-0.000645	-0.000819
513	-0.000606	-0.00063	-0.000792
514	-0.000614	-0.000609	-0.000764
515	-0.000596	-0.000576	-0.000736
516	-0.000589	-0.000567	-0.000729
517	-0.000615	-0.000629	-0.000786
518	-0.000644	-0.000689	-0.000848
519	-0.000704	-0.000736	-0.00095
520	-0.000763	-0.000784	-0.001053
521	-0.000777	-0.000786	-0.000991
522	-0.000789	-0.000786	-0.000924
523	-0.000818	-0.000836	-0.000989
524	-0.00085	-0.000897	-0.001081
525	-0.000884	-0.000923	-0.001124
526	-0.000919	-0.000934	-0.001146
527	-0.000909	-0.000953	-0.001147
528	-0.000866	-0.000977	-0.00113
529	-0.000852	-0.000986	-0.001144
530	-0.000878	-0.000974	-0.001199
531	-0.0009	-0.000976	-0.001232
532	-0.000912	-0.001013	-0.001211
533	-0.000922	-0.001038	-0.001201
534	-0.000926	-0.001003	-0.001246
535	-0.000929	-0.000967	-0.001287
536	-0.000893	-0.000931	-0.001206
537	-0.000857	-0.000895	-0.001126
538	-0.000832	-0.000892	-0.001113
539	-0.000807	-0.000894	-0.001108
540	-0.000819	-0.000912	-0.001124
541	-0.000842	-0.000937	-0.001146
542	-0.000871	-0.000958	-0.001144
543	-0.000905	-0.000978	-0.001126
544	-0.000927	-0.000986	-0.001108
545	-0.000939	-0.00098	-0.00109
546	-0.000909	-0.000946	-0.001056
547	-0.000811	-0.000863	-0.000997
548	-0.000732	-0.000801	-0.000947
549	-0.000716	-0.0008	-0.000925
550	-0.0007	-0.000793	-0.000905
551	-0.000683	-0.000734	-0.000898
552	-0.000665	-0.000674	-0.000891
553	-0.000612	-0.000651	-0.00083
554	-0.000558	-0.000628	-0.000768
555	-0.000468	-0.00052	-0.000679
556	-0.000372	-0.000399	-0.000585
557	-0.000286	-0.000325	-0.000506
558	-0.000203	-0.000268	-0.000432
559	-0.000199	-0.000226	-0.000379
560	-0.000247	-0.000195	-0.000339
561	-0.000235	-0.000171	-0.000296
562	-0.000158	-0.000157	-0.000252
563	-0.000103	-0.000148	-0.000232
564	-0.000084	-0.000149	-0.000258
565	-0.00009	-0.000159	-0.000286
566	-0.000177	-0.000199	-0.000322
567	-0.000259	-0.000235	-0.000361
568	-0.000298	-0.000244	-0.000416
569	-0.000336	-0.000253	-0.000471
570	-0.000373	-0.00034	-0.000578
571	-0.000411	-0.000428	-0.000685
572	-0.000487	-0.00051	-0.000738
573	-0.00057	-0.000592	-0.000784
574	-0.000584	-0.00062	-0.000783
575	-0.000577	-0.000629	-0.000766
576	-0.000579	-0.000624	-0.000767
577	-0.000586	-0.000611	-0.000779
578	-0.000573	-0.000596	-0.000765
579	-0.000541	-0.000578	-0.000726
580	-0.000495	-0.000541	-0.000676
581	-0.00043	-0.000474	-0.000605
582	-0.000349	-0.000389	-0.000526
583	-0.000224	-0.000253	-0.000426
584	-0.000092	-0.000111	-0.000307
585	0.000079	0.000066	-0.000087
586	0.000252	0.000243	0.00013
587	0.000431	0.000401	0.000282
588	0.00061	0.00056	0.000434
589	0.000748	0.000736	0.000584
590	0.000884	0.000913	0.000735
591	0.000999	0.001017	0.000835
592	0.00111	0.001104	0.000924
593	0.001177	0.001158	0.000991
594	0.001225	0.001198	0.001049
595	0.001301	0.001277	0.001137
596	0.001397	0.001382	0.001247
597	0.001506	0.00149	0.001358
598	0.001629	0.001603	0.001472
599	0.001737	0.001701	0.001571
600	0.001818	0.001775	0.001643
601	0.001896	0.001845	0.001713
602	0.001963	0.001905	0.001775
603	0.002033	0.001972	0.001847
604	0.002114	0.002074	0.001974
605	0.002198	0.002179	0.0021
606	0.002326	0.002332	0.002201
607	0.002454	0.002485	0.002303
608	0.002555	0.002593	0.002412
609	0.002653	0.002697	0.002521
610	0.002816	0.002828	0.002657
611	0.002994	0.002965	0.002799
612	0.003098	0.003064	0.002889
613	0.003174	0.003148	0.002958
614	0.003268	0.003264	0.003065
615	0.003374	0.003401	0.003197
616	0.003513	0.00353	0.003349
617	0.003686	0.003651	0.003521
618	0.003826	0.003781	0.003663
619	0.003917	0.003923	0.003763
620	0.004014	0.004054	0.003861
621	0.004127	0.004157	0.003953
622	0.004241	0.004256	0.004051
623	0.00436	0.004335	0.004176
624	0.004474	0.004418	0.004298
625	0.004552	0.004539	0.0044
626	0.00463	0.004661	0.004502
627	0.004665	0.004647	0.004548
628	0.004698	0.004632	0.004593
629	0.004779	0.004727	0.004626
630	0.004864	0.004835	0.004657
631	0.004912	0.004943	0.004744
632	0.00495	0.005051	0.004846
633	0.005074	0.00514	0.00494
634	0.005235	0.00522	0.005031
635	0.005308	0.005279	0.005093
636	0.005321	0.005324	0.005136
637	0.005388	0.005397	0.005216
638	0.005509	0.005501	0.005335
639	0.005617	0.00559	0.005432
640	0.005709	0.005657	0.005499
641	0.005816	0.005742	0.005587
642	0.005957	0.005862	0.005721
643	0.006086	0.005982	0.005859
644	0.006175	0.006101	0.006009
645	0.006268	0.00622	0.006153
646	0.006391	0.006329	0.006253
647	0.006511	0.006437	0.006351
648	0.006523	0.006503	0.006382
649	0.006536	0.00657	0.006412
650	0.006415	0.006495	0.006343
651	0.006285	0.006413	0.006268
652	0.006101	0.00615	0.006063
653	0.005908	0.005855	0.005836
654	0.005754	0.005687	0.005675
655	0.005612	0.005558	0.005536
656	0.005666	0.005603	0.005559
657	0.005813	0.005734	0.005662
658	0.005966	0.005889	0.005805
659	0.006123	0.006061	0.005978
660	0.006375	0.006349	0.006248
661	0.006722	0.006752	0.006617
662	0.007039	0.007091	0.006944
663	0.007313	0.00734	0.007213
664	0.007548	0.007567	0.007439
665	0.007705	0.00775	0.00758
666	0.007847	0.007904	0.007714
667	0.007948	0.007968	0.007828
668	0.008052	0.008042	0.007946
669	0.008172	0.008165	0.008086
670	0.008287	0.008282	0.008217
671	0.008344	0.008333	0.008243
672	0.008401	0.008385	0.008269
673	0.008495	0.008451	0.008329
674	0.008589	0.008517	0.00839
675	0.008632	0.008612	0.008465
676	0.008671	0.00871	0.008542
677	0.00878	0.0088	0.008648
678	0.008902	0.008889	0.008759
679	0.009	0.00898	0.008846
680	0.00909	0.009072	0.008925
681	0.009124	0.009135	0.008967
682	0.009133	0.009183	0.008992
683	0.0092	0.009251	0.009065
684	0.009305	0.009332	0.009169
685	0.009409	0.009391	0.009268
686	0.009511	0.009431	0.009363
687	0.009622	0.009523	0.009474
688	0.009743	0.009678	0.009605
689	0.00982	0.009795	0.009676
690	0.009827	0.00985	0.009651
691	0.009862	0.009896	0.009679
692	0.009957	0.009924	0.009824
693	0.010064	0.009977	0.009938
694	0.010207	0.010107	0.009952
695	0.010331	0.010223	0.009981
696	0.010362	0.010279	0.010081
697	0.010393	0.010333	0.010177
698	0.010417	0.01037	0.010222
699	0.010445	0.010411	0.01027
700	0.010589	0.010527	0.010383
701	0.010732	0.010643	0.010497
702	0.010793	0.010714	0.010575
703	0.010851	0.010782	0.010652
704	0.010921	0.010823	0.010742
705	0.010991	0.01086	0.010834
706	0.010998	0.010848	0.010863
707	0.010993	0.010826	0.01088
708	0.011054	0.010954	0.010914
709	0.011136	0.011126	0.010955
710	0.011188	0.011209	0.011019
711	0.011227	0.011254	0.011094
712	0.011286	0.011299	0.011171
713	0.011357	0.011344	0.01125
714	0.011438	0.011433	0.011331
715	0.011527	0.011553	0.011413
716	0.011601	0.011624	0.011453
717	0.011661	0.01165	0.011452
718	0.011759	0.01173	0.011529
719	0.011902	0.011872	0.011696
720	0.012026	0.012002	0.011837
[LOG]
CHECKSUMÂA