[HEADER]
Format	J&M ASCII Table
Comment	
Date	20/08/2026 14:11:18
Order	Y (evenX)
TechType	UV
NumPoints	411
FirstX	310
LastX	720
XType	nm
YType	Count
[LOGIN]
Name=pcbob
[INSTRUMENT]
Name=TIDAS E Base UV/VI
Detector=MMS - ASPEN 97,5 kHz
Diodearray=256 Pixel
Serial#=36584
Calibrated=2011-07-01
Range=183.81-729.88 [nm] (F0)

SWVersion=v3.18.2 (build 0)[LOGIN]
Name=pcbob
[CONFIG]
ChannelName=Dark
ChannelType=Dark
[PARAMETER]
It=330,00
Aver=5
Norm=0
Range=310,0-720,0 nm
Scan=Single
[TRIGGER]
Sweep=0
Scan=0
[DIO]
DigOut=0x0000
DigIn=0x0000
[DATA]
310	276.747681
311	275.886414
312	274.692871
313	274
314	274
315	274.288116
316	275.481903
317	276.570892
318	276.111694
319	275.652496
320	275.925415
321	276.292816
322	275.424103
323	274.046173
324	273.692719
325	274.243958
326	274.404816
327	273.853516
328	273.514069
329	274.157318
330	274.801056
331	275.995789
332	277.190552
333	276.26297
334	274.884247
335	274.817474
336	275.460937
337	275.843475
338	275.935425
339	276.355865
340	277.551208
341	278.453461
342	277.257965
343	276.062469
344	275.389832
345	274.746033
346	275.09787
347	275.74176
348	275.283691
349	274.087738
350	273.517303
351	273.793335
352	274.254364
353	275.266632
354	276.106781
355	274.910339
356	273.713867
357	274.849365
358	276.230103
359	275.454254
360	273.88916
361	273.457672
362	273.91806
363	274.200012
364	274.200012
365	274.378845
366	275.207794
367	275.975525
368	275.422821
369	274.870117
370	274.156433
371	273.419403
372	273.135284
373	273.043152
374	273.196075
375	273.564697
376	273.466522
377	272.544769
378	272.100891
379	273.668152
380	275.189606
381	274.728577
382	274.267548
383	273.570312
384	272.83255
385	273.926453
386	275.863434
387	277.181152
388	277.919189
389	277.563873
390	275.164917
391	273.216705
392	273.30899
393	273.419006
394	274.803497
395	276.188019
396	274.289062
397	271.796509
398	271.879608
399	273.172272
400	273.039886
401	271.562286
402	270.986572
403	272.094971
404	273.13562
405	273.874695
406	274.582764
407	273.658752
408	272.734741
409	271.731628
410	270.714996
411	271.420746
412	272.89978
413	273.843414
414	274.305695
415	273.928009
416	272.078522
417	270.822632
418	271.932556
419	272.96463
420	272.03952
421	271.11441
422	270.351288
423	269.611053
424	270.260071
425	271.463196
426	271.333527
427	270.130157
428	269.764099
429	270.689972
430	271.486359
431	271.856781
432	272.166016
433	271.702881
434	271.239746
435	271.115295
436	271.022644
437	270.859985
438	270.674652
439	271.485596
440	272.968536
441	273.962921
442	274.33374
443	274.155487
444	272.579132
445	271.327667
446	272.3479
447	273.368103
448	271.962097
449	270.477814
450	271.633057
451	273.396057
452	273.328796
453	272.307861
454	272.359833
455	273.473846
456	274.167694
457	274.074829
458	273.855682
459	273.11264
460	272.399994
461	272.399994
462	272.399994
463	271.162323
464	269.768494
465	271.519501
466	274.400757
467	275.003021
468	273.980377
469	272.676117
470	271.002319
471	270.166779
472	271.468964
473	272.758972
474	273.968445
475	275.177917
476	274.469147
477	273.72464
478	273.600006
479	273.600006
480	274.045776
481	274.69751
482	273.353058
483	270.279724
484	269.702423
485	273.05603
486	275.375061
487	274.443237
488	273.600006
489	273.600006
490	273.600006
491	275.01593
492	276.507599
493	275.900269
494	274.781219
495	274.769012
496	275.328674
497	276.032654
498	276.872406
499	277.018372
500	275.99173
501	275.242737
502	275.429443
503	275.478821
504	274.078064
505	272.677338
506	272.953003
507	273.32663
508	274.301086
509	275.422302
510	275.118225
511	274.090149
512	272.768402
513	271.179077
514	271.205414
515	273.823853
516	275.73114
517	275.450531
518	275.220093
519	275.407227
520	275.59436
521	275.418457
522	275.231262
523	275.278015
524	275.371613
525	275.595795
526	275.87677
527	276.52594
528	277.462799
529	277.400391
530	275.99472
531	275.137024
532	275.605743
533	275.94043
534	275.565369
535	275.207306
536	275.488678
537	275.770081
538	274.542236
539	273.134827
540	272.943054
541	273.130768
542	273.140747
543	273.046875
544	273.517487
545	274.550598
546	274.990662
547	274.427002
548	274.091156
549	274.467072
550	274.681763
551	273.647705
552	272.613647
553	273.249603
554	273.907867
555	274.323608
556	274.69989
557	274.38559
558	273.821014
559	273.485443
560	273.29718
561	272.698792
562	271.662994
563	271.508545
564	272.921448
565	274.312164
566	275.631348
567	276.703156
568	275.854858
569	275.006531
570	274.906433
571	274.812134
572	274.635651
573	274.446991
574	274.966797
575	275.72168
576	275.225372
577	273.998322
578	274.077332
579	275.399292
580	276.088287
581	275.804901
582	275.469177
583	274.996735
584	274.43335
585	273.393585
586	272.442017
587	273.387573
588	274.33316
589	274.136261
590	273.852478
591	273.877106
592	273.971741
593	274.995972
594	276.415955
595	275.885071
596	273.991119
597	272.864532
598	272.580322
599	273.334991
600	275.893738
601	277.316467
602	275.42041
603	274.379089
604	278.362366
605	282.127167
606	280.134796
607	278.142395
608	276.85434
609	275.620483
610	273.918396
611	272.11441
612	273.229584
613	275.509216
614	276.689453
615	277.164551
616	277.399994
617	277.399994
618	277.361908
619	277.266815
620	277.030304
621	276.459503
622	275.814392
623	274.862671
624	274.026733
625	274.312347
626	274.597992
627	274.69458
628	274.789795
629	274.629791
630	274.43924
631	275.611206
632	277.136414
633	277.600006
634	277.600006
635	277.028717
636	276.074677
637	275.935669
638	276.60376
639	276.65033
640	275.791016
641	275.408813
642	276.077454
643	276.370331
644	275.319122
645	274.520081
646	275.476074
647	276.338989
648	274.52179
649	272.70459
650	273.50177
651	274.458618
652	275.497375
653	276.550323
654	275.85025
655	274.605316
656	275.49234
657	277.408478
658	278.087494
659	277.895782
660	276.88858
661	275.06665
662	273.681854
663	272.914398
664	272.653137
665	273.420959
666	274.306854
667	275.555054
668	276.255859
669	274.142548
670	272.238831
671	272.71936
672	273.19986
673	273.488342
674	273.776794
675	274.242249
676	274.723206
677	274.39566
678	273.91449
679	274.020081
680	274.308929
681	273.938354
682	273.264099
683	273.996521
684	275.634766
685	275.47522
686	273.739807
687	273.507477
688	275.05072
689	275.294312
690	273.460785
691	272.471436
692	273.340363
693	273.674316
694	272.322021
695	271.24939
696	271.539276
697	271.702667
698	270.73584
699	269.865082
700	271.896454
701	273.927826
702	274.746704
703	275.520905
704	274.730713
705	273.762451
706	273.277527
707	272.890045
708	271.907288
709	270.744263
710	270.741302
711	271.226135
712	270.839966
713	269.966858
714	269.600006
715	269.600006
716	270.003418
717	270.780273
718	271.244659
719	271.341827
720	271.321991
[LOG]
CHECKSUM·I