[HEADER]
Format	J&M ASCII Table
Comment	
Date	20/08/2026 14:11:29
Order	Y (evenX)
TechType	UV
NumPoints	411
FirstX	310
LastX	720
XType	nm
YType	Count
[LOGIN]
Name=pcbob
[INSTRUMENT]
Name=TIDAS E Base UV/VI
Detector=MMS - ASPEN 97,5 kHz
Diodearray=256 Pixel
Serial#=36584
Calibrated=2011-07-01
Range=183.81-729.88 [nm] (F0)

SWVersion=v3.18.2 (build 0)[LOGIN]
Name=pcbob
[CONFIG]
ChannelName=Refer
ChannelType=Reference
[PARAMETER]
It=330,00
Aver=5
Norm=0
Range=310,0-720,0 nm
Scan=Single
[TRIGGER]
Sweep=0
Scan=0
[DIO]
DigOut=0x0000
DigIn=0x0000
[DATA]
310	35022.84375
311	35899.410156
312	36785.574219
313	37627.90625
314	38409.574219
315	39133.332031
316	39675.042969
317	40196.214844
318	40414.054687
319	40631.898437
320	40490.269531
321	40302.253906
322	39850.078125
323	39289.085937
324	38570.429687
325	37712.539062
326	36789.320312
327	35746.917969
328	34694.550781
329	33595.988281
330	32497.472656
331	31451.511719
332	30405.548828
333	29418.160156
334	28443.222656
335	27551.767578
336	26705.507812
337	25926.564453
338	25222.595703
339	24556.980469
340	23981.837891
341	23420.96875
342	22962.267578
343	22503.564453
344	22145.486328
345	21792.957031
346	21504.896484
347	21235.746094
348	21014.623047
349	20825.662109
350	20667.890625
351	20552.326172
352	20455.509766
353	20414.560547
354	20379.955078
355	20420.451172
356	20460.947266
357	20574.078125
358	20694.845703
359	20871.634766
360	21068.925781
361	21313.28125
362	21594.664062
363	21910.005859
364	22279.011719
365	22650.193359
366	23029.291016
367	23404.199219
368	23688.75
369	23973.300781
370	24171.734375
371	24357.65625
372	24531.433594
373	24700.0625
374	24875.027344
375	25055.570312
376	25212.847656
377	25329.082031
378	25412.628906
379	25358.603516
380	25301.519531
381	25111.945312
382	24922.371094
383	24712.460937
384	24499.060547
385	24252.916016
386	23991.701172
387	23659.087891
388	23259.630859
389	22825.419922
390	22326.25
391	21833.208984
392	21367.910156
393	20905.224609
394	20630.355469
395	20355.484375
396	20100.585937
397	19849.298828
398	19566
399	19267.667969
400	19017.574219
401	18813.017578
402	18655.929687
403	18587.484375
404	18515.273437
405	18426.306641
406	18336.462891
407	18200.353516
408	18064.246094
409	18009.191406
410	17967.970703
411	18026.013672
412	18128.621094
413	18247.742187
414	18381.708984
415	18515.25
416	18648.044922
417	18802.513672
418	19043.361328
419	19290.841797
420	19705.107422
421	20119.373047
422	20500.302734
423	20876.527344
424	21125.117187
425	21322.800781
426	21482.722656
427	21612.224609
428	21778.292969
429	22000.779297
430	22223.580078
431	22447.408203
432	22669.837891
433	22874.634766
434	23079.431641
435	23383.111328
436	23696.070312
437	24112.265625
438	24561.880859
439	25113.560547
440	25734.087891
441	26328.816406
442	26890.617187
443	27383.242187
444	27699.720703
445	27993.810547
446	28131.355469
447	28268.900391
448	28309.597656
449	28347.169922
450	28396.890625
451	28449.410156
452	28553.068359
453	28683.375
454	28886.150391
455	29160.660156
456	29401.3125
457	29578.572266
458	29711.0625
459	29657.84375
460	29605.21875
461	29566.574219
462	29527.929687
463	29481.765625
464	29434.654297
465	29116.306641
466	28700.480469
467	28121.722656
468	27426.794922
469	26812.064453
470	26302.576172
471	25863.240234
472	25602.804687
473	25360.507812
474	25238.072266
475	25115.638672
476	25037.572266
477	24960.332031
478	24944.998047
479	24942.113281
480	25114.541016
481	25367.976562
482	25982.429687
483	26909.544922
484	27705.972656
485	28296.580078
486	28639.521484
487	28204.279297
488	27713.552734
489	26694.451172
490	25675.351562
491	25128.554687
492	24607.025391
493	24266.300781
494	23969.65625
495	23796.519531
496	23687.197266
497	23649.919922
498	23680.431641
499	23716.460937
500	23761.820312
501	23796.246094
502	23793.818359
503	23790.816406
504	23781.757812
505	23772.701172
506	23792.056641
507	23813.074219
508	23854.445312
509	23900.787109
510	23954.144531
511	24011.064453
512	24066.916016
513	24121.794922
514	24165.439453
515	24191.0625
516	24213.359375
517	24225.427734
518	24235.548828
519	24229.466797
520	24223.384766
521	24204.955078
522	24186.140625
523	24198.443359
524	24216.980469
525	24270.572266
526	24339.408203
527	24410.939453
528	24484.576172
529	24568.654297
530	24666.769531
531	24783.912109
532	24947.115234
533	25113.333984
534	25295.525391
535	25477.630859
536	25656.601562
537	25835.570312
538	26034.794922
539	26236.427734
540	26442.972656
541	26651.052734
542	26845.958984
543	27033.167969
544	27212.974609
545	27385.408203
546	27557.582031
547	27729.3125
548	27902.357422
549	28079.503906
550	28257.171875
551	28438.888672
552	28620.603516
553	28832.541016
554	29044.880859
555	29277.101562
556	29512.556641
557	29761.46875
558	30015.261719
559	30276.433594
560	30542.355469
561	30839.123047
562	31168.789062
563	31556.09375
564	32045.900391
565	32610.177734
566	33414.699219
567	34250.65625
568	35330.574219
569	36410.496094
570	37519.695312
571	38629.125
572	39616.605469
573	40586.066406
574	41499.683594
575	42394.769531
576	43214.003906
577	43988.9375
578	44650.753906
579	45204.929687
580	45515.835937
581	45453.019531
582	45222.03125
583	44551.914062
584	43853.148437
585	43004.316406
586	42153.867187
587	41268.617187
588	40383.367187
589	39535.4375
590	38690.339844
591	38035.03125
592	37422.800781
593	36889.679687
594	36390.230469
595	35758.117187
596	35033.304687
597	34250.84375
598	33405.097656
599	32615.048828
600	31921.722656
601	31252.554687
602	30653.962891
603	30052.953125
604	29437.730469
605	28824.212891
606	28255.625
607	27687.039062
608	27225.591797
609	26772.392578
610	26394.068359
611	26032.037109
612	25642.740234
613	25242.566406
614	24804.439453
615	24341.972656
616	23879.751953
617	23417.775391
618	22984.970703
619	22595.841797
620	22226.433594
621	21903.644531
622	21585.654297
623	21287.476562
624	20988.753906
625	20684.753906
626	20380.751953
627	20084.382812
628	19788.066406
629	19518.882812
630	19252.947266
631	19003.421875
632	18758.150391
633	18530.732422
634	18311.109375
635	18106.572266
636	17912.140625
637	17720.355469
638	17531.189453
639	17341.720703
640	17151.810547
641	16965.931641
642	16788.927734
643	16617.335937
644	16465.107422
645	16319.378906
646	16218.902344
647	16124.887695
648	16216.896484
649	16308.905273
650	16936.693359
651	17597.199219
652	18763.316406
653	20017.099609
654	20999.603516
655	21897.787109
656	21939.878906
657	21568.720703
658	20660.644531
659	19374.671875
660	18043.306641
661	16666.595703
662	15488.290039
663	14590.1875
664	13847.192383
665	13419.525391
666	13052.645508
667	12872.233398
668	12707.106445
669	12620.555664
670	12535.331055
671	12465.175781
672	12395.021484
673	12325.026367
674	12255.03125
675	12176.692383
676	12097.625
677	12015.616211
678	11933.049805
679	11849.865234
680	11766.488281
681	11675.041016
682	11579.87793
683	11477.005859
684	11369.169922
685	11254.373047
686	11133.474609
687	11001.673828
688	10856.994141
689	10705.972656
690	10544.81543
691	10378.416992
692	10200.481445
693	10016.918945
694	9815.620117
695	9612.380859
696	9399.686523
697	9185.581055
698	8958.858398
699	8731.657227
700	8490.020508
701	8248.383789
702	7997.30957
703	7745.888184
704	7485.834473
705	7224.79834
706	6948.664551
707	6669.486816
708	6382.316406
709	6092.725098
710	5790.607422
711	5483.222656
712	5171.88623
713	4858.341309
714	4547.349609
715	4238.208496
716	3933.125977
717	3631.800781
718	3341.568359
719	3064.372559
720	2796.796631
[LOG]
CHECKSUM|ð