[HEADER]
Format	J&M ASCII Table
Comment	
Date	20/08/2026 15:22:14
Order	Y (evenX)
TechType	UV
NumPoints	411
FirstX	310
LastX	720
XType	nm
YType	Absorbance
ZType	s
NumSubFile	3
Matrix	Z vs X
[LOGIN]
Name=pcbob
[INSTRUMENT]
Name=TIDAS E Base UV/VI
Detector=MMS - ASPEN 97,5 kHz
Diodearray=256 Pixel
Serial#=36584
Calibrated=2011-07-01
Range=183.81-729.88 [nm] (F0)

SWVersion=v3.18.2 (build 0)[LOGIN]
Name=pcbob
[CONFIG]
ChannelName=Channel 1
ChannelType=Normalized
[PARAMETER]
It=330,00
Aver=5
Norm=3
Range=310,0-720,0 nm
Scan=Time
ScanTime=5,00 s
[TRIGGER]
Sweep=0
Scan=0
[DIO]
DigOut=0x0000
DigIn=0x0000
[DATA]
	00:00:00,000	00:00:01,650	00:00:03,300
310	0.825168	0.824877	0.824847
311	0.808115	0.807896	0.807838
312	0.791646	0.791601	0.791473
313	0.7756	0.775634	0.775442
314	0.760139	0.760118	0.759872
315	0.744873	0.744799	0.744544
316	0.730221	0.730098	0.729974
317	0.715611	0.715442	0.715433
318	0.701642	0.701454	0.701318
319	0.687672	0.687467	0.687202
320	0.674177	0.673994	0.673737
321	0.660743	0.660588	0.660356
322	0.647669	0.647456	0.647289
323	0.634743	0.634437	0.634352
324	0.621969	0.621627	0.621569
325	0.609328	0.609001	0.608922
326	0.59682	0.596524	0.596432
327	0.584554	0.584318	0.58423
328	0.572362	0.572174	0.572097
329	0.560515	0.560322	0.560288
330	0.548669	0.54847	0.54848
331	0.537441	0.53717	0.537197
332	0.526212	0.52587	0.525914
333	0.515127	0.514847	0.514862
334	0.504071	0.503883	0.503858
335	0.49347	0.493327	0.493247
336	0.483114	0.482993	0.482848
337	0.472886	0.472796	0.472636
338	0.462799	0.46275	0.462631
339	0.452878	0.452854	0.452758
340	0.443349	0.443311	0.443196
341	0.433859	0.433818	0.433685
342	0.424647	0.424684	0.424533
343	0.415435	0.415551	0.415381
344	0.40682	0.406819	0.406688
345	0.398239	0.398109	0.39802
346	0.389822	0.389737	0.389592
347	0.381454	0.381464	0.381234
348	0.37333	0.37331	0.373123
349	0.36537	0.365235	0.365179
350	0.357549	0.357348	0.357368
351	0.349917	0.349718	0.349737
352	0.342358	0.342166	0.342164
353	0.335019	0.334846	0.33476
354	0.327706	0.327555	0.327394
355	0.320713	0.3206	0.320462
356	0.313719	0.313645	0.31353
357	0.307044	0.306923	0.306857
358	0.300402	0.300226	0.300212
359	0.294027	0.293839	0.293836
360	0.28775	0.287566	0.287559
361	0.281521	0.281363	0.281319
362	0.275331	0.275215	0.275106
363	0.269243	0.269134	0.269018
364	0.263315	0.263158	0.263126
365	0.25748	0.257296	0.257321
366	0.251981	0.251851	0.25183
367	0.246488	0.246411	0.246346
368	0.241121	0.241071	0.241007
369	0.235754	0.235732	0.235669
370	0.230584	0.230553	0.230475
371	0.225442	0.225398	0.225302
372	0.220394	0.22031	0.220237
373	0.215385	0.215249	0.215219
374	0.210488	0.210359	0.210331
375	0.205688	0.205618	0.20556
376	0.200962	0.200933	0.20086
377	0.196365	0.196346	0.196284
378	0.191784	0.191764	0.191724
379	0.187269	0.187201	0.187234
380	0.182758	0.182643	0.182748
381	0.178454	0.178339	0.178439
382	0.174149	0.174035	0.174129
383	0.16998	0.169876	0.169882
384	0.165834	0.165742	0.165644
385	0.161801	0.161698	0.16156
386	0.15782	0.157695	0.157545
387	0.153987	0.153818	0.153702
388	0.150293	0.150059	0.150019
389	0.146524	0.146281	0.146291
390	0.142618	0.14247	0.142477
391	0.138786	0.13872	0.138722
392	0.135288	0.13525	0.135228
393	0.131794	0.131782	0.131737
394	0.128587	0.128496	0.128464
395	0.12538	0.12521	0.125191
396	0.122139	0.121956	0.121939
397	0.118892	0.118708	0.11869
398	0.115764	0.115583	0.115576
399	0.112693	0.112515	0.112525
400	0.109636	0.109472	0.109497
401	0.106593	0.106453	0.106491
402	0.103652	0.103528	0.103579
403	0.100901	0.100781	0.100843
404	0.098169	0.09804	0.098115
405	0.095514	0.095323	0.095425
406	0.092859	0.092607	0.092734
407	0.090199	0.089954	0.09
408	0.087538	0.087302	0.087267
409	0.084858	0.084653	0.084632
410	0.082174	0.082005	0.082013
411	0.079602	0.079455	0.079465
412	0.077081	0.076949	0.076948
413	0.074606	0.074461	0.074445
414	0.072173	0.071992	0.071955
415	0.069794	0.069568	0.069548
416	0.067511	0.067224	0.067287
417	0.065193	0.064875	0.064994
418	0.062742	0.062501	0.062567
419	0.060297	0.06013	0.060148
420	0.05802	0.057835	0.057904
421	0.055743	0.05554	0.055661
422	0.053674	0.053452	0.053565
423	0.051633	0.051392	0.05149
424	0.049653	0.049394	0.049512
425	0.047697	0.047421	0.047573
426	0.045629	0.04537	0.045528
427	0.043468	0.043258	0.043397
428	0.041341	0.041131	0.041272
429	0.039262	0.03898	0.039153
430	0.037225	0.03689	0.037075
431	0.035321	0.034999	0.035136
432	0.033426	0.033116	0.033209
433	0.031627	0.031326	0.031456
434	0.029828	0.029537	0.029703
435	0.028104	0.027832	0.027931
436	0.026388	0.026135	0.026158
437	0.024654	0.024379	0.024414
438	0.022915	0.022604	0.02268
439	0.021209	0.020871	0.020992
440	0.019526	0.019166	0.019334
441	0.017909	0.017566	0.017731
442	0.016379	0.016101	0.016199
443	0.014845	0.014619	0.014673
444	0.013302	0.013092	0.013162
445	0.011774	0.011575	0.01166
446	0.010354	0.010121	0.010223
447	0.008933	0.008668	0.008786
448	0.0075	0.007235	0.00736
449	0.006066	0.005802	0.005934
450	0.004636	0.004385	0.004501
451	0.003207	0.002972	0.003065
452	0.001854	0.00161	0.001726
453	0.000539	0.000275	0.000436
454	-0.000754	-0.001024	-0.000869
455	-0.002027	-0.002286	-0.00219
456	-0.003265	-0.003515	-0.003452
457	-0.004437	-0.004682	-0.004607
458	-0.005607	-0.005847	-0.005758
459	-0.006766	-0.007007	-0.006893
460	-0.007925	-0.008168	-0.00803
461	-0.009056	-0.009327	-0.009189
462	-0.010188	-0.010486	-0.010349
463	-0.011258	-0.011548	-0.011455
464	-0.01232	-0.012596	-0.012554
465	-0.013389	-0.013681	-0.013606
466	-0.014461	-0.014779	-0.014641
467	-0.015536	-0.01584	-0.015683
468	-0.016615	-0.016874	-0.016731
469	-0.017715	-0.017948	-0.01782
470	-0.018844	-0.019074	-0.018964
471	-0.019944	-0.020183	-0.020084
472	-0.020969	-0.021251	-0.021139
473	-0.021993	-0.022317	-0.022188
474	-0.023006	-0.023367	-0.0232
475	-0.024019	-0.024418	-0.024212
476	-0.025041	-0.025374	-0.025216
477	-0.026063	-0.026329	-0.02622
478	-0.027035	-0.027348	-0.027228
479	-0.027996	-0.028379	-0.028236
480	-0.029034	-0.029412	-0.029264
481	-0.030107	-0.030446	-0.030302
482	-0.031087	-0.031401	-0.031279
483	-0.031985	-0.032288	-0.032203
484	-0.032822	-0.0331	-0.033034
485	-0.033562	-0.033796	-0.033717
486	-0.034287	-0.034492	-0.034408
487	-0.034968	-0.035188	-0.035125
488	-0.035648	-0.035883	-0.035837
489	-0.036326	-0.036582	-0.036505
490	-0.037004	-0.03728	-0.037173
491	-0.037763	-0.038063	-0.037929
492	-0.038527	-0.038849	-0.038689
493	-0.039255	-0.039581	-0.039411
494	-0.039974	-0.040299	-0.040122
495	-0.040634	-0.040965	-0.040813
496	-0.041264	-0.041604	-0.041493
497	-0.041896	-0.042241	-0.042146
498	-0.042529	-0.042876	-0.042772
499	-0.043175	-0.043514	-0.04341
500	-0.043843	-0.044156	-0.044066
501	-0.044495	-0.044796	-0.044703
502	-0.045094	-0.045428	-0.045279
503	-0.045699	-0.04606	-0.045863
504	-0.046375	-0.046686	-0.046536
505	-0.047051	-0.047312	-0.047208
506	-0.047671	-0.047972	-0.047852
507	-0.048288	-0.048634	-0.048495
508	-0.048935	-0.049278	-0.049172
509	-0.049591	-0.049917	-0.049859
510	-0.050211	-0.050526	-0.050444
511	-0.050814	-0.05112	-0.050978
512	-0.051387	-0.051705	-0.051521
513	-0.051933	-0.052283	-0.052071
514	-0.052469	-0.052836	-0.052617
515	-0.052988	-0.053349	-0.053159
516	-0.0535	-0.053859	-0.053683
517	-0.053988	-0.054362	-0.054154
518	-0.054471	-0.054862	-0.054629
519	-0.054925	-0.055329	-0.055138
520	-0.055378	-0.055797	-0.055648
521	-0.055932	-0.056327	-0.056151
522	-0.05649	-0.05686	-0.056654
523	-0.057	-0.057351	-0.057153
524	-0.057502	-0.057834	-0.057653
525	-0.057955	-0.058305	-0.058105
526	-0.058388	-0.058772	-0.058536
527	-0.058837	-0.059236	-0.058995
528	-0.059298	-0.059699	-0.059475
529	-0.059747	-0.060137	-0.059929
530	-0.060178	-0.060542	-0.060345
531	-0.060587	-0.060941	-0.060751
532	-0.060939	-0.061326	-0.061132
533	-0.061302	-0.061704	-0.061513
534	-0.061719	-0.062045	-0.0619
535	-0.062137	-0.062388	-0.062287
536	-0.062573	-0.062839	-0.062717
537	-0.063009	-0.063289	-0.063146
538	-0.063365	-0.063672	-0.063532
539	-0.063712	-0.064048	-0.063913
540	-0.064047	-0.064401	-0.064247
541	-0.064377	-0.064747	-0.064566
542	-0.064707	-0.065083	-0.064883
543	-0.065035	-0.065412	-0.065199
544	-0.065388	-0.065767	-0.065543
545	-0.065765	-0.066148	-0.065915
546	-0.066139	-0.066525	-0.06629
547	-0.066509	-0.066897	-0.066669
548	-0.066862	-0.067251	-0.067028
549	-0.067167	-0.067547	-0.067323
550	-0.067475	-0.067848	-0.067621
551	-0.067814	-0.068185	-0.067949
552	-0.068154	-0.068522	-0.068276
553	-0.068483	-0.068843	-0.068647
554	-0.068812	-0.069163	-0.069018
555	-0.069068	-0.06941	-0.069265
556	-0.069312	-0.069645	-0.069492
557	-0.069576	-0.069921	-0.069763
558	-0.069847	-0.070213	-0.07005
559	-0.070169	-0.070564	-0.070386
560	-0.070523	-0.070954	-0.070754
561	-0.070846	-0.071271	-0.07108
562	-0.071136	-0.071509	-0.07136
563	-0.071451	-0.071789	-0.07166
564	-0.07181	-0.072143	-0.071993
565	-0.072146	-0.072479	-0.072309
566	-0.072406	-0.072757	-0.07257
567	-0.072673	-0.073034	-0.072834
568	-0.072992	-0.073306	-0.073131
569	-0.07331	-0.073579	-0.073427
570	-0.073542	-0.073817	-0.073657
571	-0.073773	-0.074056	-0.073887
572	-0.074058	-0.074361	-0.074197
573	-0.074351	-0.074675	-0.074518
574	-0.074659	-0.07495	-0.074801
575	-0.074972	-0.075211	-0.07507
576	-0.075267	-0.07549	-0.075349
577	-0.07555	-0.07578	-0.075632
578	-0.075809	-0.076048	-0.075897
579	-0.076046	-0.076295	-0.076145
580	-0.076287	-0.076533	-0.076399
581	-0.076532	-0.076758	-0.076661
582	-0.076799	-0.07701	-0.076935
583	-0.077126	-0.077332	-0.077242
584	-0.077446	-0.077655	-0.077547
585	-0.077731	-0.077978	-0.077848
586	-0.078016	-0.078297	-0.078146
587	-0.07828	-0.078539	-0.078404
588	-0.078545	-0.078782	-0.078662
589	-0.078801	-0.079049	-0.078906
590	-0.079057	-0.079317	-0.079148
591	-0.079323	-0.079605	-0.079432
592	-0.079592	-0.079896	-0.079725
593	-0.079844	-0.080128	-0.079987
594	-0.080088	-0.080333	-0.080236
595	-0.080413	-0.080658	-0.080561
596	-0.080793	-0.081066	-0.08094
597	-0.081199	-0.081477	-0.081326
598	-0.081632	-0.081891	-0.08172
599	-0.08202	-0.082279	-0.082103
600	-0.08233	-0.082621	-0.082466
601	-0.082588	-0.082895	-0.08276
602	-0.082696	-0.082969	-0.082851
603	-0.082783	-0.083027	-0.082924
604	-0.082746	-0.082996	-0.082883
605	-0.082707	-0.082964	-0.082842
606	-0.082635	-0.082905	-0.082777
607	-0.082563	-0.082845	-0.082713
608	-0.082551	-0.082832	-0.082705
609	-0.082545	-0.082822	-0.082703
610	-0.082534	-0.082796	-0.082693
611	-0.082522	-0.082766	-0.082683
612	-0.082585	-0.082862	-0.082742
613	-0.082676	-0.08301	-0.08283
614	-0.082774	-0.083098	-0.082903
615	-0.082876	-0.083149	-0.082967
616	-0.082993	-0.083247	-0.083069
617	-0.083123	-0.083391	-0.08321
618	-0.083304	-0.083587	-0.083409
619	-0.083559	-0.08386	-0.083694
620	-0.083775	-0.084089	-0.083932
621	-0.083902	-0.084212	-0.084056
622	-0.084023	-0.084322	-0.084173
623	-0.084118	-0.084376	-0.084259
624	-0.084222	-0.084447	-0.084355
625	-0.084412	-0.084683	-0.084549
626	-0.084603	-0.084918	-0.084743
627	-0.084729	-0.085053	-0.084892
628	-0.084855	-0.085187	-0.085041
629	-0.084944	-0.085241	-0.085117
630	-0.085028	-0.085285	-0.085184
631	-0.085151	-0.085441	-0.085334
632	-0.085285	-0.085625	-0.085507
633	-0.085443	-0.085796	-0.085626
634	-0.085611	-0.08596	-0.085722
635	-0.085774	-0.086119	-0.085869
636	-0.085933	-0.086275	-0.08605
637	-0.08609	-0.086432	-0.086217
638	-0.086244	-0.086592	-0.086371
639	-0.086377	-0.08673	-0.086522
640	-0.086477	-0.086834	-0.086668
641	-0.08661	-0.086953	-0.086812
642	-0.086813	-0.087103	-0.086952
643	-0.086983	-0.08724	-0.087083
644	-0.087034	-0.08733	-0.087178
645	-0.087104	-0.087429	-0.087282
646	-0.087311	-0.087596	-0.087452
647	-0.08752	-0.087767	-0.087626
648	-0.087782	-0.088034	-0.087894
649	-0.088045	-0.088301	-0.088162
650	-0.088321	-0.088595	-0.088506
651	-0.088597	-0.088891	-0.088855
652	-0.088764	-0.089036	-0.088967
653	-0.088911	-0.089155	-0.089037
654	-0.088974	-0.089228	-0.089095
655	-0.089011	-0.089288	-0.089149
656	-0.089137	-0.089387	-0.08925
657	-0.089305	-0.089504	-0.089373
658	-0.08956	-0.089775	-0.089645
659	-0.089876	-0.090154	-0.09002
660	-0.090217	-0.090506	-0.090365
661	-0.090582	-0.090832	-0.090679
662	-0.090801	-0.091041	-0.090868
663	-0.090813	-0.091084	-0.090882
664	-0.090781	-0.091076	-0.090873
665	-0.090661	-0.090962	-0.090817
666	-0.090564	-0.090864	-0.090765
667	-0.090536	-0.090812	-0.090728
668	-0.09052	-0.09078	-0.090698
669	-0.09056	-0.090851	-0.090709
670	-0.090607	-0.090931	-0.090731
671	-0.090745	-0.091105	-0.090869
672	-0.090882	-0.09128	-0.091008
673	-0.090961	-0.091358	-0.09112
674	-0.09104	-0.091436	-0.091233
675	-0.09129	-0.091668	-0.091489
676	-0.091556	-0.091914	-0.091759
677	-0.091756	-0.09207	-0.091911
678	-0.091945	-0.09221	-0.092042
679	-0.092177	-0.092428	-0.0923
680	-0.092423	-0.092669	-0.092598
681	-0.092712	-0.092952	-0.092876
682	-0.093021	-0.093254	-0.093146
683	-0.093312	-0.093589	-0.093461
684	-0.093591	-0.093945	-0.093807
685	-0.093889	-0.09427	-0.094131
686	-0.094203	-0.09457	-0.094435
687	-0.094495	-0.094846	-0.094715
688	-0.094761	-0.095095	-0.094965
689	-0.095058	-0.095357	-0.095228
690	-0.095407	-0.095639	-0.095511
691	-0.095718	-0.09593	-0.095797
692	-0.095949	-0.096241	-0.096089
693	-0.096228	-0.096573	-0.096419
694	-0.096661	-0.096975	-0.096869
695	-0.097085	-0.097375	-0.09731
696	-0.097467	-0.097771	-0.0977
697	-0.097841	-0.098159	-0.09808
698	-0.098141	-0.098475	-0.098364
699	-0.098446	-0.098792	-0.09865
700	-0.09887	-0.099149	-0.09904
701	-0.099294	-0.099506	-0.099429
702	-0.099707	-0.099928	-0.099779
703	-0.100121	-0.100352	-0.100127
704	-0.100502	-0.100762	-0.100573
705	-0.10088	-0.101172	-0.10103
706	-0.101493	-0.101725	-0.101557
707	-0.102154	-0.102308	-0.102099
708	-0.102459	-0.102604	-0.102403
709	-0.102657	-0.102813	-0.102635
710	-0.103189	-0.103351	-0.103216
711	-0.103861	-0.104025	-0.103943
712	-0.104414	-0.104636	-0.104552
713	-0.104901	-0.10521	-0.105094
714	-0.105345	-0.105575	-0.105533
715	-0.105758	-0.105788	-0.105898
716	-0.106284	-0.106348	-0.106391
717	-0.106916	-0.10723	-0.107004
718	-0.107457	-0.107874	-0.107596
719	-0.107891	-0.108237	-0.108162
720	-0.108565	-0.108881	-0.108791
[LOG]
CHECKSUM²O