[HEADER]
Format	J&M ASCII Table
Comment	
Date	20/08/2026 14:44:36
Order	Y (evenX)
TechType	UV
NumPoints	411
FirstX	310
LastX	720
XType	nm
YType	Absorbance
ZType	s
NumSubFile	3
Matrix	Z vs X
[LOGIN]
Name=pcbob
[INSTRUMENT]
Name=TIDAS E Base UV/VI
Detector=MMS - ASPEN 97,5 kHz
Diodearray=256 Pixel
Serial#=36584
Calibrated=2011-07-01
Range=183.81-729.88 [nm] (F0)

SWVersion=v3.18.2 (build 0)[LOGIN]
Name=pcbob
[CONFIG]
ChannelName=Channel 1
ChannelType=Normalized
[PARAMETER]
It=330,00
Aver=5
Norm=3
Range=310,0-720,0 nm
Scan=Time
ScanTime=5,00 s
[TRIGGER]
Sweep=0
Scan=0
[DIO]
DigOut=0x0000
DigIn=0x0000
[DATA]
	00:00:00,000	00:00:01,650	00:00:03,300
310	0.858427	0.857846	0.857215
311	0.842038	0.841395	0.840814
312	0.826028	0.825241	0.824826
313	0.810379	0.809577	0.809213
314	0.795228	0.794591	0.794118
315	0.78022	0.779698	0.779113
316	0.765658	0.765103	0.764386
317	0.751126	0.750543	0.749704
318	0.737025	0.736495	0.735676
319	0.722925	0.722447	0.721648
320	0.709025	0.708508	0.707812
321	0.695152	0.694584	0.694001
322	0.681406	0.680804	0.680218
323	0.667713	0.667084	0.666446
324	0.654146	0.653499	0.652848
325	0.64069	0.640034	0.639402
326	0.627259	0.626609	0.626001
327	0.613875	0.613253	0.612678
328	0.600502	0.59991	0.599363
329	0.587182	0.586625	0.586076
330	0.573862	0.573341	0.572791
331	0.560965	0.560503	0.559881
332	0.548068	0.547664	0.546971
333	0.535262	0.534863	0.534282
334	0.522475	0.52207	0.52164
335	0.510021	0.509638	0.509251
336	0.497748	0.497401	0.497
337	0.485745	0.485368	0.484963
338	0.474041	0.47356	0.473164
339	0.462474	0.461947	0.461559
340	0.451228	0.450791	0.450408
341	0.440054	0.439693	0.439319
342	0.4294	0.429008	0.428669
343	0.418747	0.418323	0.418018
344	0.408759	0.408402	0.408088
345	0.398809	0.398524	0.398198
346	0.389338	0.389046	0.388737
347	0.380007	0.379687	0.379403
348	0.370881	0.370596	0.370379
349	0.361892	0.361685	0.361564
350	0.353182	0.352996	0.352892
351	0.344851	0.344607	0.344414
352	0.336624	0.336347	0.336098
353	0.328707	0.328472	0.32826
354	0.320826	0.320633	0.320452
355	0.31336	0.313218	0.313001
356	0.305894	0.305804	0.30555
357	0.298836	0.298698	0.298487
358	0.291821	0.291625	0.291464
359	0.285043	0.284845	0.284677
360	0.278352	0.278173	0.277977
361	0.271767	0.271612	0.271406
362	0.265264	0.265138	0.264938
363	0.258908	0.25879	0.258604
364	0.252781	0.252642	0.252484
365	0.246756	0.246602	0.246462
366	0.2411	0.240956	0.240796
367	0.235448	0.235314	0.235136
368	0.229904	0.229764	0.229605
369	0.22436	0.224215	0.224074
370	0.219091	0.218886	0.2188
371	0.213863	0.213588	0.213564
372	0.20868	0.208415	0.208393
373	0.203516	0.203295	0.20325
374	0.1985	0.198283	0.198219
375	0.193616	0.193368	0.193287
376	0.188788	0.188547	0.188445
377	0.184059	0.183891	0.18376
378	0.179369	0.179256	0.179102
379	0.174839	0.174704	0.174558
380	0.170312	0.170156	0.170019
381	0.165909	0.16578	0.165681
382	0.161505	0.161405	0.161343
383	0.157191	0.15709	0.15703
384	0.152894	0.152785	0.152721
385	0.148851	0.148704	0.148648
386	0.144927	0.144725	0.144683
387	0.141093	0.140887	0.140848
388	0.137346	0.137181	0.137134
389	0.133598	0.133459	0.133406
390	0.129845	0.129707	0.129651
391	0.126149	0.126014	0.125953
392	0.122708	0.122585	0.122508
393	0.119271	0.119161	0.119069
394	0.116208	0.116053	0.116022
395	0.113144	0.112946	0.112975
396	0.110064	0.109908	0.10991
397	0.10698	0.106883	0.106841
398	0.103982	0.103921	0.103899
399	0.101024	0.100989	0.101016
400	0.098175	0.098119	0.098175
401	0.095428	0.095309	0.095372
402	0.092757	0.092599	0.092649
403	0.090226	0.09008	0.090074
404	0.087712	0.087575	0.087521
405	0.085272	0.085134	0.085073
406	0.082832	0.082693	0.082625
407	0.080391	0.080194	0.080196
408	0.077951	0.077695	0.077766
409	0.075515	0.075276	0.07539
410	0.073079	0.072869	0.073023
411	0.070796	0.070578	0.070739
412	0.068582	0.068338	0.068492
413	0.066346	0.066089	0.066227
414	0.064088	0.063833	0.063946
415	0.061873	0.061631	0.061724
416	0.059733	0.059525	0.059605
417	0.057594	0.057402	0.057482
418	0.055463	0.05521	0.055342
419	0.053332	0.053023	0.053205
420	0.051228	0.050971	0.051104
421	0.049123	0.048919	0.049002
422	0.047231	0.046993	0.047104
423	0.04537	0.045085	0.045234
424	0.043582	0.043313	0.043441
425	0.041824	0.041596	0.041678
426	0.039964	0.039749	0.039797
427	0.038024	0.037799	0.03782
428	0.036074	0.035862	0.035874
429	0.034108	0.033945	0.033976
430	0.032208	0.032073	0.032124
431	0.03052	0.030351	0.030422
432	0.028839	0.028637	0.028728
433	0.027258	0.02704	0.027131
434	0.025677	0.025443	0.025535
435	0.024075	0.023863	0.023941
436	0.022472	0.022285	0.022347
437	0.020858	0.020696	0.020771
438	0.019242	0.019104	0.019201
439	0.017687	0.017559	0.017657
440	0.016175	0.016047	0.016131
441	0.01473	0.014593	0.014682
442	0.013373	0.013215	0.013334
443	0.012	0.011826	0.011966
444	0.010584	0.010412	0.010548
445	0.009188	0.00901	0.009146
446	0.007931	0.007698	0.007857
447	0.006673	0.006385	0.006568
448	0.005315	0.005101	0.005265
449	0.003953	0.003818	0.00396
450	0.002652	0.002504	0.002655
451	0.001366	0.001182	0.001348
452	0.000145	-0.000046	0.000122
453	-0.001041	-0.001225	-0.001063
454	-0.002217	-0.002393	-0.00224
455	-0.003383	-0.00355	-0.003408
456	-0.004506	-0.00467	-0.004541
457	-0.005552	-0.005724	-0.00561
458	-0.006598	-0.006778	-0.006682
459	-0.00765	-0.007835	-0.007764
460	-0.008702	-0.008891	-0.008843
461	-0.009761	-0.009939	-0.009836
462	-0.010819	-0.010987	-0.010829
463	-0.011807	-0.01199	-0.01182
464	-0.012787	-0.012988	-0.01281
465	-0.013761	-0.013973	-0.0138
466	-0.014734	-0.014955	-0.014792
467	-0.015723	-0.015955	-0.015778
468	-0.016724	-0.016969	-0.016761
469	-0.017765	-0.018002	-0.017773
470	-0.018859	-0.019059	-0.018824
471	-0.019909	-0.020088	-0.019855
472	-0.020843	-0.021045	-0.020837
473	-0.02178	-0.021996	-0.021809
474	-0.022737	-0.022907	-0.022709
475	-0.023693	-0.023818	-0.023609
476	-0.024578	-0.02473	-0.024481
477	-0.025462	-0.025642	-0.025353
478	-0.026349	-0.026543	-0.026286
479	-0.027236	-0.027442	-0.027231
480	-0.028141	-0.02836	-0.02816
481	-0.029053	-0.029288	-0.029081
482	-0.029905	-0.030122	-0.029923
483	-0.030705	-0.030875	-0.030697
484	-0.031426	-0.031568	-0.031399
485	-0.032022	-0.032167	-0.031985
486	-0.032631	-0.032777	-0.03259
487	-0.033279	-0.033427	-0.033254
488	-0.033928	-0.034083	-0.03392
489	-0.034589	-0.034791	-0.034617
490	-0.035249	-0.0355	-0.035313
491	-0.036037	-0.036263	-0.036072
492	-0.036831	-0.037029	-0.036834
493	-0.037518	-0.037729	-0.037499
494	-0.038179	-0.038414	-0.038139
495	-0.038829	-0.039067	-0.038797
496	-0.039473	-0.039705	-0.039463
497	-0.040118	-0.040324	-0.040096
498	-0.040764	-0.040928	-0.040698
499	-0.041372	-0.041534	-0.041294
500	-0.041914	-0.042146	-0.041879
501	-0.042455	-0.042736	-0.042451
502	-0.04299	-0.043252	-0.042981
503	-0.043534	-0.043778	-0.043518
504	-0.044161	-0.044404	-0.044123
505	-0.044789	-0.045029	-0.044727
506	-0.045378	-0.045596	-0.045351
507	-0.045965	-0.046159	-0.045977
508	-0.046554	-0.046777	-0.046582
509	-0.047145	-0.047408	-0.047183
510	-0.04773	-0.047986	-0.047737
511	-0.048314	-0.048539	-0.048265
512	-0.048833	-0.049063	-0.048763
513	-0.049295	-0.049561	-0.049233
514	-0.049771	-0.050043	-0.049718
515	-0.050268	-0.050498	-0.050229
516	-0.050755	-0.050955	-0.050716
517	-0.051208	-0.051416	-0.051127
518	-0.051658	-0.051871	-0.051543
519	-0.052087	-0.052262	-0.051996
520	-0.052516	-0.052654	-0.052448
521	-0.052956	-0.053151	-0.052918
522	-0.053396	-0.053652	-0.053388
523	-0.05386	-0.05413	-0.053863
524	-0.054328	-0.054602	-0.054339
525	-0.054764	-0.055021	-0.054742
526	-0.055186	-0.055417	-0.055114
527	-0.055586	-0.055816	-0.055501
528	-0.055968	-0.056218	-0.0559
529	-0.05635	-0.056602	-0.056297
530	-0.056732	-0.056961	-0.056692
531	-0.057102	-0.057333	-0.057073
532	-0.057443	-0.057738	-0.05742
533	-0.057786	-0.05813	-0.057763
534	-0.058141	-0.058453	-0.058086
535	-0.058497	-0.058778	-0.058412
536	-0.058869	-0.059188	-0.05884
537	-0.059242	-0.059598	-0.059268
538	-0.059661	-0.059965	-0.059621
539	-0.060084	-0.060326	-0.059965
540	-0.060404	-0.06063	-0.060272
541	-0.060691	-0.060915	-0.060567
542	-0.060976	-0.061209	-0.060883
543	-0.06126	-0.061508	-0.061213
544	-0.061577	-0.061827	-0.061543
545	-0.061928	-0.062165	-0.061876
546	-0.062271	-0.062497	-0.062204
547	-0.062601	-0.062817	-0.062527
548	-0.062914	-0.063123	-0.062829
549	-0.063169	-0.063386	-0.063069
550	-0.063432	-0.063651	-0.063319
551	-0.063747	-0.063936	-0.063646
552	-0.064063	-0.06422	-0.063974
553	-0.064319	-0.064503	-0.064266
554	-0.064575	-0.064785	-0.064557
555	-0.064774	-0.065024	-0.064749
556	-0.064964	-0.065256	-0.064925
557	-0.065205	-0.065475	-0.06514
558	-0.065465	-0.065688	-0.06537
559	-0.065758	-0.065966	-0.065671
560	-0.066072	-0.066286	-0.066019
561	-0.066368	-0.066575	-0.06632
562	-0.066643	-0.066831	-0.066574
563	-0.066914	-0.067103	-0.066839
564	-0.067177	-0.067404	-0.067125
565	-0.067423	-0.067676	-0.067394
566	-0.067616	-0.067851	-0.067613
567	-0.067819	-0.068037	-0.067834
568	-0.068097	-0.068299	-0.068077
569	-0.068375	-0.068561	-0.068321
570	-0.06854	-0.068728	-0.068512
571	-0.068704	-0.068895	-0.068702
572	-0.068942	-0.069125	-0.068934
573	-0.069191	-0.069364	-0.069172
574	-0.069426	-0.069598	-0.069414
575	-0.069657	-0.069831	-0.069657
576	-0.06989	-0.070066	-0.069902
577	-0.070125	-0.070304	-0.070149
578	-0.070342	-0.070528	-0.070369
579	-0.070543	-0.070739	-0.070564
580	-0.07075	-0.070957	-0.070775
581	-0.070967	-0.071186	-0.071013
582	-0.071208	-0.071431	-0.07126
583	-0.07151	-0.071719	-0.071532
584	-0.071812	-0.072009	-0.071812
585	-0.072117	-0.07231	-0.072131
586	-0.072421	-0.07261	-0.072447
587	-0.072685	-0.072871	-0.072716
588	-0.07295	-0.073131	-0.072985
589	-0.073194	-0.073392	-0.073208
590	-0.073436	-0.073653	-0.073427
591	-0.073716	-0.073922	-0.073707
592	-0.074006	-0.074192	-0.074002
593	-0.074265	-0.074452	-0.074257
594	-0.074511	-0.074708	-0.074495
595	-0.074824	-0.075024	-0.074805
596	-0.075182	-0.075384	-0.075166
597	-0.075556	-0.075746	-0.075546
598	-0.075947	-0.076113	-0.075949
599	-0.076296	-0.076448	-0.076293
600	-0.076573	-0.076727	-0.076536
601	-0.076796	-0.076952	-0.076737
602	-0.076859	-0.077018	-0.076815
603	-0.076907	-0.077072	-0.076877
604	-0.07687	-0.077054	-0.076853
605	-0.076831	-0.077035	-0.076824
606	-0.076753	-0.076941	-0.076705
607	-0.076676	-0.076848	-0.076586
608	-0.07665	-0.076843	-0.076586
609	-0.076627	-0.076844	-0.076595
610	-0.076565	-0.076814	-0.076544
611	-0.076494	-0.076777	-0.076481
612	-0.076563	-0.076833	-0.076542
613	-0.076687	-0.076926	-0.076652
614	-0.076769	-0.076974	-0.07672
615	-0.076825	-0.076993	-0.076762
616	-0.076919	-0.07707	-0.076853
617	-0.077052	-0.077203	-0.076992
618	-0.077207	-0.077363	-0.07715
619	-0.077394	-0.077566	-0.077339
620	-0.077582	-0.077767	-0.07752
621	-0.077771	-0.077965	-0.077683
622	-0.077934	-0.078134	-0.077837
623	-0.077991	-0.078184	-0.077947
624	-0.078065	-0.078251	-0.078065
625	-0.078305	-0.078483	-0.078271
626	-0.078545	-0.078715	-0.078477
627	-0.078686	-0.078816	-0.078639
628	-0.078828	-0.078916	-0.0788
629	-0.078905	-0.079025	-0.078863
630	-0.078974	-0.079135	-0.078914
631	-0.079098	-0.079283	-0.079048
632	-0.079237	-0.079441	-0.079205
633	-0.079401	-0.0796	-0.079347
634	-0.079576	-0.07976	-0.079484
635	-0.079714	-0.079906	-0.079627
636	-0.079829	-0.080041	-0.079776
637	-0.079994	-0.080196	-0.079953
638	-0.080208	-0.080369	-0.080159
639	-0.080355	-0.080504	-0.0803
640	-0.080404	-0.080582	-0.080346
641	-0.080478	-0.080679	-0.080421
642	-0.080609	-0.080816	-0.080559
643	-0.080727	-0.080949	-0.080694
644	-0.080804	-0.08107	-0.080819
645	-0.0809	-0.081204	-0.080956
646	-0.081136	-0.08143	-0.081179
647	-0.081371	-0.081655	-0.081402
648	-0.081605	-0.081847	-0.081614
649	-0.081838	-0.082039	-0.081827
650	-0.082133	-0.082331	-0.082105
651	-0.082431	-0.08263	-0.082388
652	-0.082496	-0.082684	-0.082438
653	-0.082521	-0.082697	-0.082447
654	-0.082516	-0.082709	-0.082481
655	-0.082503	-0.082721	-0.082523
656	-0.082624	-0.082826	-0.082656
657	-0.082811	-0.082977	-0.082833
658	-0.083064	-0.08321	-0.08308
659	-0.083362	-0.0835	-0.083377
660	-0.083703	-0.083856	-0.083711
661	-0.084089	-0.084279	-0.08408
662	-0.084329	-0.08452	-0.084297
663	-0.084366	-0.084507	-0.084298
664	-0.084338	-0.084452	-0.08425
665	-0.084177	-0.084314	-0.084102
666	-0.084042	-0.084204	-0.083975
667	-0.083986	-0.084186	-0.083913
668	-0.083944	-0.084181	-0.083874
669	-0.083975	-0.084252	-0.083956
670	-0.084016	-0.084327	-0.084041
671	-0.084185	-0.084458	-0.08416
672	-0.084353	-0.08459	-0.084278
673	-0.084438	-0.08465	-0.08441
674	-0.084522	-0.084711	-0.084542
675	-0.084706	-0.084935	-0.084701
676	-0.084898	-0.085174	-0.084862
677	-0.085043	-0.08529	-0.084968
678	-0.08518	-0.085382	-0.085064
679	-0.085348	-0.085538	-0.085268
680	-0.085526	-0.085714	-0.085506
681	-0.085822	-0.085997	-0.085814
682	-0.086174	-0.086329	-0.086154
683	-0.086442	-0.086644	-0.086467
684	-0.086657	-0.086949	-0.086764
685	-0.086938	-0.087275	-0.08707
686	-0.087276	-0.087619	-0.087385
687	-0.087603	-0.087894	-0.087689
688	-0.087917	-0.088084	-0.087978
689	-0.088214	-0.088323	-0.088235
690	-0.088485	-0.088638	-0.088441
691	-0.08874	-0.088922	-0.088674
692	-0.088963	-0.089141	-0.088966
693	-0.089238	-0.0894	-0.089278
694	-0.089683	-0.089789	-0.089653
695	-0.090098	-0.090165	-0.090017
696	-0.090369	-0.090481	-0.090327
697	-0.090649	-0.090807	-0.090638
698	-0.091007	-0.09122	-0.090965
699	-0.091369	-0.091632	-0.091296
700	-0.091831	-0.091985	-0.091722
701	-0.092292	-0.092339	-0.092149
702	-0.092628	-0.092689	-0.092538
703	-0.092959	-0.093039	-0.092926
704	-0.093331	-0.09342	-0.093311
705	-0.093708	-0.093804	-0.093696
706	-0.094251	-0.094326	-0.094224
707	-0.094828	-0.094876	-0.09478
708	-0.095054	-0.095175	-0.095077
709	-0.095174	-0.095399	-0.095295
710	-0.095581	-0.095824	-0.095707
711	-0.096109	-0.096335	-0.0962
712	-0.096698	-0.096932	-0.096747
713	-0.09732	-0.097576	-0.097325
714	-0.09778	-0.098022	-0.097721
715	-0.09812	-0.098325	-0.097987
716	-0.098556	-0.098775	-0.098449
717	-0.099079	-0.099363	-0.099093
718	-0.099603	-0.099877	-0.099612
719	-0.100129	-0.100306	-0.099984
720	-0.100736	-0.100894	-0.100596
[LOG]
CHECKSUMãù