[HEADER]
Format	J&M ASCII Table
Comment	
Date	20/08/2026 14:45:30
Order	Y (evenX)
TechType	UV
NumPoints	411
FirstX	310
LastX	720
XType	nm
YType	Absorbance
ZType	s
NumSubFile	3
Matrix	Z vs X
[LOGIN]
Name=pcbob
[INSTRUMENT]
Name=TIDAS E Base UV/VI
Detector=MMS - ASPEN 97,5 kHz
Diodearray=256 Pixel
Serial#=36584
Calibrated=2011-07-01
Range=183.81-729.88 [nm] (F0)

SWVersion=v3.18.2 (build 0)[LOGIN]
Name=pcbob
[CONFIG]
ChannelName=Channel 1
ChannelType=Normalized
[PARAMETER]
It=330,00
Aver=5
Norm=3
Range=310,0-720,0 nm
Scan=Time
ScanTime=5,00 s
[TRIGGER]
Sweep=0
Scan=0
[DIO]
DigOut=0x0000
DigIn=0x0000
[DATA]
	00:00:00,000	00:00:01,650	00:00:03,300
310	0.846298	0.846175	0.846052
311	0.829624	0.829509	0.829342
312	0.813395	0.813259	0.812982
313	0.797656	0.797435	0.797107
314	0.782595	0.782201	0.781902
315	0.767596	0.767096	0.766827
316	0.752795	0.7524	0.75216
317	0.738034	0.737741	0.737523
318	0.723876	0.723639	0.723333
319	0.709718	0.709537	0.709144
320	0.695867	0.695667	0.695252
321	0.682055	0.681827	0.681399
322	0.668512	0.668256	0.667887
323	0.65508	0.654795	0.654516
324	0.641647	0.641379	0.641169
325	0.628213	0.628002	0.627843
326	0.614916	0.614735	0.614588
327	0.601867	0.601668	0.601463
328	0.588832	0.588623	0.588383
329	0.575861	0.575678	0.57551
330	0.56289	0.562734	0.562636
331	0.550375	0.550209	0.550047
332	0.53786	0.537684	0.537458
333	0.52551	0.525298	0.525079
334	0.513195	0.512941	0.512744
335	0.501107	0.500897	0.500692
336	0.48914	0.489021	0.488793
337	0.477493	0.477405	0.477183
338	0.4662	0.466075	0.465895
339	0.455055	0.454912	0.454752
340	0.444253	0.444138	0.443951
341	0.433522	0.433425	0.433215
342	0.423293	0.423141	0.422941
343	0.413063	0.412857	0.412666
344	0.403324	0.403137	0.402953
345	0.393612	0.393449	0.39327
346	0.384391	0.384248	0.38412
347	0.375315	0.375191	0.375127
348	0.366431	0.366347	0.366319
349	0.357677	0.357646	0.357636
350	0.349161	0.349165	0.349158
351	0.340969	0.340981	0.340957
352	0.332887	0.332899	0.332873
353	0.325136	0.325124	0.325139
354	0.317421	0.317386	0.317435
355	0.310121	0.310099	0.310092
356	0.302821	0.302811	0.302749
357	0.295933	0.295837	0.295848
358	0.289088	0.288895	0.288993
359	0.2824	0.282245	0.282292
360	0.27577	0.275701	0.275646
361	0.269264	0.269213	0.269157
362	0.262854	0.262768	0.262791
363	0.256559	0.256491	0.256543
364	0.250443	0.250482	0.250482
365	0.244447	0.244553	0.244519
366	0.238886	0.238918	0.238918
367	0.233326	0.23329	0.233321
368	0.227783	0.227795	0.22782
369	0.22224	0.2223	0.222319
370	0.217012	0.217091	0.21705
371	0.211829	0.211923	0.211816
372	0.206677	0.206763	0.206652
373	0.201537	0.201606	0.201518
374	0.196525	0.196598	0.196543
375	0.191624	0.191721	0.191709
376	0.18681	0.186924	0.186937
377	0.182147	0.182269	0.182272
378	0.177525	0.177649	0.177646
379	0.173071	0.173173	0.17318
380	0.168621	0.168702	0.168716
381	0.164305	0.164397	0.164393
382	0.159989	0.160093	0.16007
383	0.155727	0.155849	0.155875
384	0.151475	0.151615	0.151702
385	0.147465	0.147587	0.147688
386	0.143566	0.143653	0.143747
387	0.139767	0.139853	0.139938
388	0.136063	0.136178	0.136252
389	0.132368	0.132493	0.132561
390	0.128689	0.128792	0.12886
391	0.125059	0.125146	0.125218
392	0.121655	0.121756	0.121841
393	0.118256	0.11837	0.118468
394	0.115227	0.115301	0.115423
395	0.112197	0.112231	0.112377
396	0.109129	0.109198	0.109372
397	0.106053	0.106172	0.106375
398	0.103142	0.103254	0.10345
399	0.100308	0.100387	0.100558
400	0.097507	0.097592	0.097737
401	0.094739	0.094867	0.094983
402	0.092043	0.092214	0.092309
403	0.089482	0.089698	0.089785
404	0.086938	0.087192	0.087269
405	0.084466	0.084731	0.084792
406	0.081997	0.08227	0.082316
407	0.079632	0.079797	0.079888
408	0.077268	0.077324	0.077461
409	0.074821	0.074956	0.075106
410	0.072361	0.072606	0.072764
411	0.070076	0.070332	0.070472
412	0.06787	0.068093	0.068202
413	0.065636	0.065853	0.065975
414	0.063378	0.063615	0.063788
415	0.061196	0.061428	0.061645
416	0.05915	0.059332	0.059578
417	0.057074	0.057221	0.057483
418	0.054881	0.055049	0.055273
419	0.052694	0.052882	0.053069
420	0.050686	0.050846	0.051014
421	0.048678	0.048811	0.048958
422	0.046771	0.046915	0.047087
423	0.044879	0.045039	0.045241
424	0.043079	0.043246	0.043468
425	0.041317	0.041486	0.041724
426	0.039439	0.039647	0.039876
427	0.037468	0.037744	0.037944
428	0.03552	0.035837	0.036025
429	0.033607	0.033924	0.034126
430	0.03175	0.032064	0.032279
431	0.030074	0.030376	0.030607
432	0.028402	0.028695	0.028936
433	0.026772	0.027095	0.02728
434	0.025143	0.025495	0.025624
435	0.02356	0.023949	0.024083
436	0.021982	0.022407	0.022554
437	0.020414	0.020814	0.02099
438	0.01885	0.019206	0.019415
439	0.017326	0.01766	0.017894
440	0.015828	0.016158	0.016408
441	0.014397	0.014712	0.014983
442	0.013049	0.013337	0.013635
443	0.01168	0.01196	0.012272
444	0.010257	0.010577	0.01087
445	0.008856	0.009206	0.009483
446	0.007602	0.007912	0.008197
447	0.006349	0.006618	0.006911
448	0.005026	0.005323	0.005597
449	0.003702	0.004027	0.004281
450	0.0024	0.00276	0.002983
451	0.001104	0.001501	0.00169
452	-0.000128	0.00028	0.000485
453	-0.001327	-0.00092	-0.000673
454	-0.002495	-0.002093	-0.001814
455	-0.003633	-0.003238	-0.002938
456	-0.004739	-0.004351	-0.004047
457	-0.005786	-0.005406	-0.00513
458	-0.006836	-0.006466	-0.006202
459	-0.007898	-0.00755	-0.007231
460	-0.00896	-0.00863	-0.008262
461	-0.009997	-0.009624	-0.009326
462	-0.011034	-0.010617	-0.010391
463	-0.012018	-0.01162	-0.011349
464	-0.012996	-0.012625	-0.012294
465	-0.01399	-0.013592	-0.013286
466	-0.014991	-0.014546	-0.014296
467	-0.015976	-0.015522	-0.015281
468	-0.016951	-0.016515	-0.01625
469	-0.017971	-0.017529	-0.017247
470	-0.01905	-0.018573	-0.018281
471	-0.020083	-0.019585	-0.019286
472	-0.021001	-0.02052	-0.020215
473	-0.021919	-0.02146	-0.021141
474	-0.022839	-0.022432	-0.022041
475	-0.023759	-0.023405	-0.02294
476	-0.024643	-0.024252	-0.023849
477	-0.025525	-0.025098	-0.024759
478	-0.026429	-0.025951	-0.025625
479	-0.027337	-0.026805	-0.026483
480	-0.028255	-0.027733	-0.027395
481	-0.029176	-0.028695	-0.028331
482	-0.03001	-0.029561	-0.029206
483	-0.030769	-0.030345	-0.030029
484	-0.031473	-0.031064	-0.03077
485	-0.03209	-0.031683	-0.031382
486	-0.032713	-0.032308	-0.032002
487	-0.033353	-0.032954	-0.03265
488	-0.033997	-0.0336	-0.033297
489	-0.034677	-0.034242	-0.033943
490	-0.035358	-0.034884	-0.03459
491	-0.036093	-0.035621	-0.035323
492	-0.036832	-0.036363	-0.03606
493	-0.037499	-0.037053	-0.036759
494	-0.038149	-0.03773	-0.037449
495	-0.038804	-0.038364	-0.03809
496	-0.039461	-0.038976	-0.038705
497	-0.040113	-0.039597	-0.039322
498	-0.040762	-0.040227	-0.039941
499	-0.041375	-0.04084	-0.040548
500	-0.041925	-0.041425	-0.041137
501	-0.042476	-0.042	-0.041703
502	-0.043028	-0.042543	-0.042194
503	-0.043582	-0.043089	-0.042694
504	-0.044162	-0.043653	-0.04328
505	-0.044742	-0.044218	-0.043867
506	-0.045382	-0.04484	-0.044457
507	-0.046026	-0.045465	-0.045048
508	-0.046571	-0.046036	-0.045648
509	-0.047093	-0.046595	-0.046251
510	-0.047663	-0.047139	-0.046806
511	-0.048257	-0.047676	-0.047339
512	-0.048785	-0.048197	-0.047847
513	-0.049253	-0.048703	-0.048333
514	-0.049722	-0.049196	-0.048817
515	-0.050195	-0.04967	-0.049299
516	-0.050659	-0.050132	-0.049762
517	-0.051099	-0.050563	-0.050171
518	-0.051538	-0.050992	-0.050585
519	-0.051974	-0.051417	-0.051054
520	-0.052411	-0.051842	-0.051522
521	-0.052841	-0.052338	-0.051949
522	-0.053271	-0.052836	-0.052375
523	-0.053766	-0.053297	-0.052831
524	-0.054275	-0.053751	-0.053294
525	-0.054699	-0.054166	-0.053708
526	-0.055085	-0.054565	-0.0541
527	-0.055482	-0.054973	-0.054503
528	-0.055887	-0.055389	-0.054914
529	-0.056286	-0.055777	-0.05531
530	-0.056677	-0.056128	-0.055685
531	-0.057053	-0.056494	-0.056058
532	-0.057396	-0.056897	-0.056424
533	-0.057736	-0.057282	-0.056785
534	-0.058064	-0.057577	-0.057123
535	-0.058394	-0.057875	-0.057462
536	-0.058852	-0.058298	-0.057847
537	-0.059309	-0.058721	-0.058231
538	-0.059669	-0.059106	-0.058664
539	-0.060016	-0.059487	-0.059102
540	-0.060324	-0.059806	-0.059417
541	-0.06062	-0.060105	-0.059694
542	-0.060924	-0.060391	-0.059975
543	-0.061232	-0.06067	-0.060258
544	-0.061562	-0.060993	-0.060578
545	-0.061915	-0.061359	-0.060932
546	-0.062257	-0.061698	-0.061286
547	-0.062582	-0.061992	-0.061636
548	-0.062886	-0.062281	-0.061961
549	-0.063128	-0.062555	-0.062208
550	-0.063376	-0.062832	-0.06246
551	-0.063667	-0.063138	-0.062746
552	-0.063958	-0.063445	-0.063033
553	-0.064261	-0.063736	-0.06331
554	-0.064563	-0.064026	-0.063587
555	-0.064763	-0.064215	-0.063816
556	-0.064945	-0.064387	-0.064037
557	-0.065169	-0.064625	-0.064289
558	-0.065408	-0.064888	-0.064552
559	-0.065691	-0.06517	-0.064819
560	-0.066003	-0.065464	-0.065088
561	-0.066288	-0.06576	-0.065363
562	-0.066544	-0.066055	-0.065645
563	-0.066806	-0.066348	-0.065929
564	-0.067081	-0.066636	-0.066216
565	-0.067338	-0.066904	-0.066488
566	-0.067543	-0.067105	-0.066711
567	-0.067756	-0.067317	-0.066941
568	-0.068041	-0.067605	-0.067225
569	-0.068326	-0.067894	-0.067508
570	-0.068527	-0.068116	-0.067731
571	-0.068728	-0.068337	-0.067954
572	-0.068968	-0.068591	-0.068236
573	-0.069213	-0.068849	-0.068527
574	-0.069462	-0.069073	-0.068781
575	-0.06971	-0.069284	-0.069022
576	-0.069942	-0.069517	-0.06926
577	-0.070163	-0.069763	-0.069496
578	-0.070375	-0.07	-0.069723
579	-0.070577	-0.070228	-0.069942
580	-0.070794	-0.070454	-0.07017
581	-0.071035	-0.070679	-0.07041
582	-0.071286	-0.070926	-0.070663
583	-0.071563	-0.071229	-0.070949
584	-0.071842	-0.071524	-0.071232
585	-0.07213	-0.07178	-0.071492
586	-0.072417	-0.072037	-0.071753
587	-0.072684	-0.072309	-0.072034
588	-0.07295	-0.07258	-0.072315
589	-0.073203	-0.072808	-0.072507
590	-0.073455	-0.073032	-0.072692
591	-0.073722	-0.073267	-0.072955
592	-0.073992	-0.073504	-0.073235
593	-0.074209	-0.073755	-0.073473
594	-0.074404	-0.074012	-0.073693
595	-0.074698	-0.074311	-0.07398
596	-0.075063	-0.074639	-0.074313
597	-0.075423	-0.074976	-0.07466
598	-0.07578	-0.075324	-0.07502
599	-0.076098	-0.075644	-0.075347
600	-0.076349	-0.075914	-0.075613
601	-0.076546	-0.076128	-0.075827
602	-0.076585	-0.076176	-0.075886
603	-0.076612	-0.076212	-0.07593
604	-0.076575	-0.07618	-0.075889
605	-0.076534	-0.076145	-0.075843
606	-0.076417	-0.076023	-0.07569
607	-0.076299	-0.075901	-0.075537
608	-0.076298	-0.075899	-0.075555
609	-0.076306	-0.075907	-0.075586
610	-0.076248	-0.07586	-0.075534
611	-0.076177	-0.075802	-0.075464
612	-0.076267	-0.075878	-0.075541
613	-0.076423	-0.076008	-0.075675
614	-0.076514	-0.076095	-0.075753
615	-0.076565	-0.076155	-0.075795
616	-0.076652	-0.076244	-0.07587
617	-0.076775	-0.076362	-0.075978
618	-0.076928	-0.076505	-0.076139
619	-0.077126	-0.076686	-0.07638
620	-0.07732	-0.076882	-0.076603
621	-0.077503	-0.077112	-0.076787
622	-0.077673	-0.077306	-0.076948
623	-0.077787	-0.077344	-0.077011
624	-0.077915	-0.077403	-0.077089
625	-0.078176	-0.077655	-0.07732
626	-0.078438	-0.077907	-0.077551
627	-0.078542	-0.078076	-0.077677
628	-0.078645	-0.078245	-0.077801
629	-0.078749	-0.078327	-0.077883
630	-0.078853	-0.0784	-0.07796
631	-0.078993	-0.078506	-0.078097
632	-0.079142	-0.078621	-0.078249
633	-0.079314	-0.078812	-0.078427
634	-0.079497	-0.079036	-0.078616
635	-0.079659	-0.079208	-0.078784
636	-0.079808	-0.079346	-0.078937
637	-0.079971	-0.079505	-0.079098
638	-0.080147	-0.079685	-0.079268
639	-0.080285	-0.079819	-0.079427
640	-0.080365	-0.079886	-0.079573
641	-0.08046	-0.079975	-0.079703
642	-0.080586	-0.08011	-0.079799
643	-0.080705	-0.080236	-0.079891
644	-0.080798	-0.080327	-0.079971
645	-0.080909	-0.080439	-0.080068
646	-0.08114	-0.080693	-0.08029
647	-0.081372	-0.080946	-0.080514
648	-0.081627	-0.081181	-0.080795
649	-0.081881	-0.081415	-0.081077
650	-0.082166	-0.081743	-0.081403
651	-0.082453	-0.082076	-0.081731
652	-0.082499	-0.082191	-0.081841
653	-0.082505	-0.082268	-0.081912
654	-0.082537	-0.082302	-0.081961
655	-0.082579	-0.082323	-0.082002
656	-0.082723	-0.082449	-0.082159
657	-0.082916	-0.082625	-0.082372
658	-0.083156	-0.082837	-0.082607
659	-0.083428	-0.083074	-0.082857
660	-0.083716	-0.083333	-0.083105
661	-0.084019	-0.083613	-0.083349
662	-0.084204	-0.083772	-0.083479
663	-0.084221	-0.083759	-0.083446
664	-0.084164	-0.08369	-0.083364
665	-0.083956	-0.083506	-0.083185
666	-0.083797	-0.083369	-0.083039
667	-0.083789	-0.083376	-0.082999
668	-0.083795	-0.08339	-0.082969
669	-0.083876	-0.083441	-0.082995
670	-0.083961	-0.083504	-0.083032
671	-0.084076	-0.083689	-0.083184
672	-0.084192	-0.083874	-0.083337
673	-0.084281	-0.083919	-0.083486
674	-0.08437	-0.083965	-0.083635
675	-0.084611	-0.084173	-0.083826
676	-0.084865	-0.084396	-0.084022
677	-0.084988	-0.084568	-0.084156
678	-0.085087	-0.08473	-0.084278
679	-0.085279	-0.084922	-0.084498
680	-0.0855	-0.085123	-0.084749
681	-0.085796	-0.085413	-0.085038
682	-0.086126	-0.085744	-0.085345
683	-0.086409	-0.086031	-0.085664
684	-0.08666	-0.086291	-0.085989
685	-0.086934	-0.086572	-0.086302
686	-0.087229	-0.086873	-0.086603
687	-0.08756	-0.087171	-0.086878
688	-0.087933	-0.087467	-0.087122
689	-0.088249	-0.087749	-0.087366
690	-0.088475	-0.08801	-0.087608
691	-0.088704	-0.088266	-0.087867
692	-0.088939	-0.088514	-0.088166
693	-0.089222	-0.0888	-0.088485
694	-0.089656	-0.089204	-0.088869
695	-0.090067	-0.089589	-0.089233
696	-0.090366	-0.089878	-0.0895
697	-0.090669	-0.090172	-0.089782
698	-0.090997	-0.090515	-0.090208
699	-0.091324	-0.09086	-0.090632
700	-0.09164	-0.09127	-0.090961
701	-0.091956	-0.09168	-0.09129
702	-0.092319	-0.092042	-0.091607
703	-0.092683	-0.092402	-0.091924
704	-0.093037	-0.092717	-0.092351
705	-0.09339	-0.093026	-0.09279
706	-0.093965	-0.093526	-0.093244
707	-0.094585	-0.094065	-0.093702
708	-0.09483	-0.094271	-0.093953
709	-0.094961	-0.094376	-0.094142
710	-0.095319	-0.094814	-0.094499
711	-0.095773	-0.095391	-0.094926
712	-0.096274	-0.095923	-0.095419
713	-0.096802	-0.096429	-0.095948
714	-0.097183	-0.096736	-0.096293
715	-0.097457	-0.096899	-0.096503
716	-0.09779	-0.097212	-0.096801
717	-0.098176	-0.097662	-0.09718
718	-0.098573	-0.098084	-0.097541
719	-0.098984	-0.098472	-0.09788
720	-0.099584	-0.098975	-0.098441
[LOG]
CHECKSUMw=