[HEADER]
Format	J&M ASCII Table
Comment	
Date	20/08/2026 14:21:12
Order	Y (evenX)
TechType	UV
NumPoints	411
FirstX	310
LastX	720
XType	nm
YType	Absorbance
ZType	s
NumSubFile	3
Matrix	Z vs X
[LOGIN]
Name=pcbob
[INSTRUMENT]
Name=TIDAS E Base UV/VI
Detector=MMS - ASPEN 97,5 kHz
Diodearray=256 Pixel
Serial#=36584
Calibrated=2011-07-01
Range=183.81-729.88 [nm] (F0)

SWVersion=v3.18.2 (build 0)[LOGIN]
Name=pcbob
[CONFIG]
ChannelName=Channel 1
ChannelType=Normalized
[PARAMETER]
It=330,00
Aver=5
Norm=3
Range=310,0-720,0 nm
Scan=Time
ScanTime=5,00 s
[TRIGGER]
Sweep=0
Scan=0
[DIO]
DigOut=0x0000
DigIn=0x0000
[DATA]
	00:00:00,000	00:00:01,650	00:00:03,300
310	0.003148	0.003175	0.003129
311	0.003106	0.003124	0.003085
312	0.003075	0.003089	0.003064
313	0.003006	0.003013	0.002998
314	0.002885	0.00288	0.00287
315	0.002773	0.002764	0.002757
316	0.002694	0.0027	0.002691
317	0.002618	0.002639	0.002627
318	0.002599	0.002605	0.002581
319	0.00258	0.002571	0.002536
320	0.00254	0.002537	0.002511
321	0.002497	0.002503	0.002489
322	0.002468	0.002477	0.002458
323	0.002446	0.002453	0.002424
324	0.002431	0.002428	0.002407
325	0.002424	0.002403	0.002406
326	0.002401	0.00238	0.002395
327	0.002351	0.002361	0.002369
328	0.002297	0.002331	0.002325
329	0.002231	0.002247	0.002205
330	0.002165	0.002162	0.002084
331	0.002127	0.002164	0.002076
332	0.002089	0.002166	0.002067
333	0.002037	0.002099	0.002025
334	0.001981	0.002018	0.001975
335	0.001947	0.001964	0.001934
336	0.001924	0.001926	0.001896
337	0.001926	0.001919	0.001882
338	0.001955	0.001946	0.001895
339	0.00197	0.001952	0.001903
340	0.001951	0.00191	0.001899
341	0.00193	0.001871	0.001892
342	0.001888	0.001863	0.001874
343	0.001845	0.001855	0.001856
344	0.00181	0.001803	0.001822
345	0.001776	0.001748	0.001788
346	0.001769	0.00171	0.001728
347	0.001771	0.001677	0.001662
348	0.001696	0.001648	0.001607
349	0.001571	0.00162	0.00156
350	0.001471	0.001564	0.001487
351	0.001405	0.00147	0.001378
352	0.001351	0.001401	0.0013
353	0.001332	0.001409	0.001314
354	0.001314	0.001411	0.001324
355	0.001308	0.001322	0.001276
356	0.001301	0.001233	0.001229
357	0.001233	0.001218	0.001193
358	0.001157	0.00121	0.001159
359	0.001145	0.001195	0.001152
360	0.001155	0.001176	0.001154
361	0.001155	0.001165	0.001127
362	0.001147	0.001161	0.001077
363	0.001116	0.001149	0.001046
364	0.001048	0.001125	0.001043
365	0.000988	0.001098	0.001026
366	0.000962	0.001059	0.000962
367	0.000937	0.00102	0.000898
368	0.000939	0.000957	0.000871
369	0.000941	0.000895	0.000844
370	0.000889	0.00081	0.000807
371	0.00083	0.000721	0.00077
372	0.000758	0.000663	0.000709
373	0.000681	0.000617	0.00064
374	0.000647	0.000611	0.000608
375	0.000651	0.000639	0.00061
376	0.000662	0.000653	0.000615
377	0.000687	0.000643	0.000625
378	0.000701	0.000636	0.000624
379	0.000664	0.000636	0.000579
380	0.000628	0.000635	0.000535
381	0.000581	0.000611	0.000522
382	0.000534	0.000587	0.000508
383	0.000542	0.000575	0.000553
384	0.00056	0.000565	0.000609
385	0.000553	0.000554	0.000581
386	0.000534	0.000541	0.000516
387	0.000532	0.000521	0.000488
388	0.000546	0.000494	0.000494
389	0.000526	0.00044	0.000455
390	0.000442	0.000335	0.000329
391	0.000372	0.000255	0.000223
392	0.000367	0.000286	0.000209
393	0.000361	0.000315	0.000195
394	0.000306	0.000268	0.000204
395	0.000252	0.000221	0.000213
396	0.000219	0.000177	0.000154
397	0.00019	0.000133	0.000084
398	0.000154	0.000091	0.000041
399	0.000114	0.000051	0.00001
400	0.000084	0.000028	-0.000028
401	0.000061	0.000019	-0.000073
402	0.000044	-0.000006	-0.000092
403	0.000038	-0.000065	-0.000062
404	0.000035	-0.000098	-0.000036
405	0.000046	-0.00002	-0.000027
406	0.000056	0.000056	-0.00002
407	0.000021	0.00003	-0.000078
408	-0.000014	0.000004	-0.000136
409	-0.000077	-0.000086	-0.000189
410	-0.000144	-0.000186	-0.00024
411	-0.000115	-0.0002	-0.000243
412	-0.000043	-0.000175	-0.000224
413	-0.000078	-0.000216	-0.000272
414	-0.000209	-0.000317	-0.000382
415	-0.000298	-0.000389	-0.000467
416	-0.000315	-0.000412	-0.000511
417	-0.000345	-0.000441	-0.000555
418	-0.000426	-0.000494	-0.000598
419	-0.000507	-0.000547	-0.000642
420	-0.000564	-0.000589	-0.000706
421	-0.000621	-0.000632	-0.000771
422	-0.000687	-0.000684	-0.000793
423	-0.000754	-0.000737	-0.00081
424	-0.000763	-0.000771	-0.000856
425	-0.000748	-0.000795	-0.000914
426	-0.000738	-0.000807	-0.000941
427	-0.000732	-0.000808	-0.000943
428	-0.000754	-0.000823	-0.000965
429	-0.000819	-0.000862	-0.001019
430	-0.000868	-0.00089	-0.001056
431	-0.000863	-0.000881	-0.001039
432	-0.000858	-0.000873	-0.001022
433	-0.000852	-0.000874	-0.001009
434	-0.000846	-0.000875	-0.000996
435	-0.000832	-0.0009	-0.000999
436	-0.000818	-0.000928	-0.001003
437	-0.000827	-0.000897	-0.000994
438	-0.000845	-0.000848	-0.00098
439	-0.000877	-0.000863	-0.00102
440	-0.000918	-0.000922	-0.001095
441	-0.000953	-0.000982	-0.001138
442	-0.000979	-0.001045	-0.00114
443	-0.001022	-0.001114	-0.001173
444	-0.001107	-0.0012	-0.001285
445	-0.001189	-0.001284	-0.001392
446	-0.001255	-0.001365	-0.001466
447	-0.00132	-0.001445	-0.00154
448	-0.001394	-0.001532	-0.00162
449	-0.001469	-0.001619	-0.0017
450	-0.001559	-0.001695	-0.001749
451	-0.001652	-0.001768	-0.001791
452	-0.001705	-0.001802	-0.001849
453	-0.001736	-0.001815	-0.001915
454	-0.001757	-0.001819	-0.001953
455	-0.001766	-0.001816	-0.001965
456	-0.001775	-0.001825	-0.001981
457	-0.00178	-0.001858	-0.002005
458	-0.001785	-0.001886	-0.002027
459	-0.001785	-0.001896	-0.002047
460	-0.001786	-0.001906	-0.002064
461	-0.001794	-0.001914	-0.00202
462	-0.001802	-0.001922	-0.001975
463	-0.001798	-0.001917	-0.001957
464	-0.001793	-0.00191	-0.001942
465	-0.001818	-0.001915	-0.001986
466	-0.001854	-0.001923	-0.002051
467	-0.001894	-0.00196	-0.002099
468	-0.001937	-0.002018	-0.002136
469	-0.001989	-0.002088	-0.002196
470	-0.002053	-0.002173	-0.002286
471	-0.002114	-0.002259	-0.00237
472	-0.00217	-0.002347	-0.002437
473	-0.002229	-0.002426	-0.002504
474	-0.0023	-0.002448	-0.002572
475	-0.002372	-0.002469	-0.00264
476	-0.002432	-0.002497	-0.002686
477	-0.002493	-0.002526	-0.002731
478	-0.002521	-0.00259	-0.002767
479	-0.002542	-0.002661	-0.002801
480	-0.00258	-0.002714	-0.002861
481	-0.002626	-0.002758	-0.002932
482	-0.002667	-0.002788	-0.002946
483	-0.002703	-0.002806	-0.002911
484	-0.002719	-0.002802	-0.002888
485	-0.002703	-0.002764	-0.002887
486	-0.002701	-0.002739	-0.002893
487	-0.002744	-0.002758	-0.002927
488	-0.002782	-0.002778	-0.00296
489	-0.002768	-0.002826	-0.002993
490	-0.002755	-0.002873	-0.003025
491	-0.002802	-0.00291	-0.003036
492	-0.002852	-0.002946	-0.003046
493	-0.002828	-0.00295	-0.003035
494	-0.002786	-0.002946	-0.003019
495	-0.00279	-0.002926	-0.003038
496	-0.002818	-0.002897	-0.003076
497	-0.002829	-0.00291	-0.003117
498	-0.002824	-0.002962	-0.00316
499	-0.002829	-0.002993	-0.003185
500	-0.002852	-0.002989	-0.003177
501	-0.00287	-0.002988	-0.003167
502	-0.002871	-0.002993	-0.003147
503	-0.002873	-0.003002	-0.003132
504	-0.002902	-0.003051	-0.003178
505	-0.00293	-0.003099	-0.003223
506	-0.00299	-0.003155	-0.003317
507	-0.003051	-0.003212	-0.003414
508	-0.003114	-0.003245	-0.00343
509	-0.003177	-0.003272	-0.003427
510	-0.003214	-0.003303	-0.003457
511	-0.003236	-0.003336	-0.003504
512	-0.003262	-0.003372	-0.00354
513	-0.003289	-0.003411	-0.003565
514	-0.003336	-0.00346	-0.003613
515	-0.003412	-0.003526	-0.003695
516	-0.003473	-0.003572	-0.003766
517	-0.003486	-0.003552	-0.003801
518	-0.003498	-0.00354	-0.003833
519	-0.003497	-0.003603	-0.003844
520	-0.003496	-0.003665	-0.003855
521	-0.003543	-0.003676	-0.00387
522	-0.00359	-0.003686	-0.003884
523	-0.003638	-0.003728	-0.00392
524	-0.003685	-0.003777	-0.003961
525	-0.00368	-0.003785	-0.003952
526	-0.003653	-0.003776	-0.003923
527	-0.003657	-0.003766	-0.003924
528	-0.003684	-0.003755	-0.003948
529	-0.003684	-0.003768	-0.00394
530	-0.003648	-0.003816	-0.003887
531	-0.003611	-0.003833	-0.003852
532	-0.003569	-0.003779	-0.003865
533	-0.003519	-0.00372	-0.00386
534	-0.003423	-0.00363	-0.003767
535	-0.003329	-0.003541	-0.003676
536	-0.003318	-0.003507	-0.00364
537	-0.003308	-0.003474	-0.003604
538	-0.003318	-0.003461	-0.003627
539	-0.003332	-0.003452	-0.003658
540	-0.003328	-0.003452	-0.003631
541	-0.003318	-0.003456	-0.003586
542	-0.003287	-0.003406	-0.003551
543	-0.003244	-0.003326	-0.00352
544	-0.003244	-0.003317	-0.00352
545	-0.003287	-0.003378	-0.003551
546	-0.003315	-0.003404	-0.003575
547	-0.003316	-0.003367	-0.003587
548	-0.003306	-0.003342	-0.003589
549	-0.003261	-0.003357	-0.003562
550	-0.003225	-0.003376	-0.00354
551	-0.003261	-0.003419	-0.003551
552	-0.003298	-0.003463	-0.003563
553	-0.003313	-0.003465	-0.003594
554	-0.003328	-0.003466	-0.003625
555	-0.003317	-0.003477	-0.00362
556	-0.003301	-0.003489	-0.003609
557	-0.003273	-0.00347	-0.00358
558	-0.00324	-0.003439	-0.003544
559	-0.003261	-0.003443	-0.003554
560	-0.003316	-0.003469	-0.003592
561	-0.003359	-0.003494	-0.003618
562	-0.003387	-0.003519	-0.003632
563	-0.003389	-0.003525	-0.003634
564	-0.003346	-0.003499	-0.003613
565	-0.003305	-0.003457	-0.003577
566	-0.003273	-0.003362	-0.003492
567	-0.003239	-0.003279	-0.003418
568	-0.003181	-0.003281	-0.00342
569	-0.003123	-0.003284	-0.003423
570	-0.003071	-0.003206	-0.003343
571	-0.003018	-0.003128	-0.003262
572	-0.002978	-0.003102	-0.003208
573	-0.00294	-0.003083	-0.003158
574	-0.002901	-0.003031	-0.003129
575	-0.002863	-0.002967	-0.003107
576	-0.002832	-0.002937	-0.003068
577	-0.002806	-0.002926	-0.003019
578	-0.00276	-0.002888	-0.002969
579	-0.002695	-0.002824	-0.002918
580	-0.002643	-0.00277	-0.002875
581	-0.00261	-0.002731	-0.002844
582	-0.002585	-0.002696	-0.002822
583	-0.002579	-0.002675	-0.002824
584	-0.002578	-0.002664	-0.002828
585	-0.002599	-0.002705	-0.002842
586	-0.002621	-0.002745	-0.002856
587	-0.002665	-0.002776	-0.002903
588	-0.002709	-0.002806	-0.002951
589	-0.002692	-0.002783	-0.002927
590	-0.002669	-0.002755	-0.002897
591	-0.002677	-0.002781	-0.002916
592	-0.002691	-0.002818	-0.002945
593	-0.002707	-0.002825	-0.00294
594	-0.002725	-0.002819	-0.00292
595	-0.002715	-0.002815	-0.002913
596	-0.002685	-0.002812	-0.002914
597	-0.002693	-0.002824	-0.002944
598	-0.002744	-0.002853	-0.003004
599	-0.002799	-0.002888	-0.003066
600	-0.00286	-0.002936	-0.003131
601	-0.002917	-0.002981	-0.003175
602	-0.002961	-0.00302	-0.003157
603	-0.003001	-0.003056	-0.003147
604	-0.003022	-0.00308	-0.003187
605	-0.003043	-0.003103	-0.003227
606	-0.003048	-0.00313	-0.003278
607	-0.003052	-0.003157	-0.00333
608	-0.003147	-0.003221	-0.003367
609	-0.00325	-0.003288	-0.003403
610	-0.003243	-0.003299	-0.003426
611	-0.003213	-0.003298	-0.003445
612	-0.00323	-0.003326	-0.003487
613	-0.003266	-0.003367	-0.003538
614	-0.003291	-0.003373	-0.003563
615	-0.003307	-0.003356	-0.00357
616	-0.0033	-0.003331	-0.003552
617	-0.003268	-0.003296	-0.00351
618	-0.003282	-0.003304	-0.003506
619	-0.003362	-0.003373	-0.003561
620	-0.003427	-0.003436	-0.003614
621	-0.003455	-0.003483	-0.003662
622	-0.003474	-0.003507	-0.003685
623	-0.003455	-0.003436	-0.003607
624	-0.003439	-0.003378	-0.003546
625	-0.00346	-0.003444	-0.003659
626	-0.003481	-0.00351	-0.003772
627	-0.003477	-0.003515	-0.003746
628	-0.003473	-0.00352	-0.00372
629	-0.003435	-0.003444	-0.003631
630	-0.003393	-0.003357	-0.003535
631	-0.00339	-0.003428	-0.003595
632	-0.003397	-0.00354	-0.003696
633	-0.003405	-0.003574	-0.003715
634	-0.003415	-0.003574	-0.003699
635	-0.003423	-0.003573	-0.003689
636	-0.00343	-0.00357	-0.003683
637	-0.003453	-0.003578	-0.003701
638	-0.003493	-0.003595	-0.003743
639	-0.003473	-0.003569	-0.003745
640	-0.003367	-0.003481	-0.003688
641	-0.003304	-0.00343	-0.003647
642	-0.003337	-0.003459	-0.003641
643	-0.003345	-0.003471	-0.003637
644	-0.003265	-0.003425	-0.003641
645	-0.003207	-0.003391	-0.003646
646	-0.003304	-0.003435	-0.003661
647	-0.003395	-0.003474	-0.003671
648	-0.003341	-0.003374	-0.00356
649	-0.003286	-0.003273	-0.003448
650	-0.003148	-0.003164	-0.003323
651	-0.003005	-0.003054	-0.003198
652	-0.002852	-0.002899	-0.003056
653	-0.002697	-0.002737	-0.002911
654	-0.002577	-0.002648	-0.002765
655	-0.002467	-0.002582	-0.002619
656	-0.002444	-0.00256	-0.002612
657	-0.002463	-0.00256	-0.002672
658	-0.002543	-0.00263	-0.002788
659	-0.002666	-0.00275	-0.002944
660	-0.0028	-0.002895	-0.003086
661	-0.002944	-0.003065	-0.003215
662	-0.003081	-0.0032	-0.003338
663	-0.003207	-0.003284	-0.003454
664	-0.003299	-0.003363	-0.003543
665	-0.003324	-0.00343	-0.003579
666	-0.003357	-0.003491	-0.003614
667	-0.003414	-0.00353	-0.003645
668	-0.003464	-0.003566	-0.003673
669	-0.003482	-0.00358	-0.003685
670	-0.003495	-0.00359	-0.003694
671	-0.003472	-0.00355	-0.003658
672	-0.003448	-0.003511	-0.003622
673	-0.00339	-0.003395	-0.003585
674	-0.003332	-0.00328	-0.003548
675	-0.00336	-0.00336	-0.003588
676	-0.003395	-0.003456	-0.003636
677	-0.00335	-0.003431	-0.003609
678	-0.00329	-0.003382	-0.003568
679	-0.003337	-0.00341	-0.003577
680	-0.003416	-0.003462	-0.003602
681	-0.003451	-0.003515	-0.00365
682	-0.003465	-0.003569	-0.003709
683	-0.003466	-0.003577	-0.003737
684	-0.003458	-0.003556	-0.003747
685	-0.003459	-0.003555	-0.003731
686	-0.003466	-0.003571	-0.003693
687	-0.003497	-0.003617	-0.003708
688	-0.003555	-0.0037	-0.003784
689	-0.003583	-0.003745	-0.003837
690	-0.003562	-0.003731	-0.003852
691	-0.003521	-0.003718	-0.003845
692	-0.003435	-0.003705	-0.003789
693	-0.003391	-0.003693	-0.003753
694	-0.003478	-0.003683	-0.003779
695	-0.003535	-0.00367	-0.003787
696	-0.003445	-0.003637	-0.003712
697	-0.003362	-0.003602	-0.003648
698	-0.003344	-0.003547	-0.00368
699	-0.003329	-0.003496	-0.003713
700	-0.003401	-0.003547	-0.00376
701	-0.003473	-0.003599	-0.003808
702	-0.003568	-0.00362	-0.003752
703	-0.003665	-0.003639	-0.003692
704	-0.003773	-0.003796	-0.003879
705	-0.003883	-0.003968	-0.004093
706	-0.003917	-0.004043	-0.004132
707	-0.003936	-0.004097	-0.004135
708	-0.003878	-0.004032	-0.004097
709	-0.003796	-0.003931	-0.004045
710	-0.00383	-0.004052	-0.00412
711	-0.003913	-0.004266	-0.004249
712	-0.004036	-0.004278	-0.004313
713	-0.004181	-0.004176	-0.00434
714	-0.004291	-0.004231	-0.004411
715	-0.004376	-0.004399	-0.004514
716	-0.004446	-0.004531	-0.004631
717	-0.004503	-0.004629	-0.00476
718	-0.004692	-0.004748	-0.004956
719	-0.005036	-0.00489	-0.005228
720	-0.005226	-0.005117	-0.005472
[LOG]
CHECKSUMÅ 