[HEADER]
Format	J&M ASCII Table
Comment	
Date	20/08/2026 14:49:13
Order	Y (evenX)
TechType	UV
NumPoints	411
FirstX	310
LastX	720
XType	nm
YType	Absorbance
ZType	s
NumSubFile	3
Matrix	Z vs X
[LOGIN]
Name=pcbob
[INSTRUMENT]
Name=TIDAS E Base UV/VI
Detector=MMS - ASPEN 97,5 kHz
Diodearray=256 Pixel
Serial#=36584
Calibrated=2011-07-01
Range=183.81-729.88 [nm] (F0)

SWVersion=v3.18.2 (build 0)[LOGIN]
Name=pcbob
[CONFIG]
ChannelName=Channel 1
ChannelType=Normalized
[PARAMETER]
It=330,00
Aver=5
Norm=3
Range=310,0-720,0 nm
Scan=Time
ScanTime=5,00 s
[TRIGGER]
Sweep=0
Scan=0
[DIO]
DigOut=0x0000
DigIn=0x0000
[DATA]
	00:00:00,000	00:00:01,650	00:00:03,300
310	0.97842	0.977691	0.976881
311	0.961652	0.961008	0.960156
312	0.945284	0.94468	0.943784
313	0.929177	0.928489	0.927605
314	0.91343	0.912488	0.911694
315	0.897613	0.896481	0.895745
316	0.881576	0.880455	0.879674
317	0.86556	0.864457	0.86363
318	0.849836	0.848878	0.84799
319	0.834113	0.833298	0.83235
320	0.818353	0.817428	0.816537
321	0.802588	0.801519	0.800701
322	0.786629	0.785507	0.784764
323	0.77059	0.769451	0.768785
324	0.754513	0.75343	0.752775
325	0.738403	0.73744	0.736736
326	0.722265	0.721384	0.720617
327	0.706076	0.705207	0.704351
328	0.689873	0.689013	0.688093
329	0.673604	0.672731	0.671872
330	0.657335	0.65645	0.655651
331	0.641321	0.640416	0.63967
332	0.625306	0.624383	0.623689
333	0.609327	0.608525	0.607774
334	0.593356	0.592705	0.591874
335	0.577802	0.577149	0.576356
336	0.562474	0.561737	0.561045
337	0.547424	0.546693	0.546044
338	0.532684	0.53206	0.531387
339	0.518173	0.517618	0.516933
340	0.5042	0.50363	0.502955
341	0.490316	0.48973	0.489066
342	0.477062	0.476472	0.475815
343	0.463807	0.463213	0.462563
344	0.451446	0.450868	0.450269
345	0.439134	0.438573	0.438027
346	0.427503	0.426997	0.426468
347	0.416071	0.415631	0.415109
348	0.40512	0.404708	0.404242
349	0.394493	0.394082	0.393704
350	0.384248	0.383847	0.383525
351	0.374521	0.37414	0.373833
352	0.364953	0.364576	0.364282
353	0.355861	0.355438	0.355155
354	0.346802	0.346339	0.346065
355	0.338136	0.337691	0.337428
356	0.32947	0.329044	0.32879
357	0.321465	0.321035	0.320784
358	0.313529	0.313093	0.312844
359	0.305971	0.305561	0.305273
360	0.298551	0.298178	0.297837
361	0.291286	0.290896	0.290567
362	0.284142	0.283693	0.283427
363	0.277151	0.276703	0.276471
364	0.270398	0.270051	0.269806
365	0.263758	0.263482	0.263231
366	0.257526	0.257218	0.256984
367	0.251308	0.250968	0.250751
368	0.245385	0.245002	0.244823
369	0.239463	0.239037	0.238894
370	0.233684	0.233262	0.233105
371	0.227925	0.227515	0.227336
372	0.222315	0.22191	0.221665
373	0.216767	0.216364	0.216037
374	0.211335	0.210927	0.210574
375	0.206005	0.205584	0.205259
376	0.200739	0.200318	0.200026
377	0.195586	0.195186	0.194939
378	0.190451	0.190069	0.189855
379	0.185392	0.185011	0.184787
380	0.180336	0.179957	0.179723
381	0.175449	0.1751	0.17485
382	0.170562	0.170243	0.169977
383	0.165846	0.165455	0.16523
384	0.16116	0.16068	0.160506
385	0.156609	0.156156	0.155968
386	0.15212	0.151747	0.151516
387	0.147846	0.147487	0.147229
388	0.143774	0.143367	0.143098
389	0.139682	0.139241	0.138969
390	0.13555	0.135103	0.134845
391	0.131493	0.13104	0.130792
392	0.127777	0.127316	0.127059
393	0.124067	0.123597	0.123332
394	0.120721	0.12023	0.119995
395	0.117375	0.116864	0.116658
396	0.114072	0.113584	0.113386
397	0.110777	0.11032	0.110127
398	0.107675	0.107195	0.10698
399	0.104664	0.104135	0.103887
400	0.101681	0.101133	0.100878
401	0.098726	0.098186	0.097948
402	0.095882	0.095348	0.09512
403	0.093249	0.092716	0.09248
404	0.090625	0.090103	0.089861
405	0.088047	0.087572	0.087337
406	0.08547	0.085042	0.084811
407	0.082992	0.082494	0.082239
408	0.080514	0.079946	0.079666
409	0.078094	0.077451	0.077187
410	0.075684	0.074966	0.074724
411	0.073335	0.072612	0.072352
412	0.071013	0.070316	0.070019
413	0.068698	0.068025	0.067726
414	0.066391	0.065739	0.065466
415	0.064159	0.063497	0.063246
416	0.062058	0.061329	0.061094
417	0.059927	0.059142	0.058922
418	0.057679	0.056877	0.05667
419	0.055433	0.054618	0.054422
420	0.053231	0.052499	0.052272
421	0.051028	0.05038	0.050123
422	0.04911	0.048419	0.048135
423	0.047233	0.046481	0.046171
424	0.0454	0.044646	0.044313
425	0.043586	0.042853	0.042496
426	0.041696	0.040961	0.040619
427	0.039743	0.03899	0.038692
428	0.037828	0.037032	0.036758
429	0.035969	0.035093	0.034812
430	0.034141	0.03321	0.032921
431	0.032411	0.031506	0.03121
432	0.030688	0.029809	0.029504
433	0.029058	0.028184	0.027874
434	0.027428	0.026559	0.026244
435	0.025865	0.024965	0.024672
436	0.024309	0.023373	0.023105
437	0.022739	0.021783	0.021488
438	0.021164	0.020192	0.019854
439	0.019583	0.018629	0.018262
440	0.017999	0.017084	0.0167
441	0.016508	0.01559	0.015212
442	0.015136	0.014162	0.013821
443	0.013737	0.012733	0.012423
444	0.012269	0.011302	0.011008
445	0.010821	0.009883	0.0096
446	0.009504	0.008546	0.008237
447	0.008188	0.007209	0.006873
448	0.006865	0.005864	0.005544
449	0.005543	0.004519	0.004215
450	0.00422	0.003184	0.002891
451	0.002898	0.001853	0.001568
452	0.001647	0.000605	0.00029
453	0.000434	-0.000599	-0.000965
454	-0.00075	-0.001788	-0.002165
455	-0.001906	-0.002961	-0.003311
456	-0.003031	-0.004104	-0.004426
457	-0.004099	-0.00519	-0.005486
458	-0.005164	-0.006266	-0.006547
459	-0.006213	-0.007299	-0.007617
460	-0.007259	-0.008333	-0.008687
461	-0.008265	-0.009364	-0.009723
462	-0.00927	-0.010395	-0.010759
463	-0.010225	-0.01136	-0.011693
464	-0.011173	-0.012317	-0.012615
465	-0.012138	-0.013268	-0.013587
466	-0.013109	-0.014218	-0.014577
467	-0.014078	-0.015183	-0.015559
468	-0.015044	-0.016159	-0.016534
469	-0.016021	-0.017158	-0.017561
470	-0.01701	-0.018184	-0.018657
471	-0.017993	-0.019201	-0.019706
472	-0.018959	-0.020191	-0.020635
473	-0.01993	-0.021177	-0.021566
474	-0.020933	-0.022125	-0.022505
475	-0.021937	-0.023074	-0.023444
476	-0.022788	-0.024014	-0.024376
477	-0.023636	-0.024954	-0.025307
478	-0.024544	-0.025863	-0.026221
479	-0.025464	-0.026767	-0.027131
480	-0.026464	-0.0277	-0.028086
481	-0.027502	-0.028648	-0.029062
482	-0.028449	-0.029565	-0.029975
483	-0.029317	-0.030456	-0.030834
484	-0.030118	-0.031264	-0.031613
485	-0.030813	-0.031943	-0.032265
486	-0.031497	-0.032606	-0.032924
487	-0.032143	-0.033222	-0.0336
488	-0.032783	-0.033838	-0.034273
489	-0.033358	-0.034463	-0.034912
490	-0.033933	-0.035089	-0.03555
491	-0.034618	-0.035793	-0.036251
492	-0.035309	-0.036503	-0.036956
493	-0.035968	-0.037144	-0.037593
494	-0.03662	-0.037768	-0.038213
495	-0.037208	-0.0384	-0.038843
496	-0.037763	-0.039035	-0.039478
497	-0.038361	-0.039666	-0.040114
498	-0.039001	-0.040293	-0.04075
499	-0.039622	-0.040901	-0.041374
500	-0.04021	-0.041477	-0.041977
501	-0.040781	-0.042045	-0.042554
502	-0.041292	-0.04258	-0.043043
503	-0.04181	-0.043121	-0.043541
504	-0.042407	-0.043717	-0.044141
505	-0.043004	-0.044312	-0.044741
506	-0.043634	-0.044959	-0.045378
507	-0.044267	-0.045608	-0.046017
508	-0.044816	-0.046203	-0.046621
509	-0.045344	-0.046786	-0.047218
510	-0.045936	-0.047374	-0.047801
511	-0.046559	-0.047964	-0.048378
512	-0.047131	-0.048523	-0.04892
513	-0.047656	-0.049052	-0.049429
514	-0.048178	-0.049567	-0.049963
515	-0.048695	-0.050062	-0.050536
516	-0.049199	-0.050549	-0.05107
517	-0.049661	-0.051012	-0.051483
518	-0.050121	-0.051472	-0.051901
519	-0.05057	-0.051913	-0.052373
520	-0.051019	-0.052354	-0.052845
521	-0.051504	-0.052859	-0.053305
522	-0.051989	-0.053366	-0.053764
523	-0.052445	-0.053832	-0.054255
524	-0.052895	-0.05429	-0.054753
525	-0.053333	-0.054712	-0.055168
526	-0.053764	-0.055118	-0.055547
527	-0.054176	-0.055525	-0.055971
528	-0.054573	-0.055934	-0.056431
529	-0.054955	-0.056324	-0.056859
530	-0.055318	-0.056689	-0.057246
531	-0.055675	-0.05705	-0.057605
532	-0.056019	-0.057403	-0.057898
533	-0.056361	-0.057748	-0.058198
534	-0.056686	-0.058055	-0.05853
535	-0.057014	-0.058364	-0.058864
536	-0.05744	-0.058808	-0.059262
537	-0.057866	-0.059252	-0.059661
538	-0.058235	-0.059631	-0.06005
539	-0.058597	-0.060002	-0.060438
540	-0.058894	-0.060279	-0.060745
541	-0.05917	-0.060528	-0.061027
542	-0.059447	-0.060816	-0.061315
543	-0.059726	-0.061129	-0.061608
544	-0.060054	-0.061462	-0.061925
545	-0.060432	-0.061814	-0.062265
546	-0.060789	-0.062169	-0.062607
547	-0.061113	-0.062528	-0.062952
548	-0.06143	-0.062858	-0.06327
549	-0.061728	-0.063095	-0.063504
550	-0.062024	-0.063346	-0.063748
551	-0.062301	-0.0637	-0.064064
552	-0.062579	-0.064054	-0.06438
553	-0.062877	-0.064325	-0.064681
554	-0.063176	-0.064594	-0.064983
555	-0.063436	-0.064804	-0.065211
556	-0.063688	-0.065004	-0.065427
557	-0.063926	-0.065242	-0.065666
558	-0.064159	-0.065495	-0.065913
559	-0.064448	-0.065804	-0.066205
560	-0.064774	-0.06615	-0.066526
561	-0.065096	-0.066468	-0.066846
562	-0.065415	-0.066754	-0.067165
563	-0.065733	-0.067056	-0.067474
564	-0.066049	-0.067384	-0.067763
565	-0.066358	-0.067686	-0.068044
566	-0.066641	-0.067903	-0.068293
567	-0.066929	-0.068135	-0.068547
568	-0.067256	-0.068472	-0.068837
569	-0.067584	-0.068809	-0.069126
570	-0.067855	-0.069028	-0.069357
571	-0.068126	-0.069247	-0.069588
572	-0.068437	-0.069516	-0.069864
573	-0.068755	-0.069791	-0.070148
574	-0.069033	-0.070058	-0.070404
575	-0.069299	-0.070322	-0.070652
576	-0.069577	-0.070591	-0.070904
577	-0.069863	-0.070861	-0.07116
578	-0.070113	-0.071097	-0.071396
579	-0.070329	-0.071299	-0.071615
580	-0.07055	-0.071508	-0.071838
581	-0.070778	-0.071725	-0.07207
582	-0.071023	-0.071965	-0.072306
583	-0.071311	-0.072262	-0.072556
584	-0.071591	-0.072553	-0.072812
585	-0.071827	-0.072809	-0.073098
586	-0.072062	-0.073063	-0.073382
587	-0.0723	-0.073286	-0.073616
588	-0.072537	-0.073509	-0.07385
589	-0.072753	-0.073712	-0.074083
590	-0.072967	-0.073913	-0.074316
591	-0.07321	-0.074198	-0.074568
592	-0.073459	-0.074503	-0.074825
593	-0.073712	-0.074768	-0.075081
594	-0.073966	-0.075016	-0.075336
595	-0.074291	-0.075333	-0.075661
596	-0.074665	-0.075698	-0.076035
597	-0.075046	-0.076082	-0.076408
598	-0.075433	-0.076486	-0.07678
599	-0.075783	-0.076855	-0.07713
600	-0.076071	-0.077165	-0.07744
601	-0.076314	-0.077416	-0.077701
602	-0.076424	-0.077497	-0.077819
603	-0.076516	-0.077561	-0.077912
604	-0.076495	-0.077526	-0.077856
605	-0.076471	-0.077489	-0.077798
606	-0.076352	-0.077428	-0.077718
607	-0.076233	-0.077366	-0.077638
608	-0.0762	-0.077322	-0.07766
609	-0.076173	-0.07728	-0.077689
610	-0.076137	-0.077228	-0.077609
611	-0.0761	-0.077174	-0.077505
612	-0.076155	-0.077245	-0.077581
613	-0.076247	-0.077364	-0.077727
614	-0.076323	-0.077421	-0.077804
615	-0.07639	-0.077438	-0.077835
616	-0.076451	-0.077518	-0.077898
617	-0.076507	-0.077659	-0.077994
618	-0.076624	-0.077812	-0.078138
619	-0.076835	-0.077982	-0.078356
620	-0.077023	-0.078148	-0.078546
621	-0.077159	-0.078302	-0.078674
622	-0.077273	-0.078434	-0.078791
623	-0.077296	-0.078477	-0.078864
624	-0.07734	-0.078535	-0.078946
625	-0.077586	-0.07875	-0.079122
626	-0.077833	-0.078964	-0.079299
627	-0.077928	-0.079091	-0.079446
628	-0.078021	-0.079218	-0.079593
629	-0.07804	-0.079264	-0.079675
630	-0.07805	-0.079301	-0.079749
631	-0.078135	-0.079389	-0.079829
632	-0.07824	-0.079489	-0.079909
633	-0.078374	-0.079637	-0.080025
634	-0.078522	-0.079804	-0.080156
635	-0.078664	-0.079945	-0.080266
636	-0.078802	-0.080068	-0.080361
637	-0.078929	-0.080188	-0.0805
638	-0.079046	-0.080303	-0.080683
639	-0.079161	-0.080402	-0.080829
640	-0.079273	-0.080476	-0.080923
641	-0.079366	-0.080564	-0.081017
642	-0.079414	-0.080685	-0.08111
643	-0.079479	-0.080799	-0.0812
644	-0.079599	-0.080884	-0.081279
645	-0.079729	-0.080985	-0.081377
646	-0.079925	-0.081186	-0.081611
647	-0.080125	-0.081391	-0.081844
648	-0.080419	-0.081692	-0.082066
649	-0.080714	-0.081993	-0.082289
650	-0.081117	-0.082317	-0.082634
651	-0.081528	-0.082642	-0.082987
652	-0.081819	-0.082829	-0.083153
653	-0.082088	-0.082993	-0.083287
654	-0.082231	-0.083087	-0.08337
655	-0.082335	-0.083158	-0.083437
656	-0.082484	-0.0833	-0.083588
657	-0.082654	-0.083476	-0.08378
658	-0.082867	-0.083704	-0.084016
659	-0.08311	-0.08397	-0.084283
660	-0.08333	-0.084237	-0.084543
661	-0.083526	-0.084505	-0.084797
662	-0.083591	-0.084631	-0.084926
663	-0.083469	-0.084557	-0.084881
664	-0.083316	-0.084451	-0.084794
665	-0.083098	-0.084275	-0.084622
666	-0.082914	-0.084125	-0.084482
667	-0.082834	-0.084048	-0.084438
668	-0.082777	-0.083998	-0.084413
669	-0.082841	-0.084081	-0.08449
670	-0.082916	-0.084168	-0.084569
671	-0.083115	-0.084307	-0.084666
672	-0.083313	-0.084446	-0.084763
673	-0.083325	-0.084489	-0.084914
674	-0.083336	-0.084531	-0.085065
675	-0.083528	-0.084754	-0.085205
676	-0.083736	-0.084991	-0.085344
677	-0.08386	-0.085157	-0.085469
678	-0.083969	-0.085308	-0.085591
679	-0.0842	-0.085458	-0.085775
680	-0.084469	-0.085607	-0.085979
681	-0.084763	-0.085871	-0.08626
682	-0.085068	-0.086187	-0.086576
683	-0.085347	-0.086503	-0.086853
684	-0.08561	-0.086818	-0.087105
685	-0.085904	-0.087096	-0.087404
686	-0.086226	-0.08734	-0.087744
687	-0.08652	-0.087622	-0.088077
688	-0.086782	-0.087949	-0.088403
689	-0.087043	-0.088269	-0.088683
690	-0.087303	-0.088579	-0.088889
691	-0.08757	-0.088865	-0.089129
692	-0.087853	-0.089096	-0.089446
693	-0.088178	-0.089377	-0.089781
694	-0.08863	-0.089814	-0.090173
695	-0.089053	-0.090233	-0.090556
696	-0.089338	-0.090562	-0.090892
697	-0.08963	-0.090885	-0.091232
698	-0.089994	-0.091161	-0.091609
699	-0.090361	-0.091441	-0.091984
700	-0.090794	-0.091876	-0.09229
701	-0.091227	-0.09231	-0.092596
702	-0.091503	-0.092684	-0.092965
703	-0.091774	-0.093055	-0.093336
704	-0.092212	-0.093371	-0.093695
705	-0.092669	-0.09368	-0.094052
706	-0.093174	-0.094309	-0.094612
707	-0.093689	-0.095002	-0.095213
708	-0.093901	-0.095258	-0.095468
709	-0.094022	-0.095381	-0.095617
710	-0.094509	-0.09582	-0.096069
711	-0.095149	-0.096391	-0.096648
712	-0.095812	-0.096999	-0.097255
713	-0.096489	-0.097626	-0.097878
714	-0.096922	-0.098034	-0.098275
715	-0.097178	-0.098283	-0.09851
716	-0.097604	-0.09875	-0.099035
717	-0.098189	-0.099419	-0.099828
718	-0.09872	-0.099992	-0.10041
719	-0.099188	-0.100453	-0.100743
720	-0.099838	-0.101129	-0.101313
[LOG]
CHECKSUM¡