[HEADER]
Format	J&M ASCII Table
Comment	
Date	20/08/2026 15:14:46
Order	Y (evenX)
TechType	UV
NumPoints	411
FirstX	310
LastX	720
XType	nm
YType	Absorbance
ZType	s
NumSubFile	3
Matrix	Z vs X
[LOGIN]
Name=pcbob
[INSTRUMENT]
Name=TIDAS E Base UV/VI
Detector=MMS - ASPEN 97,5 kHz
Diodearray=256 Pixel
Serial#=36584
Calibrated=2011-07-01
Range=183.81-729.88 [nm] (F0)

SWVersion=v3.18.2 (build 0)[LOGIN]
Name=pcbob
[CONFIG]
ChannelName=Channel 1
ChannelType=Normalized
[PARAMETER]
It=330,00
Aver=5
Norm=3
Range=310,0-720,0 nm
Scan=Time
ScanTime=5,00 s
[TRIGGER]
Sweep=0
Scan=0
[DIO]
DigOut=0x0000
DigIn=0x0000
[DATA]
	00:00:00,000	00:00:01,650	00:00:03,300
310	0.832329	0.832049	0.83215
311	0.815271	0.815045	0.815058
312	0.798735	0.798625	0.798467
313	0.782654	0.78258	0.782313
314	0.767202	0.767055	0.766767
315	0.751886	0.751683	0.751407
316	0.736996	0.736792	0.736635
317	0.722152	0.721944	0.721896
318	0.707973	0.707729	0.70765
319	0.693795	0.693515	0.693403
320	0.680193	0.679916	0.679799
321	0.666666	0.666396	0.666278
322	0.653276	0.653064	0.652894
323	0.639942	0.63981	0.639566
324	0.626826	0.626712	0.626417
325	0.613901	0.613753	0.613426
326	0.601095	0.600909	0.600595
327	0.588507	0.588273	0.588059
328	0.575974	0.575709	0.575573
329	0.563701	0.563483	0.56332
330	0.551428	0.551257	0.551067
331	0.539662	0.539507	0.53932
332	0.527895	0.527757	0.527574
333	0.516403	0.5163	0.516038
334	0.504968	0.504905	0.504547
335	0.493875	0.493808	0.493477
336	0.482968	0.482873	0.482636
337	0.472313	0.472177	0.472017
338	0.461939	0.461747	0.461646
339	0.451697	0.451486	0.451414
340	0.441769	0.441622	0.441509
341	0.431887	0.431803	0.431642
342	0.422333	0.422299	0.422057
343	0.412778	0.412796	0.412471
344	0.403746	0.403723	0.40346
345	0.394743	0.394675	0.394481
346	0.386048	0.385966	0.385817
347	0.377444	0.377358	0.377246
348	0.368999	0.36897	0.368907
349	0.360661	0.360728	0.360724
350	0.352505	0.352618	0.352615
351	0.344598	0.344683	0.344608
352	0.336821	0.33688	0.336754
353	0.32943	0.329468	0.329356
354	0.322064	0.322079	0.321983
355	0.314991	0.31497	0.314908
356	0.307918	0.307862	0.307833
357	0.301193	0.301131	0.301112
358	0.294504	0.294439	0.294429
359	0.288019	0.288031	0.287973
360	0.281609	0.281726	0.2816
361	0.275322	0.275448	0.275285
362	0.269133	0.26919	0.269014
363	0.263039	0.263051	0.262889
364	0.257096	0.257101	0.256995
365	0.251255	0.251262	0.251192
366	0.245788	0.245828	0.245721
367	0.240325	0.240396	0.240254
368	0.234925	0.235006	0.234873
369	0.229525	0.229616	0.229492
370	0.224395	0.224454	0.224296
371	0.219304	0.219326	0.219127
372	0.214265	0.214324	0.214101
373	0.20925	0.209376	0.209136
374	0.204364	0.204521	0.204296
375	0.199594	0.199748	0.199567
376	0.1949	0.19505	0.194896
377	0.190343	0.190485	0.190326
378	0.18581	0.185948	0.185787
379	0.181384	0.181531	0.181375
380	0.176963	0.177117	0.176968
381	0.17275	0.172859	0.172717
382	0.168538	0.168601	0.168466
383	0.164354	0.16444	0.164333
384	0.160175	0.160297	0.16022
385	0.156164	0.156335	0.156219
386	0.152231	0.152457	0.15227
387	0.148434	0.148673	0.148475
388	0.144764	0.144979	0.144825
389	0.141025	0.141228	0.141108
390	0.137158	0.137371	0.137269
391	0.13337	0.133585	0.133491
392	0.12994	0.130126	0.129989
393	0.126513	0.126669	0.126492
394	0.123291	0.123468	0.123289
395	0.120068	0.120267	0.120087
396	0.116768	0.117001	0.116778
397	0.113455	0.113723	0.113448
398	0.110325	0.110596	0.110344
399	0.10728	0.107541	0.107345
400	0.104284	0.104573	0.104395
401	0.101333	0.101688	0.10149
402	0.098458	0.098853	0.098653
403	0.095725	0.09611	0.09594
404	0.093022	0.093391	0.093242
405	0.090457	0.090777	0.09061
406	0.08789	0.088164	0.087978
407	0.085236	0.085591	0.085367
408	0.082582	0.083019	0.082756
409	0.079994	0.080409	0.080147
410	0.077418	0.077793	0.077537
411	0.074923	0.075275	0.075014
412	0.072465	0.0728	0.072529
413	0.069995	0.070344	0.070088
414	0.067514	0.067904	0.067687
415	0.065115	0.065518	0.065324
416	0.062862	0.063227	0.063025
417	0.060559	0.060918	0.0607
418	0.058062	0.058533	0.058264
419	0.055574	0.056151	0.055834
420	0.053303	0.05383	0.053527
421	0.051032	0.051508	0.05122
422	0.048932	0.049422	0.049131
423	0.046856	0.04737	0.047072
424	0.0449	0.045412	0.045091
425	0.042993	0.043491	0.043141
426	0.040995	0.041486	0.041153
427	0.038924	0.039414	0.039133
428	0.036859	0.037368	0.0371
429	0.034803	0.035364	0.035047
430	0.03281	0.033406	0.033055
431	0.031024	0.031599	0.031268
432	0.029243	0.0298	0.029486
433	0.027512	0.028116	0.027779
434	0.025782	0.026432	0.026071
435	0.024119	0.02477	0.024397
436	0.022462	0.023109	0.022727
437	0.020755	0.021378	0.021027
438	0.019032	0.019623	0.019319
439	0.017318	0.017951	0.017608
440	0.015611	0.016333	0.015894
441	0.013993	0.014739	0.014285
442	0.012488	0.013175	0.01281
443	0.010979	0.011621	0.011308
444	0.009461	0.010095	0.009737
445	0.007952	0.008583	0.008187
446	0.006514	0.007171	0.006777
447	0.005075	0.005759	0.005367
448	0.003621	0.004338	0.003934
449	0.002166	0.002918	0.002501
450	0.000775	0.001484	0.001117
451	-0.000601	0.000047	-0.000255
452	-0.001941	-0.001288	-0.001602
453	-0.003262	-0.002571	-0.002935
454	-0.004561	-0.00385	-0.004241
455	-0.005839	-0.005125	-0.00552
456	-0.007068	-0.006341	-0.006746
457	-0.008205	-0.007446	-0.007873
458	-0.009335	-0.008551	-0.008991
459	-0.010437	-0.009656	-0.010079
460	-0.011536	-0.01076	-0.011166
461	-0.012577	-0.011847	-0.012238
462	-0.013618	-0.012934	-0.013309
463	-0.014621	-0.013929	-0.014303
464	-0.01562	-0.014912	-0.015288
465	-0.01666	-0.015911	-0.016294
466	-0.017715	-0.016915	-0.017309
467	-0.018716	-0.017893	-0.018299
468	-0.019678	-0.018851	-0.019273
469	-0.020687	-0.019846	-0.020277
470	-0.021757	-0.020887	-0.021323
471	-0.022817	-0.02194	-0.02237
472	-0.02385	-0.023023	-0.023421
473	-0.024881	-0.024095	-0.024468
474	-0.025905	-0.025097	-0.025498
475	-0.026928	-0.026099	-0.026528
476	-0.02796	-0.027144	-0.027528
477	-0.028991	-0.02819	-0.028527
478	-0.030022	-0.029217	-0.029567
479	-0.031054	-0.030239	-0.030614
480	-0.032108	-0.031293	-0.03169
481	-0.033174	-0.032362	-0.032779
482	-0.034248	-0.033442	-0.033855
483	-0.035327	-0.034533	-0.034922
484	-0.03627	-0.035487	-0.03586
485	-0.036997	-0.036226	-0.036596
486	-0.037711	-0.036944	-0.037319
487	-0.038385	-0.037599	-0.038003
488	-0.039052	-0.038241	-0.038673
489	-0.039657	-0.038762	-0.039223
490	-0.040261	-0.039282	-0.039772
491	-0.040986	-0.040015	-0.040506
492	-0.041718	-0.040759	-0.041249
493	-0.042336	-0.041411	-0.041888
494	-0.042927	-0.04204	-0.042501
495	-0.04352	-0.042623	-0.043097
496	-0.044114	-0.043181	-0.043686
497	-0.044737	-0.043804	-0.044302
498	-0.045387	-0.044488	-0.044946
499	-0.046016	-0.045149	-0.045574
500	-0.046608	-0.045772	-0.046177
501	-0.047211	-0.046385	-0.046782
502	-0.047851	-0.04697	-0.047395
503	-0.048487	-0.047556	-0.048006
504	-0.049088	-0.048157	-0.0486
505	-0.049689	-0.048759	-0.049194
506	-0.050344	-0.049366	-0.049855
507	-0.051002	-0.049973	-0.05052
508	-0.051618	-0.050608	-0.051147
509	-0.052225	-0.05125	-0.051765
510	-0.052832	-0.051836	-0.052382
511	-0.053438	-0.052394	-0.052999
512	-0.054031	-0.052965	-0.053585
513	-0.05461	-0.053548	-0.054142
514	-0.055167	-0.054114	-0.054686
515	-0.055686	-0.054651	-0.05521
516	-0.056201	-0.055179	-0.055729
517	-0.056702	-0.05568	-0.056232
518	-0.057204	-0.056181	-0.056732
519	-0.057714	-0.056686	-0.057211
520	-0.058223	-0.057191	-0.057691
521	-0.05873	-0.057692	-0.058237
522	-0.059236	-0.058192	-0.058784
523	-0.059751	-0.05872	-0.059305
524	-0.060267	-0.059253	-0.059821
525	-0.060751	-0.05972	-0.060284
526	-0.061222	-0.060158	-0.060724
527	-0.061674	-0.060619	-0.06118
528	-0.062112	-0.061097	-0.061647
529	-0.062534	-0.061529	-0.062079
530	-0.062933	-0.061897	-0.062461
531	-0.063327	-0.062278	-0.062844
532	-0.063708	-0.062688	-0.063226
533	-0.06409	-0.063094	-0.063603
534	-0.064469	-0.063474	-0.063951
535	-0.06485	-0.063855	-0.0643
536	-0.065271	-0.064241	-0.064726
537	-0.065692	-0.064626	-0.065152
538	-0.066032	-0.065008	-0.065533
539	-0.066362	-0.06539	-0.065908
540	-0.06668	-0.0657	-0.066239
541	-0.066995	-0.065987	-0.066556
542	-0.067305	-0.06629	-0.066869
543	-0.067614	-0.066603	-0.06718
544	-0.067966	-0.066961	-0.067521
545	-0.06836	-0.067363	-0.067893
546	-0.068726	-0.067746	-0.068254
547	-0.069043	-0.068096	-0.068596
548	-0.069365	-0.06843	-0.06892
549	-0.069698	-0.068719	-0.069188
550	-0.070031	-0.069014	-0.069466
551	-0.070361	-0.069366	-0.069819
552	-0.070691	-0.069718	-0.070172
553	-0.071017	-0.070041	-0.070496
554	-0.071342	-0.070363	-0.07082
555	-0.071595	-0.070622	-0.071112
556	-0.071836	-0.07087	-0.071398
557	-0.072129	-0.071124	-0.071689
558	-0.072441	-0.07138	-0.071982
559	-0.072787	-0.071736	-0.072312
560	-0.073156	-0.072156	-0.072666
561	-0.073488	-0.07251	-0.072999
562	-0.073782	-0.072796	-0.073309
563	-0.074112	-0.073119	-0.073637
564	-0.074508	-0.07351	-0.073998
565	-0.074883	-0.073885	-0.074359
566	-0.075188	-0.074211	-0.07472
567	-0.075501	-0.074547	-0.075083
568	-0.075867	-0.074957	-0.075462
569	-0.076233	-0.075368	-0.075841
570	-0.076535	-0.075692	-0.076112
571	-0.076836	-0.076016	-0.076382
572	-0.077181	-0.076377	-0.076751
573	-0.077532	-0.076744	-0.077135
574	-0.077845	-0.077077	-0.077471
575	-0.078145	-0.077398	-0.07779
576	-0.078444	-0.077709	-0.078093
577	-0.078744	-0.078015	-0.078387
578	-0.079008	-0.078276	-0.078649
579	-0.079239	-0.078494	-0.078881
580	-0.07946	-0.07872	-0.079105
581	-0.079665	-0.078956	-0.079316
582	-0.079888	-0.079202	-0.079544
583	-0.080159	-0.079477	-0.079817
584	-0.080433	-0.079748	-0.080089
585	-0.080719	-0.080005	-0.080357
586	-0.081001	-0.080258	-0.080623
587	-0.081194	-0.08044	-0.080821
588	-0.081388	-0.080622	-0.081018
589	-0.081594	-0.080836	-0.081224
590	-0.0818	-0.081053	-0.081431
591	-0.082064	-0.081311	-0.081693
592	-0.08234	-0.081578	-0.081968
593	-0.082562	-0.08181	-0.08219
594	-0.082761	-0.082025	-0.082388
595	-0.083085	-0.082338	-0.082699
596	-0.083496	-0.082718	-0.083088
597	-0.083916	-0.083102	-0.083486
598	-0.084346	-0.083492	-0.083894
599	-0.084744	-0.083869	-0.08428
600	-0.085088	-0.084225	-0.084629
601	-0.085368	-0.08452	-0.084911
602	-0.085465	-0.084636	-0.084996
603	-0.085542	-0.084736	-0.085071
604	-0.085508	-0.08474	-0.085085
605	-0.085471	-0.084739	-0.085094
606	-0.0854	-0.084616	-0.084995
607	-0.085328	-0.084492	-0.084896
608	-0.085299	-0.084463	-0.084863
609	-0.085273	-0.08444	-0.084835
610	-0.085281	-0.084453	-0.084824
611	-0.085295	-0.084473	-0.084817
612	-0.085348	-0.084527	-0.084875
613	-0.085416	-0.084596	-0.08496
614	-0.085505	-0.084677	-0.085063
615	-0.085608	-0.084766	-0.085177
616	-0.085706	-0.084844	-0.08528
617	-0.085797	-0.084914	-0.085372
618	-0.085944	-0.085059	-0.08553
619	-0.086172	-0.085317	-0.085788
620	-0.086378	-0.085539	-0.086
621	-0.086534	-0.085672	-0.086104
622	-0.086678	-0.085803	-0.086202
623	-0.086778	-0.085919	-0.086274
624	-0.086889	-0.086037	-0.086361
625	-0.087111	-0.086167	-0.086588
626	-0.087334	-0.086298	-0.086814
627	-0.087422	-0.086421	-0.086918
628	-0.087509	-0.086545	-0.087022
629	-0.087563	-0.086601	-0.087098
630	-0.087612	-0.08665	-0.087171
631	-0.087764	-0.086776	-0.087287
632	-0.087941	-0.086921	-0.087414
633	-0.088058	-0.087056	-0.087553
634	-0.088147	-0.087185	-0.087697
635	-0.088268	-0.087351	-0.087818
636	-0.08841	-0.087542	-0.087923
637	-0.08856	-0.087698	-0.088069
638	-0.088717	-0.087819	-0.088256
639	-0.088837	-0.087912	-0.088397
640	-0.088906	-0.087966	-0.088472
641	-0.089011	-0.088058	-0.088571
642	-0.089198	-0.088231	-0.088724
643	-0.089359	-0.088382	-0.088864
644	-0.089429	-0.088456	-0.08896
645	-0.089512	-0.088544	-0.089064
646	-0.089681	-0.088734	-0.089217
647	-0.089852	-0.088928	-0.089376
648	-0.090119	-0.089215	-0.08967
649	-0.090386	-0.089502	-0.089965
650	-0.090817	-0.08993	-0.090391
651	-0.091258	-0.090367	-0.090825
652	-0.091587	-0.090774	-0.091185
653	-0.091897	-0.091175	-0.091531
654	-0.092074	-0.091419	-0.091758
655	-0.09221	-0.091615	-0.091946
656	-0.092367	-0.091774	-0.092104
657	-0.092533	-0.091916	-0.092247
658	-0.092741	-0.092107	-0.092432
659	-0.092979	-0.092331	-0.092647
660	-0.09314	-0.092469	-0.092806
661	-0.093224	-0.092521	-0.092911
662	-0.093255	-0.092496	-0.092933
663	-0.093211	-0.09236	-0.092839
664	-0.093121	-0.092216	-0.092704
665	-0.092934	-0.092053	-0.092486
666	-0.092802	-0.091912	-0.092315
667	-0.092838	-0.091838	-0.092286
668	-0.092862	-0.091783	-0.092269
669	-0.092821	-0.091829	-0.092318
670	-0.092794	-0.091884	-0.09237
671	-0.09293	-0.092047	-0.092443
672	-0.093065	-0.092211	-0.092517
673	-0.093186	-0.092291	-0.09269
674	-0.093307	-0.092372	-0.092863
675	-0.093558	-0.092591	-0.093105
676	-0.09382	-0.092822	-0.093353
677	-0.093995	-0.093034	-0.093502
678	-0.094153	-0.093242	-0.093631
679	-0.094387	-0.093461	-0.093901
680	-0.094644	-0.093684	-0.094215
681	-0.094962	-0.093962	-0.094503
682	-0.095308	-0.094266	-0.094779
683	-0.095624	-0.094594	-0.095059
684	-0.09592	-0.094938	-0.095342
685	-0.096228	-0.095255	-0.095677
686	-0.096544	-0.09555	-0.096057
687	-0.096854	-0.095842	-0.096409
688	-0.097156	-0.096131	-0.096727
689	-0.097448	-0.096438	-0.097021
690	-0.097722	-0.096771	-0.097277
691	-0.097996	-0.097083	-0.097533
692	-0.098269	-0.097351	-0.097791
693	-0.098566	-0.097648	-0.098091
694	-0.098938	-0.098044	-0.098523
695	-0.099326	-0.098437	-0.098959
696	-0.099793	-0.098824	-0.099423
697	-0.100234	-0.099202	-0.099857
698	-0.100435	-0.099502	-0.100037
699	-0.100644	-0.099806	-0.100226
700	-0.101127	-0.10022	-0.100684
701	-0.101609	-0.100634	-0.101142
702	-0.101966	-0.101055	-0.101543
703	-0.102319	-0.101476	-0.101941
704	-0.102677	-0.101913	-0.102279
705	-0.103035	-0.102353	-0.10261
706	-0.103688	-0.102952	-0.103182
707	-0.104401	-0.103582	-0.103802
708	-0.104704	-0.103818	-0.104103
709	-0.104883	-0.103935	-0.104307
710	-0.105409	-0.1045	-0.104771
711	-0.106081	-0.105254	-0.105344
712	-0.10666	-0.105838	-0.106007
713	-0.107186	-0.106326	-0.10672
714	-0.107592	-0.106715	-0.107216
715	-0.107911	-0.107033	-0.107554
716	-0.108368	-0.107485	-0.107965
717	-0.108951	-0.10806	-0.108443
718	-0.10946	-0.10854	-0.108975
719	-0.109881	-0.10891	-0.109568
720	-0.11054	-0.109547	-0.110289
[LOG]
CHECKSUM6