[HEADER]
Format	J&M ASCII Table
Comment	
Date	20/08/2026 14:32:24
Order	Y (evenX)
TechType	UV
NumPoints	411
FirstX	310
LastX	720
XType	nm
YType	Absorbance
ZType	s
NumSubFile	3
Matrix	Z vs X
[LOGIN]
Name=pcbob
[INSTRUMENT]
Name=TIDAS E Base UV/VI
Detector=MMS - ASPEN 97,5 kHz
Diodearray=256 Pixel
Serial#=36584
Calibrated=2011-07-01
Range=183.81-729.88 [nm] (F0)

SWVersion=v3.18.2 (build 0)[LOGIN]
Name=pcbob
[CONFIG]
ChannelName=Channel 1
ChannelType=Normalized
[PARAMETER]
It=330,00
Aver=5
Norm=3
Range=310,0-720,0 nm
Scan=Time
ScanTime=5,00 s
[TRIGGER]
Sweep=0
Scan=0
[DIO]
DigOut=0x0000
DigIn=0x0000
[DATA]
	00:00:00,000	00:00:01,650	00:00:03,300
310	0.753986	0.753777	0.753647
311	0.737526	0.7374	0.737205
312	0.721531	0.721515	0.721201
313	0.706044	0.706046	0.705697
314	0.691259	0.691151	0.690885
315	0.67665	0.676486	0.676282
316	0.662593	0.662543	0.662335
317	0.648586	0.648634	0.648425
318	0.635333	0.635228	0.635054
319	0.62208	0.621821	0.621683
320	0.609331	0.609102	0.608882
321	0.596648	0.596472	0.596154
322	0.584306	0.584118	0.583834
323	0.572106	0.571878	0.571682
324	0.560114	0.559867	0.559726
325	0.548308	0.548058	0.547943
326	0.536677	0.536421	0.536313
327	0.525366	0.525099	0.52496
328	0.514106	0.513837	0.513691
329	0.503076	0.502859	0.502811
330	0.492047	0.491881	0.491931
331	0.481608	0.481484	0.481398
332	0.471169	0.471086	0.470864
333	0.46106	0.460928	0.4607
334	0.451022	0.450821	0.450614
335	0.441276	0.441084	0.440907
336	0.431689	0.431547	0.431405
337	0.422323	0.422209	0.422087
338	0.413202	0.413092	0.412974
339	0.40423	0.404131	0.403988
340	0.395607	0.395536	0.395306
341	0.387019	0.38698	0.386684
342	0.37869	0.3787	0.378491
343	0.37036	0.370421	0.370298
344	0.362569	0.362578	0.362409
345	0.354809	0.354759	0.354536
346	0.3473	0.347161	0.347004
347	0.339866	0.339629	0.339571
348	0.332609	0.332382	0.332311
349	0.325472	0.325328	0.325168
350	0.318493	0.31838	0.31819
351	0.311729	0.311577	0.311437
352	0.305038	0.304874	0.304774
353	0.298565	0.298469	0.298382
354	0.292121	0.292088	0.29201
355	0.286025	0.286	0.285894
356	0.279929	0.279912	0.279777
357	0.274047	0.274002	0.273899
358	0.268187	0.268111	0.268046
359	0.262518	0.262464	0.262344
360	0.256919	0.256908	0.256697
361	0.251393	0.251402	0.251162
362	0.245923	0.245935	0.245714
363	0.240564	0.240588	0.240376
364	0.235378	0.235429	0.235211
365	0.230273	0.230325	0.23011
366	0.225459	0.225418	0.22524
367	0.220649	0.22052	0.220379
368	0.21593	0.215812	0.215674
369	0.211211	0.211104	0.210969
370	0.206582	0.206544	0.206356
371	0.201966	0.202005	0.201757
372	0.197458	0.197511	0.197247
373	0.192998	0.193037	0.192775
374	0.188634	0.188658	0.188418
375	0.184357	0.184363	0.184164
376	0.180152	0.180155	0.17998
377	0.176074	0.176101	0.175922
378	0.172034	0.172073	0.171882
379	0.168149	0.168156	0.167924
380	0.164266	0.164241	0.163971
381	0.160473	0.160469	0.160232
382	0.156681	0.156698	0.156493
383	0.152973	0.153034	0.152819
384	0.14928	0.149389	0.149155
385	0.145755	0.145847	0.145613
386	0.142309	0.142352	0.142127
387	0.138959	0.138996	0.138755
388	0.135701	0.135768	0.13549
389	0.1324	0.13249	0.132195
390	0.129021	0.12912	0.128847
391	0.12569	0.125795	0.125543
392	0.122584	0.122677	0.122439
393	0.119483	0.119565	0.119341
394	0.11672	0.11679	0.116572
395	0.113958	0.114015	0.113803
396	0.111185	0.111232	0.111017
397	0.10841	0.108447	0.108229
398	0.105663	0.105724	0.105513
399	0.102931	0.103032	0.102831
400	0.100272	0.100404	0.100204
401	0.097685	0.097839	0.09763
402	0.095187	0.095366	0.095129
403	0.092857	0.093068	0.092767
404	0.090538	0.090762	0.090417
405	0.088268	0.088426	0.088121
406	0.085999	0.086093	0.085826
407	0.083747	0.083903	0.083568
408	0.081495	0.081713	0.081311
409	0.07926	0.079468	0.079073
410	0.077028	0.077214	0.076838
411	0.074898	0.075099	0.074748
412	0.072813	0.073046	0.072723
413	0.070764	0.070977	0.070665
414	0.068748	0.068895	0.068579
415	0.066736	0.06688	0.066547
416	0.064731	0.064986	0.064611
417	0.062724	0.063056	0.06265
418	0.060712	0.060987	0.060589
419	0.058703	0.058925	0.058533
420	0.056781	0.057018	0.056629
421	0.054859	0.055111	0.054725
422	0.053119	0.053349	0.05298
423	0.051405	0.051608	0.051259
424	0.049705	0.049926	0.049597
425	0.04801	0.048266	0.047958
426	0.046305	0.046555	0.046244
427	0.04459	0.044803	0.044468
428	0.042864	0.043076	0.042703
429	0.041121	0.041385	0.040954
430	0.039413	0.039719	0.039247
431	0.037821	0.038131	0.037676
432	0.036236	0.03655	0.036113
433	0.034737	0.035064	0.034646
434	0.033238	0.033578	0.033178
435	0.03185	0.032142	0.03177
436	0.030472	0.030712	0.030368
437	0.029012	0.02929	0.02894
438	0.027527	0.02787	0.027503
439	0.026147	0.026489	0.02611
440	0.024839	0.025133	0.024746
441	0.023547	0.023819	0.023421
442	0.022277	0.022558	0.022144
443	0.021	0.021294	0.020873
444	0.019707	0.020024	0.019617
445	0.018425	0.018761	0.018363
446	0.017215	0.017546	0.017124
447	0.016005	0.01633	0.015885
448	0.014793	0.015098	0.014705
449	0.013581	0.013866	0.013527
450	0.012399	0.012707	0.01233
451	0.011224	0.011564	0.011127
452	0.010126	0.010459	0.01001
453	0.009067	0.009373	0.008936
454	0.008042	0.00834	0.007888
455	0.00705	0.007358	0.006865
456	0.006066	0.006385	0.00588
457	0.005098	0.005426	0.004966
458	0.004126	0.004465	0.004039
459	0.003141	0.003494	0.003061
460	0.002161	0.002526	0.002087
461	0.001281	0.00163	0.001188
462	0.000402	0.000733	0.000289
463	-0.000454	-0.000096	-0.000533
464	-0.001307	-0.000918	-0.001344
465	-0.002134	-0.00175	-0.002183
466	-0.002951	-0.002586	-0.003032
467	-0.003795	-0.003443	-0.003894
468	-0.004659	-0.004314	-0.004768
469	-0.005532	-0.00517	-0.005635
470	-0.006419	-0.006004	-0.006494
471	-0.007304	-0.006859	-0.007365
472	-0.008187	-0.007766	-0.008267
473	-0.009063	-0.008661	-0.009163
474	-0.009896	-0.009472	-0.010016
475	-0.010728	-0.010283	-0.01087
476	-0.011539	-0.011099	-0.01169
477	-0.012349	-0.011915	-0.01251
478	-0.01316	-0.012736	-0.013291
479	-0.013971	-0.013557	-0.014064
480	-0.014821	-0.014379	-0.014901
481	-0.015689	-0.015203	-0.015768
482	-0.016526	-0.016055	-0.016616
483	-0.017338	-0.016931	-0.017447
484	-0.018072	-0.01771	-0.018194
485	-0.018685	-0.018336	-0.01881
486	-0.019273	-0.018934	-0.019397
487	-0.019786	-0.019441	-0.019896
488	-0.020303	-0.019952	-0.0204
489	-0.020869	-0.020496	-0.020952
490	-0.021435	-0.021039	-0.021504
491	-0.022093	-0.021658	-0.022171
492	-0.022757	-0.02228	-0.022845
493	-0.023282	-0.022803	-0.0234
494	-0.023775	-0.023301	-0.023925
495	-0.024282	-0.023832	-0.024448
496	-0.024798	-0.02438	-0.024969
497	-0.02536	-0.024933	-0.025518
498	-0.025965	-0.025491	-0.026092
499	-0.026531	-0.02603	-0.026646
500	-0.027028	-0.026535	-0.027167
501	-0.027512	-0.027022	-0.027669
502	-0.027953	-0.027447	-0.028106
503	-0.028401	-0.027882	-0.028553
504	-0.02893	-0.028426	-0.029093
505	-0.029459	-0.02897	-0.029633
506	-0.030006	-0.02952	-0.030149
507	-0.030553	-0.030069	-0.030664
508	-0.031071	-0.030579	-0.031192
509	-0.031582	-0.031079	-0.031724
510	-0.032061	-0.031562	-0.032191
511	-0.032523	-0.032037	-0.032626
512	-0.032974	-0.032508	-0.033086
513	-0.033417	-0.032975	-0.033568
514	-0.033858	-0.033415	-0.034008
515	-0.034298	-0.033809	-0.034378
516	-0.034722	-0.034202	-0.03476
517	-0.035095	-0.03459	-0.035178
518	-0.035469	-0.034974	-0.035592
519	-0.035848	-0.035331	-0.035974
520	-0.036228	-0.035687	-0.036356
521	-0.036658	-0.036123	-0.036812
522	-0.03709	-0.036561	-0.03727
523	-0.037507	-0.03699	-0.03767
524	-0.037922	-0.037418	-0.038058
525	-0.038319	-0.0378	-0.038444
526	-0.03871	-0.038162	-0.03883
527	-0.039077	-0.038552	-0.039205
528	-0.039427	-0.038964	-0.039572
529	-0.039763	-0.039339	-0.039917
530	-0.040083	-0.039665	-0.040233
531	-0.040416	-0.03999	-0.040561
532	-0.040782	-0.040312	-0.04092
533	-0.041129	-0.040626	-0.041261
534	-0.04138	-0.040904	-0.041508
535	-0.041632	-0.041183	-0.041756
536	-0.041966	-0.041514	-0.042069
537	-0.042299	-0.041845	-0.042383
538	-0.042652	-0.042169	-0.042753
539	-0.043008	-0.042491	-0.043128
540	-0.043299	-0.042821	-0.043446
541	-0.043571	-0.043152	-0.043745
542	-0.043852	-0.043413	-0.043977
543	-0.044138	-0.043633	-0.044168
544	-0.044415	-0.043903	-0.044431
545	-0.044681	-0.044221	-0.044764
546	-0.04496	-0.044531	-0.045086
547	-0.04526	-0.044827	-0.045389
548	-0.045559	-0.045122	-0.045684
549	-0.045858	-0.045415	-0.045952
550	-0.046157	-0.045707	-0.046226
551	-0.046451	-0.045984	-0.046542
552	-0.046745	-0.046262	-0.046859
553	-0.04701	-0.046505	-0.047099
554	-0.047276	-0.046748	-0.047338
555	-0.047451	-0.046944	-0.04754
556	-0.047612	-0.047133	-0.047737
557	-0.047856	-0.047376	-0.047971
558	-0.048131	-0.047638	-0.048219
559	-0.048421	-0.047939	-0.048513
560	-0.04872	-0.048266	-0.048837
561	-0.048994	-0.048555	-0.049127
562	-0.049241	-0.048806	-0.049383
563	-0.04952	-0.049088	-0.049662
564	-0.049857	-0.049425	-0.049981
565	-0.050187	-0.049748	-0.050298
566	-0.050492	-0.050025	-0.050607
567	-0.050798	-0.050312	-0.05092
568	-0.051114	-0.050681	-0.051253
569	-0.05143	-0.051051	-0.051587
570	-0.051703	-0.051337	-0.051842
571	-0.051976	-0.051622	-0.052095
572	-0.052275	-0.051909	-0.052382
573	-0.052577	-0.052197	-0.052673
574	-0.052862	-0.052499	-0.052962
575	-0.053139	-0.052806	-0.053251
576	-0.053424	-0.053085	-0.053522
577	-0.053713	-0.053347	-0.053784
578	-0.053958	-0.053591	-0.054029
579	-0.054162	-0.05382	-0.054257
580	-0.05437	-0.054042	-0.054474
581	-0.054582	-0.054256	-0.054672
582	-0.054804	-0.054475	-0.054879
583	-0.055051	-0.054709	-0.055109
584	-0.05529	-0.054942	-0.05534
585	-0.055485	-0.055171	-0.055577
586	-0.055679	-0.055395	-0.05581
587	-0.055859	-0.055543	-0.055958
588	-0.056038	-0.055692	-0.056107
589	-0.056206	-0.05585	-0.056298
590	-0.056374	-0.056009	-0.056493
591	-0.056626	-0.056247	-0.056736
592	-0.056897	-0.056503	-0.056989
593	-0.057112	-0.0567	-0.0572
594	-0.057302	-0.056873	-0.057393
595	-0.057563	-0.057138	-0.05765
596	-0.057873	-0.057468	-0.057951
597	-0.058202	-0.057816	-0.058283
598	-0.058549	-0.058182	-0.05865
599	-0.058872	-0.058517	-0.05898
600	-0.059152	-0.058797	-0.059245
601	-0.059374	-0.059015	-0.059459
602	-0.059422	-0.059047	-0.059523
603	-0.059454	-0.059068	-0.059564
604	-0.059388	-0.059027	-0.059474
605	-0.05932	-0.058983	-0.059384
606	-0.059209	-0.058862	-0.059288
607	-0.059097	-0.058741	-0.059192
608	-0.059026	-0.058663	-0.059123
609	-0.058959	-0.058588	-0.059055
610	-0.05893	-0.058552	-0.059035
611	-0.05891	-0.058525	-0.059024
612	-0.058923	-0.058558	-0.059051
613	-0.058951	-0.058615	-0.059093
614	-0.059032	-0.058676	-0.059159
615	-0.059148	-0.05874	-0.059241
616	-0.059216	-0.058795	-0.059292
617	-0.059236	-0.058843	-0.059313
618	-0.059348	-0.058975	-0.059428
619	-0.0596	-0.059235	-0.059681
620	-0.059799	-0.059443	-0.059896
621	-0.059874	-0.059529	-0.060023
622	-0.059945	-0.059607	-0.060128
623	-0.060006	-0.059653	-0.06014
624	-0.060085	-0.05971	-0.060174
625	-0.060337	-0.059879	-0.060409
626	-0.060589	-0.060048	-0.060644
627	-0.060628	-0.060164	-0.060724
628	-0.060666	-0.060279	-0.060803
629	-0.060706	-0.060284	-0.060794
630	-0.060746	-0.060276	-0.060774
631	-0.060877	-0.060395	-0.060899
632	-0.061032	-0.060548	-0.061062
633	-0.061149	-0.060658	-0.061195
634	-0.061249	-0.060751	-0.061315
635	-0.06136	-0.060881	-0.061447
636	-0.061479	-0.061037	-0.061587
637	-0.06159	-0.06118	-0.061722
638	-0.061693	-0.061309	-0.061853
639	-0.061767	-0.061387	-0.061946
640	-0.061801	-0.061392	-0.061984
641	-0.061888	-0.061441	-0.062058
642	-0.062095	-0.061591	-0.062212
643	-0.062278	-0.061738	-0.062367
644	-0.062378	-0.061873	-0.062523
645	-0.062487	-0.062014	-0.062673
646	-0.06266	-0.062195	-0.062782
647	-0.062837	-0.06238	-0.062898
648	-0.063115	-0.06267	-0.0632
649	-0.063393	-0.062959	-0.063502
650	-0.063871	-0.06344	-0.063946
651	-0.064361	-0.063933	-0.0644
652	-0.06471	-0.064326	-0.064805
653	-0.065035	-0.064702	-0.065202
654	-0.065251	-0.064996	-0.065396
655	-0.065433	-0.065264	-0.065527
656	-0.065601	-0.065438	-0.065683
657	-0.065762	-0.065566	-0.06585
658	-0.065895	-0.065673	-0.066018
659	-0.066007	-0.065763	-0.066186
660	-0.066125	-0.065845	-0.066297
661	-0.066249	-0.065917	-0.066351
662	-0.06623	-0.065866	-0.0663
663	-0.066009	-0.065642	-0.066101
664	-0.065789	-0.06541	-0.065912
665	-0.065572	-0.065162	-0.065745
666	-0.065404	-0.064961	-0.0656
667	-0.065389	-0.064905	-0.065523
668	-0.065382	-0.064865	-0.065464
669	-0.065423	-0.064909	-0.065503
670	-0.065468	-0.064957	-0.065546
671	-0.065557	-0.065057	-0.065638
672	-0.065646	-0.065158	-0.065731
673	-0.065631	-0.065208	-0.065748
674	-0.065616	-0.065257	-0.065766
675	-0.065803	-0.065388	-0.065937
676	-0.066009	-0.065525	-0.066123
677	-0.06617	-0.065729	-0.066279
678	-0.066324	-0.065945	-0.06643
679	-0.066548	-0.066158	-0.066634
680	-0.066796	-0.066369	-0.066855
681	-0.067092	-0.066671	-0.067158
682	-0.06741	-0.067013	-0.067498
683	-0.067741	-0.067335	-0.067849
684	-0.06808	-0.067642	-0.068208
685	-0.06842	-0.067946	-0.068541
686	-0.06876	-0.068246	-0.068851
687	-0.069081	-0.068544	-0.069137
688	-0.06938	-0.068839	-0.069397
689	-0.069626	-0.069112	-0.069657
690	-0.069787	-0.069351	-0.069917
691	-0.069971	-0.069595	-0.070174
692	-0.070204	-0.06985	-0.070421
693	-0.070474	-0.070125	-0.070674
694	-0.070861	-0.070464	-0.070943
695	-0.071253	-0.070813	-0.071242
696	-0.07167	-0.071205	-0.071686
697	-0.072082	-0.071591	-0.072119
698	-0.072444	-0.071925	-0.072459
699	-0.072806	-0.072259	-0.072798
700	-0.073128	-0.072596	-0.073137
701	-0.073451	-0.072933	-0.073477
702	-0.073807	-0.073341	-0.073856
703	-0.074164	-0.073751	-0.074237
704	-0.074605	-0.074144	-0.074652
705	-0.075055	-0.074535	-0.075071
706	-0.075413	-0.074972	-0.075468
707	-0.075751	-0.075417	-0.07586
708	-0.076047	-0.075677	-0.076132
709	-0.076329	-0.07588	-0.076368
710	-0.076791	-0.076336	-0.076853
711	-0.077328	-0.0769	-0.077444
712	-0.077858	-0.077407	-0.077985
713	-0.078384	-0.077883	-0.078497
714	-0.078694	-0.07823	-0.078806
715	-0.078849	-0.078482	-0.078969
716	-0.079256	-0.078881	-0.079286
717	-0.079897	-0.079414	-0.079746
718	-0.080233	-0.079734	-0.080055
719	-0.080209	-0.079804	-0.080189
720	-0.080692	-0.080293	-0.08074
[LOG]
CHECKSUM·¨