[HEADER]
Format	J&M ASCII Table
Comment	
Date	20/08/2026 14:53:07
Order	Y (evenX)
TechType	UV
NumPoints	411
FirstX	310
LastX	720
XType	nm
YType	Absorbance
ZType	s
NumSubFile	3
Matrix	Z vs X
[LOGIN]
Name=pcbob
[INSTRUMENT]
Name=TIDAS E Base UV/VI
Detector=MMS - ASPEN 97,5 kHz
Diodearray=256 Pixel
Serial#=36584
Calibrated=2011-07-01
Range=183.81-729.88 [nm] (F0)

SWVersion=v3.18.2 (build 0)[LOGIN]
Name=pcbob
[CONFIG]
ChannelName=Channel 1
ChannelType=Normalized
[PARAMETER]
It=330,00
Aver=5
Norm=3
Range=310,0-720,0 nm
Scan=Time
ScanTime=5,00 s
[TRIGGER]
Sweep=0
Scan=0
[DIO]
DigOut=0x0000
DigIn=0x0000
[DATA]
	00:00:00,000	00:00:01,650	00:00:03,300
310	0.991045	0.990425	0.989615
311	0.974545	0.973888	0.973033
312	0.958433	0.957825	0.956923
313	0.942546	0.941909	0.941003
314	0.926968	0.926194	0.925347
315	0.911358	0.91048	0.90967
316	0.895643	0.89477	0.893929
317	0.879951	0.879079	0.87821
318	0.864584	0.863684	0.8628
319	0.849217	0.848289	0.847391
320	0.833788	0.832899	0.832023
321	0.818351	0.817509	0.81666
322	0.802739	0.801893	0.801042
323	0.787054	0.786182	0.78532
324	0.77129	0.770413	0.769557
325	0.755456	0.754591	0.753759
326	0.739636	0.738775	0.737996
327	0.723842	0.72297	0.722296
328	0.708005	0.707156	0.706537
329	0.691967	0.691302	0.690506
330	0.675929	0.675448	0.674474
331	0.660103	0.659623	0.658837
332	0.644276	0.643798	0.6432
333	0.628543	0.628056	0.62743
334	0.612828	0.612332	0.611633
335	0.597441	0.596927	0.596241
336	0.58223	0.581695	0.581069
337	0.56732	0.566778	0.566241
338	0.552745	0.552213	0.551797
339	0.538359	0.537829	0.537509
340	0.524415	0.523873	0.523589
341	0.510554	0.50999	0.509758
342	0.497284	0.496628	0.496561
343	0.484014	0.483267	0.483364
344	0.471532	0.470958	0.470893
345	0.459093	0.458708	0.458463
346	0.447251	0.446994	0.446743
347	0.435583	0.435439	0.435232
348	0.424456	0.424354	0.424188
349	0.41369	0.413585	0.413456
350	0.403285	0.403174	0.403056
351	0.393368	0.39325	0.393105
352	0.383623	0.383517	0.383342
353	0.374386	0.374351	0.374138
354	0.36519	0.365214	0.364976
355	0.356478	0.356418	0.356303
356	0.347766	0.347623	0.34763
357	0.339463	0.3393	0.339274
358	0.331203	0.331028	0.330952
359	0.323357	0.32321	0.323148
360	0.315661	0.315557	0.315532
361	0.308241	0.308121	0.308127
362	0.301038	0.300856	0.300887
363	0.293904	0.293678	0.293718
364	0.286879	0.286639	0.286661
365	0.279973	0.279734	0.279731
366	0.273503	0.273316	0.273265
367	0.26705	0.266915	0.266818
368	0.260968	0.260878	0.260762
369	0.254885	0.25484	0.254706
370	0.248878	0.248795	0.248691
371	0.242881	0.242748	0.242681
372	0.23703	0.236932	0.236857
373	0.231241	0.231213	0.231113
374	0.225651	0.225627	0.22552
375	0.220235	0.220157	0.22006
376	0.214862	0.21475	0.214661
377	0.209562	0.209454	0.209369
378	0.204288	0.204188	0.204102
379	0.19912	0.199041	0.198936
380	0.193956	0.193897	0.193774
381	0.188935	0.188848	0.188768
382	0.183913	0.1838	0.183762
383	0.179014	0.178885	0.178847
384	0.174136	0.173992	0.173947
385	0.169486	0.169353	0.169302
386	0.164942	0.164831	0.164775
387	0.160549	0.160484	0.160418
388	0.156298	0.156301	0.15622
389	0.15212	0.152149	0.152053
390	0.148081	0.148055	0.147945
391	0.144085	0.144009	0.143898
392	0.140284	0.140183	0.140134
393	0.136486	0.136362	0.136372
394	0.13301	0.132962	0.132826
395	0.129534	0.129562	0.12928
396	0.126137	0.126153	0.125901
397	0.122755	0.122742	0.122553
398	0.119579	0.119539	0.119382
399	0.116499	0.116434	0.116295
400	0.113493	0.113403	0.113284
401	0.110558	0.110443	0.110345
402	0.107695	0.107561	0.107492
403	0.104967	0.104825	0.104797
404	0.102257	0.102115	0.102119
405	0.099624	0.099521	0.099511
406	0.096993	0.096927	0.096903
407	0.094481	0.094369	0.094314
408	0.091969	0.09181	0.091725
409	0.089421	0.089283	0.089197
410	0.086867	0.086763	0.086679
411	0.084423	0.084344	0.084268
412	0.082029	0.081972	0.081905
413	0.079665	0.079607	0.079549
414	0.077328	0.077247	0.077201
415	0.075088	0.074972	0.074926
416	0.073018	0.072845	0.072779
417	0.070878	0.070675	0.070603
418	0.068462	0.068336	0.068308
419	0.066054	0.066001	0.066015
420	0.063836	0.063761	0.063733
421	0.061618	0.061521	0.061452
422	0.05968	0.059548	0.059453
423	0.057782	0.057613	0.057493
424	0.05584	0.055665	0.055565
425	0.053879	0.053711	0.053649
426	0.05192	0.051737	0.051676
427	0.049962	0.049745	0.049658
428	0.047987	0.047774	0.047664
429	0.045985	0.045834	0.045708
430	0.044049	0.04393	0.043787
431	0.042325	0.042144	0.041983
432	0.040608	0.040367	0.040193
433	0.038962	0.038719	0.038571
434	0.037316	0.03707	0.036949
435	0.035725	0.035462	0.035342
436	0.03414	0.033857	0.033735
437	0.032502	0.032276	0.03209
438	0.030846	0.030703	0.030433
439	0.0292	0.029083	0.028799
440	0.027562	0.027431	0.027182
441	0.025998	0.025849	0.025631
442	0.02453	0.024354	0.024163
443	0.023066	0.022872	0.022705
444	0.021613	0.021422	0.02127
445	0.020166	0.019974	0.019833
446	0.018761	0.018537	0.018392
447	0.017355	0.0171	0.01695
448	0.015989	0.01572	0.015588
449	0.014625	0.014342	0.014228
450	0.013235	0.013015	0.012871
451	0.011839	0.011698	0.011515
452	0.010544	0.010388	0.010209
453	0.009303	0.00908	0.00893
454	0.008055	0.007812	0.007664
455	0.0068	0.006585	0.006412
456	0.005592	0.005386	0.005196
457	0.004472	0.004241	0.004047
458	0.003347	0.003099	0.002903
459	0.002205	0.00197	0.001781
460	0.001065	0.000843	0.00066
461	-0.000033	-0.000241	-0.000434
462	-0.001131	-0.001324	-0.001528
463	-0.002121	-0.00234	-0.002524
464	-0.003097	-0.003347	-0.003508
465	-0.004031	-0.004289	-0.004478
466	-0.00495	-0.005208	-0.005442
467	-0.005856	-0.006135	-0.006374
468	-0.006755	-0.007067	-0.007283
469	-0.007694	-0.008027	-0.008228
470	-0.008688	-0.009021	-0.009222
471	-0.009682	-0.010007	-0.010217
472	-0.010679	-0.010971	-0.011218
473	-0.011677	-0.011943	-0.012219
474	-0.012689	-0.012971	-0.01322
475	-0.013701	-0.013999	-0.01422
476	-0.014632	-0.014906	-0.015144
477	-0.015562	-0.015811	-0.016066
478	-0.016546	-0.016801	-0.017041
479	-0.017541	-0.017808	-0.018025
480	-0.018574	-0.018857	-0.019053
481	-0.019625	-0.019925	-0.020101
482	-0.020689	-0.020988	-0.021167
483	-0.021764	-0.022045	-0.022249
484	-0.022739	-0.023005	-0.023218
485	-0.023557	-0.023813	-0.024011
486	-0.024311	-0.024569	-0.024763
487	-0.024866	-0.025159	-0.025391
488	-0.025416	-0.025738	-0.026003
489	-0.025924	-0.026197	-0.02646
490	-0.026433	-0.026655	-0.026917
491	-0.026993	-0.02723	-0.027534
492	-0.027555	-0.027811	-0.028161
493	-0.028154	-0.028425	-0.028765
494	-0.028762	-0.029046	-0.029363
495	-0.029358	-0.029662	-0.029959
496	-0.029949	-0.030274	-0.030553
497	-0.030577	-0.030898	-0.031185
498	-0.031242	-0.031533	-0.031853
499	-0.031885	-0.032162	-0.032492
500	-0.032491	-0.032781	-0.033084
501	-0.033081	-0.03338	-0.033659
502	-0.033617	-0.033908	-0.034179
503	-0.034154	-0.034441	-0.034706
504	-0.034698	-0.035017	-0.035305
505	-0.035241	-0.035593	-0.035904
506	-0.035862	-0.036224	-0.03652
507	-0.036487	-0.036858	-0.037136
508	-0.037078	-0.03744	-0.0377
509	-0.037659	-0.038009	-0.038251
510	-0.038227	-0.038589	-0.03883
511	-0.038789	-0.039174	-0.039422
512	-0.039341	-0.039714	-0.039994
513	-0.039884	-0.040213	-0.040548
514	-0.040427	-0.040727	-0.041079
515	-0.040971	-0.041268	-0.041573
516	-0.041491	-0.041795	-0.042075
517	-0.041934	-0.042284	-0.042599
518	-0.042379	-0.042768	-0.043113
519	-0.042834	-0.043222	-0.043542
520	-0.04329	-0.043676	-0.043971
521	-0.043828	-0.044167	-0.044469
522	-0.044369	-0.044659	-0.044969
523	-0.044831	-0.045148	-0.045469
524	-0.045277	-0.045635	-0.04597
525	-0.045709	-0.046096	-0.046414
526	-0.046136	-0.046545	-0.046834
527	-0.046597	-0.046983	-0.047293
528	-0.047087	-0.047413	-0.047784
529	-0.047539	-0.047834	-0.048216
530	-0.047942	-0.048242	-0.048568
531	-0.048324	-0.048637	-0.048923
532	-0.048658	-0.048999	-0.049285
533	-0.048997	-0.049354	-0.049647
534	-0.049371	-0.049677	-0.050008
535	-0.049746	-0.050002	-0.050369
536	-0.050136	-0.050428	-0.050776
537	-0.050525	-0.050853	-0.051184
538	-0.050907	-0.051261	-0.05158
539	-0.051289	-0.051667	-0.051975
540	-0.051654	-0.05204	-0.052321
541	-0.052015	-0.052403	-0.052651
542	-0.052313	-0.052685	-0.052944
543	-0.052573	-0.052918	-0.053215
544	-0.052885	-0.053221	-0.053531
545	-0.053247	-0.053591	-0.053895
546	-0.053623	-0.05396	-0.054256
547	-0.054021	-0.054326	-0.054616
548	-0.054391	-0.054678	-0.05496
549	-0.054675	-0.054989	-0.055254
550	-0.054964	-0.055306	-0.055552
551	-0.055294	-0.055659	-0.055885
552	-0.055623	-0.056013	-0.056218
553	-0.055938	-0.056277	-0.056546
554	-0.056252	-0.05654	-0.056874
555	-0.056525	-0.056814	-0.057109
556	-0.056791	-0.05709	-0.057329
557	-0.057079	-0.057385	-0.057642
558	-0.057375	-0.057688	-0.057989
559	-0.057688	-0.058009	-0.058321
560	-0.058013	-0.058342	-0.058644
561	-0.058347	-0.058691	-0.05899
562	-0.058691	-0.059055	-0.05936
563	-0.059042	-0.059415	-0.059716
564	-0.059404	-0.05977	-0.060047
565	-0.059783	-0.060129	-0.06039
566	-0.060212	-0.060502	-0.060769
567	-0.060642	-0.060885	-0.061159
568	-0.061077	-0.061349	-0.061625
569	-0.061513	-0.061813	-0.062092
570	-0.061879	-0.062191	-0.062431
571	-0.062245	-0.06257	-0.062769
572	-0.062685	-0.062982	-0.063161
573	-0.063135	-0.063399	-0.063561
574	-0.063529	-0.063763	-0.063931
575	-0.063904	-0.064108	-0.064289
576	-0.064254	-0.064458	-0.064644
577	-0.064588	-0.064811	-0.064996
578	-0.064886	-0.065118	-0.065302
579	-0.065149	-0.06538	-0.065564
580	-0.065398	-0.065631	-0.065815
581	-0.065628	-0.065865	-0.066049
582	-0.065868	-0.066102	-0.066288
583	-0.066137	-0.066352	-0.066537
584	-0.066399	-0.066596	-0.066777
585	-0.06662	-0.066811	-0.066967
586	-0.066839	-0.067025	-0.067158
587	-0.066997	-0.0672	-0.067356
588	-0.067156	-0.067374	-0.067553
589	-0.06731	-0.06753	-0.06771
590	-0.067464	-0.067683	-0.067863
591	-0.067662	-0.067888	-0.068094
592	-0.06787	-0.068105	-0.068343
593	-0.068086	-0.068334	-0.068535
594	-0.068305	-0.068567	-0.068703
595	-0.068621	-0.068866	-0.068999
596	-0.069006	-0.069209	-0.069385
597	-0.069375	-0.069572	-0.069779
598	-0.069729	-0.069958	-0.070181
599	-0.070068	-0.070311	-0.070538
600	-0.070383	-0.070609	-0.070816
601	-0.07064	-0.070853	-0.071048
602	-0.07073	-0.07094	-0.071142
603	-0.070797	-0.071008	-0.071215
604	-0.070735	-0.070971	-0.071172
605	-0.070671	-0.07093	-0.071125
606	-0.070563	-0.07078	-0.071002
607	-0.070456	-0.070629	-0.070879
608	-0.070434	-0.070651	-0.070841
609	-0.07042	-0.070685	-0.07081
610	-0.070371	-0.070644	-0.070801
611	-0.070314	-0.070588	-0.070797
612	-0.07038	-0.070623	-0.070864
613	-0.070495	-0.070695	-0.070959
614	-0.070544	-0.070753	-0.071024
615	-0.07055	-0.070802	-0.07107
616	-0.070588	-0.070845	-0.071107
617	-0.070657	-0.070883	-0.071136
618	-0.070771	-0.070991	-0.071214
619	-0.070954	-0.071206	-0.071364
620	-0.071127	-0.071401	-0.071529
621	-0.071277	-0.071548	-0.071729
622	-0.071397	-0.071671	-0.071888
623	-0.071393	-0.071694	-0.071871
624	-0.071405	-0.071732	-0.071874
625	-0.071571	-0.071908	-0.072069
626	-0.071737	-0.072084	-0.072264
627	-0.07187	-0.072162	-0.072386
628	-0.072003	-0.07224	-0.072507
629	-0.07198	-0.072279	-0.07252
630	-0.071939	-0.072314	-0.07252
631	-0.072034	-0.072408	-0.072597
632	-0.072164	-0.072517	-0.072694
633	-0.072331	-0.072646	-0.07283
634	-0.072513	-0.072784	-0.072983
635	-0.072655	-0.072924	-0.073141
636	-0.07277	-0.073066	-0.0733
637	-0.072905	-0.073211	-0.073458
638	-0.07306	-0.073359	-0.073615
639	-0.073182	-0.07348	-0.073735
640	-0.073256	-0.073561	-0.073803
641	-0.073328	-0.073633	-0.073873
642	-0.073397	-0.073684	-0.07395
643	-0.073488	-0.073765	-0.074044
644	-0.073658	-0.073955	-0.0742
645	-0.073835	-0.074149	-0.074363
646	-0.074051	-0.074362	-0.074574
647	-0.074271	-0.074579	-0.074788
648	-0.07457	-0.074874	-0.075093
649	-0.074869	-0.07517	-0.075397
650	-0.075441	-0.075754	-0.075972
651	-0.076029	-0.076356	-0.076563
652	-0.07658	-0.076818	-0.077005
653	-0.077126	-0.077255	-0.077421
654	-0.077445	-0.077566	-0.077674
655	-0.077695	-0.077838	-0.077877
656	-0.077883	-0.078046	-0.078104
657	-0.078042	-0.078223	-0.078344
658	-0.078183	-0.07836	-0.078503
659	-0.078312	-0.078467	-0.078607
660	-0.078376	-0.078541	-0.07869
661	-0.078375	-0.078583	-0.07875
662	-0.078275	-0.078496	-0.078689
663	-0.078035	-0.078226	-0.078456
664	-0.077788	-0.077974	-0.078227
665	-0.077524	-0.077756	-0.078007
666	-0.077317	-0.077587	-0.077822
667	-0.077279	-0.077563	-0.077742
668	-0.077256	-0.077555	-0.0777
669	-0.07731	-0.077625	-0.077851
670	-0.07737	-0.077701	-0.077999
671	-0.0775	-0.077842	-0.078108
672	-0.077631	-0.077982	-0.078217
673	-0.077786	-0.078111	-0.078273
674	-0.077941	-0.07824	-0.078329
675	-0.078078	-0.078394	-0.078539
676	-0.078212	-0.078551	-0.078762
677	-0.078395	-0.078697	-0.078903
678	-0.078586	-0.078841	-0.079028
679	-0.078815	-0.079071	-0.079245
680	-0.079055	-0.079327	-0.079491
681	-0.079349	-0.07958	-0.079819
682	-0.079667	-0.079831	-0.080186
683	-0.079997	-0.080171	-0.08054
684	-0.080334	-0.080567	-0.080885
685	-0.0807	-0.080947	-0.081212
686	-0.08109	-0.081312	-0.081523
687	-0.081397	-0.081627	-0.081796
688	-0.081606	-0.081884	-0.082023
689	-0.08184	-0.082142	-0.082285
690	-0.082112	-0.082402	-0.082603
691	-0.082369	-0.082658	-0.082891
692	-0.082595	-0.082906	-0.083112
693	-0.08287	-0.083222	-0.083407
694	-0.083299	-0.083755	-0.083936
695	-0.083704	-0.084219	-0.084401
696	-0.083996	-0.08435	-0.084554
697	-0.084291	-0.084505	-0.084737
698	-0.084624	-0.084883	-0.085183
699	-0.084962	-0.085262	-0.085627
700	-0.085488	-0.085717	-0.085992
701	-0.086015	-0.086173	-0.086357
702	-0.086232	-0.086483	-0.086691
703	-0.086438	-0.086788	-0.087024
704	-0.086915	-0.087204	-0.087412
705	-0.087422	-0.087633	-0.087807
706	-0.087881	-0.088125	-0.08832
707	-0.08833	-0.088629	-0.088857
708	-0.088644	-0.088932	-0.089089
709	-0.088918	-0.089174	-0.089228
710	-0.089393	-0.089628	-0.089746
711	-0.089954	-0.090171	-0.090424
712	-0.090516	-0.090776	-0.091044
713	-0.091077	-0.091416	-0.091632
714	-0.091489	-0.091795	-0.092006
715	-0.091792	-0.091984	-0.092227
716	-0.092211	-0.0924	-0.09272
717	-0.092737	-0.093027	-0.093466
718	-0.093251	-0.093555	-0.094012
719	-0.093749	-0.093969	-0.094321
720	-0.094459	-0.094635	-0.094839
[LOG]
CHECKSUMëu