[HEADER]
Format	J&M ASCII Table
Comment	
Date	20/08/2026 14:37:22
Order	Y (evenX)
TechType	UV
NumPoints	411
FirstX	310
LastX	720
XType	nm
YType	Absorbance
ZType	s
NumSubFile	3
Matrix	Z vs X
[LOGIN]
Name=pcbob
[INSTRUMENT]
Name=TIDAS E Base UV/VI
Detector=MMS - ASPEN 97,5 kHz
Diodearray=256 Pixel
Serial#=36584
Calibrated=2011-07-01
Range=183.81-729.88 [nm] (F0)

SWVersion=v3.18.2 (build 0)[LOGIN]
Name=pcbob
[CONFIG]
ChannelName=Channel 1
ChannelType=Normalized
[PARAMETER]
It=330,00
Aver=5
Norm=3
Range=310,0-720,0 nm
Scan=Time
ScanTime=5,00 s
[TRIGGER]
Sweep=0
Scan=0
[DIO]
DigOut=0x0000
DigIn=0x0000
[DATA]
	00:00:00,000	00:00:01,650	00:00:03,300
310	0.766033	0.765671	0.765494
311	0.749562	0.74928	0.749062
312	0.733577	0.733387	0.733088
313	0.718053	0.717905	0.717573
314	0.703168	0.702992	0.702693
315	0.688491	0.688299	0.68805
316	0.674468	0.674298	0.674152
317	0.660503	0.660354	0.660301
318	0.647414	0.647258	0.647143
319	0.634325	0.634161	0.633984
320	0.621636	0.621393	0.621267
321	0.608998	0.608668	0.608605
322	0.596702	0.596407	0.596364
323	0.584546	0.584337	0.584295
324	0.572651	0.572493	0.572402
325	0.560985	0.560847	0.560664
326	0.549449	0.549328	0.549096
327	0.538149	0.538039	0.537838
328	0.52691	0.526802	0.52663
329	0.515951	0.515799	0.515653
330	0.504993	0.504797	0.504677
331	0.494642	0.494392	0.494279
332	0.484291	0.483987	0.483881
333	0.474127	0.473783	0.473738
334	0.464001	0.463622	0.46365
335	0.45413	0.453819	0.45383
336	0.444396	0.444211	0.444155
337	0.434944	0.434809	0.434728
338	0.425807	0.425638	0.425577
339	0.416788	0.416604	0.416569
340	0.408045	0.407895	0.407898
341	0.399341	0.399223	0.399251
342	0.390919	0.390822	0.390772
343	0.382496	0.38242	0.382294
344	0.374416	0.374378	0.374276
345	0.366355	0.366355	0.366283
346	0.358662	0.358629	0.358571
347	0.351078	0.350991	0.350941
348	0.343638	0.343509	0.34349
349	0.336293	0.336132	0.336159
350	0.329077	0.328952	0.328952
351	0.322036	0.322038	0.321912
352	0.315082	0.315158	0.314973
353	0.308389	0.308381	0.308336
354	0.301721	0.301638	0.301723
355	0.295366	0.295315	0.295391
356	0.289011	0.288991	0.289058
357	0.282895	0.282852	0.282884
358	0.276804	0.276732	0.276727
359	0.270953	0.270834	0.270758
360	0.26519	0.265018	0.264859
361	0.259391	0.259217	0.259108
362	0.253564	0.253428	0.253475
363	0.247901	0.247794	0.247905
364	0.242496	0.242404	0.242438
365	0.237156	0.237079	0.237054
366	0.232057	0.23199	0.231975
367	0.226963	0.226906	0.226899
368	0.221973	0.221906	0.22188
369	0.216983	0.216907	0.216861
370	0.212141	0.212099	0.212066
371	0.207321	0.20732	0.207304
372	0.202633	0.20262	0.202585
373	0.198002	0.197952	0.197885
374	0.193485	0.193414	0.193341
375	0.189068	0.188989	0.188935
376	0.184727	0.184639	0.184596
377	0.180519	0.180423	0.180378
378	0.176328	0.176235	0.176185
379	0.172208	0.172165	0.172097
380	0.168095	0.1681	0.168013
381	0.164242	0.164242	0.16413
382	0.160389	0.160385	0.160248
383	0.156564	0.156567	0.156436
384	0.152743	0.152756	0.152636
385	0.149083	0.149084	0.148971
386	0.145497	0.145477	0.145368
387	0.141977	0.141962	0.141876
388	0.13852	0.138533	0.138486
389	0.135055	0.135086	0.135077
390	0.131575	0.131606	0.131631
391	0.128141	0.128171	0.128213
392	0.124917	0.12494	0.124919
393	0.121697	0.121713	0.121631
394	0.118782	0.118775	0.118708
395	0.115868	0.115838	0.115785
396	0.112955	0.112917	0.112911
397	0.110044	0.11	0.110046
398	0.107209	0.10714	0.10717
399	0.104411	0.104307	0.10429
400	0.101668	0.101557	0.101486
401	0.098977	0.098884	0.098754
402	0.096355	0.096272	0.09613
403	0.093859	0.093771	0.093707
404	0.091387	0.091296	0.091293
405	0.089019	0.088939	0.088916
406	0.08665	0.086581	0.08654
407	0.084301	0.084212	0.08418
408	0.081951	0.081843	0.081819
409	0.079566	0.079488	0.079462
410	0.077175	0.077135	0.077107
411	0.074912	0.074853	0.074853
412	0.072707	0.072603	0.072646
413	0.070499	0.070388	0.070425
414	0.068289	0.068202	0.068194
415	0.06612	0.06605	0.066016
416	0.06402	0.063956	0.063932
417	0.061907	0.06185	0.061831
418	0.059741	0.059695	0.059659
419	0.05758	0.057543	0.057492
420	0.055535	0.055471	0.055426
421	0.053489	0.0534	0.05336
422	0.051569	0.05149	0.051461
423	0.049666	0.049602	0.049585
424	0.047895	0.047839	0.047835
425	0.046175	0.046127	0.046135
426	0.044349	0.044298	0.044313
427	0.042437	0.042373	0.042393
428	0.040532	0.040469	0.040488
429	0.038638	0.038597	0.038607
430	0.036799	0.03678	0.036783
431	0.03514	0.035148	0.035148
432	0.033493	0.033522	0.033516
433	0.031988	0.031963	0.031934
434	0.030483	0.030403	0.030353
435	0.028949	0.028918	0.028855
436	0.027412	0.02744	0.027366
437	0.025895	0.025901	0.02584
438	0.024385	0.024342	0.024303
439	0.022896	0.022826	0.022791
440	0.021422	0.021341	0.021297
441	0.019991	0.019908	0.019855
442	0.018615	0.018541	0.018481
443	0.017227	0.017168	0.017106
444	0.015812	0.015775	0.015731
445	0.014409	0.01439	0.014363
446	0.013098	0.013055	0.013042
447	0.011786	0.011721	0.01172
448	0.0105	0.010421	0.010414
449	0.009213	0.009122	0.009108
450	0.00795	0.007863	0.007842
451	0.006691	0.006614	0.006585
452	0.005481	0.005415	0.005389
453	0.004295	0.004242	0.004224
454	0.003153	0.003091	0.003089
455	0.002054	0.001961	0.001983
456	0.000986	0.000886	0.000901
457	-0.000022	-0.000086	-0.000138
458	-0.001039	-0.001071	-0.001166
459	-0.00209	-0.002104	-0.002148
460	-0.003137	-0.003134	-0.003129
461	-0.004076	-0.004061	-0.004094
462	-0.005016	-0.004988	-0.00506
463	-0.005904	-0.005897	-0.005953
464	-0.006786	-0.006803	-0.006838
465	-0.007675	-0.007699	-0.00774
466	-0.008567	-0.008591	-0.008649
467	-0.009502	-0.009515	-0.00957
468	-0.010467	-0.010462	-0.0105
469	-0.011415	-0.011416	-0.011466
470	-0.012338	-0.01238	-0.012481
471	-0.013275	-0.01334	-0.013475
472	-0.014246	-0.014289	-0.014419
473	-0.015208	-0.01523	-0.015355
474	-0.016108	-0.016121	-0.016243
475	-0.017008	-0.017011	-0.017131
476	-0.017888	-0.017902	-0.018012
477	-0.018768	-0.018793	-0.018892
478	-0.019659	-0.019673	-0.01976
479	-0.020551	-0.020549	-0.020626
480	-0.021486	-0.02148	-0.021538
481	-0.02244	-0.022436	-0.022472
482	-0.023338	-0.023352	-0.023354
483	-0.024189	-0.024235	-0.024193
484	-0.024961	-0.025019	-0.024961
485	-0.02561	-0.025648	-0.025618
486	-0.02625	-0.026265	-0.026275
487	-0.026864	-0.026846	-0.026933
488	-0.027475	-0.027432	-0.027582
489	-0.028064	-0.028062	-0.028156
490	-0.028652	-0.028692	-0.028729
491	-0.029274	-0.029335	-0.029372
492	-0.029898	-0.02998	-0.030019
493	-0.030518	-0.030586	-0.030637
494	-0.031138	-0.031182	-0.031249
495	-0.031717	-0.031772	-0.031806
496	-0.032275	-0.032358	-0.032337
497	-0.032863	-0.032927	-0.032905
498	-0.033479	-0.033483	-0.033509
499	-0.034063	-0.034044	-0.034096
500	-0.034596	-0.034616	-0.034652
501	-0.035112	-0.035168	-0.03519
502	-0.035571	-0.03565	-0.035664
503	-0.036039	-0.036138	-0.036146
504	-0.036606	-0.036681	-0.036708
505	-0.037172	-0.037224	-0.03727
506	-0.037736	-0.037793	-0.037854
507	-0.038299	-0.038365	-0.038439
508	-0.038851	-0.038907	-0.038963
509	-0.039401	-0.039442	-0.039473
510	-0.039946	-0.039959	-0.04
511	-0.040489	-0.040466	-0.040536
512	-0.041021	-0.041003	-0.041062
513	-0.041543	-0.041566	-0.04158
514	-0.042047	-0.042088	-0.042083
515	-0.042526	-0.042543	-0.042561
516	-0.042987	-0.042994	-0.043025
517	-0.043396	-0.04343	-0.043445
518	-0.043807	-0.043864	-0.043869
519	-0.044241	-0.04428	-0.044336
520	-0.044674	-0.044697	-0.044802
521	-0.045129	-0.045173	-0.045255
522	-0.045584	-0.045652	-0.045708
523	-0.04605	-0.046084	-0.046149
524	-0.046518	-0.046506	-0.046588
525	-0.04691	-0.046924	-0.046988
526	-0.047269	-0.04734	-0.047371
527	-0.047658	-0.047739	-0.047793
528	-0.04807	-0.048123	-0.048246
529	-0.048463	-0.048496	-0.048636
530	-0.04883	-0.048853	-0.048941
531	-0.04918	-0.049198	-0.049239
532	-0.049485	-0.049513	-0.04952
533	-0.049784	-0.049821	-0.049812
534	-0.050052	-0.05009	-0.050156
535	-0.050323	-0.050363	-0.050501
536	-0.050705	-0.050742	-0.050831
537	-0.051088	-0.051121	-0.051162
538	-0.051428	-0.051475	-0.051528
539	-0.051763	-0.051827	-0.051899
540	-0.052078	-0.052145	-0.052195
541	-0.052386	-0.052453	-0.052468
542	-0.05263	-0.052693	-0.052724
543	-0.052836	-0.052895	-0.052969
544	-0.05311	-0.053176	-0.05325
545	-0.053451	-0.053536	-0.053567
546	-0.053787	-0.053892	-0.053892
547	-0.054117	-0.054238	-0.054232
548	-0.054433	-0.054556	-0.054556
549	-0.054711	-0.054781	-0.054827
550	-0.054988	-0.055017	-0.055103
551	-0.055269	-0.055334	-0.055413
552	-0.055549	-0.05565	-0.055722
553	-0.055853	-0.055926	-0.055961
554	-0.056156	-0.056202	-0.0562
555	-0.056387	-0.056451	-0.05644
556	-0.056605	-0.056696	-0.056682
557	-0.056876	-0.056933	-0.05694
558	-0.057165	-0.057167	-0.057203
559	-0.057441	-0.057441	-0.057498
560	-0.057708	-0.057742	-0.057814
561	-0.057993	-0.058044	-0.0581
562	-0.058296	-0.058346	-0.058354
563	-0.058594	-0.058644	-0.058632
564	-0.05888	-0.058937	-0.058953
565	-0.05917	-0.059233	-0.059271
566	-0.059471	-0.059543	-0.059583
567	-0.059776	-0.059853	-0.059894
568	-0.060115	-0.060166	-0.060196
569	-0.060454	-0.060479	-0.060498
570	-0.060712	-0.060745	-0.060749
571	-0.060969	-0.06101	-0.060999
572	-0.06126	-0.061292	-0.0613
573	-0.061556	-0.061576	-0.061608
574	-0.061843	-0.061864	-0.061887
575	-0.062127	-0.062153	-0.062156
576	-0.062385	-0.062419	-0.062401
577	-0.062628	-0.062669	-0.062633
578	-0.062853	-0.062897	-0.062872
579	-0.063062	-0.063103	-0.063118
580	-0.063276	-0.063315	-0.063341
581	-0.063497	-0.063539	-0.063528
582	-0.063733	-0.063769	-0.06374
583	-0.064007	-0.064018	-0.064016
584	-0.064276	-0.064267	-0.064287
585	-0.064514	-0.064514	-0.06453
586	-0.06475	-0.064757	-0.064771
587	-0.064952	-0.064932	-0.064975
588	-0.065155	-0.065107	-0.065179
589	-0.06537	-0.065357	-0.065397
590	-0.065586	-0.065613	-0.065616
591	-0.065819	-0.065847	-0.065877
592	-0.066055	-0.066075	-0.066147
593	-0.066285	-0.066298	-0.066367
594	-0.066512	-0.066517	-0.066565
595	-0.066818	-0.066827	-0.066872
596	-0.06718	-0.067201	-0.067256
597	-0.06754	-0.067559	-0.06763
598	-0.067899	-0.067898	-0.067993
599	-0.068237	-0.068223	-0.068325
600	-0.068537	-0.068523	-0.068602
601	-0.068776	-0.068766	-0.068828
602	-0.068833	-0.068838	-0.068905
603	-0.068875	-0.068894	-0.068966
604	-0.068822	-0.068859	-0.06893
605	-0.068768	-0.068822	-0.06889
606	-0.06868	-0.068726	-0.068746
607	-0.068591	-0.068629	-0.068603
608	-0.068561	-0.068621	-0.068594
609	-0.068536	-0.068621	-0.068595
610	-0.068503	-0.068562	-0.068541
611	-0.068469	-0.068491	-0.068475
612	-0.068546	-0.068574	-0.068542
613	-0.068667	-0.068717	-0.068662
614	-0.068722	-0.068782	-0.068742
615	-0.068734	-0.068795	-0.068796
616	-0.068807	-0.068858	-0.068871
617	-0.06894	-0.068969	-0.068966
618	-0.069095	-0.06911	-0.069097
619	-0.069281	-0.069295	-0.069282
620	-0.069464	-0.069485	-0.069474
621	-0.069643	-0.069688	-0.069683
622	-0.069797	-0.069859	-0.069863
623	-0.069844	-0.069892	-0.069918
624	-0.069902	-0.069938	-0.069984
625	-0.070067	-0.070116	-0.070158
626	-0.070232	-0.070293	-0.070333
627	-0.070392	-0.070449	-0.070479
628	-0.070552	-0.070605	-0.070625
629	-0.070583	-0.07061	-0.070665
630	-0.070599	-0.070597	-0.070692
631	-0.070692	-0.070699	-0.070788
632	-0.070805	-0.070831	-0.0709
633	-0.070966	-0.071014	-0.071032
634	-0.071147	-0.071219	-0.071172
635	-0.071314	-0.071378	-0.071337
636	-0.07147	-0.071505	-0.071519
637	-0.071606	-0.071644	-0.071665
638	-0.07172	-0.071793	-0.071774
639	-0.071792	-0.071895	-0.071863
640	-0.071802	-0.071928	-0.07192
641	-0.071845	-0.071988	-0.071999
642	-0.071961	-0.072106	-0.072125
643	-0.072088	-0.072222	-0.072254
644	-0.072253	-0.072334	-0.072387
645	-0.072421	-0.072453	-0.072524
646	-0.072616	-0.072613	-0.072683
647	-0.072813	-0.072778	-0.072847
648	-0.07306	-0.073054	-0.073133
649	-0.073306	-0.073331	-0.07342
650	-0.073719	-0.073754	-0.073846
651	-0.074142	-0.074186	-0.07428
652	-0.074393	-0.074415	-0.07451
653	-0.074614	-0.07461	-0.074704
654	-0.074739	-0.074744	-0.07485
655	-0.074833	-0.074859	-0.074982
656	-0.075003	-0.075017	-0.075139
657	-0.07521	-0.075195	-0.075308
658	-0.075404	-0.075396	-0.075494
659	-0.075589	-0.075612	-0.075692
660	-0.075795	-0.075824	-0.075886
661	-0.076023	-0.076031	-0.076077
662	-0.076096	-0.07611	-0.07613
663	-0.075952	-0.076011	-0.075991
664	-0.075781	-0.075864	-0.075831
665	-0.075555	-0.075619	-0.075631
666	-0.07539	-0.075432	-0.075482
667	-0.075413	-0.075419	-0.075495
668	-0.075433	-0.07542	-0.075508
669	-0.075444	-0.075492	-0.075519
670	-0.075467	-0.075567	-0.075541
671	-0.075633	-0.075665	-0.075682
672	-0.075799	-0.075763	-0.075822
673	-0.07587	-0.075891	-0.075945
674	-0.075941	-0.076019	-0.076068
675	-0.076104	-0.076217	-0.07623
676	-0.076275	-0.076421	-0.076397
677	-0.076423	-0.076498	-0.076525
678	-0.076567	-0.076552	-0.076646
679	-0.076767	-0.076799	-0.076827
680	-0.076985	-0.077106	-0.077028
681	-0.077332	-0.077415	-0.077344
682	-0.077737	-0.077725	-0.077714
683	-0.078063	-0.078022	-0.078046
684	-0.078338	-0.078311	-0.078354
685	-0.07865	-0.078639	-0.078677
686	-0.078994	-0.078999	-0.079012
687	-0.079296	-0.079319	-0.079333
688	-0.079545	-0.079591	-0.079634
689	-0.079798	-0.079861	-0.079904
690	-0.080057	-0.080128	-0.080124
691	-0.080321	-0.080388	-0.080366
692	-0.080598	-0.080635	-0.080654
693	-0.080916	-0.08094	-0.080995
694	-0.081368	-0.081432	-0.081505
695	-0.081778	-0.08187	-0.081959
696	-0.081989	-0.082049	-0.082136
697	-0.082223	-0.082259	-0.082339
698	-0.08267	-0.08275	-0.082777
699	-0.083114	-0.083237	-0.083213
700	-0.083462	-0.083593	-0.083589
701	-0.08381	-0.083949	-0.083966
702	-0.084143	-0.084187	-0.084257
703	-0.084476	-0.084421	-0.084545
704	-0.084882	-0.084906	-0.084953
705	-0.085297	-0.085419	-0.085375
706	-0.085793	-0.08588	-0.08587
707	-0.086305	-0.08633	-0.086381
708	-0.086538	-0.086518	-0.086577
709	-0.086687	-0.086627	-0.086677
710	-0.087176	-0.087071	-0.087057
711	-0.087809	-0.087654	-0.087554
712	-0.088354	-0.088324	-0.088163
713	-0.08885	-0.089042	-0.088836
714	-0.089219	-0.089399	-0.089247
715	-0.089495	-0.089495	-0.089469
716	-0.089855	-0.089847	-0.089842
717	-0.090292	-0.090435	-0.090354
718	-0.090666	-0.090942	-0.090788
719	-0.090964	-0.091356	-0.091131
720	-0.091593	-0.091907	-0.091732
[LOG]
CHECKSUM6