[HEADER]
Format	J&M ASCII Table
Comment	
Date	20/08/2026 14:25:36
Order	Y (evenX)
TechType	UV
NumPoints	411
FirstX	310
LastX	720
XType	nm
YType	Absorbance
ZType	s
NumSubFile	3
Matrix	Z vs X
[LOGIN]
Name=pcbob
[INSTRUMENT]
Name=TIDAS E Base UV/VI
Detector=MMS - ASPEN 97,5 kHz
Diodearray=256 Pixel
Serial#=36584
Calibrated=2011-07-01
Range=183.81-729.88 [nm] (F0)

SWVersion=v3.18.2 (build 0)[LOGIN]
Name=pcbob
[CONFIG]
ChannelName=Channel 1
ChannelType=Normalized
[PARAMETER]
It=330,00
Aver=5
Norm=3
Range=310,0-720,0 nm
Scan=Time
ScanTime=5,00 s
[TRIGGER]
Sweep=0
Scan=0
[DIO]
DigOut=0x0000
DigIn=0x0000
[DATA]
	00:00:00,000	00:00:01,650	00:00:03,300
310	0.768161	0.767973	0.768025
311	0.752146	0.751941	0.751975
312	0.736721	0.736409	0.736524
313	0.721683	0.721369	0.721461
314	0.707182	0.707008	0.706935
315	0.692901	0.692826	0.692631
316	0.679314	0.679205	0.679028
317	0.665773	0.665627	0.665472
318	0.652917	0.65269	0.652613
319	0.64006	0.639754	0.639754
320	0.627498	0.627282	0.627212
321	0.614973	0.61487	0.614711
322	0.602785	0.602757	0.602571
323	0.590736	0.590768	0.59058
324	0.578965	0.579008	0.578836
325	0.567439	0.567451	0.567312
326	0.556083	0.556053	0.555932
327	0.545034	0.544946	0.544816
328	0.534034	0.533906	0.533769
329	0.523261	0.523179	0.523046
330	0.512487	0.512453	0.512322
331	0.502291	0.502199	0.502063
332	0.492094	0.491945	0.491803
333	0.482065	0.481914	0.481826
334	0.472071	0.471931	0.471908
335	0.462334	0.46226	0.462194
336	0.452736	0.452759	0.45259
337	0.443409	0.443449	0.443264
338	0.434385	0.434352	0.434248
339	0.425457	0.425385	0.425356
340	0.416755	0.416727	0.416759
341	0.408105	0.408111	0.408191
342	0.399823	0.399794	0.399835
343	0.391541	0.391477	0.391479
344	0.383718	0.383623	0.383586
345	0.37592	0.375795	0.375718
346	0.368364	0.368272	0.368221
347	0.36088	0.36084	0.360832
348	0.353582	0.353515	0.353504
349	0.34641	0.346262	0.346217
350	0.339386	0.339202	0.33914
351	0.332564	0.332403	0.332345
352	0.325792	0.325659	0.325622
353	0.319169	0.319078	0.31911
354	0.31258	0.312523	0.312619
355	0.306392	0.306277	0.306364
356	0.300204	0.300031	0.300108
357	0.294183	0.29406	0.294097
358	0.288181	0.288116	0.288112
359	0.282427	0.282348	0.28236
360	0.276763	0.276642	0.276695
361	0.271118	0.271041	0.27108
362	0.265488	0.265522	0.265505
363	0.259995	0.260091	0.260046
364	0.254718	0.254799	0.254768
365	0.24953	0.249593	0.249581
366	0.244665	0.244699	0.244729
367	0.239803	0.239807	0.239878
368	0.235012	0.234962	0.235046
369	0.23022	0.230117	0.230213
370	0.225576	0.225515	0.225552
371	0.220954	0.220949	0.220916
372	0.216477	0.216477	0.216401
373	0.212061	0.212046	0.211937
374	0.207684	0.207676	0.207569
375	0.203339	0.20336	0.203288
376	0.199091	0.199131	0.199069
377	0.195011	0.195058	0.19496
378	0.190939	0.19099	0.190869
379	0.186902	0.18694	0.186854
380	0.182869	0.182894	0.182844
381	0.179047	0.179041	0.17907
382	0.175225	0.175188	0.175296
383	0.171507	0.171467	0.171505
384	0.167807	0.167769	0.167711
385	0.164205	0.16419	0.164139
386	0.160648	0.160665	0.160669
387	0.157253	0.157257	0.157309
388	0.154009	0.153959	0.154051
389	0.150728	0.150671	0.150763
390	0.147379	0.147401	0.147418
391	0.144082	0.144161	0.144125
392	0.141025	0.14105	0.141061
393	0.13797	0.137942	0.137999
394	0.135067	0.13505	0.135104
395	0.132165	0.132157	0.13221
396	0.129298	0.12931	0.129356
397	0.126438	0.126472	0.126509
398	0.123664	0.123703	0.123721
399	0.12093	0.120967	0.120961
400	0.118269	0.118285	0.118287
401	0.115676	0.115653	0.115695
402	0.113137	0.113107	0.113147
403	0.110698	0.110721	0.110683
404	0.108268	0.108342	0.108231
405	0.105874	0.105993	0.105835
406	0.103482	0.103643	0.10344
407	0.101157	0.101198	0.101118
408	0.098832	0.098753	0.098795
409	0.096439	0.09644	0.096469
410	0.094035	0.094149	0.094143
411	0.091815	0.091936	0.091933
412	0.089679	0.089757	0.089776
413	0.087588	0.087631	0.08765
414	0.085538	0.085551	0.085552
415	0.083515	0.083516	0.083503
416	0.081538	0.08156	0.081542
417	0.079543	0.079576	0.079561
418	0.07748	0.077482	0.077499
419	0.07542	0.075394	0.075441
420	0.07345	0.073453	0.073458
421	0.071479	0.071511	0.071475
422	0.069692	0.069728	0.069732
423	0.06793	0.067968	0.068022
424	0.066153	0.06619	0.066232
425	0.064369	0.064403	0.06441
426	0.062552	0.062576	0.062593
427	0.060708	0.060717	0.06078
428	0.05886	0.058861	0.058941
429	0.057006	0.057009	0.057059
430	0.055198	0.055213	0.055233
431	0.05354	0.053598	0.053593
432	0.051885	0.051982	0.051959
433	0.050281	0.050343	0.050412
434	0.048676	0.048705	0.048865
435	0.047111	0.047203	0.047297
436	0.04555	0.045714	0.045726
437	0.04409	0.044241	0.044236
438	0.042664	0.042773	0.042772
439	0.041246	0.04132	0.04134
440	0.039834	0.039877	0.039931
441	0.038494	0.038517	0.038587
442	0.037247	0.037265	0.037328
443	0.035996	0.03601	0.036067
444	0.034734	0.034749	0.034799
445	0.033484	0.033503	0.033549
446	0.032325	0.032362	0.032426
447	0.031165	0.03122	0.031302
448	0.029971	0.030039	0.030087
449	0.028777	0.028856	0.028869
450	0.027589	0.027653	0.027663
451	0.026402	0.026445	0.02646
452	0.025277	0.025308	0.025327
453	0.024184	0.024206	0.02423
454	0.023116	0.023154	0.023184
455	0.022075	0.02215	0.022188
456	0.021056	0.021158	0.021197
457	0.020081	0.020191	0.020215
458	0.019102	0.019211	0.019225
459	0.018106	0.01818	0.0182
460	0.01711	0.017151	0.017177
461	0.016123	0.016194	0.01619
462	0.015136	0.015237	0.015203
463	0.014231	0.014327	0.014319
464	0.013336	0.013424	0.013448
465	0.012404	0.012508	0.012537
466	0.011458	0.011588	0.011612
467	0.010564	0.010695	0.010727
468	0.009706	0.009823	0.00987
469	0.008795	0.008923	0.008961
470	0.007815	0.007987	0.007985
471	0.0069	0.00707	0.007061
472	0.006153	0.006201	0.006267
473	0.005392	0.005343	0.005466
474	0.004536	0.004567	0.004622
475	0.00368	0.00379	0.003777
476	0.002944	0.003014	0.003072
477	0.00221	0.002238	0.002369
478	0.001452	0.001472	0.001575
479	0.00069	0.000708	0.000762
480	-0.000124	-0.000079	-0.000024
481	-0.000962	-0.000878	-0.000798
482	-0.001732	-0.001646	-0.001553
483	-0.002442	-0.002386	-0.00229
484	-0.003098	-0.003052	-0.00297
485	-0.003667	-0.003602	-0.00356
486	-0.004236	-0.004157	-0.004146
487	-0.004804	-0.004732	-0.004724
488	-0.005373	-0.005306	-0.005298
489	-0.005962	-0.005872	-0.005845
490	-0.00655	-0.006438	-0.006392
491	-0.007258	-0.007128	-0.007109
492	-0.007972	-0.007825	-0.007834
493	-0.008582	-0.008478	-0.008443
494	-0.009168	-0.00912	-0.009023
495	-0.009743	-0.009693	-0.009573
496	-0.010314	-0.010229	-0.010106
497	-0.010897	-0.010783	-0.010688
498	-0.011491	-0.011351	-0.011317
499	-0.012063	-0.011904	-0.011922
500	-0.012597	-0.01243	-0.012488
501	-0.013117	-0.012946	-0.013018
502	-0.013587	-0.013432	-0.013429
503	-0.014062	-0.01392	-0.013853
504	-0.014585	-0.014433	-0.014407
505	-0.015109	-0.014947	-0.014962
506	-0.015626	-0.015474	-0.015477
507	-0.016144	-0.016001	-0.01599
508	-0.016621	-0.0165	-0.016456
509	-0.017088	-0.016992	-0.016911
510	-0.017542	-0.017461	-0.01736
511	-0.01799	-0.017917	-0.017807
512	-0.018435	-0.018342	-0.018255
513	-0.018876	-0.018738	-0.018705
514	-0.01929	-0.019129	-0.01913
515	-0.019664	-0.019512	-0.019514
516	-0.020024	-0.019887	-0.019879
517	-0.020345	-0.020236	-0.020181
518	-0.020669	-0.020581	-0.020486
519	-0.021013	-0.020903	-0.020809
520	-0.021357	-0.021225	-0.021132
521	-0.021763	-0.021618	-0.02158
522	-0.022171	-0.022013	-0.022031
523	-0.022554	-0.022393	-0.022433
524	-0.022933	-0.02277	-0.022827
525	-0.023286	-0.023133	-0.023159
526	-0.023627	-0.023489	-0.023464
527	-0.023991	-0.023858	-0.02382
528	-0.024372	-0.024236	-0.024216
529	-0.024721	-0.024592	-0.024578
530	-0.025027	-0.024919	-0.024894
531	-0.025348	-0.025245	-0.025219
532	-0.025704	-0.025566	-0.025565
533	-0.026062	-0.025895	-0.025908
534	-0.026431	-0.026262	-0.026229
535	-0.026799	-0.026629	-0.026553
536	-0.027167	-0.026973	-0.026928
537	-0.027535	-0.027317	-0.027304
538	-0.027869	-0.027698	-0.027693
539	-0.0282	-0.028084	-0.028083
540	-0.028529	-0.028429	-0.02842
541	-0.028859	-0.028761	-0.028741
542	-0.029135	-0.029036	-0.029017
543	-0.02938	-0.029277	-0.029267
544	-0.029709	-0.029575	-0.029564
545	-0.03012	-0.029929	-0.029906
546	-0.030472	-0.030279	-0.030244
547	-0.030724	-0.030622	-0.030572
548	-0.030982	-0.030935	-0.030875
549	-0.031259	-0.031152	-0.031098
550	-0.03153	-0.031376	-0.031325
551	-0.031759	-0.031659	-0.031591
552	-0.031988	-0.031942	-0.031857
553	-0.032273	-0.032181	-0.032148
554	-0.032559	-0.032419	-0.032439
555	-0.03273	-0.032614	-0.032616
556	-0.032882	-0.032802	-0.032775
557	-0.033101	-0.03299	-0.032965
558	-0.033343	-0.033177	-0.033166
559	-0.033591	-0.033432	-0.033406
560	-0.033842	-0.033731	-0.03367
561	-0.034098	-0.033982	-0.033929
562	-0.034358	-0.034182	-0.034183
563	-0.034623	-0.03443	-0.034443
564	-0.034895	-0.034765	-0.034715
565	-0.035157	-0.035075	-0.034982
566	-0.035385	-0.035303	-0.035234
567	-0.035625	-0.03554	-0.035494
568	-0.035964	-0.03585	-0.035817
569	-0.036303	-0.036161	-0.036139
570	-0.036576	-0.036456	-0.036434
571	-0.036848	-0.03675	-0.036729
572	-0.037161	-0.037065	-0.03704
573	-0.037481	-0.037383	-0.037354
574	-0.037788	-0.03769	-0.037663
575	-0.038091	-0.037993	-0.037971
576	-0.038389	-0.038299	-0.038265
577	-0.038682	-0.038607	-0.038551
578	-0.038948	-0.038881	-0.038834
579	-0.039189	-0.039123	-0.039114
580	-0.039437	-0.039374	-0.03938
581	-0.039699	-0.039637	-0.039624
582	-0.03997	-0.039903	-0.039875
583	-0.040265	-0.040177	-0.040142
584	-0.040555	-0.040452	-0.040415
585	-0.040814	-0.040731	-0.040712
586	-0.041072	-0.041008	-0.041006
587	-0.041302	-0.041231	-0.041221
588	-0.041532	-0.041454	-0.041435
589	-0.041758	-0.04168	-0.041618
590	-0.041984	-0.041906	-0.041798
591	-0.042215	-0.04213	-0.042068
592	-0.042448	-0.042353	-0.042358
593	-0.042697	-0.042597	-0.042601
594	-0.042954	-0.04285	-0.042823
595	-0.043245	-0.04315	-0.04311
596	-0.043558	-0.043484	-0.043443
597	-0.043898	-0.04383	-0.043788
598	-0.044267	-0.044188	-0.044146
599	-0.044581	-0.044498	-0.044442
600	-0.044796	-0.044722	-0.04463
601	-0.044968	-0.044894	-0.044783
602	-0.04501	-0.044914	-0.044836
603	-0.045036	-0.044921	-0.044873
604	-0.044964	-0.044861	-0.044823
605	-0.044888	-0.044796	-0.044768
606	-0.044688	-0.044617	-0.044579
607	-0.044489	-0.044439	-0.044389
608	-0.044424	-0.044368	-0.044314
609	-0.044369	-0.044306	-0.044248
610	-0.044285	-0.044213	-0.044165
611	-0.044195	-0.044113	-0.044079
612	-0.044208	-0.044145	-0.044094
613	-0.044263	-0.04423	-0.04415
614	-0.044287	-0.044259	-0.044182
615	-0.044291	-0.044254	-0.044197
616	-0.044332	-0.044285	-0.044248
617	-0.044409	-0.044353	-0.044333
618	-0.044541	-0.04446	-0.044452
619	-0.044754	-0.044626	-0.044623
620	-0.044931	-0.044784	-0.044773
621	-0.04502	-0.044922	-0.044873
622	-0.045112	-0.045043	-0.044965
623	-0.045218	-0.045091	-0.045023
624	-0.045329	-0.045153	-0.045093
625	-0.04549	-0.04534	-0.045284
626	-0.045651	-0.045528	-0.045474
627	-0.045714	-0.045613	-0.045591
628	-0.045775	-0.045698	-0.045706
629	-0.04584	-0.045758	-0.045743
630	-0.045904	-0.045816	-0.04577
631	-0.046025	-0.045932	-0.045899
632	-0.046161	-0.046062	-0.046054
633	-0.04633	-0.046241	-0.046197
634	-0.046515	-0.046441	-0.046333
635	-0.046648	-0.046591	-0.046479
636	-0.046746	-0.046709	-0.046631
637	-0.046872	-0.046826	-0.046783
638	-0.047027	-0.046942	-0.046935
639	-0.047167	-0.047049	-0.047067
640	-0.047284	-0.047142	-0.047171
641	-0.047413	-0.047253	-0.047281
642	-0.047563	-0.047407	-0.047406
643	-0.047699	-0.047545	-0.04753
644	-0.047781	-0.047628	-0.047648
645	-0.04788	-0.047726	-0.047778
646	-0.0481	-0.047936	-0.047983
647	-0.048323	-0.04815	-0.048192
648	-0.048651	-0.048499	-0.048495
649	-0.048978	-0.048848	-0.048799
650	-0.049352	-0.049226	-0.049193
651	-0.049728	-0.049605	-0.049593
652	-0.050141	-0.050028	-0.05004
653	-0.050561	-0.050459	-0.050495
654	-0.050791	-0.050718	-0.050712
655	-0.050962	-0.050923	-0.050856
656	-0.051123	-0.051084	-0.051021
657	-0.05128	-0.051225	-0.051197
658	-0.051432	-0.051397	-0.051352
659	-0.051579	-0.05159	-0.051492
660	-0.05168	-0.051693	-0.051597
661	-0.051734	-0.051709	-0.051667
662	-0.051711	-0.051632	-0.051619
663	-0.05158	-0.051425	-0.051404
664	-0.051405	-0.051213	-0.051195
665	-0.051145	-0.050988	-0.051001
666	-0.050942	-0.050807	-0.050833
667	-0.050915	-0.050761	-0.05075
668	-0.050883	-0.050716	-0.050684
669	-0.050821	-0.050673	-0.05071
670	-0.050773	-0.050643	-0.050739
671	-0.050885	-0.050755	-0.050815
672	-0.050998	-0.050867	-0.050892
673	-0.051085	-0.050947	-0.05096
674	-0.051172	-0.051027	-0.051028
675	-0.051325	-0.051224	-0.05121
676	-0.051484	-0.051432	-0.051402
677	-0.051651	-0.051606	-0.051503
678	-0.051819	-0.051774	-0.051587
679	-0.052051	-0.051924	-0.051819
680	-0.052304	-0.052069	-0.052098
681	-0.052554	-0.052362	-0.0524
682	-0.052803	-0.052725	-0.052712
683	-0.053106	-0.052994	-0.053021
684	-0.053442	-0.053203	-0.053327
685	-0.053759	-0.053514	-0.053655
686	-0.054059	-0.053915	-0.054
687	-0.054353	-0.054257	-0.054319
688	-0.054639	-0.054532	-0.054609
689	-0.054926	-0.05482	-0.054869
690	-0.055215	-0.055129	-0.055084
691	-0.055437	-0.055378	-0.055263
692	-0.055509	-0.055497	-0.055365
693	-0.055673	-0.055675	-0.055532
694	-0.056122	-0.056041	-0.055902
695	-0.056549	-0.056409	-0.056286
696	-0.056872	-0.056793	-0.056739
697	-0.057208	-0.057178	-0.057183
698	-0.057662	-0.057585	-0.057557
699	-0.058109	-0.057988	-0.057927
700	-0.058339	-0.058259	-0.058196
701	-0.058568	-0.05853	-0.058466
702	-0.059026	-0.058915	-0.058872
703	-0.059493	-0.059304	-0.059283
704	-0.059889	-0.059742	-0.059689
705	-0.060278	-0.060184	-0.060096
706	-0.060792	-0.060678	-0.060598
707	-0.061333	-0.061181	-0.06112
708	-0.061651	-0.061573	-0.061444
709	-0.061901	-0.061932	-0.061709
710	-0.062406	-0.062381	-0.062206
711	-0.063019	-0.062868	-0.062801
712	-0.063557	-0.063378	-0.063359
713	-0.064054	-0.063901	-0.063895
714	-0.064366	-0.064264	-0.064284
715	-0.064543	-0.06451	-0.064566
716	-0.064932	-0.064954	-0.065009
717	-0.065517	-0.06558	-0.0656
718	-0.066022	-0.066055	-0.066038
719	-0.066435	-0.06635	-0.066295
720	-0.067201	-0.066967	-0.066893
[LOG]
CHECKSUMx€