[HEADER]
Format	J&M ASCII Table
Comment	
Date	20/08/2026 15:12:47
Order	Y (evenX)
TechType	UV
NumPoints	411
FirstX	310
LastX	720
XType	nm
YType	Absorbance
ZType	s
NumSubFile	3
Matrix	Z vs X
[LOGIN]
Name=pcbob
[INSTRUMENT]
Name=TIDAS E Base UV/VI
Detector=MMS - ASPEN 97,5 kHz
Diodearray=256 Pixel
Serial#=36584
Calibrated=2011-07-01
Range=183.81-729.88 [nm] (F0)

SWVersion=v3.18.2 (build 0)[LOGIN]
Name=pcbob
[CONFIG]
ChannelName=Channel 1
ChannelType=Normalized
[PARAMETER]
It=330,00
Aver=5
Norm=3
Range=310,0-720,0 nm
Scan=Time
ScanTime=5,00 s
[TRIGGER]
Sweep=0
Scan=0
[DIO]
DigOut=0x0000
DigIn=0x0000
[DATA]
	00:00:00,000	00:00:01,650	00:00:03,300
310	0.829725	0.829336	0.829044
311	0.812622	0.81219	0.811884
312	0.796009	0.795535	0.795153
313	0.779728	0.779256	0.778848
314	0.763907	0.763496	0.763135
315	0.748308	0.747948	0.747599
316	0.733404	0.733066	0.732622
317	0.718534	0.718218	0.717691
318	0.70418	0.703881	0.703426
319	0.689826	0.689543	0.68916
320	0.676079	0.675725	0.675355
321	0.662411	0.661973	0.661609
322	0.648905	0.648446	0.648124
323	0.635467	0.635011	0.634747
324	0.622207	0.621754	0.621496
325	0.609104	0.608655	0.608356
326	0.596148	0.595717	0.595396
327	0.583457	0.583073	0.582765
328	0.57082	0.570479	0.570172
329	0.558434	0.558113	0.557753
330	0.546048	0.545747	0.545334
331	0.534195	0.533928	0.533499
332	0.522342	0.522108	0.521664
333	0.510809	0.510473	0.5101
334	0.499344	0.498877	0.498595
335	0.488151	0.487666	0.48737
336	0.477106	0.476663	0.476298
337	0.466355	0.465959	0.46559
338	0.455932	0.455589	0.455286
339	0.445624	0.445333	0.445069
340	0.43559	0.435349	0.435057
341	0.425611	0.425419	0.425103
342	0.416029	0.415882	0.415562
343	0.406447	0.406346	0.406021
344	0.397361	0.39717	0.396914
345	0.388302	0.388013	0.387831
346	0.379545	0.379273	0.379112
347	0.370877	0.370655	0.3705
348	0.362482	0.362233	0.362073
349	0.354269	0.353941	0.353769
350	0.346207	0.345838	0.345672
351	0.338349	0.337992	0.337853
352	0.330603	0.330268	0.330129
353	0.323194	0.322904	0.322686
354	0.315804	0.315563	0.315276
355	0.308643	0.308485	0.308245
356	0.301482	0.301407	0.301215
357	0.294852	0.294735	0.294575
358	0.288277	0.288106	0.287976
359	0.281882	0.281666	0.281554
360	0.275553	0.275295	0.275197
361	0.269257	0.269044	0.268906
362	0.262986	0.262888	0.262669
363	0.256888	0.256826	0.25659
364	0.251063	0.250914	0.250761
365	0.245322	0.245106	0.245024
366	0.239886	0.239676	0.239627
367	0.234453	0.234252	0.234231
368	0.22907	0.228926	0.228867
369	0.223686	0.2236	0.223502
370	0.218577	0.218458	0.218371
371	0.213508	0.213342	0.213273
372	0.20849	0.208275	0.208219
373	0.203493	0.203227	0.203183
374	0.198601	0.198343	0.198323
375	0.193802	0.193604	0.193619
376	0.189075	0.18894	0.188967
377	0.184477	0.184411	0.184408
378	0.179925	0.179903	0.179875
379	0.175569	0.175486	0.17545
380	0.171216	0.171073	0.171029
381	0.166938	0.166803	0.166829
382	0.16266	0.162532	0.162629
383	0.158507	0.158365	0.158437
384	0.154376	0.154215	0.154248
385	0.150399	0.150198	0.150241
386	0.146494	0.146243	0.146319
387	0.142657	0.142432	0.142517
388	0.138885	0.138756	0.138827
389	0.135111	0.135036	0.135106
390	0.131333	0.131235	0.131328
391	0.127603	0.127475	0.127593
392	0.124085	0.123901	0.124053
393	0.120572	0.120332	0.120517
394	0.117353	0.117159	0.117287
395	0.114133	0.113987	0.114057
396	0.110941	0.110808	0.110918
397	0.107754	0.107628	0.107795
398	0.10467	0.10454	0.104707
399	0.101634	0.101495	0.101634
400	0.098636	0.098487	0.098632
401	0.095673	0.095513	0.095696
402	0.092797	0.092647	0.092852
403	0.090083	0.089984	0.090181
404	0.08738	0.087324	0.087523
405	0.084723	0.084675	0.084927
406	0.082068	0.082027	0.08233
407	0.079512	0.079434	0.079733
408	0.076957	0.076841	0.077135
409	0.074373	0.074206	0.0745
410	0.071785	0.071563	0.071858
411	0.069297	0.069093	0.06942
412	0.066853	0.066701	0.067074
413	0.064426	0.064282	0.064691
414	0.062014	0.061839	0.062275
415	0.05965	0.059463	0.059912
416	0.057372	0.057204	0.057641
417	0.055074	0.054923	0.055351
418	0.052692	0.052551	0.052985
419	0.050317	0.050185	0.050624
420	0.048106	0.047978	0.048381
421	0.045895	0.045771	0.046139
422	0.043833	0.043708	0.044094
423	0.041792	0.041665	0.042077
424	0.039828	0.039709	0.040141
425	0.037894	0.037787	0.038238
426	0.035847	0.035746	0.036218
427	0.033708	0.033608	0.034103
428	0.031595	0.031484	0.032005
429	0.029523	0.02938	0.029933
430	0.027508	0.027345	0.027918
431	0.025677	0.025536	0.026091
432	0.023855	0.023734	0.024275
433	0.022149	0.022045	0.022602
434	0.020443	0.020355	0.020929
435	0.018761	0.018634	0.019242
436	0.017081	0.016909	0.017554
437	0.015427	0.015278	0.015904
438	0.013781	0.013676	0.014266
439	0.012133	0.012035	0.012614
440	0.010484	0.010365	0.010951
441	0.008904	0.008774	0.009386
442	0.007414	0.007283	0.007944
443	0.00591	0.005783	0.006482
444	0.004371	0.004264	0.004967
445	0.002851	0.002758	0.003458
446	0.001455	0.001344	0.00199
447	0.000059	-0.00007	0.000522
448	-0.00137	-0.001526	-0.000864
449	-0.0028	-0.002984	-0.002249
450	-0.00426	-0.004432	-0.003679
451	-0.005726	-0.005877	-0.005121
452	-0.007094	-0.007246	-0.00648
453	-0.008411	-0.008574	-0.007797
454	-0.009706	-0.009854	-0.009096
455	-0.010982	-0.011087	-0.010376
456	-0.012185	-0.012279	-0.011574
457	-0.013253	-0.013394	-0.012619
458	-0.014342	-0.01451	-0.013688
459	-0.015515	-0.015632	-0.014857
460	-0.016685	-0.016752	-0.016023
461	-0.017791	-0.01784	-0.017113
462	-0.018897	-0.018927	-0.018203
463	-0.019918	-0.019993	-0.019229
464	-0.020929	-0.021056	-0.020246
465	-0.021982	-0.022091	-0.021292
466	-0.02305	-0.023117	-0.022348
467	-0.024095	-0.024159	-0.023368
468	-0.025123	-0.025214	-0.024363
469	-0.026204	-0.026311	-0.025417
470	-0.027354	-0.027463	-0.026548
471	-0.028482	-0.028593	-0.027654
472	-0.02955	-0.029668	-0.028695
473	-0.030611	-0.030738	-0.029732
474	-0.031628	-0.031776	-0.030745
475	-0.032644	-0.032814	-0.031758
476	-0.033574	-0.03375	-0.032765
477	-0.034502	-0.034684	-0.033771
478	-0.035525	-0.035664	-0.034756
479	-0.036568	-0.036655	-0.035736
480	-0.037584	-0.037657	-0.036769
481	-0.038588	-0.038664	-0.037827
482	-0.039522	-0.039608	-0.038783
483	-0.040395	-0.040495	-0.03965
484	-0.041184	-0.041285	-0.040441
485	-0.04184	-0.04192	-0.041113
486	-0.042506	-0.042563	-0.041782
487	-0.043199	-0.043231	-0.042445
488	-0.043897	-0.043908	-0.043111
489	-0.044637	-0.044668	-0.043814
490	-0.045377	-0.045428	-0.044517
491	-0.046192	-0.04624	-0.04531
492	-0.047012	-0.047054	-0.046109
493	-0.047699	-0.047753	-0.046787
494	-0.048354	-0.048423	-0.047437
495	-0.048984	-0.04909	-0.048094
496	-0.049602	-0.049756	-0.048755
497	-0.050235	-0.050416	-0.049395
498	-0.050882	-0.051072	-0.050015
499	-0.051533	-0.051717	-0.050655
500	-0.05219	-0.052343	-0.051328
501	-0.052835	-0.052954	-0.051977
502	-0.053437	-0.053512	-0.05255
503	-0.05404	-0.054079	-0.053127
504	-0.054657	-0.054735	-0.053751
505	-0.055273	-0.05539	-0.054374
506	-0.055946	-0.056073	-0.055038
507	-0.056622	-0.056758	-0.055704
508	-0.05725	-0.057401	-0.05634
509	-0.057866	-0.058035	-0.056969
510	-0.058485	-0.058654	-0.057584
511	-0.059104	-0.059265	-0.058191
512	-0.059709	-0.059841	-0.058775
513	-0.0603	-0.060383	-0.059336
514	-0.060869	-0.060923	-0.059879
515	-0.0614	-0.061457	-0.060394
516	-0.061926	-0.061982	-0.060911
517	-0.062433	-0.062479	-0.061434
518	-0.062936	-0.062979	-0.061954
519	-0.063401	-0.063506	-0.062442
520	-0.063867	-0.064032	-0.06293
521	-0.064408	-0.064557	-0.063467
522	-0.064951	-0.065081	-0.064005
523	-0.065455	-0.065606	-0.064485
524	-0.065952	-0.066131	-0.064955
525	-0.066401	-0.066582	-0.065402
526	-0.066829	-0.067001	-0.06584
527	-0.067289	-0.067434	-0.066297
528	-0.067773	-0.067878	-0.066768
529	-0.068214	-0.068298	-0.067206
530	-0.068596	-0.068688	-0.067599
531	-0.068978	-0.069077	-0.067992
532	-0.069357	-0.069468	-0.068384
533	-0.069726	-0.06985	-0.068768
534	-0.07004	-0.070183	-0.069113
535	-0.070356	-0.070518	-0.069458
536	-0.070742	-0.070882	-0.069804
537	-0.071128	-0.071247	-0.07015
538	-0.07149	-0.071598	-0.070493
539	-0.07185	-0.071947	-0.070836
540	-0.072177	-0.07229	-0.071185
541	-0.072494	-0.072631	-0.071535
542	-0.0728	-0.072924	-0.071845
543	-0.073099	-0.073189	-0.07213
544	-0.073409	-0.073498	-0.072454
545	-0.073732	-0.073853	-0.072816
546	-0.074076	-0.074214	-0.073182
547	-0.074457	-0.074587	-0.073555
548	-0.074826	-0.074947	-0.073909
549	-0.075157	-0.075266	-0.074207
550	-0.075488	-0.075587	-0.07451
551	-0.075819	-0.075925	-0.074847
552	-0.076149	-0.076264	-0.075183
553	-0.076464	-0.07659	-0.075474
554	-0.076779	-0.076915	-0.075765
555	-0.076991	-0.077123	-0.07601
556	-0.077186	-0.077311	-0.076247
557	-0.07748	-0.077608	-0.076572
558	-0.077809	-0.077944	-0.076927
559	-0.078156	-0.078268	-0.077244
560	-0.078515	-0.078586	-0.077534
561	-0.07884	-0.078908	-0.077838
562	-0.079127	-0.079234	-0.078156
563	-0.079423	-0.079551	-0.078482
564	-0.079734	-0.079852	-0.07882
565	-0.080023	-0.080137	-0.07913
566	-0.080241	-0.080368	-0.079348
567	-0.080465	-0.080602	-0.079575
568	-0.080739	-0.080863	-0.079874
569	-0.081012	-0.081125	-0.080174
570	-0.081225	-0.081317	-0.080396
571	-0.081437	-0.081508	-0.080618
572	-0.081689	-0.081768	-0.080904
573	-0.081947	-0.082037	-0.0812
574	-0.082175	-0.08228	-0.081453
575	-0.082392	-0.082513	-0.081692
576	-0.082629	-0.082742	-0.081932
577	-0.082878	-0.082969	-0.082175
578	-0.083089	-0.083162	-0.082394
579	-0.083266	-0.083324	-0.08259
580	-0.083456	-0.083513	-0.082794
581	-0.083665	-0.083743	-0.083011
582	-0.08391	-0.083998	-0.083252
583	-0.084247	-0.084317	-0.083558
584	-0.084574	-0.084633	-0.083863
585	-0.084848	-0.084927	-0.084164
586	-0.085123	-0.08522	-0.084462
587	-0.085403	-0.085477	-0.084704
588	-0.085683	-0.085734	-0.084946
589	-0.085933	-0.085995	-0.085176
590	-0.08618	-0.086257	-0.085405
591	-0.086448	-0.086498	-0.085675
592	-0.08672	-0.086734	-0.085955
593	-0.086948	-0.08699	-0.086184
594	-0.087156	-0.087253	-0.08639
595	-0.087464	-0.087569	-0.086708
596	-0.087841	-0.087921	-0.087103
597	-0.088251	-0.088313	-0.087515
598	-0.088696	-0.088747	-0.087948
599	-0.08908	-0.089135	-0.088326
600	-0.089358	-0.089445	-0.088609
601	-0.089593	-0.089692	-0.088842
602	-0.089701	-0.089757	-0.088926
603	-0.089795	-0.089818	-0.088998
604	-0.089808	-0.089863	-0.088995
605	-0.089819	-0.089903	-0.08899
606	-0.089777	-0.089832	-0.088942
607	-0.089736	-0.089761	-0.088895
608	-0.089703	-0.089748	-0.088914
609	-0.08967	-0.08974	-0.088939
610	-0.089682	-0.089739	-0.08891
611	-0.089705	-0.089741	-0.088869
612	-0.089786	-0.089793	-0.088929
613	-0.089889	-0.089865	-0.089029
614	-0.09001	-0.090005	-0.089143
615	-0.09014	-0.090187	-0.089267
616	-0.090221	-0.090298	-0.089369
617	-0.090252	-0.090339	-0.089448
618	-0.090387	-0.090477	-0.089595
619	-0.090674	-0.090761	-0.089841
620	-0.090913	-0.091001	-0.090049
621	-0.091036	-0.091135	-0.090167
622	-0.091157	-0.091251	-0.090284
623	-0.091266	-0.091295	-0.090392
624	-0.091384	-0.091359	-0.090506
625	-0.091582	-0.091612	-0.090671
626	-0.09178	-0.091866	-0.090837
627	-0.091894	-0.091963	-0.091
628	-0.092008	-0.09206	-0.091162
629	-0.092069	-0.092124	-0.091191
630	-0.092125	-0.092186	-0.091203
631	-0.09228	-0.092357	-0.091371
632	-0.092461	-0.092557	-0.09158
633	-0.092594	-0.092704	-0.091701
634	-0.092705	-0.092827	-0.091784
635	-0.092829	-0.092951	-0.091899
636	-0.092961	-0.093075	-0.092036
637	-0.093107	-0.093212	-0.092202
638	-0.093267	-0.093362	-0.092397
639	-0.093394	-0.093482	-0.092555
640	-0.093473	-0.09356	-0.092657
641	-0.093568	-0.093666	-0.092771
642	-0.093699	-0.093837	-0.092908
643	-0.093847	-0.094003	-0.093041
644	-0.094053	-0.094156	-0.093163
645	-0.094248	-0.094307	-0.093288
646	-0.094355	-0.094446	-0.093431
647	-0.094465	-0.094586	-0.093577
648	-0.094664	-0.09477	-0.093818
649	-0.094863	-0.094954	-0.09406
650	-0.095059	-0.095145	-0.094267
651	-0.095254	-0.095338	-0.094472
652	-0.095339	-0.095388	-0.094589
653	-0.095404	-0.095413	-0.094691
654	-0.095389	-0.095396	-0.094736
655	-0.095349	-0.095365	-0.094764
656	-0.095425	-0.095453	-0.094852
657	-0.095558	-0.095598	-0.094968
658	-0.09583	-0.095892	-0.095262
659	-0.096201	-0.096291	-0.09568
660	-0.096574	-0.096681	-0.096012
661	-0.09695	-0.097061	-0.096258
662	-0.097226	-0.097326	-0.096457
663	-0.097363	-0.09743	-0.096588
664	-0.097427	-0.097474	-0.096642
665	-0.097343	-0.097397	-0.09654
666	-0.097287	-0.097356	-0.096466
667	-0.097318	-0.09743	-0.09648
668	-0.097355	-0.097488	-0.096493
669	-0.097423	-0.097466	-0.096499
670	-0.097487	-0.097456	-0.096512
671	-0.097516	-0.097584	-0.096614
672	-0.097544	-0.097712	-0.096715
673	-0.097679	-0.097823	-0.096908
674	-0.097813	-0.097934	-0.0971
675	-0.098041	-0.098158	-0.09725
676	-0.098277	-0.098392	-0.097397
677	-0.098482	-0.098599	-0.097596
678	-0.09868	-0.098801	-0.097805
679	-0.0989	-0.09904	-0.098026
680	-0.099127	-0.099291	-0.09825
681	-0.099435	-0.099587	-0.098552
682	-0.099779	-0.099904	-0.09889
683	-0.100085	-0.100193	-0.099226
684	-0.100365	-0.100466	-0.09956
685	-0.100676	-0.100789	-0.099872
686	-0.101013	-0.101158	-0.100166
687	-0.101322	-0.101448	-0.100456
688	-0.101598	-0.101646	-0.100742
689	-0.101874	-0.101873	-0.101014
690	-0.10215	-0.102146	-0.101261
691	-0.102411	-0.102405	-0.101496
692	-0.102637	-0.102634	-0.101704
693	-0.102905	-0.102914	-0.101975
694	-0.103305	-0.103351	-0.102448
695	-0.103699	-0.103776	-0.102894
696	-0.104065	-0.104141	-0.103203
697	-0.104421	-0.104493	-0.10351
698	-0.104683	-0.104734	-0.10379
699	-0.104949	-0.10498	-0.104077
700	-0.105364	-0.105384	-0.104579
701	-0.105779	-0.105787	-0.105081
702	-0.106195	-0.106277	-0.105504
703	-0.106611	-0.10677	-0.105924
704	-0.106955	-0.107083	-0.106213
705	-0.107292	-0.107375	-0.106489
706	-0.107907	-0.107898	-0.106983
707	-0.108578	-0.108468	-0.107522
708	-0.108822	-0.108759	-0.107863
709	-0.108937	-0.108966	-0.108144
710	-0.109421	-0.109501	-0.108726
711	-0.110061	-0.110175	-0.109434
712	-0.110682	-0.110782	-0.110046
713	-0.111293	-0.111352	-0.110604
714	-0.111797	-0.111819	-0.111065
715	-0.112225	-0.11221	-0.111456
716	-0.112698	-0.112674	-0.111866
717	-0.113213	-0.113204	-0.112294
718	-0.113733	-0.113676	-0.112746
719	-0.114259	-0.11408	-0.113227
720	-0.114981	-0.114722	-0.113893
[LOG]
CHECKSUM€»