[HEADER]
Format	J&M ASCII Table
Comment	
Date	20/08/2026 14:27:54
Order	Y (evenX)
TechType	UV
NumPoints	411
FirstX	310
LastX	720
XType	nm
YType	Absorbance
ZType	s
NumSubFile	3
Matrix	Z vs X
[LOGIN]
Name=pcbob
[INSTRUMENT]
Name=TIDAS E Base UV/VI
Detector=MMS - ASPEN 97,5 kHz
Diodearray=256 Pixel
Serial#=36584
Calibrated=2011-07-01
Range=183.81-729.88 [nm] (F0)

SWVersion=v3.18.2 (build 0)[LOGIN]
Name=pcbob
[CONFIG]
ChannelName=Channel 1
ChannelType=Normalized
[PARAMETER]
It=330,00
Aver=5
Norm=3
Range=310,0-720,0 nm
Scan=Time
ScanTime=5,00 s
[TRIGGER]
Sweep=0
Scan=0
[DIO]
DigOut=0x0000
DigIn=0x0000
[DATA]
	00:00:00,000	00:00:01,650	00:00:03,300
310	0.77453	0.774624	0.774565
311	0.758469	0.758532	0.758514
312	0.742968	0.743134	0.74304
313	0.72785	0.728089	0.727891
314	0.713262	0.713532	0.713191
315	0.69889	0.699155	0.698738
316	0.685193	0.685347	0.685062
317	0.671544	0.6716	0.671437
318	0.6586	0.658736	0.65857
319	0.645656	0.645872	0.645703
320	0.633031	0.63322	0.632977
321	0.620448	0.620594	0.62027
322	0.608213	0.608368	0.608055
323	0.596122	0.596307	0.596042
324	0.584337	0.584512	0.584258
325	0.572821	0.572953	0.572676
326	0.561413	0.561542	0.561241
327	0.550201	0.550401	0.550076
328	0.539056	0.539302	0.538974
329	0.528225	0.528392	0.528171
330	0.517395	0.517483	0.517368
331	0.507004	0.50708	0.506936
332	0.496613	0.496678	0.496504
333	0.486439	0.48659	0.486384
334	0.476311	0.476568	0.476331
335	0.466524	0.466789	0.466568
336	0.456922	0.457142	0.456961
337	0.447499	0.447669	0.447536
338	0.438277	0.438392	0.438314
339	0.429203	0.429324	0.429236
340	0.420481	0.420752	0.420497
341	0.411797	0.412198	0.411801
342	0.403381	0.403774	0.403421
343	0.394966	0.39535	0.395041
344	0.387029	0.387308	0.387106
345	0.379119	0.379288	0.379196
346	0.371533	0.371673	0.371579
347	0.364042	0.364177	0.364049
348	0.356654	0.356816	0.356678
349	0.349334	0.349547	0.349414
350	0.342225	0.342428	0.342343
351	0.3354	0.335512	0.335533
352	0.328594	0.328693	0.32876
353	0.321849	0.322158	0.322093
354	0.315142	0.315636	0.315458
355	0.308893	0.309265	0.30918
356	0.302644	0.302894	0.302902
357	0.296607	0.296851	0.29682
358	0.290591	0.290842	0.290758
359	0.284792	0.285045	0.284944
360	0.279072	0.279327	0.279221
361	0.273403	0.273682	0.273585
362	0.267776	0.268096	0.268018
363	0.262261	0.262607	0.262533
364	0.256923	0.257272	0.257178
365	0.251689	0.252013	0.251909
366	0.246828	0.247026	0.246952
367	0.241965	0.242047	0.242001
368	0.237065	0.237233	0.237183
369	0.232166	0.23242	0.232365
370	0.227501	0.227689	0.227701
371	0.222871	0.222969	0.223059
372	0.218309	0.21842	0.218514
373	0.213774	0.213942	0.214011
374	0.209363	0.209558	0.209585
375	0.205058	0.205255	0.205225
376	0.200816	0.20101	0.200939
377	0.196683	0.196867	0.196779
378	0.19257	0.192735	0.192637
379	0.188545	0.18865	0.188573
380	0.184523	0.184571	0.184513
381	0.180632	0.180721	0.180628
382	0.17674	0.17687	0.176744
383	0.172985	0.173111	0.173003
384	0.169254	0.169367	0.169286
385	0.165668	0.165772	0.165708
386	0.162149	0.162243	0.162194
387	0.158738	0.158838	0.158783
388	0.155427	0.155548	0.155467
389	0.152104	0.152237	0.152147
390	0.148759	0.148889	0.148818
391	0.145455	0.145577	0.145523
392	0.142334	0.14243	0.142379
393	0.139215	0.139285	0.139239
394	0.136254	0.136375	0.136307
395	0.133293	0.133465	0.133375
396	0.130439	0.130562	0.130496
397	0.127604	0.127661	0.127627
398	0.124849	0.124889	0.124854
399	0.122132	0.122177	0.122126
400	0.119451	0.119502	0.119452
401	0.116802	0.116859	0.116828
402	0.114218	0.114267	0.114258
403	0.111755	0.11177	0.111786
404	0.109309	0.109297	0.109321
405	0.10694	0.106928	0.106888
406	0.104571	0.104559	0.104457
407	0.102212	0.102217	0.102114
408	0.099853	0.099874	0.099772
409	0.097509	0.097524	0.097395
410	0.095168	0.095171	0.095013
411	0.09293	0.0929	0.092772
412	0.090738	0.090664	0.090595
413	0.088572	0.088502	0.088453
414	0.086431	0.086407	0.086343
415	0.084361	0.084362	0.084286
416	0.082415	0.082407	0.082323
417	0.080434	0.08041	0.080321
418	0.078308	0.07825	0.078159
419	0.076184	0.076093	0.076003
420	0.074129	0.074047	0.073992
421	0.072073	0.072001	0.071982
422	0.070274	0.070224	0.070203
423	0.068511	0.068485	0.068458
424	0.066736	0.066721	0.066655
425	0.064955	0.064947	0.064829
426	0.063132	0.063098	0.062971
427	0.061276	0.061189	0.061086
428	0.059417	0.059314	0.059233
429	0.057556	0.057493	0.057428
430	0.055746	0.055707	0.055647
431	0.054106	0.054034	0.053944
432	0.052469	0.052364	0.052247
433	0.050861	0.05074	0.050618
434	0.049253	0.049116	0.04899
435	0.047682	0.047518	0.047425
436	0.046115	0.045923	0.045866
437	0.044644	0.044456	0.044392
438	0.043203	0.043031	0.042946
439	0.041741	0.041566	0.041493
440	0.040264	0.040075	0.040034
441	0.03887	0.03867	0.038665
442	0.037581	0.037375	0.037409
443	0.036291	0.036083	0.036137
444	0.034997	0.0348	0.034823
445	0.03372	0.033525	0.033528
446	0.032564	0.032319	0.032366
447	0.031409	0.031114	0.031205
448	0.030219	0.029967	0.02997
449	0.029028	0.028823	0.028732
450	0.027812	0.027615	0.027518
451	0.02659	0.026392	0.02631
452	0.025414	0.02524	0.025162
453	0.024263	0.024124	0.024048
454	0.023187	0.023032	0.022972
455	0.022186	0.021962	0.021935
456	0.021192	0.020925	0.020909
457	0.020213	0.019946	0.019904
458	0.019229	0.018962	0.018897
459	0.018224	0.017953	0.017882
460	0.01722	0.016947	0.016871
461	0.016237	0.015998	0.015922
462	0.015255	0.01505	0.014974
463	0.014371	0.014115	0.014069
464	0.0135	0.013182	0.01317
465	0.012563	0.012243	0.01222
466	0.011602	0.011303	0.011252
467	0.010687	0.010384	0.010331
468	0.009805	0.00948	0.009444
469	0.008885	0.008551	0.008517
470	0.007914	0.00759	0.007538
471	0.006979	0.006656	0.006602
472	0.006136	0.005791	0.005773
473	0.005294	0.004934	0.004943
474	0.004459	0.004125	0.004102
475	0.003624	0.003316	0.003261
476	0.00287	0.002547	0.002483
477	0.002118	0.001779	0.001707
478	0.001341	0.000971	0.000947
479	0.000558	0.000157	0.00019
480	-0.000284	-0.000677	-0.000671
481	-0.001152	-0.00152	-0.001581
482	-0.001965	-0.002319	-0.002393
483	-0.002729	-0.00308	-0.003121
484	-0.003424	-0.00378	-0.003791
485	-0.004011	-0.004385	-0.004368
486	-0.004587	-0.004977	-0.004941
487	-0.005134	-0.00553	-0.005506
488	-0.005686	-0.006083	-0.006073
489	-0.00629	-0.006644	-0.006664
490	-0.006893	-0.007206	-0.007254
491	-0.00756	-0.007886	-0.00794
492	-0.008231	-0.008572	-0.00863
493	-0.008858	-0.009218	-0.009252
494	-0.009474	-0.009855	-0.009858
495	-0.010038	-0.010433	-0.010443
496	-0.010574	-0.010981	-0.011018
497	-0.011141	-0.011539	-0.011583
498	-0.011737	-0.012107	-0.012139
499	-0.01231	-0.012679	-0.012696
500	-0.012847	-0.013257	-0.013252
501	-0.013375	-0.013808	-0.013798
502	-0.013877	-0.01427	-0.014305
503	-0.014378	-0.014736	-0.014813
504	-0.014878	-0.015245	-0.015321
505	-0.015378	-0.015755	-0.015829
506	-0.015908	-0.016357	-0.016374
507	-0.01644	-0.016965	-0.016921
508	-0.016945	-0.017458	-0.01744
509	-0.017444	-0.017922	-0.017952
510	-0.01793	-0.018396	-0.01843
511	-0.018411	-0.018875	-0.018891
512	-0.018871	-0.019344	-0.01935
513	-0.019312	-0.019803	-0.019807
514	-0.019741	-0.020234	-0.020232
515	-0.02015	-0.020619	-0.020603
516	-0.020539	-0.020994	-0.020971
517	-0.020866	-0.021337	-0.02133
518	-0.021195	-0.021682	-0.021691
519	-0.021535	-0.022042	-0.022072
520	-0.021876	-0.022403	-0.022454
521	-0.022283	-0.02281	-0.022862
522	-0.022693	-0.023217	-0.023272
523	-0.023107	-0.023628	-0.023672
524	-0.023523	-0.02404	-0.024071
525	-0.023886	-0.024418	-0.02445
526	-0.024225	-0.024781	-0.024821
527	-0.024587	-0.025132	-0.025165
528	-0.024967	-0.025474	-0.025488
529	-0.025315	-0.0258	-0.025814
530	-0.02562	-0.026106	-0.026144
531	-0.025945	-0.026436	-0.026486
532	-0.026318	-0.026827	-0.026855
533	-0.026689	-0.027214	-0.027221
534	-0.027043	-0.027575	-0.027565
535	-0.027399	-0.027935	-0.027911
536	-0.027771	-0.02828	-0.028286
537	-0.028143	-0.028624	-0.028662
538	-0.028475	-0.028986	-0.029002
539	-0.028803	-0.029351	-0.029339
540	-0.029148	-0.029659	-0.029685
541	-0.029498	-0.029948	-0.030033
542	-0.029794	-0.030226	-0.030312
543	-0.030058	-0.030497	-0.030551
544	-0.030359	-0.030823	-0.030866
545	-0.030696	-0.031206	-0.031257
546	-0.031031	-0.031568	-0.031622
547	-0.031363	-0.031897	-0.031945
548	-0.03168	-0.032194	-0.032238
549	-0.031953	-0.032389	-0.032437
550	-0.032221	-0.032592	-0.032645
551	-0.032445	-0.032865	-0.032934
552	-0.032669	-0.033139	-0.033223
553	-0.032945	-0.033442	-0.033493
554	-0.033222	-0.033747	-0.033762
555	-0.033424	-0.033931	-0.033947
556	-0.033612	-0.034097	-0.034117
557	-0.033827	-0.034305	-0.034318
558	-0.034052	-0.034529	-0.034531
559	-0.034306	-0.034814	-0.034795
560	-0.034581	-0.03514	-0.035094
561	-0.03486	-0.035412	-0.035378
562	-0.035145	-0.035629	-0.035648
563	-0.035412	-0.035872	-0.035913
564	-0.035648	-0.03616	-0.036169
565	-0.035896	-0.036439	-0.036423
566	-0.036179	-0.036683	-0.036673
567	-0.036468	-0.036936	-0.036932
568	-0.036803	-0.037252	-0.037255
569	-0.037138	-0.037567	-0.037578
570	-0.037441	-0.037807	-0.037848
571	-0.037744	-0.038046	-0.038118
572	-0.038055	-0.03838	-0.038462
573	-0.038367	-0.038728	-0.038816
574	-0.038653	-0.039017	-0.039096
575	-0.038929	-0.039286	-0.039351
576	-0.039256	-0.03957	-0.039636
577	-0.039613	-0.039861	-0.039939
578	-0.039905	-0.040135	-0.040206
579	-0.040135	-0.040391	-0.040437
580	-0.040374	-0.040643	-0.040674
581	-0.040628	-0.040888	-0.040921
582	-0.040891	-0.041145	-0.041171
583	-0.041179	-0.041435	-0.041431
584	-0.041458	-0.041721	-0.041698
585	-0.041695	-0.041988	-0.041997
586	-0.041931	-0.042252	-0.042293
587	-0.042169	-0.042462	-0.042505
588	-0.042406	-0.042672	-0.042718
589	-0.042603	-0.04288	-0.042932
590	-0.042797	-0.043088	-0.043146
591	-0.043052	-0.043358	-0.043396
592	-0.043322	-0.043641	-0.043654
593	-0.043558	-0.043876	-0.043895
594	-0.043779	-0.04409	-0.044128
595	-0.044067	-0.044387	-0.044411
596	-0.044401	-0.044742	-0.044728
597	-0.044757	-0.045088	-0.045071
598	-0.045137	-0.045423	-0.045443
599	-0.045465	-0.045729	-0.045771
600	-0.045701	-0.045986	-0.046025
601	-0.045886	-0.046186	-0.046228
602	-0.045923	-0.046222	-0.046279
603	-0.045945	-0.04625	-0.046315
604	-0.045873	-0.046227	-0.046257
605	-0.045798	-0.046199	-0.046196
606	-0.045658	-0.04604	-0.046036
607	-0.045518	-0.045882	-0.045876
608	-0.045486	-0.045797	-0.045813
609	-0.045461	-0.045717	-0.045757
610	-0.045384	-0.045663	-0.045692
611	-0.045295	-0.045615	-0.045626
612	-0.045307	-0.045626	-0.045646
613	-0.04536	-0.04566	-0.0457
614	-0.0454	-0.045711	-0.045762
615	-0.045431	-0.045773	-0.045831
616	-0.045475	-0.045849	-0.045905
617	-0.045533	-0.045942	-0.045986
618	-0.04564	-0.046061	-0.046102
619	-0.045819	-0.046219	-0.046271
620	-0.045973	-0.046367	-0.046425
621	-0.046065	-0.04649	-0.046542
622	-0.046153	-0.046605	-0.046652
623	-0.046224	-0.046682	-0.04673
624	-0.046309	-0.046769	-0.046815
625	-0.046534	-0.046945	-0.046967
626	-0.046758	-0.047122	-0.047118
627	-0.046783	-0.047193	-0.047215
628	-0.046807	-0.047264	-0.047312
629	-0.046812	-0.04733	-0.047344
630	-0.046816	-0.047395	-0.047367
631	-0.046939	-0.047527	-0.04752
632	-0.047094	-0.047675	-0.047706
633	-0.047268	-0.04782	-0.047867
634	-0.047449	-0.047964	-0.048017
635	-0.047601	-0.048105	-0.04814
636	-0.047734	-0.048245	-0.048245
637	-0.047851	-0.048368	-0.048373
638	-0.047952	-0.048472	-0.048522
639	-0.048087	-0.048595	-0.048664
640	-0.048272	-0.048743	-0.048796
641	-0.048426	-0.048877	-0.048915
642	-0.048514	-0.048976	-0.049006
643	-0.048607	-0.049082	-0.049104
644	-0.04872	-0.049215	-0.04923
645	-0.048843	-0.049353	-0.049369
646	-0.049041	-0.049526	-0.049595
647	-0.049244	-0.049705	-0.049822
648	-0.049585	-0.050032	-0.050058
649	-0.049927	-0.05036	-0.050294
650	-0.05036	-0.050729	-0.050739
651	-0.050799	-0.051101	-0.051197
652	-0.051222	-0.051505	-0.051554
653	-0.051643	-0.051915	-0.051894
654	-0.051863	-0.052121	-0.052115
655	-0.052019	-0.052264	-0.052299
656	-0.052186	-0.052436	-0.052472
657	-0.052357	-0.052624	-0.052639
658	-0.052537	-0.052813	-0.052813
659	-0.052724	-0.053004	-0.05299
660	-0.052841	-0.05314	-0.053136
661	-0.052889	-0.053219	-0.053248
662	-0.052843	-0.053201	-0.053255
663	-0.052667	-0.053044	-0.053112
664	-0.052465	-0.05288	-0.052937
665	-0.052212	-0.052702	-0.052696
666	-0.052012	-0.05255	-0.052499
667	-0.051977	-0.05248	-0.052437
668	-0.051945	-0.052422	-0.052384
669	-0.051923	-0.05243	-0.052383
670	-0.051911	-0.052442	-0.05239
671	-0.052017	-0.052506	-0.052502
672	-0.052124	-0.052571	-0.052615
673	-0.052223	-0.052643	-0.052735
674	-0.052322	-0.052714	-0.052855
675	-0.052531	-0.052883	-0.053012
676	-0.052749	-0.053061	-0.053172
677	-0.052857	-0.05324	-0.053299
678	-0.052944	-0.053418	-0.053419
679	-0.05315	-0.053639	-0.053646
680	-0.053393	-0.053874	-0.053905
681	-0.053682	-0.054089	-0.054131
682	-0.053991	-0.054296	-0.054341
683	-0.054285	-0.05462	-0.054648
684	-0.05457	-0.055018	-0.055018
685	-0.054891	-0.055373	-0.055387
686	-0.055242	-0.055689	-0.055757
687	-0.055561	-0.055982	-0.056067
688	-0.055842	-0.056248	-0.056307
689	-0.056083	-0.056489	-0.056547
690	-0.056259	-0.056689	-0.056786
691	-0.05645	-0.0569	-0.057031
692	-0.056675	-0.057136	-0.057292
693	-0.056934	-0.057387	-0.057563
694	-0.057302	-0.057684	-0.057871
695	-0.057672	-0.058015	-0.058176
696	-0.058051	-0.058513	-0.058464
697	-0.058437	-0.058995	-0.058769
698	-0.05888	-0.059335	-0.059228
699	-0.059315	-0.059672	-0.05968
700	-0.05954	-0.059933	-0.059938
701	-0.059764	-0.060195	-0.060195
702	-0.060208	-0.060653	-0.06063
703	-0.06066	-0.061118	-0.061072
704	-0.061083	-0.06153	-0.061493
705	-0.061502	-0.061935	-0.061912
706	-0.06194	-0.062371	-0.062327
707	-0.062382	-0.062814	-0.062741
708	-0.062677	-0.063111	-0.063071
709	-0.062928	-0.063365	-0.063375
710	-0.063416	-0.063871	-0.063921
711	-0.064004	-0.064484	-0.064568
712	-0.064639	-0.065005	-0.065145
713	-0.065299	-0.065474	-0.065683
714	-0.06566	-0.065789	-0.066062
715	-0.065803	-0.065993	-0.066327
716	-0.066143	-0.066432	-0.066796
717	-0.066667	-0.067089	-0.067453
718	-0.067137	-0.067537	-0.067923
719	-0.067542	-0.06774	-0.068173
720	-0.068181	-0.068297	-0.068753
[LOG]
CHECKSUMe	