[HEADER]
Format	J&M ASCII Table
Comment	
Date	20/08/2026 15:04:13
Order	Y (evenX)
TechType	UV
NumPoints	411
FirstX	310
LastX	720
XType	nm
YType	Absorbance
ZType	s
NumSubFile	3
Matrix	Z vs X
[LOGIN]
Name=pcbob
[INSTRUMENT]
Name=TIDAS E Base UV/VI
Detector=MMS - ASPEN 97,5 kHz
Diodearray=256 Pixel
Serial#=36584
Calibrated=2011-07-01
Range=183.81-729.88 [nm] (F0)

SWVersion=v3.18.2 (build 0)[LOGIN]
Name=pcbob
[CONFIG]
ChannelName=Channel 1
ChannelType=Normalized
[PARAMETER]
It=330,00
Aver=5
Norm=3
Range=310,0-720,0 nm
Scan=Time
ScanTime=5,00 s
[TRIGGER]
Sweep=0
Scan=0
[DIO]
DigOut=0x0000
DigIn=0x0000
[DATA]
	00:00:00,000	00:00:01,650	00:00:03,300
310	0.851926	0.85158	0.851187
311	0.834888	0.834478	0.834123
312	0.818328	0.817837	0.81746
313	0.802212	0.801664	0.801283
314	0.786708	0.78614	0.78578
315	0.771293	0.77073	0.770384
316	0.756161	0.755679	0.755327
317	0.741072	0.740666	0.740304
318	0.726626	0.72622	0.725775
319	0.71218	0.711774	0.711247
320	0.698108	0.697636	0.697213
321	0.684085	0.683539	0.683244
322	0.670409	0.669841	0.669548
323	0.656875	0.656308	0.655964
324	0.643466	0.642954	0.642502
325	0.630166	0.629757	0.629147
326	0.617004	0.616635	0.615952
327	0.604092	0.603647	0.60305
328	0.591201	0.590704	0.590192
329	0.578413	0.577973	0.577545
330	0.565625	0.565242	0.564898
331	0.553519	0.553134	0.552656
332	0.541414	0.541027	0.540414
333	0.52938	0.528956	0.528379
334	0.517362	0.516894	0.516387
335	0.505681	0.505251	0.504788
336	0.494184	0.493835	0.493402
337	0.482981	0.482668	0.482249
338	0.472106	0.471779	0.471354
339	0.461347	0.461026	0.460583
340	0.450859	0.450595	0.450104
341	0.440435	0.440214	0.439695
342	0.43047	0.430199	0.429774
343	0.420506	0.420183	0.419853
344	0.411045	0.4108	0.410477
345	0.401612	0.401453	0.401131
346	0.392754	0.392551	0.392232
347	0.384064	0.383781	0.383464
348	0.37551	0.375162	0.374909
349	0.367047	0.366644	0.366497
350	0.358747	0.358328	0.358232
351	0.350665	0.350282	0.350166
352	0.342688	0.342365	0.342211
353	0.335021	0.334828	0.334585
354	0.327391	0.327313	0.326988
355	0.320194	0.32005	0.31973
356	0.312997	0.312786	0.312472
357	0.306126	0.305874	0.305664
358	0.299289	0.299	0.298903
359	0.292725	0.292452	0.292384
360	0.28626	0.286023	0.285953
361	0.279884	0.279698	0.27958
362	0.273579	0.273452	0.273251
363	0.267389	0.267302	0.267067
364	0.261384	0.261303	0.26111
365	0.255488	0.255414	0.255241
366	0.249992	0.249929	0.249694
367	0.244499	0.244446	0.244154
368	0.23909	0.239013	0.238771
369	0.233682	0.23358	0.233388
370	0.228453	0.228325	0.228195
371	0.223249	0.223097	0.223031
372	0.218134	0.218014	0.217951
373	0.213055	0.212993	0.212907
374	0.208073	0.208051	0.207942
375	0.203177	0.203178	0.203046
376	0.198394	0.198391	0.198235
377	0.193811	0.193754	0.193576
378	0.189237	0.189128	0.188935
379	0.184702	0.184551	0.184372
380	0.180169	0.179978	0.179813
381	0.175733	0.175597	0.175455
382	0.171296	0.171215	0.171098
383	0.167006	0.16693	0.166818
384	0.162741	0.16266	0.162551
385	0.158666	0.15859	0.158465
386	0.154677	0.154611	0.154462
387	0.150824	0.150734	0.150588
388	0.147098	0.146954	0.146835
389	0.143322	0.143151	0.143051
390	0.139456	0.139307	0.139209
391	0.135662	0.135543	0.135442
392	0.132195	0.132136	0.132022
393	0.128732	0.128731	0.128603
394	0.125509	0.125472	0.12534
395	0.122287	0.122213	0.122078
396	0.119014	0.118937	0.118881
397	0.115733	0.115658	0.115696
398	0.11258	0.112551	0.112576
399	0.109488	0.109526	0.109487
400	0.106469	0.106539	0.106456
401	0.103519	0.103589	0.103482
402	0.100646	0.100695	0.100593
403	0.097918	0.097904	0.097865
404	0.095204	0.095141	0.09515
405	0.092555	0.092501	0.092493
406	0.089907	0.08986	0.089836
407	0.087256	0.087212	0.087139
408	0.084605	0.084564	0.084442
409	0.081954	0.081915	0.081796
410	0.079303	0.079267	0.079159
411	0.076809	0.076805	0.0767
412	0.074385	0.074426	0.074319
413	0.071988	0.072035	0.071948
414	0.069614	0.069632	0.069585
415	0.067289	0.067282	0.067261
416	0.065051	0.065024	0.065006
417	0.062785	0.062749	0.062749
418	0.060405	0.060403	0.060485
419	0.058034	0.058065	0.05822
420	0.055876	0.055922	0.055961
421	0.053717	0.053779	0.053701
422	0.051681	0.051708	0.051675
423	0.049662	0.049647	0.049683
424	0.047717	0.047711	0.047754
425	0.0458	0.045826	0.045852
426	0.043774	0.043813	0.043856
427	0.041661	0.041698	0.041785
428	0.039555	0.039605	0.039711
429	0.037459	0.037549	0.037633
430	0.035422	0.035531	0.035594
431	0.033574	0.03364	0.033681
432	0.031735	0.031762	0.031784
433	0.029999	0.030045	0.030094
434	0.028263	0.028329	0.028403
435	0.026566	0.026661	0.026732
436	0.024872	0.024997	0.025063
437	0.023159	0.023277	0.023376
438	0.021439	0.021539	0.021683
439	0.019794	0.019894	0.02004
440	0.018199	0.018312	0.018432
441	0.016676	0.016784	0.016876
442	0.015246	0.015322	0.015387
443	0.013801	0.01386	0.013907
444	0.012316	0.012398	0.012445
445	0.010844	0.010944	0.010994
446	0.009454	0.00954	0.009611
447	0.008065	0.008137	0.008227
448	0.006704	0.006773	0.006877
449	0.005345	0.00541	0.005529
450	0.003949	0.004068	0.004158
451	0.002545	0.002731	0.002781
452	0.001233	0.001411	0.001464
453	-0.000032	0.0001	0.000178
454	-0.001293	-0.001187	-0.001095
455	-0.002551	-0.002448	-0.002355
456	-0.003775	-0.003673	-0.003584
457	-0.004935	-0.004827	-0.004754
458	-0.006093	-0.005981	-0.005917
459	-0.007246	-0.007135	-0.007052
460	-0.008397	-0.008288	-0.008187
461	-0.009538	-0.009428	-0.009313
462	-0.010678	-0.010569	-0.010439
463	-0.01173	-0.011607	-0.011471
464	-0.01277	-0.012631	-0.012492
465	-0.013837	-0.013688	-0.01354
466	-0.014912	-0.014757	-0.014599
467	-0.015945	-0.015796	-0.015651
468	-0.016948	-0.016815	-0.016697
469	-0.017992	-0.017867	-0.017749
470	-0.019092	-0.018964	-0.018808
471	-0.020168	-0.020025	-0.019849
472	-0.021183	-0.020996	-0.020845
473	-0.022196	-0.021972	-0.021838
474	-0.023198	-0.022971	-0.022813
475	-0.0242	-0.023971	-0.023788
476	-0.025113	-0.024902	-0.024759
477	-0.026025	-0.025832	-0.02573
478	-0.026957	-0.026792	-0.026673
479	-0.027894	-0.027757	-0.027609
480	-0.028892	-0.028743	-0.028593
481	-0.029919	-0.029739	-0.029598
482	-0.030867	-0.030689	-0.030549
483	-0.031747	-0.031599	-0.031453
484	-0.032556	-0.032423	-0.032276
485	-0.033255	-0.033112	-0.032972
486	-0.033945	-0.033796	-0.033656
487	-0.034609	-0.034467	-0.034304
488	-0.03527	-0.035135	-0.03495
489	-0.035908	-0.035768	-0.035583
490	-0.036545	-0.036402	-0.036215
491	-0.03734	-0.037129	-0.03699
492	-0.038143	-0.037861	-0.037773
493	-0.038828	-0.038578	-0.038461
494	-0.039484	-0.039292	-0.039126
495	-0.040137	-0.039958	-0.039766
496	-0.040789	-0.0406	-0.040393
497	-0.04144	-0.041245	-0.041042
498	-0.04209	-0.041892	-0.041712
499	-0.042726	-0.042533	-0.042361
500	-0.04334	-0.043163	-0.042976
501	-0.043954	-0.043787	-0.043586
502	-0.044565	-0.044393	-0.044178
503	-0.045181	-0.045002	-0.044775
504	-0.045838	-0.04564	-0.045413
505	-0.046494	-0.046278	-0.046052
506	-0.047123	-0.046879	-0.046694
507	-0.04775	-0.047478	-0.047336
508	-0.048365	-0.048109	-0.047953
509	-0.048977	-0.048747	-0.048565
510	-0.049565	-0.049319	-0.049141
511	-0.050142	-0.049858	-0.0497
512	-0.05068	-0.050388	-0.050227
513	-0.051184	-0.050912	-0.050726
514	-0.051698	-0.051432	-0.051236
515	-0.05223	-0.051945	-0.051765
516	-0.052738	-0.052447	-0.052275
517	-0.053173	-0.052912	-0.052727
518	-0.05361	-0.053379	-0.053177
519	-0.054056	-0.053858	-0.053613
520	-0.054503	-0.054337	-0.054048
521	-0.055002	-0.054821	-0.054556
522	-0.055502	-0.055306	-0.055067
523	-0.056014	-0.05583	-0.055582
524	-0.056529	-0.056363	-0.056098
525	-0.057001	-0.056797	-0.056529
526	-0.057454	-0.057188	-0.056923
527	-0.057886	-0.057614	-0.057372
528	-0.058301	-0.058069	-0.057862
529	-0.058727	-0.058512	-0.058323
530	-0.059166	-0.058939	-0.058744
531	-0.05959	-0.059357	-0.059153
532	-0.059977	-0.059751	-0.059532
533	-0.060356	-0.060141	-0.059911
534	-0.060692	-0.060511	-0.060293
535	-0.061031	-0.060882	-0.060677
536	-0.061489	-0.061334	-0.061104
537	-0.061947	-0.061785	-0.061531
538	-0.062356	-0.062163	-0.061924
539	-0.062759	-0.062533	-0.062314
540	-0.063073	-0.06286	-0.062639
541	-0.063359	-0.063174	-0.062944
542	-0.063701	-0.063519	-0.063285
543	-0.064077	-0.063881	-0.063647
544	-0.064449	-0.064239	-0.064012
545	-0.064817	-0.064592	-0.064379
546	-0.06517	-0.064947	-0.064744
547	-0.065497	-0.065303	-0.065103
548	-0.065822	-0.06564	-0.06545
549	-0.06614	-0.065917	-0.06576
550	-0.066457	-0.066202	-0.066071
551	-0.066777	-0.066553	-0.066384
552	-0.067097	-0.066904	-0.066697
553	-0.067409	-0.067193	-0.066984
554	-0.06772	-0.06748	-0.067271
555	-0.067934	-0.067718	-0.06751
556	-0.068133	-0.067947	-0.067743
557	-0.068388	-0.068206	-0.067986
558	-0.068663	-0.068476	-0.068233
559	-0.068991	-0.068779	-0.068555
560	-0.069353	-0.069102	-0.068924
561	-0.069674	-0.069408	-0.069252
562	-0.069951	-0.069694	-0.069535
563	-0.070243	-0.070009	-0.069834
564	-0.07056	-0.070376	-0.070158
565	-0.070868	-0.070725	-0.070476
566	-0.071145	-0.071013	-0.070771
567	-0.071426	-0.0713	-0.071066
568	-0.071737	-0.071588	-0.071367
569	-0.072048	-0.071876	-0.071668
570	-0.072271	-0.072122	-0.071942
571	-0.072493	-0.072367	-0.072217
572	-0.07281	-0.072691	-0.072544
573	-0.073141	-0.073027	-0.072878
574	-0.073447	-0.073332	-0.073186
575	-0.073745	-0.073628	-0.073487
576	-0.074038	-0.073908	-0.073787
577	-0.074329	-0.074181	-0.074088
578	-0.074609	-0.074457	-0.074362
579	-0.074878	-0.074737	-0.074611
580	-0.075132	-0.074999	-0.074869
581	-0.075363	-0.075234	-0.075143
582	-0.075623	-0.07549	-0.075413
583	-0.075958	-0.075804	-0.075672
584	-0.076284	-0.076115	-0.075935
585	-0.076566	-0.076406	-0.076219
586	-0.076848	-0.076695	-0.076503
587	-0.077101	-0.076932	-0.076777
588	-0.077354	-0.077169	-0.07705
589	-0.077609	-0.077438	-0.077283
590	-0.077864	-0.077709	-0.077513
591	-0.078133	-0.07797	-0.077777
592	-0.078406	-0.078228	-0.078049
593	-0.078649	-0.078455	-0.078295
594	-0.07888	-0.078668	-0.07853
595	-0.0792	-0.078985	-0.078842
596	-0.079581	-0.079374	-0.079207
597	-0.07997	-0.079758	-0.079586
598	-0.080369	-0.080135	-0.07998
599	-0.080743	-0.080498	-0.080352
600	-0.081072	-0.080834	-0.080688
601	-0.081328	-0.0811	-0.080953
602	-0.081372	-0.081159	-0.081013
603	-0.081403	-0.081203	-0.081053
604	-0.081351	-0.081162	-0.080977
605	-0.081297	-0.081118	-0.080901
606	-0.081183	-0.081015	-0.080811
607	-0.081069	-0.080912	-0.080721
608	-0.081068	-0.080884	-0.080724
609	-0.081076	-0.080862	-0.080735
610	-0.081036	-0.080831	-0.080663
611	-0.080987	-0.080799	-0.080573
612	-0.08106	-0.080884	-0.08065
613	-0.081182	-0.081015	-0.080792
614	-0.081259	-0.081072	-0.080866
615	-0.081306	-0.081082	-0.080896
616	-0.081377	-0.081141	-0.080958
617	-0.081473	-0.081249	-0.081054
618	-0.081609	-0.081396	-0.08121
619	-0.081806	-0.081602	-0.081457
620	-0.08199	-0.081796	-0.081675
621	-0.082148	-0.08196	-0.081825
622	-0.08229	-0.082103	-0.081958
623	-0.082372	-0.082163	-0.082021
624	-0.082467	-0.082238	-0.082096
625	-0.082684	-0.082457	-0.082295
626	-0.082902	-0.082676	-0.082493
627	-0.083026	-0.08278	-0.082578
628	-0.083149	-0.082883	-0.082663
629	-0.083193	-0.082948	-0.082741
630	-0.083226	-0.083008	-0.082818
631	-0.083366	-0.083144	-0.082949
632	-0.083534	-0.0833	-0.083095
633	-0.083659	-0.083442	-0.08323
634	-0.083765	-0.08358	-0.083359
635	-0.083937	-0.083736	-0.083524
636	-0.084153	-0.083904	-0.083713
637	-0.084335	-0.084085	-0.083902
638	-0.084483	-0.084279	-0.084092
639	-0.084612	-0.08443	-0.084243
640	-0.084713	-0.084517	-0.084336
641	-0.084831	-0.08465	-0.084462
642	-0.084983	-0.084882	-0.08466
643	-0.085121	-0.08508	-0.084829
644	-0.085209	-0.085152	-0.084893
645	-0.085309	-0.085233	-0.084977
646	-0.085502	-0.085372	-0.085204
647	-0.085698	-0.085516	-0.08543
648	-0.085991	-0.085785	-0.085634
649	-0.086283	-0.086053	-0.085839
650	-0.086637	-0.086401	-0.086203
651	-0.086993	-0.086753	-0.086577
652	-0.087193	-0.086976	-0.086847
653	-0.087366	-0.087178	-0.087099
654	-0.087472	-0.087307	-0.087224
655	-0.087558	-0.087414	-0.087309
656	-0.087706	-0.087546	-0.087429
657	-0.087883	-0.087691	-0.087565
658	-0.088096	-0.087916	-0.087813
659	-0.088333	-0.088198	-0.088138
660	-0.088605	-0.088467	-0.088407
661	-0.088912	-0.088722	-0.088619
662	-0.089081	-0.088877	-0.088733
663	-0.089056	-0.088889	-0.08871
664	-0.088977	-0.088842	-0.088636
665	-0.08879	-0.088674	-0.088459
666	-0.088648	-0.088538	-0.088325
667	-0.088644	-0.088503	-0.088327
668	-0.08865	-0.088478	-0.088326
669	-0.088707	-0.088501	-0.088305
670	-0.088774	-0.088536	-0.088302
671	-0.088957	-0.088704	-0.088504
672	-0.08914	-0.088871	-0.088706
673	-0.089175	-0.088975	-0.088789
674	-0.089211	-0.089078	-0.088872
675	-0.089427	-0.089302	-0.089077
676	-0.089659	-0.089536	-0.089293
677	-0.089847	-0.089709	-0.089469
678	-0.090026	-0.08987	-0.089637
679	-0.090213	-0.090055	-0.089833
680	-0.090403	-0.090246	-0.090038
681	-0.090704	-0.090537	-0.090352
682	-0.091056	-0.090873	-0.090716
683	-0.091386	-0.091165	-0.091034
684	-0.091702	-0.091428	-0.091323
685	-0.091986	-0.091731	-0.091628
686	-0.092241	-0.092069	-0.091946
687	-0.092561	-0.092393	-0.092255
688	-0.092959	-0.092701	-0.092552
689	-0.093275	-0.092976	-0.09282
690	-0.093462	-0.093197	-0.093042
691	-0.093665	-0.093434	-0.093288
692	-0.093904	-0.093706	-0.093588
693	-0.094209	-0.094023	-0.09391
694	-0.09472	-0.094486	-0.094303
695	-0.095192	-0.094935	-0.094692
696	-0.095478	-0.09532	-0.095058
697	-0.095763	-0.095685	-0.095413
698	-0.096046	-0.095861	-0.095671
699	-0.096332	-0.096047	-0.095936
700	-0.096737	-0.096493	-0.096411
701	-0.097142	-0.096938	-0.096887
702	-0.097527	-0.097319	-0.097229
703	-0.097911	-0.097696	-0.097566
704	-0.09827	-0.098081	-0.097849
705	-0.098625	-0.098466	-0.098127
706	-0.099149	-0.099032	-0.098756
707	-0.099708	-0.099635	-0.099456
708	-0.100053	-0.099984	-0.099761
709	-0.100332	-0.100255	-0.099947
710	-0.100881	-0.100763	-0.100509
711	-0.101543	-0.101371	-0.101229
712	-0.10219	-0.10199	-0.101865
713	-0.102827	-0.102615	-0.102456
714	-0.103276	-0.103016	-0.102915
715	-0.103588	-0.103255	-0.103278
716	-0.104061	-0.103731	-0.103729
717	-0.104685	-0.104428	-0.104262
718	-0.105292	-0.105045	-0.104783
719	-0.105879	-0.105567	-0.105292
720	-0.106626	-0.106253	-0.105965
[LOG]
CHECKSUMŠ