[HEADER]
Format	J&M ASCII Table
Comment	
Date	20/08/2026 14:51:04
Order	Y (evenX)
TechType	UV
NumPoints	411
FirstX	310
LastX	720
XType	nm
YType	Absorbance
ZType	s
NumSubFile	3
Matrix	Z vs X
[LOGIN]
Name=pcbob
[INSTRUMENT]
Name=TIDAS E Base UV/VI
Detector=MMS - ASPEN 97,5 kHz
Diodearray=256 Pixel
Serial#=36584
Calibrated=2011-07-01
Range=183.81-729.88 [nm] (F0)

SWVersion=v3.18.2 (build 0)[LOGIN]
Name=pcbob
[CONFIG]
ChannelName=Channel 1
ChannelType=Normalized
[PARAMETER]
It=330,00
Aver=5
Norm=3
Range=310,0-720,0 nm
Scan=Time
ScanTime=5,00 s
[TRIGGER]
Sweep=0
Scan=0
[DIO]
DigOut=0x0000
DigIn=0x0000
[DATA]
	00:00:00,000	00:00:01,650	00:00:03,300
310	0.978513	0.977815	0.977107
311	0.961906	0.96118	0.960499
312	0.945772	0.945022	0.944315
313	0.929769	0.929006	0.928313
314	0.913948	0.913184	0.912563
315	0.898159	0.897389	0.896831
316	0.882474	0.881673	0.881157
317	0.866812	0.865987	0.8655
318	0.851501	0.850736	0.850087
319	0.836191	0.835484	0.834673
320	0.820731	0.819933	0.819231
321	0.805251	0.804343	0.803784
322	0.789666	0.788723	0.788193
323	0.774037	0.77309	0.772541
324	0.758386	0.757472	0.756863
325	0.742717	0.741867	0.741161
326	0.727019	0.726232	0.725439
327	0.711271	0.710541	0.70968
328	0.695505	0.694823	0.693926
329	0.679656	0.678982	0.678202
330	0.663807	0.663142	0.662478
331	0.648152	0.647551	0.64695
332	0.632497	0.63196	0.631423
333	0.617019	0.616424	0.615949
334	0.601577	0.600899	0.600488
335	0.586377	0.585726	0.585291
336	0.571309	0.570744	0.570237
337	0.556569	0.556037	0.555513
338	0.542195	0.541639	0.541156
339	0.528003	0.527465	0.52703
340	0.514241	0.513821	0.513448
341	0.500557	0.500241	0.499931
342	0.487427	0.487125	0.486871
343	0.474298	0.474009	0.473811
344	0.462142	0.461828	0.46145
345	0.45004	0.449699	0.449127
346	0.438533	0.438208	0.437715
347	0.427201	0.426906	0.426571
348	0.416335	0.416017	0.415763
349	0.405783	0.405407	0.40518
350	0.395548	0.395161	0.39496
351	0.385744	0.38541	0.385231
352	0.376101	0.37583	0.375652
353	0.366943	0.366763	0.36652
354	0.357827	0.357725	0.357428
355	0.349203	0.349049	0.3488
356	0.34058	0.340372	0.340172
357	0.332369	0.332255	0.331991
358	0.324201	0.324198	0.323857
359	0.316456	0.316406	0.316176
360	0.308866	0.308713	0.30866
361	0.301449	0.301307	0.301283
362	0.294167	0.294127	0.294017
363	0.287031	0.287041	0.286874
364	0.280126	0.280102	0.279927
365	0.273318	0.273268	0.273094
366	0.266865	0.266816	0.266676
367	0.260431	0.26038	0.260273
368	0.254393	0.254264	0.254183
369	0.248356	0.248149	0.248094
370	0.242343	0.242164	0.242065
371	0.236333	0.236198	0.236044
372	0.230521	0.230429	0.230225
373	0.224793	0.224744	0.224492
374	0.219173	0.219166	0.218929
375	0.213649	0.213684	0.213516
376	0.208233	0.2083	0.208152
377	0.20301	0.203091	0.202875
378	0.19779	0.197888	0.197618
379	0.192582	0.192717	0.192447
380	0.187381	0.187548	0.187281
381	0.182419	0.182488	0.182368
382	0.177457	0.177429	0.177455
383	0.172603	0.172574	0.172602
384	0.167768	0.167753	0.16776
385	0.163178	0.163179	0.163145
386	0.158702	0.15872	0.158634
387	0.15437	0.154395	0.154287
388	0.150173	0.150196	0.150093
389	0.145953	0.145985	0.145884
390	0.141686	0.141749	0.141649
391	0.137517	0.137599	0.137487
392	0.13379	0.133839	0.133651
393	0.130066	0.130083	0.129821
394	0.126576	0.126635	0.126477
395	0.123086	0.123188	0.123132
396	0.119736	0.119824	0.119742
397	0.116411	0.116476	0.116343
398	0.113173	0.113308	0.11316
399	0.109976	0.110224	0.110078
400	0.106942	0.107194	0.107048
401	0.104062	0.104215	0.104068
402	0.101222	0.101324	0.101169
403	0.09846	0.098599	0.098423
404	0.095726	0.09589	0.095702
405	0.09312	0.093251	0.093097
406	0.090514	0.090615	0.090492
407	0.087902	0.088086	0.087953
408	0.085289	0.085558	0.085413
409	0.082729	0.083009	0.08287
410	0.080177	0.080456	0.080326
411	0.077761	0.078003	0.077893
412	0.075406	0.075595	0.07551
413	0.073047	0.073224	0.073132
414	0.070686	0.070886	0.070759
415	0.068365	0.068577	0.068429
416	0.066116	0.066321	0.066175
417	0.06385	0.064045	0.063904
418	0.061511	0.061691	0.061569
419	0.059177	0.059344	0.059238
420	0.056962	0.057187	0.057004
421	0.054748	0.055029	0.05477
422	0.052727	0.052966	0.05277
423	0.050732	0.050915	0.050803
424	0.04882	0.04903	0.048868
425	0.046941	0.047212	0.046946
426	0.044988	0.045258	0.044986
427	0.042977	0.043197	0.042995
428	0.040973	0.041184	0.041016
429	0.038979	0.039248	0.039056
430	0.03703	0.037345	0.037141
431	0.035228	0.035556	0.035371
432	0.033434	0.033774	0.033607
433	0.031757	0.032092	0.031904
434	0.030079	0.03041	0.030202
435	0.028439	0.028809	0.028614
436	0.026803	0.027216	0.027037
437	0.025144	0.025531	0.025386
438	0.023477	0.023815	0.02371
439	0.021855	0.022172	0.022064
440	0.020261	0.020579	0.020437
441	0.018712	0.019041	0.018879
442	0.017219	0.017576	0.017411
443	0.015722	0.016103	0.015935
444	0.01421	0.014606	0.014443
445	0.012713	0.01312	0.012959
446	0.011322	0.011705	0.011538
447	0.009931	0.01029	0.010117
448	0.008543	0.008909	0.008737
449	0.007155	0.00753	0.007358
450	0.005767	0.006174	0.00599
451	0.00438	0.004823	0.004625
452	0.003103	0.003522	0.003327
453	0.001884	0.002248	0.002065
454	0.000647	0.001011	0.00083
455	-0.000605	-0.000188	-0.00038
456	-0.001799	-0.001357	-0.001549
457	-0.002883	-0.002467	-0.002643
458	-0.003971	-0.003579	-0.003749
459	-0.005074	-0.004693	-0.004902
460	-0.006175	-0.005804	-0.006049
461	-0.007227	-0.006845	-0.007055
462	-0.008279	-0.007885	-0.008062
463	-0.009281	-0.008884	-0.009051
464	-0.010277	-0.009877	-0.010037
465	-0.011278	-0.010857	-0.011049
466	-0.012281	-0.011833	-0.012069
467	-0.013281	-0.012822	-0.013072
468	-0.014279	-0.013819	-0.014062
469	-0.015299	-0.014844	-0.015069
470	-0.016347	-0.015906	-0.016095
471	-0.017386	-0.016944	-0.017119
472	-0.018402	-0.017923	-0.018138
473	-0.019418	-0.018908	-0.019153
474	-0.020434	-0.019935	-0.020145
475	-0.021449	-0.020962	-0.021137
476	-0.022346	-0.021888	-0.022058
477	-0.02324	-0.022812	-0.022978
478	-0.024193	-0.023757	-0.023953
479	-0.025157	-0.024706	-0.02494
480	-0.026193	-0.025697	-0.025943
481	-0.027261	-0.026708	-0.026952
482	-0.028229	-0.027686	-0.02791
483	-0.029111	-0.028635	-0.028823
484	-0.029912	-0.029491	-0.029656
485	-0.030585	-0.0302	-0.030363
486	-0.031255	-0.030888	-0.031057
487	-0.031913	-0.031507	-0.031711
488	-0.032572	-0.032125	-0.032362
489	-0.033241	-0.032727	-0.032986
490	-0.033909	-0.033329	-0.03361
491	-0.034591	-0.034056	-0.034308
492	-0.035274	-0.03479	-0.035009
493	-0.035946	-0.035458	-0.035675
494	-0.036615	-0.036109	-0.036331
495	-0.03724	-0.03673	-0.036955
496	-0.037844	-0.037337	-0.037562
497	-0.038485	-0.037974	-0.038188
498	-0.039162	-0.03864	-0.038831
499	-0.039803	-0.039288	-0.039468
500	-0.040385	-0.039905	-0.040093
501	-0.040962	-0.040502	-0.040699
502	-0.041524	-0.041028	-0.041242
503	-0.042089	-0.041563	-0.041788
504	-0.042695	-0.042178	-0.042358
505	-0.043301	-0.042794	-0.042929
506	-0.043911	-0.043375	-0.043583
507	-0.044521	-0.043954	-0.044242
508	-0.045183	-0.044559	-0.044845
509	-0.045857	-0.04517	-0.045435
510	-0.046449	-0.045787	-0.046026
511	-0.047	-0.046408	-0.046617
512	-0.047549	-0.046975	-0.047201
513	-0.048098	-0.047493	-0.047778
514	-0.048633	-0.048014	-0.048325
515	-0.049147	-0.048543	-0.048824
516	-0.04965	-0.049067	-0.049314
517	-0.050123	-0.049578	-0.049772
518	-0.050594	-0.050082	-0.05023
519	-0.051055	-0.05053	-0.050683
520	-0.051516	-0.050978	-0.051137
521	-0.052006	-0.051436	-0.051663
522	-0.052497	-0.051895	-0.052192
523	-0.052983	-0.052403	-0.052697
524	-0.053468	-0.052922	-0.053197
525	-0.053927	-0.053361	-0.053647
526	-0.054374	-0.053764	-0.054075
527	-0.054818	-0.054202	-0.054505
528	-0.055259	-0.054668	-0.054939
529	-0.055659	-0.055088	-0.055331
530	-0.056003	-0.055447	-0.055667
531	-0.056359	-0.055811	-0.056017
532	-0.056741	-0.056187	-0.056402
533	-0.057118	-0.056556	-0.056778
534	-0.057469	-0.056884	-0.057107
535	-0.05782	-0.057214	-0.057438
536	-0.058206	-0.057625	-0.057852
537	-0.058592	-0.058035	-0.058267
538	-0.058973	-0.058416	-0.05865
539	-0.059352	-0.058793	-0.059029
540	-0.059674	-0.05911	-0.059337
541	-0.059978	-0.059408	-0.059623
542	-0.060256	-0.059691	-0.059902
543	-0.060519	-0.059965	-0.060178
544	-0.060844	-0.060277	-0.060496
545	-0.061231	-0.060626	-0.060856
546	-0.061603	-0.06099	-0.061226
547	-0.061953	-0.061381	-0.061615
548	-0.062282	-0.061734	-0.061965
549	-0.062551	-0.06197	-0.062197
550	-0.062824	-0.062218	-0.062442
551	-0.063129	-0.062561	-0.06278
552	-0.063434	-0.062904	-0.063119
553	-0.063741	-0.06321	-0.06345
554	-0.064047	-0.063516	-0.063781
555	-0.06429	-0.063765	-0.064023
556	-0.064522	-0.064004	-0.06425
557	-0.064778	-0.064267	-0.064479
558	-0.065041	-0.064539	-0.064707
559	-0.065349	-0.064849	-0.065013
560	-0.065684	-0.065183	-0.065369
561	-0.066019	-0.065501	-0.065707
562	-0.066353	-0.065801	-0.066026
563	-0.06668	-0.06611	-0.066338
564	-0.066992	-0.066438	-0.066637
565	-0.067292	-0.066758	-0.066932
566	-0.067551	-0.067054	-0.067213
567	-0.067819	-0.067355	-0.0675
568	-0.068154	-0.067696	-0.067834
569	-0.068489	-0.068037	-0.068167
570	-0.068725	-0.068271	-0.06842
571	-0.068961	-0.068506	-0.068673
572	-0.069245	-0.068807	-0.068978
573	-0.069536	-0.069117	-0.069291
574	-0.069808	-0.069383	-0.069555
575	-0.070074	-0.069634	-0.069803
576	-0.070349	-0.069912	-0.070084
577	-0.070628	-0.070207	-0.070384
578	-0.070871	-0.070466	-0.070648
579	-0.071079	-0.070691	-0.070877
580	-0.071301	-0.070918	-0.071103
581	-0.071544	-0.071147	-0.071325
582	-0.071795	-0.071394	-0.07156
583	-0.072066	-0.071686	-0.071831
584	-0.072338	-0.071974	-0.072102
585	-0.072617	-0.072235	-0.072373
586	-0.072894	-0.072495	-0.072642
587	-0.07311	-0.072717	-0.072873
588	-0.073325	-0.072939	-0.073104
589	-0.073565	-0.073149	-0.07331
590	-0.073807	-0.073358	-0.073515
591	-0.07408	-0.073635	-0.073773
592	-0.07436	-0.073928	-0.074043
593	-0.074607	-0.074178	-0.074308
594	-0.07484	-0.07441	-0.07457
595	-0.075166	-0.074741	-0.074892
596	-0.075555	-0.07514	-0.075255
597	-0.07594	-0.075541	-0.075651
598	-0.076321	-0.075945	-0.076081
599	-0.076679	-0.076298	-0.076459
600	-0.076997	-0.07656	-0.076745
601	-0.077252	-0.076785	-0.076979
602	-0.077322	-0.076898	-0.077061
603	-0.077381	-0.076991	-0.077127
604	-0.077372	-0.076967	-0.077092
605	-0.07736	-0.076941	-0.077056
606	-0.077273	-0.07683	-0.076999
607	-0.077187	-0.07672	-0.076943
608	-0.077191	-0.076724	-0.07691
609	-0.077202	-0.076736	-0.07688
610	-0.077151	-0.0767	-0.076846
611	-0.077087	-0.076653	-0.076812
612	-0.077172	-0.076719	-0.076876
613	-0.077317	-0.076829	-0.07698
614	-0.077389	-0.076892	-0.077072
615	-0.077413	-0.076926	-0.077157
616	-0.077489	-0.077002	-0.07724
617	-0.077615	-0.07712	-0.077321
618	-0.077764	-0.077257	-0.077461
619	-0.077949	-0.077421	-0.077687
620	-0.078133	-0.077593	-0.077886
621	-0.078312	-0.077783	-0.078023
622	-0.07847	-0.077946	-0.078146
623	-0.078546	-0.077997	-0.07821
624	-0.07863	-0.078059	-0.078284
625	-0.078789	-0.078233	-0.078472
626	-0.078947	-0.078406	-0.078659
627	-0.079046	-0.078509	-0.078774
628	-0.079144	-0.078612	-0.078889
629	-0.079231	-0.078733	-0.078937
630	-0.079317	-0.078857	-0.078976
631	-0.079395	-0.078942	-0.07907
632	-0.07947	-0.079017	-0.079177
633	-0.079622	-0.079152	-0.079332
634	-0.079809	-0.079315	-0.079508
635	-0.07995	-0.07945	-0.079664
636	-0.080062	-0.079568	-0.079807
637	-0.0802	-0.079701	-0.079953
638	-0.080365	-0.079849	-0.080102
639	-0.080484	-0.079973	-0.08022
640	-0.080534	-0.080062	-0.080293
641	-0.080604	-0.080157	-0.080358
642	-0.080717	-0.080266	-0.080403
643	-0.080828	-0.080367	-0.080464
644	-0.080929	-0.080443	-0.080587
645	-0.08104	-0.080531	-0.080725
646	-0.081227	-0.080704	-0.080965
647	-0.081417	-0.080882	-0.081207
648	-0.081704	-0.081188	-0.081475
649	-0.08199	-0.081495	-0.081744
650	-0.082378	-0.081904	-0.082109
651	-0.082773	-0.08232	-0.082481
652	-0.082994	-0.082565	-0.082707
653	-0.083185	-0.08278	-0.082907
654	-0.083298	-0.082907	-0.083056
655	-0.083388	-0.083006	-0.083189
656	-0.083534	-0.083163	-0.083357
657	-0.083707	-0.083348	-0.083542
658	-0.083906	-0.083574	-0.08376
659	-0.084121	-0.083827	-0.084002
660	-0.084359	-0.084037	-0.084231
661	-0.084618	-0.084203	-0.084448
662	-0.084743	-0.08426	-0.084548
663	-0.084679	-0.08416	-0.084481
664	-0.084577	-0.084035	-0.08435
665	-0.084398	-0.083857	-0.084089
666	-0.08426	-0.083704	-0.083897
667	-0.084244	-0.08363	-0.083917
668	-0.084241	-0.083589	-0.083941
669	-0.084295	-0.083718	-0.083985
670	-0.084353	-0.083844	-0.084037
671	-0.084454	-0.083931	-0.084184
672	-0.084555	-0.084019	-0.08433
673	-0.084694	-0.084149	-0.084384
674	-0.084833	-0.084279	-0.084437
675	-0.085017	-0.084473	-0.084657
676	-0.085206	-0.084672	-0.084891
677	-0.085319	-0.084832	-0.085029
678	-0.085417	-0.084984	-0.085148
679	-0.085592	-0.085133	-0.08533
680	-0.085792	-0.08528	-0.08553
681	-0.086105	-0.08558	-0.085814
682	-0.08647	-0.08595	-0.086136
683	-0.086781	-0.086269	-0.086441
684	-0.087056	-0.086555	-0.086734
685	-0.087356	-0.08686	-0.087034
686	-0.087677	-0.087183	-0.087339
687	-0.087974	-0.087487	-0.087647
688	-0.088241	-0.087771	-0.087958
689	-0.088502	-0.088071	-0.088255
690	-0.088751	-0.088398	-0.08853
691	-0.089014	-0.088692	-0.088797
692	-0.089308	-0.088909	-0.089047
693	-0.089629	-0.089177	-0.089348
694	-0.090032	-0.089599	-0.089809
695	-0.090423	-0.089999	-0.090233
696	-0.090752	-0.09029	-0.090481
697	-0.091083	-0.090585	-0.090748
698	-0.091426	-0.090915	-0.091179
699	-0.09177	-0.091248	-0.091605
700	-0.092164	-0.09169	-0.091897
701	-0.092559	-0.092131	-0.092188
702	-0.092896	-0.092453	-0.092573
703	-0.093231	-0.09277	-0.092962
704	-0.093604	-0.093109	-0.093374
705	-0.09398	-0.09345	-0.093789
706	-0.094524	-0.094047	-0.094269
707	-0.095102	-0.094695	-0.094763
708	-0.095386	-0.094981	-0.095031
709	-0.095581	-0.095157	-0.095231
710	-0.096036	-0.095599	-0.095679
711	-0.096601	-0.096152	-0.09623
712	-0.097192	-0.096784	-0.096814
713	-0.097797	-0.09746	-0.097417
714	-0.098207	-0.097872	-0.097872
715	-0.098476	-0.098093	-0.098219
716	-0.098932	-0.098503	-0.098627
717	-0.09956	-0.099086	-0.099091
718	-0.100047	-0.099581	-0.099514
719	-0.10037	-0.099972	-0.099887
720	-0.100973	-0.100618	-0.100536
[LOG]
CHECKSUM…