[HEADER]
Format	J&M ASCII Table
Comment	
Date	20/08/2026 14:59:21
Order	Y (evenX)
TechType	UV
NumPoints	411
FirstX	310
LastX	720
XType	nm
YType	Absorbance
ZType	s
NumSubFile	3
Matrix	Z vs X
[LOGIN]
Name=pcbob
[INSTRUMENT]
Name=TIDAS E Base UV/VI
Detector=MMS - ASPEN 97,5 kHz
Diodearray=256 Pixel
Serial#=36584
Calibrated=2011-07-01
Range=183.81-729.88 [nm] (F0)

SWVersion=v3.18.2 (build 0)[LOGIN]
Name=pcbob
[CONFIG]
ChannelName=Channel 1
ChannelType=Normalized
[PARAMETER]
It=330,00
Aver=5
Norm=3
Range=310,0-720,0 nm
Scan=Time
ScanTime=5,00 s
[TRIGGER]
Sweep=0
Scan=0
[DIO]
DigOut=0x0000
DigIn=0x0000
[DATA]
	00:00:00,000	00:00:01,650	00:00:03,300
310	0.905706	0.905263	0.904969
311	0.889233	0.888782	0.888445
312	0.873119	0.872663	0.872313
313	0.857254	0.856791	0.856468
314	0.841736	0.841262	0.841021
315	0.82638	0.825894	0.825666
316	0.811532	0.811031	0.810606
317	0.796699	0.796186	0.79558
318	0.782091	0.78162	0.78106
319	0.767483	0.767054	0.766539
320	0.753056	0.752615	0.752098
321	0.738653	0.738191	0.737667
322	0.72431	0.723815	0.72335
323	0.709991	0.709458	0.709081
324	0.695765	0.695207	0.694848
325	0.681621	0.681048	0.680647
326	0.667526	0.666953	0.66655
327	0.65352	0.652974	0.652643
328	0.639553	0.639024	0.638741
329	0.625764	0.625204	0.62486
330	0.611975	0.611385	0.610981
331	0.598314	0.597859	0.59751
332	0.584654	0.584334	0.584039
333	0.571244	0.570901	0.570594
334	0.557888	0.557488	0.557155
335	0.544803	0.54439	0.544084
336	0.531866	0.531463	0.531212
337	0.519232	0.518846	0.518637
338	0.506936	0.506575	0.506392
339	0.49481	0.494474	0.494299
340	0.483086	0.482771	0.482567
341	0.471423	0.471134	0.470904
342	0.460191	0.459969	0.45974
343	0.44896	0.448804	0.448577
344	0.438334	0.438155	0.437934
345	0.427741	0.427534	0.42732
346	0.417617	0.417424	0.417221
347	0.407631	0.407464	0.407272
348	0.398005	0.397853	0.39765
349	0.388621	0.388475	0.388247
350	0.379498	0.379369	0.379135
351	0.370729	0.370629	0.370417
352	0.362064	0.361982	0.361801
353	0.353706	0.353613	0.353492
354	0.345378	0.345277	0.34521
355	0.337387	0.33733	0.337248
356	0.329397	0.329384	0.329286
357	0.32195	0.321905	0.321819
358	0.31456	0.314476	0.314404
359	0.307543	0.307431	0.307314
360	0.300662	0.300526	0.300343
361	0.293858	0.2937	0.293533
362	0.287116	0.286937	0.28685
363	0.280499	0.280315	0.28028
364	0.27408	0.273915	0.273887
365	0.267775	0.267633	0.267603
366	0.261884	0.26178	0.261711
367	0.256002	0.255934	0.255828
368	0.250322	0.250214	0.250149
369	0.244641	0.244494	0.24447
370	0.239099	0.238937	0.238884
371	0.233577	0.233404	0.233312
372	0.228151	0.228028	0.227917
373	0.222766	0.222719	0.222596
374	0.217498	0.217475	0.21739
375	0.212334	0.212287	0.212285
376	0.207286	0.207207	0.207272
377	0.202443	0.202316	0.202419
378	0.197613	0.197453	0.197575
379	0.192835	0.192713	0.192765
380	0.18806	0.187976	0.18796
381	0.18342	0.183405	0.183367
382	0.17878	0.178833	0.178773
383	0.174325	0.174336	0.174279
384	0.169901	0.169852	0.169803
385	0.165648	0.165561	0.165532
386	0.161473	0.16136	0.161357
387	0.157396	0.157292	0.157308
388	0.153411	0.153351	0.153376
389	0.149427	0.149397	0.149425
390	0.145444	0.145421	0.145437
391	0.141529	0.141505	0.141517
392	0.137923	0.137857	0.137902
393	0.134319	0.134212	0.134291
394	0.130844	0.130776	0.130848
395	0.127369	0.12734	0.127404
396	0.123973	0.12391	0.123987
397	0.120592	0.12048	0.120573
398	0.117353	0.117259	0.117332
399	0.114182	0.114135	0.114171
400	0.111069	0.111029	0.111087
401	0.108012	0.107938	0.108077
402	0.105043	0.104951	0.105123
403	0.102237	0.102157	0.102276
404	0.099447	0.099368	0.09945
405	0.096728	0.096606	0.096715
406	0.094009	0.093845	0.093981
407	0.091288	0.091178	0.091314
408	0.088566	0.088511	0.088647
409	0.085894	0.085845	0.085968
410	0.083231	0.083179	0.083288
411	0.080686	0.080645	0.080711
412	0.078195	0.07817	0.07818
413	0.075692	0.075683	0.075664
414	0.073177	0.073184	0.073163
415	0.070719	0.070732	0.070722
416	0.068359	0.068362	0.068384
417	0.065972	0.065962	0.066017
418	0.06348	0.063443	0.063531
419	0.060994	0.060933	0.061052
420	0.058659	0.058638	0.058738
421	0.056323	0.056343	0.056424
422	0.054165	0.054138	0.054245
423	0.052032	0.051947	0.052086
424	0.04997	0.049903	0.050003
425	0.047936	0.047918	0.047949
426	0.045822	0.04581	0.045845
427	0.043643	0.043603	0.043701
428	0.041476	0.041408	0.041552
429	0.039326	0.039231	0.039393
430	0.037227	0.037125	0.037297
431	0.035294	0.03525	0.03541
432	0.033373	0.033378	0.033529
433	0.031589	0.031546	0.031733
434	0.029806	0.029714	0.029936
435	0.028066	0.028027	0.028215
436	0.026331	0.026354	0.0265
437	0.0246	0.024622	0.024747
438	0.02287	0.022872	0.022981
439	0.021131	0.021146	0.021244
440	0.019384	0.019436	0.019527
441	0.017735	0.017788	0.017895
442	0.01621	0.016219	0.016373
443	0.014671	0.014652	0.014824
444	0.013096	0.013093	0.013207
445	0.011524	0.011538	0.011605
446	0.009964	0.010016	0.010114
447	0.008405	0.008495	0.008622
448	0.006944	0.006989	0.007132
449	0.005487	0.005484	0.005642
450	0.003999	0.003997	0.004123
451	0.002503	0.002514	0.002596
452	0.001077	0.001099	0.00118
453	-0.000313	-0.00028	-0.000178
454	-0.001662	-0.001636	-0.001513
455	-0.002968	-0.002969	-0.002824
456	-0.004232	-0.00426	-0.004095
457	-0.005415	-0.005475	-0.005288
458	-0.0066	-0.006676	-0.00648
459	-0.007793	-0.00782	-0.007664
460	-0.008983	-0.008964	-0.008845
461	-0.010088	-0.010106	-0.009968
462	-0.011193	-0.011249	-0.01109
463	-0.012246	-0.012314	-0.01214
464	-0.013293	-0.01337	-0.01318
465	-0.014384	-0.014438	-0.014268
466	-0.015492	-0.01551	-0.015373
467	-0.016569	-0.016576	-0.016452
468	-0.017624	-0.017638	-0.017513
469	-0.018733	-0.018747	-0.018614
470	-0.019911	-0.019915	-0.019767
471	-0.021059	-0.021057	-0.020898
472	-0.02213	-0.022128	-0.021973
473	-0.023198	-0.0232	-0.023045
474	-0.024254	-0.024269	-0.024102
475	-0.025309	-0.025338	-0.025159
476	-0.026327	-0.02635	-0.026191
477	-0.027343	-0.027361	-0.027223
478	-0.028395	-0.028393	-0.028249
479	-0.029454	-0.029429	-0.029273
480	-0.030501	-0.030479	-0.030312
481	-0.031543	-0.031536	-0.031357
482	-0.032522	-0.032536	-0.032333
483	-0.033449	-0.033487	-0.033248
484	-0.034274	-0.034328	-0.034076
485	-0.034938	-0.034998	-0.034764
486	-0.035612	-0.035673	-0.035459
487	-0.036315	-0.03636	-0.036176
488	-0.037019	-0.037051	-0.036891
489	-0.037726	-0.037762	-0.037585
490	-0.038432	-0.038472	-0.038278
491	-0.039275	-0.039287	-0.03907
492	-0.040125	-0.040108	-0.039867
493	-0.040799	-0.040799	-0.040581
494	-0.041431	-0.041458	-0.041274
495	-0.042062	-0.042104	-0.041911
496	-0.042691	-0.042743	-0.042519
497	-0.043332	-0.043393	-0.04314
498	-0.043983	-0.044053	-0.043775
499	-0.044629	-0.044699	-0.044406
500	-0.045269	-0.045322	-0.045031
501	-0.045904	-0.045939	-0.045656
502	-0.046521	-0.046538	-0.046283
503	-0.047139	-0.047138	-0.046912
504	-0.047775	-0.047754	-0.047571
505	-0.048411	-0.04837	-0.04823
506	-0.049084	-0.049046	-0.048873
507	-0.049758	-0.049725	-0.049514
508	-0.050409	-0.050422	-0.050163
509	-0.051055	-0.051124	-0.050815
510	-0.051679	-0.051759	-0.051453
511	-0.052291	-0.05236	-0.052086
512	-0.052894	-0.052954	-0.052696
513	-0.053488	-0.05354	-0.053285
514	-0.054071	-0.054114	-0.053859
515	-0.054636	-0.054669	-0.054409
516	-0.055183	-0.055207	-0.054954
517	-0.055677	-0.055696	-0.055479
518	-0.056172	-0.056188	-0.056
519	-0.05668	-0.0567	-0.056498
520	-0.057187	-0.057212	-0.056996
521	-0.057707	-0.057775	-0.057527
522	-0.058227	-0.058339	-0.058059
523	-0.058772	-0.058868	-0.058556
524	-0.059323	-0.059391	-0.059047
525	-0.059803	-0.059843	-0.05953
526	-0.060252	-0.060264	-0.060009
527	-0.060712	-0.060715	-0.060484
528	-0.06118	-0.061189	-0.060954
529	-0.061625	-0.061637	-0.061384
530	-0.062038	-0.06205	-0.061758
531	-0.062433	-0.062449	-0.062139
532	-0.062784	-0.06281	-0.062534
533	-0.063134	-0.063171	-0.062923
534	-0.063484	-0.063529	-0.063286
535	-0.063836	-0.063888	-0.063649
536	-0.06427	-0.064291	-0.064025
537	-0.064705	-0.064694	-0.064402
538	-0.065044	-0.065043	-0.064782
539	-0.065372	-0.065385	-0.065163
540	-0.065691	-0.065707	-0.065478
541	-0.066007	-0.066022	-0.065772
542	-0.066329	-0.06633	-0.066076
543	-0.066654	-0.066634	-0.066385
544	-0.067009	-0.066975	-0.066739
545	-0.067394	-0.067352	-0.067138
546	-0.067756	-0.067716	-0.067515
547	-0.06808	-0.068057	-0.067855
548	-0.068408	-0.068393	-0.068189
549	-0.068746	-0.068715	-0.068505
550	-0.069083	-0.069041	-0.068827
551	-0.069412	-0.0694	-0.069193
552	-0.069741	-0.069759	-0.06956
553	-0.070061	-0.070098	-0.069876
554	-0.070381	-0.070437	-0.070191
555	-0.070666	-0.070702	-0.07044
556	-0.070944	-0.070956	-0.070678
557	-0.071234	-0.071261	-0.070969
558	-0.071527	-0.071584	-0.071279
559	-0.071887	-0.071925	-0.071643
560	-0.072291	-0.072278	-0.072042
561	-0.072641	-0.072598	-0.072395
562	-0.072934	-0.072883	-0.0727
563	-0.073241	-0.0732	-0.073024
564	-0.073573	-0.073576	-0.073383
565	-0.073895	-0.073922	-0.073729
566	-0.074184	-0.074175	-0.074037
567	-0.074475	-0.074438	-0.07434
568	-0.074789	-0.074777	-0.074616
569	-0.075102	-0.075116	-0.074891
570	-0.075313	-0.075338	-0.075118
571	-0.075523	-0.075559	-0.075344
572	-0.07582	-0.075828	-0.075634
573	-0.07613	-0.076105	-0.075935
574	-0.076428	-0.076405	-0.076219
575	-0.076721	-0.076712	-0.076498
576	-0.07698	-0.076977	-0.076775
577	-0.07722	-0.077218	-0.07705
578	-0.077437	-0.077445	-0.077298
579	-0.07763	-0.077658	-0.077517
580	-0.077841	-0.077873	-0.077729
581	-0.078078	-0.07809	-0.07793
582	-0.078327	-0.078331	-0.078161
583	-0.078604	-0.078634	-0.078467
584	-0.078887	-0.078932	-0.078769
585	-0.0792	-0.079209	-0.079045
586	-0.07951	-0.079485	-0.079319
587	-0.079731	-0.079735	-0.07956
588	-0.079953	-0.079985	-0.079801
589	-0.080191	-0.080203	-0.080023
590	-0.080429	-0.080419	-0.080244
591	-0.080683	-0.08068	-0.080501
592	-0.080939	-0.080952	-0.080766
593	-0.08116	-0.08118	-0.080986
594	-0.081366	-0.08139	-0.081185
595	-0.081673	-0.081702	-0.081479
596	-0.082051	-0.082086	-0.081839
597	-0.082446	-0.082477	-0.082224
598	-0.08286	-0.082877	-0.082637
599	-0.08325	-0.083252	-0.083024
600	-0.083601	-0.083583	-0.083366
601	-0.083892	-0.083853	-0.083646
602	-0.084011	-0.083942	-0.083747
603	-0.084111	-0.084023	-0.083833
604	-0.084092	-0.084058	-0.083835
605	-0.084072	-0.084089	-0.083835
606	-0.084019	-0.084002	-0.083794
607	-0.083965	-0.083915	-0.083754
608	-0.083972	-0.083929	-0.083753
609	-0.083984	-0.08395	-0.083755
610	-0.083985	-0.083966	-0.083728
611	-0.083985	-0.08398	-0.083696
612	-0.084026	-0.084039	-0.083788
613	-0.084084	-0.084114	-0.083931
614	-0.084184	-0.084212	-0.084018
615	-0.084311	-0.084324	-0.08407
616	-0.084433	-0.084427	-0.084165
617	-0.084551	-0.08452	-0.084304
618	-0.084728	-0.084682	-0.084486
619	-0.084995	-0.08495	-0.084733
620	-0.085216	-0.085181	-0.084951
621	-0.085327	-0.085325	-0.085096
622	-0.08544	-0.085461	-0.085234
623	-0.085554	-0.085566	-0.085339
624	-0.085675	-0.085681	-0.085454
625	-0.085855	-0.08589	-0.085661
626	-0.086035	-0.086098	-0.085867
627	-0.086157	-0.086216	-0.085975
628	-0.086278	-0.086333	-0.086082
629	-0.086387	-0.086426	-0.086175
630	-0.086493	-0.086516	-0.086267
631	-0.086598	-0.086599	-0.086379
632	-0.086702	-0.086682	-0.086496
633	-0.086842	-0.086822	-0.086632
634	-0.086999	-0.086987	-0.086777
635	-0.087169	-0.087151	-0.086947
636	-0.087348	-0.087313	-0.087134
637	-0.087501	-0.087476	-0.087294
638	-0.087628	-0.087639	-0.087428
639	-0.087743	-0.087775	-0.087533
640	-0.087843	-0.087871	-0.087597
641	-0.087971	-0.087991	-0.087712
642	-0.088162	-0.088166	-0.087941
643	-0.088327	-0.088319	-0.088139
644	-0.0884	-0.088396	-0.088229
645	-0.088486	-0.088484	-0.088323
646	-0.088661	-0.088647	-0.088442
647	-0.088839	-0.088812	-0.088566
648	-0.089104	-0.089052	-0.088816
649	-0.089369	-0.089292	-0.089066
650	-0.089644	-0.089589	-0.089366
651	-0.08992	-0.089889	-0.089669
652	-0.090045	-0.090031	-0.089848
653	-0.090144	-0.090147	-0.090005
654	-0.090194	-0.090206	-0.09007
655	-0.090229	-0.090249	-0.090107
656	-0.090332	-0.090357	-0.090208
657	-0.090469	-0.090497	-0.090339
658	-0.090743	-0.090742	-0.09059
659	-0.091113	-0.09106	-0.090925
660	-0.091446	-0.091376	-0.091235
661	-0.091741	-0.091687	-0.091521
662	-0.09193	-0.09189	-0.091715
663	-0.091968	-0.09194	-0.091779
664	-0.091965	-0.091967	-0.091798
665	-0.091881	-0.091949	-0.091727
666	-0.091814	-0.091933	-0.091658
667	-0.091802	-0.091922	-0.091598
668	-0.091803	-0.091912	-0.091563
669	-0.091873	-0.091905	-0.09165
670	-0.091948	-0.091911	-0.09174
671	-0.092077	-0.092064	-0.091859
672	-0.092205	-0.092216	-0.091978
673	-0.092341	-0.092357	-0.092096
674	-0.092476	-0.092499	-0.092214
675	-0.092713	-0.092736	-0.092471
676	-0.092959	-0.092982	-0.092741
677	-0.09311	-0.093126	-0.092901
678	-0.093243	-0.09325	-0.093041
679	-0.093501	-0.093471	-0.093243
680	-0.093798	-0.093723	-0.093464
681	-0.094084	-0.094074	-0.09377
682	-0.094365	-0.094471	-0.094116
683	-0.09466	-0.094747	-0.094467
684	-0.094963	-0.094944	-0.094822
685	-0.095269	-0.095221	-0.095113
686	-0.095579	-0.095566	-0.095349
687	-0.095877	-0.095895	-0.095642
688	-0.096161	-0.096204	-0.096003
689	-0.096434	-0.096499	-0.096304
690	-0.09669	-0.096772	-0.096507
691	-0.096967	-0.097053	-0.096751
692	-0.097289	-0.097349	-0.097086
693	-0.097626	-0.09767	-0.097445
694	-0.098014	-0.098069	-0.09788
695	-0.098405	-0.098467	-0.098303
696	-0.098813	-0.098858	-0.098657
697	-0.099204	-0.099232	-0.099004
698	-0.099455	-0.099457	-0.099276
699	-0.099712	-0.09969	-0.099553
700	-0.100147	-0.100177	-0.099964
701	-0.100583	-0.100665	-0.100375
702	-0.100966	-0.101048	-0.100767
703	-0.101346	-0.101426	-0.101158
704	-0.101688	-0.101758	-0.101512
705	-0.102026	-0.102085	-0.101861
706	-0.102634	-0.10268	-0.102415
707	-0.103295	-0.10333	-0.10301
708	-0.103596	-0.103599	-0.103357
709	-0.103788	-0.103753	-0.103627
710	-0.104301	-0.104227	-0.104141
711	-0.104949	-0.104837	-0.104758
712	-0.105562	-0.105425	-0.105305
713	-0.106153	-0.106001	-0.105814
714	-0.106576	-0.106457	-0.106199
715	-0.106876	-0.106826	-0.106496
716	-0.10737	-0.107274	-0.106972
717	-0.108045	-0.107796	-0.107614
718	-0.108612	-0.108365	-0.108191
719	-0.109053	-0.10899	-0.108691
720	-0.109642	-0.109679	-0.109335
[LOG]
CHECKSUMNx