[HEADER]
Format	J&M ASCII Table
Comment	
Date	20/08/2026 15:07:54
Order	Y (evenX)
TechType	UV
NumPoints	411
FirstX	310
LastX	720
XType	nm
YType	Absorbance
ZType	s
NumSubFile	3
Matrix	Z vs X
[LOGIN]
Name=pcbob
[INSTRUMENT]
Name=TIDAS E Base UV/VI
Detector=MMS - ASPEN 97,5 kHz
Diodearray=256 Pixel
Serial#=36584
Calibrated=2011-07-01
Range=183.81-729.88 [nm] (F0)

SWVersion=v3.18.2 (build 0)[LOGIN]
Name=pcbob
[CONFIG]
ChannelName=Channel 1
ChannelType=Normalized
[PARAMETER]
It=330,00
Aver=5
Norm=3
Range=310,0-720,0 nm
Scan=Time
ScanTime=5,00 s
[TRIGGER]
Sweep=0
Scan=0
[DIO]
DigOut=0x0000
DigIn=0x0000
[DATA]
	00:00:00,000	00:00:01,650	00:00:03,300
310	0.852848	0.852629	0.852398
311	0.83578	0.835527	0.835328
312	0.819159	0.818886	0.81867
313	0.802966	0.802715	0.80248
314	0.787365	0.787196	0.786936
315	0.771913	0.771799	0.771512
316	0.756929	0.756781	0.756464
317	0.74199	0.741808	0.741458
318	0.727713	0.727481	0.727079
319	0.713435	0.713154	0.712699
320	0.699424	0.699191	0.698757
321	0.685447	0.685274	0.684872
322	0.671849	0.67168	0.671301
323	0.658408	0.658218	0.657859
324	0.645085	0.64492	0.644553
325	0.631867	0.631767	0.631366
326	0.618792	0.618713	0.618331
327	0.605978	0.60584	0.605571
328	0.593196	0.593021	0.592826
329	0.580563	0.580457	0.580156
330	0.567932	0.567892	0.567487
331	0.555848	0.555739	0.555378
332	0.543764	0.543587	0.543269
333	0.531807	0.531693	0.531363
334	0.519877	0.519855	0.519499
335	0.508266	0.508255	0.507968
336	0.496827	0.496783	0.496617
337	0.485659	0.485584	0.485513
338	0.474791	0.474688	0.474683
339	0.464077	0.463954	0.463991
340	0.453726	0.453602	0.453625
341	0.443426	0.4433	0.443311
342	0.433495	0.433345	0.433361
343	0.423563	0.423391	0.423411
344	0.414101	0.41399	0.41394
345	0.404665	0.404619	0.404495
346	0.395703	0.395684	0.395487
347	0.386881	0.386876	0.386606
348	0.378265	0.378198	0.378022
349	0.369787	0.369608	0.369637
350	0.361463	0.361267	0.361383
351	0.353346	0.353262	0.353307
352	0.345331	0.345328	0.345316
353	0.337619	0.337604	0.337579
354	0.329945	0.329921	0.329882
355	0.322713	0.322734	0.322659
356	0.315482	0.315548	0.315437
357	0.308515	0.308597	0.30851
358	0.301575	0.301672	0.301614
359	0.294971	0.295064	0.295025
360	0.288489	0.288573	0.28855
361	0.282105	0.282129	0.282158
362	0.275798	0.275724	0.275832
363	0.269562	0.269472	0.269599
364	0.26344	0.263463	0.263515
365	0.257443	0.257549	0.257551
366	0.251903	0.251981	0.252026
367	0.246369	0.246421	0.246506
368	0.240976	0.241012	0.241095
369	0.235583	0.235604	0.235685
370	0.230329	0.23033	0.23046
371	0.225094	0.225076	0.225262
372	0.21996	0.219954	0.220161
373	0.214869	0.214886	0.215101
374	0.209918	0.209946	0.210154
375	0.20509	0.205118	0.205306
376	0.200338	0.200355	0.20054
377	0.195718	0.195705	0.195917
378	0.191109	0.191081	0.19132
379	0.186544	0.186562	0.186828
380	0.181985	0.182047	0.182339
381	0.177685	0.177725	0.177985
382	0.173385	0.173403	0.173631
383	0.169102	0.169099	0.16938
384	0.164823	0.164799	0.165146
385	0.160752	0.160757	0.161084
386	0.156777	0.156834	0.157102
387	0.152906	0.153005	0.153277
388	0.149134	0.149263	0.149598
389	0.145335	0.145478	0.145855
390	0.141486	0.141613	0.141993
391	0.137702	0.137812	0.138196
392	0.134212	0.134295	0.134695
393	0.130725	0.130781	0.131198
394	0.127454	0.127502	0.12799
395	0.124183	0.124224	0.124782
396	0.120943	0.121001	0.12152
397	0.117708	0.117787	0.118249
398	0.114561	0.114652	0.115137
399	0.111456	0.111552	0.112101
400	0.108412	0.108516	0.109069
401	0.105426	0.105539	0.10604
402	0.102505	0.102629	0.103123
403	0.099704	0.099843	0.100418
404	0.096927	0.097081	0.097716
405	0.09426	0.094419	0.095029
406	0.091594	0.091757	0.092343
407	0.088948	0.08909	0.08969
408	0.086302	0.086423	0.087037
409	0.083591	0.083784	0.084449
410	0.080869	0.08115	0.081872
411	0.078361	0.078609	0.079365
412	0.075949	0.07611	0.076889
413	0.073527	0.073649	0.074449
414	0.071095	0.071223	0.072041
415	0.068727	0.068853	0.069702
416	0.066471	0.066581	0.067485
417	0.064181	0.064281	0.065232
418	0.061752	0.061867	0.06284
419	0.059331	0.05946	0.06045
420	0.057095	0.057223	0.058134
421	0.054858	0.054986	0.055817
422	0.052736	0.052896	0.053775
423	0.050629	0.050827	0.051772
424	0.048672	0.048852	0.049817
425	0.046773	0.046913	0.047882
426	0.044739	0.044859	0.045843
427	0.042595	0.042711	0.04372
428	0.040461	0.040603	0.041613
429	0.038344	0.038556	0.039533
430	0.036288	0.036544	0.037511
431	0.034431	0.034653	0.035681
432	0.03258	0.032769	0.033857
433	0.030822	0.030996	0.032128
434	0.029064	0.029222	0.030398
435	0.027336	0.02752	0.028714
436	0.025611	0.025825	0.027035
437	0.023891	0.024109	0.02531
438	0.022172	0.022387	0.02357
439	0.020501	0.020721	0.021892
440	0.018862	0.019092	0.020257
441	0.017277	0.017508	0.018688
442	0.015762	0.015983	0.017204
443	0.014243	0.014456	0.015706
444	0.012716	0.012926	0.014176
445	0.011202	0.011409	0.012661
446	0.009778	0.009975	0.011258
447	0.008354	0.008542	0.009856
448	0.006958	0.00716	0.008475
449	0.005562	0.00578	0.007094
450	0.004162	0.00437	0.005699
451	0.002759	0.002954	0.004301
452	0.001415	0.001614	0.002979
453	0.000101	0.000312	0.001697
454	-0.001196	-0.000977	0.000404
455	-0.002477	-0.002256	-0.000899
456	-0.003724	-0.003507	-0.002153
457	-0.004909	-0.00471	-0.003312
458	-0.006094	-0.005904	-0.004474
459	-0.00728	-0.007065	-0.005648
460	-0.008463	-0.008224	-0.00682
461	-0.009582	-0.009336	-0.007956
462	-0.010701	-0.010449	-0.009092
463	-0.011778	-0.011523	-0.010158
464	-0.012851	-0.012594	-0.011216
465	-0.013914	-0.013665	-0.012227
466	-0.014975	-0.014737	-0.013221
467	-0.015993	-0.015752	-0.014204
468	-0.016981	-0.016726	-0.015181
469	-0.018018	-0.017755	-0.016197
470	-0.019122	-0.018855	-0.017263
471	-0.020199	-0.019936	-0.018305
472	-0.021212	-0.020967	-0.019282
473	-0.022225	-0.021992	-0.020268
474	-0.023243	-0.02297	-0.021304
475	-0.024261	-0.023948	-0.02234
476	-0.025211	-0.024931	-0.02326
477	-0.02616	-0.025915	-0.024178
478	-0.027169	-0.026921	-0.025149
479	-0.02819	-0.027932	-0.02613
480	-0.029207	-0.028966	-0.027155
481	-0.030223	-0.03001	-0.028201
482	-0.0312	-0.030989	-0.029255
483	-0.032144	-0.031911	-0.030316
484	-0.033001	-0.032758	-0.031247
485	-0.03372	-0.033485	-0.031974
486	-0.034425	-0.034197	-0.032685
487	-0.035085	-0.034862	-0.033349
488	-0.035739	-0.03552	-0.034001
489	-0.036339	-0.036116	-0.03455
490	-0.03694	-0.036713	-0.035099
491	-0.037702	-0.037491	-0.035794
492	-0.038473	-0.038278	-0.036497
493	-0.039157	-0.038963	-0.03714
494	-0.039821	-0.039623	-0.037767
495	-0.040476	-0.040262	-0.038407
496	-0.041127	-0.04089	-0.039053
497	-0.04179	-0.041537	-0.039709
498	-0.042463	-0.042201	-0.040375
499	-0.043129	-0.042854	-0.041024
500	-0.04378	-0.043491	-0.041645
501	-0.044414	-0.044113	-0.042249
502	-0.044991	-0.044684	-0.042797
503	-0.045576	-0.045262	-0.043352
504	-0.04623	-0.045906	-0.043981
505	-0.046885	-0.046551	-0.044611
506	-0.047521	-0.047189	-0.045278
507	-0.048157	-0.047827	-0.045948
508	-0.048764	-0.048443	-0.046558
509	-0.049363	-0.049055	-0.047153
510	-0.049949	-0.049646	-0.047756
511	-0.050527	-0.050227	-0.048364
512	-0.051097	-0.050824	-0.048922
513	-0.051658	-0.051436	-0.049436
514	-0.052199	-0.051992	-0.049957
515	-0.052706	-0.05246	-0.050488
516	-0.053209	-0.052931	-0.050998
517	-0.053698	-0.053413	-0.051442
518	-0.054185	-0.053892	-0.051885
519	-0.054657	-0.054341	-0.052321
520	-0.055128	-0.054791	-0.052757
521	-0.055622	-0.055295	-0.053275
522	-0.056116	-0.055801	-0.053795
523	-0.05664	-0.056336	-0.054312
524	-0.057169	-0.056877	-0.054829
525	-0.057615	-0.057338	-0.055305
526	-0.058025	-0.057765	-0.055763
527	-0.05849	-0.058206	-0.056211
528	-0.058999	-0.058658	-0.056653
529	-0.059463	-0.059094	-0.057082
530	-0.059866	-0.05951	-0.057497
531	-0.060262	-0.059928	-0.057911
532	-0.060644	-0.060347	-0.058326
533	-0.061022	-0.060757	-0.058733
534	-0.061382	-0.061116	-0.059097
535	-0.061744	-0.061477	-0.059463
536	-0.062199	-0.061925	-0.05992
537	-0.062655	-0.062373	-0.060378
538	-0.063041	-0.062765	-0.060797
539	-0.06342	-0.06315	-0.061213
540	-0.063762	-0.063493	-0.061561
541	-0.064094	-0.063823	-0.061889
542	-0.064444	-0.064157	-0.062217
543	-0.064804	-0.064493	-0.062545
544	-0.065172	-0.064848	-0.0629
545	-0.065549	-0.065222	-0.063281
546	-0.065916	-0.065584	-0.063652
547	-0.06627	-0.065927	-0.064007
548	-0.066606	-0.066267	-0.064349
549	-0.06689	-0.066599	-0.064647
550	-0.067182	-0.06693	-0.064952
551	-0.067541	-0.067257	-0.065311
552	-0.0679	-0.067583	-0.06567
553	-0.068224	-0.067918	-0.065984
554	-0.068548	-0.068253	-0.066299
555	-0.068768	-0.068496	-0.066556
556	-0.068972	-0.068725	-0.066805
557	-0.069259	-0.068982	-0.067089
558	-0.069577	-0.06925	-0.067385
559	-0.0699	-0.069588	-0.067715
560	-0.070226	-0.069971	-0.068066
561	-0.070543	-0.070311	-0.068393
562	-0.070849	-0.070606	-0.068695
563	-0.071162	-0.070915	-0.069011
564	-0.071488	-0.071248	-0.069351
565	-0.071816	-0.071572	-0.069694
566	-0.072148	-0.071862	-0.070048
567	-0.072479	-0.07216	-0.070407
568	-0.072791	-0.072511	-0.070804
569	-0.073103	-0.072863	-0.071201
570	-0.073351	-0.073125	-0.071525
571	-0.073599	-0.073386	-0.071848
572	-0.073935	-0.073722	-0.07219
573	-0.074284	-0.07407	-0.072533
574	-0.074595	-0.074395	-0.072885
575	-0.074894	-0.074711	-0.073239
576	-0.075193	-0.075001	-0.073572
577	-0.075491	-0.075274	-0.073893
578	-0.07576	-0.075541	-0.074191
579	-0.076	-0.075801	-0.074466
580	-0.076251	-0.076052	-0.074731
581	-0.076521	-0.076292	-0.074979
582	-0.076792	-0.07655	-0.07524
583	-0.077069	-0.076856	-0.075533
584	-0.077352	-0.077158	-0.075817
585	-0.077672	-0.077441	-0.076052
586	-0.077988	-0.077722	-0.076287
587	-0.078196	-0.077955	-0.076516
588	-0.078405	-0.078188	-0.076744
589	-0.078641	-0.078412	-0.076943
590	-0.078878	-0.078636	-0.07714
591	-0.079137	-0.078906	-0.077402
592	-0.0794	-0.079187	-0.077679
593	-0.079625	-0.079394	-0.077915
594	-0.079833	-0.079569	-0.078133
595	-0.080134	-0.079882	-0.078428
596	-0.080498	-0.08029	-0.078777
597	-0.080863	-0.080678	-0.079141
598	-0.081228	-0.081045	-0.07952
599	-0.08158	-0.081403	-0.079872
600	-0.081907	-0.081744	-0.080176
601	-0.082171	-0.082017	-0.080422
602	-0.082251	-0.082093	-0.080496
603	-0.082314	-0.082148	-0.080554
604	-0.08228	-0.082083	-0.080517
605	-0.082244	-0.082017	-0.080477
606	-0.082157	-0.081937	-0.080352
607	-0.08207	-0.081856	-0.080227
608	-0.082067	-0.081834	-0.080242
609	-0.082071	-0.081817	-0.080267
610	-0.082064	-0.081831	-0.080223
611	-0.082053	-0.081853	-0.080164
612	-0.082108	-0.08189	-0.080249
613	-0.082188	-0.081933	-0.080392
614	-0.082264	-0.081998	-0.080452
615	-0.082337	-0.082075	-0.080459
616	-0.082421	-0.082167	-0.080505
617	-0.082515	-0.082273	-0.080589
618	-0.082682	-0.082431	-0.080744
619	-0.082957	-0.082668	-0.081003
620	-0.083189	-0.08287	-0.081223
621	-0.083318	-0.082989	-0.081347
622	-0.083435	-0.083103	-0.081454
623	-0.083504	-0.083203	-0.081492
624	-0.083582	-0.08331	-0.081549
625	-0.083743	-0.083488	-0.081788
626	-0.083905	-0.083666	-0.082027
627	-0.08406	-0.083763	-0.082094
628	-0.084215	-0.083859	-0.082159
629	-0.084255	-0.083944	-0.082215
630	-0.08428	-0.084026	-0.082269
631	-0.084432	-0.084183	-0.082397
632	-0.084616	-0.084359	-0.082545
633	-0.084767	-0.08451	-0.082716
634	-0.084903	-0.08465	-0.082897
635	-0.085052	-0.084811	-0.083068
636	-0.085209	-0.084985	-0.083231
637	-0.085382	-0.085149	-0.083398
638	-0.08557	-0.085303	-0.083569
639	-0.085722	-0.08544	-0.083697
640	-0.085821	-0.085553	-0.083763
641	-0.085952	-0.085689	-0.083872
642	-0.086153	-0.085879	-0.084076
643	-0.086329	-0.08605	-0.084248
644	-0.086415	-0.086149	-0.084304
645	-0.086511	-0.086259	-0.084386
646	-0.086683	-0.086438	-0.084643
647	-0.086859	-0.086621	-0.0849
648	-0.087141	-0.086897	-0.085164
649	-0.087422	-0.087174	-0.085429
650	-0.087799	-0.087586	-0.085904
651	-0.088181	-0.088007	-0.086391
652	-0.088427	-0.088211	-0.086781
653	-0.088649	-0.088377	-0.087154
654	-0.088771	-0.08852	-0.087364
655	-0.08886	-0.088657	-0.087522
656	-0.088999	-0.088801	-0.087682
657	-0.089162	-0.088948	-0.087843
658	-0.089406	-0.089195	-0.088033
659	-0.089707	-0.089513	-0.088242
660	-0.089948	-0.089755	-0.088416
661	-0.090129	-0.089921	-0.088554
662	-0.09023	-0.090007	-0.088579
663	-0.090215	-0.089981	-0.088442
664	-0.090147	-0.089897	-0.088288
665	-0.089971	-0.089694	-0.088099
666	-0.089846	-0.089537	-0.087944
667	-0.08988	-0.089522	-0.087893
668	-0.089905	-0.089514	-0.087856
669	-0.089884	-0.089544	-0.087897
670	-0.089882	-0.08959	-0.08795
671	-0.090095	-0.089815	-0.088139
672	-0.090308	-0.09004	-0.088328
673	-0.090408	-0.090128	-0.088451
674	-0.090509	-0.090216	-0.088574
675	-0.090742	-0.090473	-0.088745
676	-0.090988	-0.090745	-0.088919
677	-0.091135	-0.090887	-0.089089
678	-0.091263	-0.091005	-0.089257
679	-0.091468	-0.091238	-0.089511
680	-0.091698	-0.091506	-0.089791
681	-0.092014	-0.091777	-0.090122
682	-0.09237	-0.09205	-0.090476
683	-0.092683	-0.092361	-0.090787
684	-0.092969	-0.092698	-0.091071
685	-0.093276	-0.093032	-0.091354
686	-0.093602	-0.093364	-0.091636
687	-0.093883	-0.09368	-0.091953
688	-0.09411	-0.093977	-0.092312
689	-0.094374	-0.094247	-0.092619
690	-0.094696	-0.094478	-0.092845
691	-0.094992	-0.094711	-0.093061
692	-0.09523	-0.094952	-0.093256
693	-0.095513	-0.095245	-0.093523
694	-0.095935	-0.095707	-0.094013
695	-0.096358	-0.096152	-0.094488
696	-0.096786	-0.096517	-0.094885
697	-0.097187	-0.09687	-0.095266
698	-0.097352	-0.097107	-0.095493
699	-0.097528	-0.097351	-0.095724
700	-0.098028	-0.097772	-0.096059
701	-0.098527	-0.098194	-0.096394
702	-0.098904	-0.098557	-0.09685
703	-0.099275	-0.098918	-0.097311
704	-0.099534	-0.099239	-0.097662
705	-0.099779	-0.099556	-0.098001
706	-0.100315	-0.100097	-0.098611
707	-0.10091	-0.100683	-0.099276
708	-0.101214	-0.101078	-0.099553
709	-0.101429	-0.101416	-0.099713
710	-0.101988	-0.101911	-0.100258
711	-0.102691	-0.102473	-0.100964
712	-0.103279	-0.102982	-0.101486
713	-0.103802	-0.103459	-0.101904
714	-0.104168	-0.103851	-0.102249
715	-0.104419	-0.104181	-0.102542
716	-0.104844	-0.104605	-0.103019
717	-0.105431	-0.105118	-0.103667
718	-0.105919	-0.105597	-0.104165
719	-0.10629	-0.106038	-0.104487
720	-0.106902	-0.106677	-0.105065
[LOG]
CHECKSUMré