[HEADER]
Format	J&M ASCII Table
Comment	
Date	20/08/2026 15:29:22
Order	Y (evenX)
TechType	UV
NumPoints	411
FirstX	310
LastX	720
XType	nm
YType	Absorbance
ZType	s
NumSubFile	3
Matrix	Z vs X
[LOGIN]
Name=pcbob
[INSTRUMENT]
Name=TIDAS E Base UV/VI
Detector=MMS - ASPEN 97,5 kHz
Diodearray=256 Pixel
Serial#=36584
Calibrated=2011-07-01
Range=183.81-729.88 [nm] (F0)

SWVersion=v3.18.2 (build 0)[LOGIN]
Name=pcbob
[CONFIG]
ChannelName=Channel 1
ChannelType=Normalized
[PARAMETER]
It=330,00
Aver=5
Norm=3
Range=310,0-720,0 nm
Scan=Time
ScanTime=5,00 s
[TRIGGER]
Sweep=0
Scan=0
[DIO]
DigOut=0x0000
DigIn=0x0000
[DATA]
	00:00:00,000	00:00:01,650	00:00:03,300
310	0.002665	0.002725	0.002649
311	0.002334	0.002413	0.002342
312	0.002007	0.002091	0.002065
313	0.00164	0.001709	0.001714
314	0.001217	0.001243	0.001259
315	0.000803	0.000799	0.000814
316	0.000417	0.000424	0.000399
317	0.000034	0.000053	-0.000009
318	-0.000323	-0.000277	-0.000327
319	-0.000679	-0.000607	-0.000645
320	-0.000989	-0.000921	-0.000961
321	-0.001294	-0.001232	-0.001276
322	-0.001555	-0.001483	-0.001556
323	-0.001796	-0.001709	-0.001821
324	-0.002073	-0.001986	-0.002108
325	-0.002379	-0.002309	-0.002415
326	-0.002685	-0.002622	-0.00271
327	-0.002989	-0.002917	-0.002984
328	-0.00331	-0.003233	-0.003284
329	-0.003706	-0.003642	-0.003707
330	-0.004102	-0.004052	-0.004129
331	-0.004413	-0.004365	-0.004433
332	-0.004724	-0.004679	-0.004737
333	-0.005086	-0.005048	-0.005084
334	-0.005459	-0.005428	-0.00544
335	-0.005778	-0.005747	-0.005773
336	-0.00607	-0.006031	-0.006094
337	-0.006361	-0.006326	-0.006398
338	-0.006653	-0.006633	-0.006685
339	-0.006932	-0.006907	-0.006953
340	-0.007181	-0.007105	-0.007177
341	-0.007432	-0.007319	-0.007406
342	-0.0077	-0.007644	-0.007674
343	-0.007968	-0.007969	-0.007942
344	-0.008212	-0.008173	-0.008205
345	-0.008454	-0.00837	-0.008469
346	-0.008741	-0.008694	-0.008766
347	-0.009041	-0.009056	-0.009074
348	-0.009332	-0.00936	-0.00937
349	-0.009619	-0.009627	-0.009659
350	-0.009933	-0.009926	-0.009951
351	-0.010285	-0.01027	-0.010248
352	-0.010614	-0.010591	-0.010545
353	-0.010872	-0.010842	-0.010843
354	-0.011131	-0.011094	-0.011141
355	-0.011405	-0.011371	-0.011425
356	-0.011678	-0.011648	-0.01171
357	-0.011882	-0.011884	-0.011935
358	-0.01208	-0.012115	-0.012155
359	-0.012228	-0.012243	-0.012274
360	-0.012359	-0.012333	-0.012357
361	-0.01257	-0.012514	-0.01253
362	-0.012844	-0.012765	-0.012776
363	-0.013106	-0.01302	-0.013031
364	-0.01335	-0.013283	-0.013303
365	-0.013577	-0.013522	-0.013557
366	-0.013741	-0.013671	-0.013747
367	-0.013909	-0.013826	-0.01394
368	-0.014184	-0.014096	-0.014187
369	-0.014459	-0.014365	-0.014435
370	-0.014666	-0.014629	-0.014658
371	-0.014864	-0.014892	-0.014877
372	-0.01509	-0.015104	-0.01511
373	-0.015328	-0.015294	-0.015349
374	-0.01551	-0.01546	-0.01551
375	-0.015643	-0.015604	-0.015604
376	-0.015761	-0.015727	-0.015704
377	-0.015854	-0.015812	-0.015816
378	-0.015967	-0.015918	-0.015948
379	-0.01616	-0.016114	-0.016166
380	-0.016353	-0.01631	-0.016383
381	-0.016526	-0.016481	-0.016564
382	-0.016699	-0.016653	-0.016745
383	-0.016886	-0.016856	-0.016937
384	-0.017075	-0.017065	-0.017132
385	-0.017264	-0.017262	-0.017299
386	-0.017452	-0.017452	-0.017455
387	-0.017596	-0.017601	-0.017602
388	-0.017697	-0.017712	-0.017741
389	-0.017873	-0.017882	-0.017945
390	-0.018188	-0.018161	-0.018269
391	-0.018468	-0.018421	-0.018549
392	-0.018587	-0.018596	-0.018631
393	-0.018707	-0.01877	-0.018716
394	-0.018921	-0.018921	-0.018956
395	-0.019135	-0.019071	-0.019196
396	-0.019382	-0.019329	-0.019438
397	-0.019636	-0.019607	-0.019681
398	-0.019852	-0.01978	-0.019848
399	-0.02005	-0.019904	-0.019979
400	-0.020201	-0.020087	-0.020148
401	-0.020306	-0.020325	-0.020352
402	-0.020434	-0.020531	-0.020529
403	-0.020607	-0.020677	-0.020657
404	-0.020781	-0.020815	-0.020795
405	-0.02096	-0.020916	-0.020978
406	-0.02114	-0.021018	-0.021162
407	-0.021325	-0.021219	-0.021305
408	-0.02151	-0.021421	-0.021448
409	-0.021682	-0.021631	-0.021666
410	-0.021851	-0.021843	-0.021897
411	-0.021992	-0.021967	-0.022056
412	-0.022119	-0.022052	-0.022182
413	-0.022296	-0.022246	-0.022353
414	-0.02252	-0.022538	-0.022564
415	-0.022728	-0.022777	-0.022776
416	-0.022911	-0.022923	-0.022991
417	-0.023107	-0.023086	-0.023207
418	-0.023356	-0.023318	-0.023427
419	-0.023603	-0.023548	-0.023646
420	-0.023807	-0.023753	-0.023841
421	-0.024011	-0.023958	-0.024036
422	-0.024148	-0.024104	-0.024186
423	-0.024276	-0.024242	-0.02433
424	-0.024437	-0.024436	-0.024503
425	-0.024611	-0.024653	-0.024687
426	-0.024805	-0.024839	-0.024882
427	-0.025015	-0.024999	-0.025086
428	-0.025216	-0.025182	-0.025274
429	-0.025404	-0.025398	-0.025435
430	-0.025563	-0.025575	-0.025579
431	-0.025626	-0.025628	-0.025666
432	-0.025693	-0.025684	-0.025754
433	-0.025824	-0.025787	-0.025865
434	-0.025954	-0.025889	-0.025977
435	-0.026086	-0.026012	-0.026092
436	-0.026218	-0.026137	-0.026208
437	-0.026326	-0.026245	-0.026324
438	-0.026427	-0.026347	-0.02644
439	-0.026533	-0.026487	-0.026586
440	-0.026644	-0.026653	-0.026751
441	-0.026772	-0.026795	-0.026883
442	-0.026921	-0.026905	-0.026973
443	-0.027106	-0.027066	-0.027114
444	-0.027383	-0.027358	-0.027388
445	-0.027653	-0.027637	-0.027656
446	-0.027873	-0.027827	-0.027882
447	-0.028093	-0.028016	-0.028107
448	-0.028341	-0.028286	-0.028359
449	-0.028589	-0.028559	-0.028612
450	-0.028871	-0.028821	-0.028875
451	-0.02916	-0.02908	-0.02914
452	-0.02936	-0.029294	-0.029359
453	-0.029514	-0.029486	-0.029555
454	-0.029671	-0.029657	-0.029741
455	-0.029832	-0.029806	-0.029916
456	-0.029975	-0.029937	-0.030071
457	-0.030082	-0.03003	-0.030185
458	-0.030189	-0.030133	-0.0303
459	-0.030293	-0.030274	-0.030414
460	-0.030398	-0.030414	-0.030527
461	-0.030504	-0.030512	-0.030597
462	-0.030609	-0.03061	-0.030666
463	-0.030686	-0.030718	-0.030727
464	-0.030759	-0.030827	-0.030787
465	-0.030906	-0.030957	-0.030934
466	-0.031079	-0.031096	-0.031111
467	-0.03127	-0.03126	-0.031315
468	-0.031472	-0.03144	-0.031536
469	-0.031685	-0.031665	-0.031775
470	-0.031911	-0.031948	-0.032036
471	-0.032146	-0.032207	-0.032285
472	-0.032401	-0.032402	-0.032505
473	-0.032642	-0.032597	-0.032719
474	-0.032794	-0.03279	-0.032899
475	-0.032946	-0.032983	-0.03308
476	-0.033132	-0.03316	-0.033249
477	-0.033318	-0.033336	-0.033418
478	-0.033515	-0.033513	-0.033608
479	-0.033714	-0.033689	-0.033802
480	-0.033921	-0.033892	-0.033994
481	-0.034132	-0.034108	-0.034186
482	-0.034249	-0.034242	-0.034295
483	-0.034284	-0.034307	-0.034334
484	-0.034306	-0.034347	-0.034369
485	-0.034308	-0.03435	-0.034399
486	-0.034349	-0.034394	-0.034458
487	-0.034507	-0.034566	-0.034606
488	-0.034668	-0.034739	-0.034757
489	-0.034847	-0.034906	-0.034936
490	-0.035027	-0.035074	-0.035114
491	-0.035234	-0.035214	-0.035289
492	-0.035443	-0.035352	-0.035462
493	-0.035556	-0.035517	-0.03561
494	-0.035647	-0.035689	-0.03575
495	-0.035717	-0.035767	-0.035801
496	-0.035778	-0.035796	-0.035805
497	-0.035825	-0.03582	-0.035827
498	-0.035859	-0.035839	-0.035864
499	-0.035913	-0.035883	-0.035921
500	-0.036	-0.035969	-0.036011
501	-0.036071	-0.03604	-0.036096
502	-0.03609	-0.03606	-0.036165
503	-0.036119	-0.036089	-0.036237
504	-0.036255	-0.036226	-0.036338
505	-0.03639	-0.036363	-0.036439
506	-0.03656	-0.036559	-0.036611
507	-0.036731	-0.036759	-0.036787
508	-0.03689	-0.036905	-0.036944
509	-0.037046	-0.037037	-0.037097
510	-0.037174	-0.037153	-0.037229
511	-0.037289	-0.037259	-0.037351
512	-0.037432	-0.037405	-0.037492
513	-0.037602	-0.037588	-0.037649
514	-0.037758	-0.037754	-0.037813
515	-0.03789	-0.037894	-0.037987
516	-0.038024	-0.03804	-0.038161
517	-0.038161	-0.038203	-0.038336
518	-0.038305	-0.038361	-0.038506
519	-0.038511	-0.038478	-0.038632
520	-0.038716	-0.038594	-0.038758
521	-0.038825	-0.03875	-0.038924
522	-0.038931	-0.038906	-0.039091
523	-0.039036	-0.03903	-0.039194
524	-0.039141	-0.039147	-0.039283
525	-0.039204	-0.039231	-0.039352
526	-0.039249	-0.0393	-0.039412
527	-0.039318	-0.039366	-0.039467
528	-0.039405	-0.039429	-0.039519
529	-0.039443	-0.039459	-0.039535
530	-0.039413	-0.039445	-0.039502
531	-0.039394	-0.039425	-0.039475
532	-0.0394	-0.039393	-0.039463
533	-0.039391	-0.039357	-0.039439
534	-0.039309	-0.039298	-0.039359
535	-0.039227	-0.03924	-0.03928
536	-0.039183	-0.039206	-0.039249
537	-0.03914	-0.039172	-0.039218
538	-0.039142	-0.039164	-0.039195
539	-0.039149	-0.039159	-0.039172
540	-0.039109	-0.039098	-0.039163
541	-0.039053	-0.039019	-0.039158
542	-0.038986	-0.038987	-0.039118
543	-0.038914	-0.038981	-0.039058
544	-0.038908	-0.038992	-0.039054
545	-0.038966	-0.039022	-0.039106
546	-0.039003	-0.039039	-0.039131
547	-0.039003	-0.039037	-0.03911
548	-0.039	-0.039032	-0.039096
549	-0.038987	-0.039021	-0.039103
550	-0.038981	-0.039019	-0.039117
551	-0.039034	-0.039085	-0.039179
552	-0.039087	-0.03915	-0.039242
553	-0.039129	-0.039161	-0.039276
554	-0.039172	-0.039171	-0.03931
555	-0.039151	-0.039148	-0.039271
556	-0.039119	-0.039118	-0.03922
557	-0.039131	-0.039146	-0.039235
558	-0.039159	-0.039194	-0.039274
559	-0.03921	-0.039253	-0.03932
560	-0.039275	-0.039319	-0.03937
561	-0.039315	-0.039366	-0.03942
562	-0.039329	-0.039395	-0.039468
563	-0.039324	-0.039393	-0.039481
564	-0.039287	-0.039336	-0.03943
565	-0.039224	-0.039254	-0.039348
566	-0.039075	-0.039089	-0.039165
567	-0.03893	-0.03893	-0.03899
568	-0.038812	-0.038817	-0.038875
569	-0.038694	-0.038704	-0.038759
570	-0.038501	-0.038478	-0.038575
571	-0.038309	-0.038252	-0.03839
572	-0.038166	-0.03813	-0.038265
573	-0.038031	-0.038024	-0.038149
574	-0.037906	-0.037899	-0.038015
575	-0.037784	-0.037767	-0.037875
576	-0.037647	-0.037646	-0.037752
577	-0.037501	-0.03753	-0.037639
578	-0.037377	-0.037405	-0.037507
579	-0.037272	-0.037273	-0.037356
580	-0.037187	-0.037168	-0.037245
581	-0.037132	-0.037104	-0.037193
582	-0.037102	-0.03707	-0.037163
583	-0.037135	-0.037115	-0.037191
584	-0.037176	-0.037163	-0.037226
585	-0.037251	-0.037229	-0.0373
586	-0.037326	-0.037297	-0.037373
587	-0.037405	-0.037398	-0.037452
588	-0.037483	-0.0375	-0.037531
589	-0.037523	-0.037548	-0.037599
590	-0.03756	-0.037591	-0.037666
591	-0.037616	-0.037631	-0.037705
592	-0.037678	-0.03767	-0.037738
593	-0.037643	-0.037629	-0.037682
594	-0.037567	-0.037554	-0.03759
595	-0.03758	-0.037576	-0.037609
596	-0.037655	-0.037666	-0.037706
597	-0.037722	-0.037732	-0.037778
598	-0.037779	-0.037771	-0.037821
599	-0.037841	-0.037821	-0.037877
600	-0.037912	-0.037892	-0.037954
601	-0.037959	-0.037945	-0.038006
602	-0.037934	-0.037943	-0.037986
603	-0.037928	-0.037955	-0.03799
604	-0.038032	-0.038047	-0.038146
605	-0.038138	-0.03814	-0.038297
606	-0.038278	-0.03827	-0.038351
607	-0.038419	-0.038399	-0.038405
608	-0.038507	-0.038491	-0.038535
609	-0.038592	-0.038579	-0.038672
610	-0.038612	-0.038602	-0.038696
611	-0.038619	-0.038612	-0.038697
612	-0.038708	-0.038698	-0.038807
613	-0.038832	-0.038815	-0.038962
614	-0.038894	-0.038876	-0.039019
615	-0.038917	-0.038902	-0.039013
616	-0.038949	-0.038954	-0.039053
617	-0.038989	-0.03903	-0.039138
618	-0.039071	-0.039123	-0.039237
619	-0.039214	-0.039244	-0.039357
620	-0.039329	-0.039345	-0.039458
621	-0.039381	-0.0394	-0.039513
622	-0.039423	-0.039448	-0.039552
623	-0.03943	-0.039467	-0.039525
624	-0.039443	-0.039492	-0.039507
625	-0.039518	-0.03956	-0.039577
626	-0.039593	-0.039628	-0.039648
627	-0.039639	-0.039665	-0.039658
628	-0.039685	-0.039702	-0.039669
629	-0.03966	-0.039655	-0.039672
630	-0.039627	-0.039599	-0.039673
631	-0.039652	-0.03958	-0.03968
632	-0.039692	-0.039571	-0.039689
633	-0.039726	-0.039595	-0.039722
634	-0.039758	-0.039634	-0.039767
635	-0.039767	-0.039694	-0.039818
636	-0.039759	-0.039768	-0.039874
637	-0.03979	-0.039819	-0.039913
638	-0.03986	-0.039848	-0.039934
639	-0.039865	-0.039824	-0.039928
640	-0.039777	-0.039725	-0.039883
641	-0.039701	-0.039663	-0.039834
642	-0.039649	-0.039686	-0.039777
643	-0.039595	-0.039683	-0.039726
644	-0.039528	-0.039587	-0.039692
645	-0.039467	-0.0395	-0.039657
646	-0.039448	-0.039479	-0.039606
647	-0.039422	-0.03945	-0.039551
648	-0.039195	-0.039177	-0.039356
649	-0.038969	-0.038903	-0.039161
650	-0.038608	-0.03855	-0.038759
651	-0.038238	-0.038192	-0.038344
652	-0.03765	-0.037611	-0.037747
653	-0.037024	-0.036991	-0.037118
654	-0.036617	-0.036589	-0.036718
655	-0.036279	-0.036256	-0.036388
656	-0.036175	-0.036155	-0.036278
657	-0.036183	-0.036166	-0.036274
658	-0.036428	-0.036382	-0.036491
659	-0.03684	-0.036743	-0.036864
660	-0.037302	-0.037206	-0.037321
661	-0.037813	-0.037772	-0.037862
662	-0.038238	-0.038235	-0.038294
663	-0.03854	-0.038552	-0.038572
664	-0.038844	-0.03886	-0.038871
665	-0.039151	-0.039148	-0.039212
666	-0.039388	-0.039387	-0.039479
667	-0.039407	-0.039474	-0.039523
668	-0.039431	-0.039546	-0.039571
669	-0.039482	-0.039533	-0.039634
670	-0.039533	-0.039525	-0.039693
671	-0.039593	-0.03956	-0.039699
672	-0.039653	-0.039596	-0.039704
673	-0.03959	-0.039585	-0.039669
674	-0.039526	-0.039574	-0.039634
675	-0.039545	-0.039586	-0.039673
676	-0.039572	-0.0396	-0.039719
677	-0.039524	-0.039491	-0.039617
678	-0.039463	-0.03936	-0.039486
679	-0.039484	-0.039401	-0.039513
680	-0.039531	-0.039495	-0.039589
681	-0.039614	-0.039593	-0.039684
682	-0.039713	-0.039693	-0.039787
683	-0.039788	-0.039757	-0.039878
684	-0.039846	-0.039798	-0.039961
685	-0.039931	-0.039864	-0.040069
686	-0.04004	-0.039952	-0.0402
687	-0.040119	-0.040046	-0.040298
688	-0.040162	-0.040148	-0.040358
689	-0.040128	-0.040164	-0.040295
690	-0.03997	-0.040043	-0.040038
691	-0.039829	-0.039938	-0.039838
692	-0.039727	-0.039868	-0.039762
693	-0.03968	-0.039834	-0.039736
694	-0.039804	-0.039914	-0.039865
695	-0.039928	-0.04	-0.039986
696	-0.040052	-0.040113	-0.04007
697	-0.040152	-0.0402	-0.040137
698	-0.040043	-0.040058	-0.040055
699	-0.039939	-0.03992	-0.039974
700	-0.039956	-0.039908	-0.039945
701	-0.039972	-0.039897	-0.039916
702	-0.040028	-0.04004	-0.040031
703	-0.040085	-0.040188	-0.04015
704	-0.040085	-0.040158	-0.040173
705	-0.040078	-0.040107	-0.040185
706	-0.040258	-0.040329	-0.04043
707	-0.040477	-0.040607	-0.040723
708	-0.040367	-0.040433	-0.040557
709	-0.040158	-0.040122	-0.040252
710	-0.040325	-0.040307	-0.040479
711	-0.040651	-0.0407	-0.04093
712	-0.040773	-0.04085	-0.041054
713	-0.040782	-0.040864	-0.040995
714	-0.040854	-0.040936	-0.041036
715	-0.040973	-0.041051	-0.041149
716	-0.041158	-0.041222	-0.041231
717	-0.041407	-0.041444	-0.041284
718	-0.041488	-0.041609	-0.04133
719	-0.041374	-0.041709	-0.041366
720	-0.041641	-0.042078	-0.041733
[LOG]
CHECKSUMR'