[HEADER]
Format	J&M ASCII Table
Comment	
Date	20/08/2026 14:41:09
Order	Y (evenX)
TechType	UV
NumPoints	411
FirstX	310
LastX	720
XType	nm
YType	Absorbance
ZType	s
NumSubFile	3
Matrix	Z vs X
[LOGIN]
Name=pcbob
[INSTRUMENT]
Name=TIDAS E Base UV/VI
Detector=MMS - ASPEN 97,5 kHz
Diodearray=256 Pixel
Serial#=36584
Calibrated=2011-07-01
Range=183.81-729.88 [nm] (F0)

SWVersion=v3.18.2 (build 0)[LOGIN]
Name=pcbob
[CONFIG]
ChannelName=Channel 1
ChannelType=Normalized
[PARAMETER]
It=330,00
Aver=5
Norm=3
Range=310,0-720,0 nm
Scan=Time
ScanTime=5,00 s
[TRIGGER]
Sweep=0
Scan=0
[DIO]
DigOut=0x0000
DigIn=0x0000
[DATA]
	00:00:00,000	00:00:01,650	00:00:03,300
310	0.851524	0.850823	0.850341
311	0.835027	0.834356	0.83386
312	0.818873	0.818256	0.817789
313	0.803115	0.802556	0.802044
314	0.787906	0.787407	0.786748
315	0.772796	0.772337	0.771577
316	0.757999	0.757511	0.756798
317	0.743234	0.742714	0.742047
318	0.72892	0.728328	0.727711
319	0.714607	0.713943	0.713375
320	0.700509	0.699853	0.699258
321	0.686439	0.685801	0.685169
322	0.672533	0.671917	0.671296
323	0.658694	0.658103	0.657511
324	0.644967	0.644376	0.643843
325	0.631338	0.630726	0.630279
326	0.617748	0.617141	0.61671
327	0.604229	0.603677	0.603136
328	0.590728	0.590215	0.589589
329	0.577308	0.576763	0.576176
330	0.563888	0.56331	0.562763
331	0.550891	0.550353	0.549808
332	0.537895	0.537395	0.536853
333	0.525094	0.524547	0.524086
334	0.512335	0.511722	0.511359
335	0.499825	0.499247	0.498909
336	0.487449	0.486962	0.486609
337	0.475351	0.474955	0.474582
338	0.463563	0.463258	0.462857
339	0.45199	0.451729	0.451325
340	0.440925	0.440596	0.440248
341	0.429929	0.429543	0.42923
342	0.419421	0.419064	0.418638
343	0.408912	0.408584	0.408047
344	0.398975	0.398596	0.398157
345	0.389069	0.388634	0.388307
346	0.379569	0.379188	0.378946
347	0.370187	0.369894	0.369729
348	0.361089	0.360892	0.360708
349	0.352182	0.352086	0.351818
350	0.343611	0.343505	0.343206
351	0.335495	0.335227	0.334969
352	0.327474	0.32711	0.326874
353	0.319734	0.319473	0.319196
354	0.312036	0.311867	0.311555
355	0.304823	0.304614	0.304339
356	0.29761	0.297362	0.297123
357	0.290686	0.290498	0.290291
358	0.283791	0.283676	0.283499
359	0.277212	0.277117	0.276964
360	0.270747	0.270655	0.270523
361	0.264356	0.26425	0.264111
362	0.258024	0.25789	0.257722
363	0.251854	0.251692	0.251525
364	0.245942	0.24575	0.245632
365	0.240094	0.239893	0.239809
366	0.234482	0.234345	0.234246
367	0.228879	0.228804	0.22869
368	0.223493	0.223413	0.223286
369	0.218106	0.218023	0.217882
370	0.212861	0.212781	0.212668
371	0.207636	0.20756	0.207481
372	0.202544	0.202465	0.202362
373	0.197509	0.197424	0.197271
374	0.19254	0.192471	0.192319
375	0.187628	0.187595	0.187487
376	0.182829	0.182812	0.182733
377	0.178229	0.178193	0.178116
378	0.173655	0.173605	0.173519
379	0.169188	0.169146	0.169012
380	0.164724	0.16469	0.164511
381	0.160372	0.160384	0.160265
382	0.156019	0.156077	0.156018
383	0.151807	0.151868	0.15181
384	0.147619	0.147676	0.147609
385	0.14356	0.143638	0.143589
386	0.139559	0.139672	0.139652
387	0.135726	0.135838	0.135812
388	0.13205	0.132129	0.132063
389	0.128364	0.128405	0.128317
390	0.124656	0.124654	0.124577
391	0.120987	0.120963	0.120895
392	0.117499	0.117544	0.117477
393	0.114016	0.11413	0.114065
394	0.110978	0.111079	0.11106
395	0.107939	0.108029	0.108055
396	0.104902	0.104998	0.104951
397	0.101864	0.101972	0.10183
398	0.098973	0.099081	0.09891
399	0.096152	0.096256	0.096085
400	0.093349	0.093462	0.093334
401	0.090565	0.0907	0.090653
402	0.087873	0.088043	0.088024
403	0.085353	0.085586	0.085496
404	0.082857	0.083133	0.082991
405	0.080471	0.080698	0.080591
406	0.078085	0.078266	0.078193
407	0.075749	0.075931	0.075913
408	0.073413	0.073595	0.073633
409	0.071029	0.07122	0.071263
410	0.068636	0.068837	0.068878
411	0.06638	0.066591	0.066657
412	0.064185	0.064407	0.064511
413	0.061978	0.062223	0.062333
414	0.05976	0.060039	0.060128
415	0.057616	0.057906	0.057975
416	0.055601	0.055861	0.055913
417	0.053557	0.0538	0.053826
418	0.051392	0.051673	0.051645
419	0.049232	0.049552	0.049472
420	0.047215	0.047564	0.047517
421	0.045198	0.045576	0.045563
422	0.043375	0.043684	0.043686
423	0.041581	0.041805	0.04182
424	0.039815	0.040055	0.040065
425	0.038061	0.038355	0.038356
426	0.036233	0.03655	0.036561
427	0.034346	0.034659	0.034698
428	0.032452	0.03278	0.032824
429	0.030549	0.030919	0.030933
430	0.028708	0.029112	0.029103
431	0.027071	0.027483	0.027472
432	0.025445	0.025866	0.025854
433	0.023944	0.024393	0.024383
434	0.022444	0.022921	0.022913
435	0.020885	0.021365	0.021353
436	0.019321	0.019802	0.019784
437	0.017825	0.01827	0.018271
438	0.01635	0.016748	0.016774
439	0.014869	0.015247	0.015254
440	0.013384	0.013759	0.013718
441	0.01194	0.012336	0.012287
442	0.010549	0.010994	0.010989
443	0.00916	0.00964	0.009658
444	0.00778	0.008255	0.008243
445	0.006412	0.006886	0.006847
446	0.005128	0.005635	0.005591
447	0.003845	0.004383	0.004334
448	0.002519	0.003039	0.003013
449	0.001193	0.001691	0.00169
450	-0.000103	0.000391	0.000402
451	-0.001392	-0.000899	-0.000878
452	-0.002608	-0.002102	-0.002088
453	-0.003787	-0.003262	-0.003263
454	-0.004945	-0.004399	-0.004409
455	-0.006082	-0.005515	-0.005526
456	-0.007165	-0.006592	-0.006587
457	-0.008145	-0.007596	-0.007541
458	-0.009134	-0.008601	-0.008517
459	-0.010157	-0.00961	-0.009581
460	-0.011179	-0.010618	-0.01064
461	-0.012147	-0.011581	-0.011596
462	-0.013115	-0.012545	-0.012551
463	-0.014012	-0.013451	-0.013462
464	-0.0149	-0.014349	-0.014368
465	-0.015852	-0.015305	-0.015338
466	-0.016828	-0.01628	-0.016331
467	-0.017825	-0.017253	-0.017287
468	-0.018836	-0.018223	-0.018216
469	-0.019853	-0.019224	-0.019187
470	-0.020875	-0.020265	-0.020213
471	-0.021881	-0.021276	-0.021229
472	-0.022845	-0.02221	-0.022221
473	-0.023803	-0.023143	-0.023194
474	-0.024727	-0.024074	-0.024048
475	-0.025651	-0.025005	-0.024902
476	-0.026536	-0.025882	-0.025845
477	-0.027421	-0.026758	-0.026789
478	-0.028322	-0.027682	-0.027703
479	-0.029227	-0.028615	-0.02861
480	-0.030153	-0.029545	-0.02952
481	-0.031091	-0.030473	-0.03043
482	-0.031922	-0.031319	-0.031267
483	-0.032662	-0.032095	-0.032041
484	-0.033345	-0.032801	-0.032764
485	-0.033938	-0.033397	-0.033408
486	-0.034547	-0.034001	-0.034034
487	-0.035201	-0.034631	-0.034603
488	-0.035855	-0.035263	-0.035184
489	-0.036493	-0.035918	-0.03588
490	-0.037131	-0.036573	-0.036577
491	-0.037907	-0.037291	-0.037317
492	-0.038691	-0.038012	-0.03806
493	-0.039375	-0.038647	-0.038689
494	-0.040034	-0.03926	-0.03929
495	-0.040618	-0.039852	-0.039876
496	-0.041162	-0.040432	-0.040454
497	-0.041726	-0.041023	-0.041044
498	-0.042308	-0.041625	-0.041647
499	-0.042885	-0.042207	-0.042216
500	-0.043452	-0.042756	-0.042726
501	-0.044011	-0.043295	-0.043245
502	-0.044543	-0.0438	-0.043792
503	-0.045081	-0.044312	-0.04434
504	-0.045682	-0.044897	-0.044912
505	-0.046284	-0.045483	-0.045483
506	-0.046906	-0.04611	-0.046065
507	-0.047529	-0.046739	-0.046647
508	-0.0481	-0.047315	-0.047248
509	-0.048658	-0.047877	-0.047852
510	-0.049228	-0.048449	-0.048423
511	-0.049804	-0.049027	-0.048977
512	-0.05034	-0.04956	-0.049485
513	-0.050838	-0.050052	-0.049952
514	-0.051326	-0.050539	-0.050435
515	-0.051796	-0.051017	-0.050943
516	-0.052262	-0.051484	-0.051434
517	-0.052712	-0.05192	-0.051871
518	-0.053159	-0.052357	-0.052312
519	-0.053567	-0.052808	-0.052785
520	-0.053976	-0.053258	-0.053257
521	-0.054494	-0.053739	-0.053685
522	-0.055015	-0.05422	-0.054112
523	-0.055502	-0.054663	-0.0546
524	-0.055982	-0.055097	-0.055099
525	-0.056391	-0.055505	-0.055537
526	-0.056768	-0.055902	-0.055947
527	-0.057155	-0.056311	-0.05634
528	-0.057549	-0.056728	-0.056719
529	-0.05793	-0.057121	-0.057087
530	-0.058294	-0.05748	-0.057439
531	-0.058636	-0.057824	-0.057789
532	-0.058925	-0.058128	-0.058132
533	-0.059218	-0.058432	-0.058469
534	-0.059532	-0.058733	-0.058771
535	-0.059848	-0.059036	-0.059075
536	-0.060229	-0.059431	-0.059474
537	-0.060611	-0.059826	-0.059872
538	-0.060953	-0.060209	-0.060241
539	-0.061291	-0.060592	-0.060607
540	-0.061582	-0.060868	-0.060861
541	-0.061858	-0.061111	-0.061081
542	-0.062148	-0.061383	-0.061361
543	-0.062447	-0.061672	-0.061677
544	-0.062756	-0.061974	-0.061986
545	-0.063076	-0.062291	-0.062287
546	-0.063397	-0.062606	-0.062597
547	-0.06372	-0.062918	-0.062921
548	-0.064028	-0.063224	-0.063232
549	-0.064288	-0.063512	-0.063499
550	-0.064553	-0.0638	-0.06377
551	-0.064856	-0.064083	-0.064068
552	-0.065159	-0.064367	-0.064367
553	-0.065424	-0.06468	-0.064636
554	-0.06569	-0.064994	-0.064905
555	-0.065906	-0.065217	-0.065119
556	-0.066115	-0.065426	-0.065324
557	-0.066349	-0.065643	-0.065555
558	-0.066591	-0.065862	-0.065797
559	-0.066888	-0.066125	-0.066084
560	-0.067219	-0.066417	-0.066401
561	-0.067514	-0.066711	-0.066706
562	-0.067771	-0.067008	-0.066998
563	-0.06804	-0.067303	-0.067298
564	-0.068331	-0.067595	-0.067612
565	-0.068607	-0.067872	-0.067904
566	-0.068836	-0.068105	-0.068123
567	-0.069066	-0.068344	-0.068348
568	-0.069304	-0.068627	-0.068611
569	-0.069542	-0.068911	-0.068874
570	-0.069719	-0.069091	-0.069051
571	-0.069896	-0.06927	-0.069226
572	-0.070144	-0.069521	-0.069492
573	-0.070402	-0.069784	-0.069771
574	-0.070623	-0.070008	-0.069998
575	-0.07083	-0.070221	-0.070209
576	-0.071035	-0.070452	-0.070435
577	-0.071238	-0.070695	-0.070669
578	-0.071433	-0.07091	-0.070898
579	-0.071621	-0.071097	-0.071121
580	-0.07182	-0.07129	-0.071329
581	-0.07204	-0.071495	-0.071514
582	-0.072273	-0.071722	-0.07172
583	-0.072544	-0.07201	-0.071984
584	-0.072816	-0.072293	-0.072249
585	-0.073097	-0.072552	-0.072518
586	-0.073375	-0.07281	-0.072785
587	-0.073577	-0.073022	-0.07301
588	-0.073779	-0.073235	-0.073235
589	-0.074007	-0.073449	-0.073452
590	-0.074237	-0.073664	-0.073667
591	-0.074494	-0.073915	-0.073915
592	-0.074758	-0.074174	-0.074169
593	-0.075005	-0.074423	-0.074403
594	-0.075245	-0.074668	-0.074628
595	-0.075537	-0.074965	-0.074923
596	-0.075864	-0.0753	-0.075269
597	-0.076219	-0.075655	-0.075627
598	-0.076607	-0.076034	-0.075999
599	-0.076957	-0.076379	-0.076334
600	-0.077241	-0.076666	-0.076607
601	-0.077472	-0.076902	-0.076825
602	-0.077543	-0.076991	-0.076884
603	-0.0776	-0.077056	-0.076932
604	-0.077569	-0.076981	-0.076921
605	-0.077537	-0.076906	-0.076905
606	-0.077456	-0.076814	-0.076798
607	-0.077376	-0.076721	-0.076691
608	-0.077412	-0.076724	-0.076707
609	-0.077457	-0.076734	-0.076733
610	-0.077395	-0.07672	-0.076688
611	-0.077309	-0.076701	-0.076626
612	-0.077402	-0.076787	-0.076736
613	-0.077565	-0.076915	-0.076913
614	-0.07767	-0.07701	-0.077012
615	-0.077738	-0.077084	-0.07706
616	-0.077833	-0.077179	-0.077142
617	-0.077956	-0.077295	-0.077257
618	-0.078121	-0.077441	-0.077414
619	-0.078348	-0.077635	-0.077633
620	-0.078562	-0.077834	-0.07784
621	-0.078744	-0.078048	-0.078017
622	-0.078907	-0.078232	-0.078178
623	-0.078989	-0.07829	-0.078268
624	-0.079084	-0.078366	-0.07837
625	-0.079309	-0.07861	-0.078584
626	-0.079533	-0.078854	-0.078797
627	-0.079656	-0.078971	-0.078903
628	-0.079778	-0.079087	-0.079007
629	-0.079868	-0.07919	-0.079118
630	-0.079954	-0.079292	-0.079229
631	-0.08007	-0.079373	-0.079323
632	-0.080194	-0.07945	-0.079411
633	-0.08033	-0.079596	-0.079568
634	-0.080473	-0.079773	-0.079754
635	-0.080615	-0.07993	-0.079911
636	-0.080759	-0.080074	-0.080049
637	-0.080918	-0.08022	-0.080192
638	-0.081092	-0.080367	-0.080342
639	-0.081233	-0.08048	-0.080459
640	-0.081324	-0.08054	-0.080529
641	-0.081416	-0.080631	-0.080635
642	-0.081513	-0.08079	-0.080818
643	-0.081606	-0.080926	-0.080972
644	-0.081684	-0.080981	-0.081019
645	-0.081782	-0.08106	-0.081087
646	-0.082009	-0.081303	-0.081296
647	-0.082236	-0.081544	-0.081506
648	-0.082437	-0.081749	-0.081757
649	-0.082638	-0.081955	-0.082009
650	-0.082931	-0.08228	-0.082304
651	-0.08323	-0.082612	-0.082601
652	-0.083278	-0.082706	-0.082675
653	-0.083282	-0.082758	-0.08271
654	-0.083264	-0.082785	-0.082743
655	-0.08324	-0.082803	-0.082776
656	-0.083333	-0.082918	-0.082911
657	-0.083483	-0.08308	-0.083097
658	-0.083757	-0.08332	-0.083348
659	-0.084118	-0.083615	-0.083645
660	-0.084467	-0.083914	-0.083924
661	-0.084806	-0.084215	-0.084184
662	-0.08501	-0.084396	-0.084319
663	-0.085024	-0.084408	-0.084276
664	-0.085001	-0.084362	-0.084223
665	-0.084901	-0.084197	-0.08415
666	-0.084804	-0.084062	-0.084074
667	-0.084716	-0.08402	-0.083991
668	-0.084654	-0.083992	-0.083934
669	-0.084724	-0.084042	-0.084005
670	-0.084802	-0.084101	-0.084083
671	-0.084958	-0.084259	-0.084227
672	-0.085114	-0.084417	-0.084371
673	-0.085175	-0.084499	-0.08448
674	-0.085236	-0.084581	-0.08459
675	-0.085447	-0.08478	-0.084792
676	-0.085672	-0.08499	-0.085002
677	-0.085849	-0.085124	-0.085146
678	-0.086017	-0.085244	-0.085277
679	-0.086187	-0.08547	-0.08544
680	-0.086359	-0.08573	-0.085612
681	-0.086656	-0.086032	-0.085898
682	-0.087011	-0.086352	-0.086235
683	-0.087316	-0.086647	-0.08655
684	-0.08759	-0.086924	-0.08685
685	-0.087889	-0.08722	-0.087151
686	-0.088209	-0.087534	-0.087451
687	-0.088517	-0.087825	-0.087757
688	-0.088811	-0.088091	-0.088069
689	-0.089093	-0.088352	-0.088351
690	-0.089357	-0.088605	-0.088585
691	-0.089621	-0.088865	-0.088826
692	-0.089885	-0.08914	-0.089083
693	-0.090175	-0.089452	-0.089381
694	-0.090543	-0.08988	-0.089804
695	-0.090917	-0.090288	-0.090213
696	-0.091316	-0.0906	-0.090552
697	-0.091698	-0.090911	-0.090891
698	-0.091916	-0.091214	-0.091221
699	-0.092139	-0.09152	-0.091551
700	-0.092507	-0.091907	-0.091915
701	-0.092875	-0.092295	-0.092279
702	-0.093322	-0.092645	-0.09264
703	-0.093773	-0.092994	-0.093001
704	-0.094077	-0.09333	-0.093433
705	-0.094365	-0.093666	-0.093872
706	-0.094903	-0.094196	-0.094283
707	-0.095491	-0.094766	-0.094688
708	-0.095718	-0.09507	-0.094993
709	-0.095836	-0.095294	-0.095267
710	-0.096286	-0.09572	-0.095659
711	-0.096876	-0.096232	-0.096101
712	-0.09741	-0.09676	-0.09663
713	-0.097913	-0.097297	-0.097207
714	-0.098308	-0.097656	-0.097608
715	-0.098623	-0.097886	-0.097882
716	-0.099053	-0.098315	-0.098212
717	-0.09959	-0.09893	-0.098596
718	-0.100021	-0.099473	-0.098989
719	-0.10033	-0.099931	-0.099393
720	-0.100918	-0.100528	-0.100023
[LOG]
CHECKSUM׃