[HEADER]
Format	J&M ASCII Table
Comment	
Date	20/08/2026 15:31:05
Order	Y (evenX)
TechType	UV
NumPoints	411
FirstX	310
LastX	720
XType	nm
YType	Absorbance
ZType	s
NumSubFile	3
Matrix	Z vs X
[LOGIN]
Name=pcbob
[INSTRUMENT]
Name=TIDAS E Base UV/VI
Detector=MMS - ASPEN 97,5 kHz
Diodearray=256 Pixel
Serial#=36584
Calibrated=2011-07-01
Range=183.81-729.88 [nm] (F0)

SWVersion=v3.18.2 (build 0)[LOGIN]
Name=pcbob
[CONFIG]
ChannelName=Channel 1
ChannelType=Normalized
[PARAMETER]
It=330,00
Aver=5
Norm=3
Range=310,0-720,0 nm
Scan=Time
ScanTime=5,00 s
[TRIGGER]
Sweep=0
Scan=0
[DIO]
DigOut=0x0000
DigIn=0x0000
[DATA]
	00:00:00,000	00:00:01,650	00:00:03,300
310	0.001906	0.001921	0.001913
311	0.001597	0.001619	0.001601
312	0.001287	0.001319	0.001295
313	0.00093	0.000965	0.000942
314	0.000506	0.000537	0.000525
315	0.000092	0.000119	0.000113
316	-0.000292	-0.000266	-0.000287
317	-0.000675	-0.000649	-0.000683
318	-0.001031	-0.001008	-0.001034
319	-0.001386	-0.001367	-0.001385
320	-0.001706	-0.001683	-0.001707
321	-0.002022	-0.001993	-0.002025
322	-0.002262	-0.002243	-0.002254
323	-0.002472	-0.002469	-0.002445
324	-0.002717	-0.002726	-0.002701
325	-0.002993	-0.003011	-0.003016
326	-0.003285	-0.003298	-0.003327
327	-0.003603	-0.003588	-0.003634
328	-0.003934	-0.0039	-0.003954
329	-0.004328	-0.004315	-0.004339
330	-0.004721	-0.004729	-0.004724
331	-0.005022	-0.005013	-0.005013
332	-0.005323	-0.005297	-0.005302
333	-0.005682	-0.005644	-0.005663
334	-0.006054	-0.006003	-0.00604
335	-0.006377	-0.006332	-0.006353
336	-0.006676	-0.006645	-0.006633
337	-0.006967	-0.006947	-0.006903
338	-0.007252	-0.007238	-0.007163
339	-0.007516	-0.007489	-0.007408
340	-0.007728	-0.007648	-0.007616
341	-0.007942	-0.007823	-0.007835
342	-0.008165	-0.008106	-0.008127
343	-0.008388	-0.008389	-0.008418
344	-0.008604	-0.0086	-0.008642
345	-0.00882	-0.008807	-0.008863
346	-0.009099	-0.009079	-0.009141
347	-0.009396	-0.00937	-0.009437
348	-0.009701	-0.009716	-0.009733
349	-0.010011	-0.0101	-0.010031
350	-0.010314	-0.010428	-0.01034
351	-0.010607	-0.010682	-0.010665
352	-0.010899	-0.010942	-0.010979
353	-0.011188	-0.011219	-0.011254
354	-0.011475	-0.011498	-0.011527
355	-0.011732	-0.011783	-0.011755
356	-0.011989	-0.012069	-0.011983
357	-0.012221	-0.012279	-0.012235
358	-0.01245	-0.012482	-0.012488
359	-0.012591	-0.012611	-0.012603
360	-0.0127	-0.012715	-0.012668
361	-0.012867	-0.01289	-0.012822
362	-0.013079	-0.013121	-0.013048
363	-0.013302	-0.013363	-0.013293
364	-0.013543	-0.013622	-0.01357
365	-0.013769	-0.013851	-0.013822
366	-0.013941	-0.013972	-0.013982
367	-0.014118	-0.014099	-0.014145
368	-0.014397	-0.01436	-0.014398
369	-0.014675	-0.014622	-0.014651
370	-0.014851	-0.014879	-0.014876
371	-0.015012	-0.015135	-0.015097
372	-0.015235	-0.015374	-0.015297
373	-0.015485	-0.015606	-0.015489
374	-0.015665	-0.015751	-0.015651
375	-0.015782	-0.015822	-0.015787
376	-0.015884	-0.015906	-0.015906
377	-0.015958	-0.016016	-0.015997
378	-0.016062	-0.016142	-0.016111
379	-0.016291	-0.016339	-0.01632
380	-0.016517	-0.016534	-0.016528
381	-0.016645	-0.016668	-0.016674
382	-0.016773	-0.016803	-0.016821
383	-0.016921	-0.016994	-0.017011
384	-0.017073	-0.017194	-0.017209
385	-0.017241	-0.017372	-0.017378
386	-0.017417	-0.01754	-0.017535
387	-0.017554	-0.017678	-0.017665
388	-0.017654	-0.017789	-0.01777
389	-0.017821	-0.017969	-0.017941
390	-0.018111	-0.018277	-0.018231
391	-0.018369	-0.018556	-0.018494
392	-0.018486	-0.018701	-0.018628
393	-0.018604	-0.018846	-0.018763
394	-0.018803	-0.018997	-0.018941
395	-0.019002	-0.019148	-0.01912
396	-0.019262	-0.019373	-0.019343
397	-0.019534	-0.019611	-0.019576
398	-0.019735	-0.019836	-0.019784
399	-0.019904	-0.020054	-0.019982
400	-0.020083	-0.020231	-0.020144
401	-0.02027	-0.020368	-0.020272
402	-0.020429	-0.020508	-0.020401
403	-0.020535	-0.02065	-0.02053
404	-0.020647	-0.020785	-0.020661
405	-0.02078	-0.020894	-0.020801
406	-0.020913	-0.021005	-0.020941
407	-0.021048	-0.021204	-0.021106
408	-0.021183	-0.021403	-0.02127
409	-0.021385	-0.021564	-0.02145
410	-0.021598	-0.021718	-0.021631
411	-0.02171	-0.021851	-0.021747
412	-0.021775	-0.021975	-0.021834
413	-0.021944	-0.022171	-0.02203
414	-0.022205	-0.022433	-0.022326
415	-0.022424	-0.022653	-0.022548
416	-0.022568	-0.022802	-0.022641
417	-0.022732	-0.022971	-0.02277
418	-0.02297	-0.023217	-0.023047
419	-0.023207	-0.023462	-0.023321
420	-0.023417	-0.023656	-0.0235
421	-0.023627	-0.023849	-0.023679
422	-0.023731	-0.023956	-0.023809
423	-0.023821	-0.02405	-0.023933
424	-0.023994	-0.024236	-0.024119
425	-0.024201	-0.024459	-0.024329
426	-0.024365	-0.024671	-0.024503
427	-0.024493	-0.024875	-0.024647
428	-0.024652	-0.025054	-0.024811
429	-0.024856	-0.025193	-0.025007
430	-0.025025	-0.025314	-0.02517
431	-0.02508	-0.025371	-0.025231
432	-0.025135	-0.025431	-0.025292
433	-0.025198	-0.025538	-0.025368
434	-0.025261	-0.025644	-0.025444
435	-0.025394	-0.025735	-0.025562
436	-0.025534	-0.025825	-0.025683
437	-0.025628	-0.025917	-0.025757
438	-0.025708	-0.02601	-0.025816
439	-0.02581	-0.026124	-0.025934
440	-0.025928	-0.026252	-0.026093
441	-0.026058	-0.026372	-0.026236
442	-0.026203	-0.026482	-0.026357
443	-0.026375	-0.026647	-0.026523
444	-0.026617	-0.026949	-0.026802
445	-0.026859	-0.02724	-0.027075
446	-0.0271	-0.027445	-0.027313
447	-0.02734	-0.027649	-0.02755
448	-0.027609	-0.027902	-0.027755
449	-0.027879	-0.028155	-0.027958
450	-0.028109	-0.028431	-0.028238
451	-0.02833	-0.028712	-0.028535
452	-0.028528	-0.02892	-0.028757
453	-0.028715	-0.02909	-0.02894
454	-0.028887	-0.029259	-0.029104
455	-0.029046	-0.029427	-0.02925
456	-0.029188	-0.029579	-0.029389
457	-0.029302	-0.029703	-0.029516
458	-0.029415	-0.029823	-0.029642
459	-0.029526	-0.029924	-0.029768
460	-0.029635	-0.030024	-0.029892
461	-0.029702	-0.030091	-0.029944
462	-0.029769	-0.030158	-0.029995
463	-0.029829	-0.030238	-0.030071
464	-0.02989	-0.030319	-0.030149
465	-0.030023	-0.030434	-0.030259
466	-0.030183	-0.03056	-0.03038
467	-0.030344	-0.030721	-0.030539
468	-0.030505	-0.030908	-0.030723
469	-0.030692	-0.03112	-0.030919
470	-0.030911	-0.031365	-0.031131
471	-0.031133	-0.031602	-0.031351
472	-0.031364	-0.031817	-0.031591
473	-0.031587	-0.032026	-0.031824
474	-0.031764	-0.032207	-0.032012
475	-0.031941	-0.032387	-0.0322
476	-0.032095	-0.032557	-0.032387
477	-0.032249	-0.032728	-0.032573
478	-0.032457	-0.032939	-0.032765
479	-0.032675	-0.033159	-0.032958
480	-0.032899	-0.033369	-0.033148
481	-0.033125	-0.033574	-0.033336
482	-0.033269	-0.0337	-0.033469
483	-0.033342	-0.033758	-0.033554
484	-0.033407	-0.03382	-0.033622
485	-0.033458	-0.033887	-0.033662
486	-0.033539	-0.033968	-0.033734
487	-0.033712	-0.034087	-0.033903
488	-0.033879	-0.034209	-0.03407
489	-0.033993	-0.034356	-0.034211
490	-0.034107	-0.034503	-0.034353
491	-0.034276	-0.034682	-0.034501
492	-0.034449	-0.034863	-0.03465
493	-0.034513	-0.034969	-0.03475
494	-0.03455	-0.035057	-0.034839
495	-0.034586	-0.035098	-0.034884
496	-0.034621	-0.035115	-0.034908
497	-0.034679	-0.035164	-0.034955
498	-0.034757	-0.035244	-0.035024
499	-0.034816	-0.035296	-0.035083
500	-0.034842	-0.035304	-0.035125
501	-0.034869	-0.03532	-0.035164
502	-0.034901	-0.035364	-0.03519
503	-0.034941	-0.035417	-0.035223
504	-0.035064	-0.035561	-0.03534
505	-0.035187	-0.035704	-0.035456
506	-0.035364	-0.035855	-0.035599
507	-0.035544	-0.036007	-0.035743
508	-0.035687	-0.03614	-0.035895
509	-0.035821	-0.036268	-0.036049
510	-0.035937	-0.03642	-0.036179
511	-0.036044	-0.036584	-0.036297
512	-0.036182	-0.036728	-0.036448
513	-0.036349	-0.036852	-0.036629
514	-0.036512	-0.03701	-0.036806
515	-0.036668	-0.037224	-0.03698
516	-0.036824	-0.037415	-0.037138
517	-0.036982	-0.037537	-0.037247
518	-0.037136	-0.037657	-0.037359
519	-0.037261	-0.037766	-0.037508
520	-0.037385	-0.037875	-0.037657
521	-0.03754	-0.038038	-0.037822
522	-0.037696	-0.038201	-0.037987
523	-0.037831	-0.038351	-0.038115
524	-0.037962	-0.038498	-0.038234
525	-0.038037	-0.038574	-0.038308
526	-0.038089	-0.038618	-0.038362
527	-0.038155	-0.038668	-0.038431
528	-0.038232	-0.038724	-0.038512
529	-0.038258	-0.038764	-0.038547
530	-0.038216	-0.038783	-0.03852
531	-0.038183	-0.038783	-0.038491
532	-0.038177	-0.038739	-0.038461
533	-0.038164	-0.038694	-0.038425
534	-0.038114	-0.038642	-0.038358
535	-0.038063	-0.038591	-0.038291
536	-0.037995	-0.038547	-0.038234
537	-0.037928	-0.038504	-0.038176
538	-0.03791	-0.038461	-0.038157
539	-0.037899	-0.038418	-0.038142
540	-0.037884	-0.038398	-0.038119
541	-0.037869	-0.038386	-0.038093
542	-0.037833	-0.038346	-0.038058
543	-0.037785	-0.038291	-0.038019
544	-0.037774	-0.038283	-0.03802
545	-0.037801	-0.038324	-0.03806
546	-0.037823	-0.038341	-0.038082
547	-0.03784	-0.038319	-0.038072
548	-0.037838	-0.038298	-0.038063
549	-0.037773	-0.038284	-0.038054
550	-0.037726	-0.038281	-0.038054
551	-0.037817	-0.038366	-0.038126
552	-0.037908	-0.038451	-0.038198
553	-0.037978	-0.038466	-0.038242
554	-0.038048	-0.03848	-0.038287
555	-0.038003	-0.038438	-0.038229
556	-0.037939	-0.038388	-0.038155
557	-0.037951	-0.038423	-0.038161
558	-0.037989	-0.038488	-0.038196
559	-0.038042	-0.038567	-0.038277
560	-0.038106	-0.038655	-0.038387
561	-0.038155	-0.038694	-0.038436
562	-0.038191	-0.03868	-0.038419
563	-0.038204	-0.038674	-0.038404
564	-0.03818	-0.038679	-0.038391
565	-0.038139	-0.038652	-0.038355
566	-0.038047	-0.038517	-0.038242
567	-0.037951	-0.038384	-0.038131
568	-0.03783	-0.038257	-0.038039
569	-0.037709	-0.03813	-0.037947
570	-0.037559	-0.037988	-0.03779
571	-0.03741	-0.037845	-0.037633
572	-0.037297	-0.037711	-0.037529
573	-0.037189	-0.03758	-0.037432
574	-0.037079	-0.037452	-0.037307
575	-0.036969	-0.037327	-0.037172
576	-0.03686	-0.037226	-0.037049
577	-0.036753	-0.037138	-0.036934
578	-0.036642	-0.03703	-0.036817
579	-0.036529	-0.036903	-0.036697
580	-0.036435	-0.036794	-0.036608
581	-0.036368	-0.036713	-0.036569
582	-0.036326	-0.036666	-0.036542
583	-0.036347	-0.036706	-0.036546
584	-0.036373	-0.036748	-0.036558
585	-0.036424	-0.036802	-0.036605
586	-0.036475	-0.036856	-0.036652
587	-0.036546	-0.036892	-0.036704
588	-0.036618	-0.036929	-0.036756
589	-0.036639	-0.037004	-0.036808
590	-0.036657	-0.037082	-0.03686
591	-0.036682	-0.03711	-0.036891
592	-0.036709	-0.037126	-0.036918
593	-0.036672	-0.037091	-0.03689
594	-0.036607	-0.037033	-0.036839
595	-0.036605	-0.037037	-0.036844
596	-0.036648	-0.037082	-0.036889
597	-0.036704	-0.037135	-0.036924
598	-0.036772	-0.037197	-0.036948
599	-0.036831	-0.037254	-0.037
600	-0.036872	-0.037306	-0.037098
601	-0.036908	-0.037349	-0.037171
602	-0.036929	-0.037366	-0.037169
603	-0.036963	-0.037395	-0.037182
604	-0.037068	-0.037493	-0.037288
605	-0.037174	-0.03759	-0.037394
606	-0.037308	-0.037693	-0.0375
607	-0.037443	-0.037797	-0.037607
608	-0.03753	-0.037891	-0.037688
609	-0.037614	-0.037985	-0.037767
610	-0.037623	-0.038024	-0.037777
611	-0.037616	-0.038051	-0.037772
612	-0.037721	-0.038167	-0.03788
613	-0.03787	-0.038317	-0.038034
614	-0.037921	-0.038364	-0.038129
615	-0.037909	-0.038345	-0.038188
616	-0.037955	-0.038379	-0.038249
617	-0.038058	-0.038467	-0.038315
618	-0.038169	-0.038569	-0.038408
619	-0.038292	-0.038693	-0.038543
620	-0.038399	-0.038807	-0.038656
621	-0.03847	-0.038894	-0.038715
622	-0.038523	-0.038967	-0.038759
623	-0.038505	-0.038983	-0.038746
624	-0.038496	-0.039002	-0.038741
625	-0.038583	-0.039047	-0.038814
626	-0.03867	-0.039091	-0.038888
627	-0.038691	-0.039109	-0.038918
628	-0.038712	-0.039126	-0.038948
629	-0.038649	-0.039091	-0.038898
630	-0.038576	-0.03905	-0.038839
631	-0.038586	-0.039059	-0.03885
632	-0.038616	-0.039082	-0.03888
633	-0.038647	-0.039121	-0.038927
634	-0.038679	-0.039169	-0.038983
635	-0.03869	-0.039204	-0.038994
636	-0.038688	-0.03923	-0.038976
637	-0.038719	-0.039268	-0.038992
638	-0.038783	-0.039317	-0.039043
639	-0.03879	-0.039306	-0.03904
640	-0.038712	-0.039207	-0.03896
641	-0.038647	-0.039134	-0.038895
642	-0.038612	-0.03912	-0.038863
643	-0.038562	-0.039097	-0.038821
644	-0.03846	-0.039044	-0.038749
645	-0.038373	-0.038987	-0.038688
646	-0.038397	-0.038899	-0.038705
647	-0.038413	-0.038808	-0.038714
648	-0.038201	-0.038624	-0.038509
649	-0.037988	-0.03844	-0.038305
650	-0.03767	-0.038126	-0.037897
651	-0.037345	-0.037804	-0.037477
652	-0.036864	-0.037245	-0.036976
653	-0.036355	-0.036644	-0.036462
654	-0.035978	-0.03625	-0.036132
655	-0.035641	-0.03592	-0.035858
656	-0.035536	-0.035837	-0.035762
657	-0.035544	-0.035872	-0.03575
658	-0.035721	-0.036066	-0.035935
659	-0.036016	-0.03637	-0.036258
660	-0.036407	-0.036783	-0.036663
661	-0.036894	-0.037305	-0.03715
662	-0.037293	-0.037725	-0.037563
663	-0.037568	-0.038001	-0.037871
664	-0.037848	-0.038292	-0.038167
665	-0.038135	-0.038617	-0.038439
666	-0.038372	-0.038875	-0.038664
667	-0.038451	-0.038925	-0.038744
668	-0.038515	-0.038974	-0.0388
669	-0.038495	-0.039016	-0.038731
670	-0.038481	-0.03905	-0.038669
671	-0.038523	-0.038999	-0.038687
672	-0.038565	-0.038949	-0.038706
673	-0.038492	-0.038894	-0.038727
674	-0.038419	-0.038839	-0.038748
675	-0.038471	-0.038904	-0.038752
676	-0.038534	-0.038979	-0.038754
677	-0.038508	-0.038944	-0.038785
678	-0.038465	-0.038889	-0.03882
679	-0.038485	-0.038915	-0.038851
680	-0.038525	-0.038968	-0.03888
681	-0.038628	-0.039097	-0.038948
682	-0.038759	-0.039262	-0.039032
683	-0.038861	-0.039355	-0.039126
684	-0.038945	-0.039403	-0.039225
685	-0.039044	-0.039475	-0.03932
686	-0.039157	-0.039569	-0.039412
687	-0.039231	-0.039653	-0.039502
688	-0.039259	-0.039725	-0.03959
689	-0.039221	-0.039687	-0.039578
690	-0.039078	-0.039475	-0.039408
691	-0.038932	-0.039315	-0.039253
692	-0.03878	-0.039268	-0.039129
693	-0.038717	-0.039272	-0.039078
694	-0.038936	-0.039439	-0.039257
695	-0.039123	-0.039578	-0.0394
696	-0.039159	-0.039578	-0.039366
697	-0.039185	-0.039573	-0.039334
698	-0.039134	-0.039523	-0.039304
699	-0.039082	-0.039476	-0.039273
700	-0.038981	-0.039498	-0.039192
701	-0.038879	-0.03952	-0.03911
702	-0.039059	-0.039643	-0.039307
703	-0.03925	-0.03977	-0.039515
704	-0.039304	-0.039724	-0.039483
705	-0.039342	-0.039657	-0.039424
706	-0.039442	-0.039784	-0.039612
707	-0.039554	-0.03995	-0.039849
708	-0.039409	-0.039827	-0.039735
709	-0.039185	-0.039617	-0.039515
710	-0.039425	-0.039808	-0.039653
711	-0.03986	-0.040168	-0.039942
712	-0.040021	-0.040329	-0.040068
713	-0.040029	-0.04038	-0.040102
714	-0.040101	-0.040491	-0.040112
715	-0.040219	-0.040646	-0.040104
716	-0.04037	-0.040772	-0.04024
717	-0.040553	-0.040872	-0.040508
718	-0.040682	-0.041005	-0.040725
719	-0.040748	-0.041176	-0.040884
720	-0.041082	-0.041664	-0.041268
[LOG]
CHECKSUMñè