[HEADER]
Format	J&M ASCII Table
Comment	
Date	20/08/2026 15:27:34
Order	Y (evenX)
TechType	UV
NumPoints	411
FirstX	310
LastX	720
XType	nm
YType	Absorbance
ZType	s
NumSubFile	3
Matrix	Z vs X
[LOGIN]
Name=pcbob
[INSTRUMENT]
Name=TIDAS E Base UV/VI
Detector=MMS - ASPEN 97,5 kHz
Diodearray=256 Pixel
Serial#=36584
Calibrated=2011-07-01
Range=183.81-729.88 [nm] (F0)

SWVersion=v3.18.2 (build 0)[LOGIN]
Name=pcbob
[CONFIG]
ChannelName=Channel 1
ChannelType=Normalized
[PARAMETER]
It=330,00
Aver=5
Norm=3
Range=310,0-720,0 nm
Scan=Time
ScanTime=5,00 s
[TRIGGER]
Sweep=0
Scan=0
[DIO]
DigOut=0x0000
DigIn=0x0000
[DATA]
	00:00:00,000	00:00:01,650	00:00:03,300
310	0.004569	0.004483	0.004422
311	0.00424	0.004139	0.004067
312	0.003917	0.003802	0.003692
313	0.003525	0.003402	0.003286
314	0.003037	0.002915	0.002839
315	0.002561	0.002442	0.002396
316	0.00212	0.00201	0.001971
317	0.001685	0.001582	0.001549
318	0.001346	0.001226	0.001179
319	0.001008	0.00087	0.00081
320	0.00067	0.000533	0.000468
321	0.000334	0.000199	0.000129
322	0.000036	-0.000087	-0.000147
323	-0.000244	-0.000353	-0.000397
324	-0.000546	-0.000645	-0.000684
325	-0.000865	-0.000958	-0.001004
326	-0.001191	-0.001275	-0.001322
327	-0.001527	-0.001601	-0.001632
328	-0.001874	-0.001938	-0.001964
329	-0.002268	-0.002332	-0.002391
330	-0.002662	-0.002726	-0.002819
331	-0.003028	-0.003119	-0.003173
332	-0.003394	-0.003512	-0.003527
333	-0.003763	-0.003868	-0.003923
334	-0.004133	-0.004217	-0.004329
335	-0.004492	-0.004562	-0.00468
336	-0.004845	-0.004904	-0.005002
337	-0.005177	-0.00524	-0.00532
338	-0.005485	-0.00557	-0.005632
339	-0.00577	-0.005875	-0.005918
340	-0.005997	-0.00612	-0.006144
341	-0.006241	-0.006374	-0.006387
342	-0.006603	-0.006688	-0.006744
343	-0.006965	-0.007001	-0.007102
344	-0.007219	-0.007257	-0.007363
345	-0.007467	-0.007509	-0.007618
346	-0.007746	-0.00782	-0.007916
347	-0.008034	-0.008147	-0.008227
348	-0.008361	-0.008461	-0.008552
349	-0.008715	-0.008767	-0.008889
350	-0.009023	-0.009073	-0.009201
351	-0.009272	-0.009381	-0.009481
352	-0.009533	-0.009699	-0.00977
353	-0.009832	-0.010043	-0.010086
354	-0.010129	-0.010377	-0.010398
355	-0.010409	-0.010574	-0.01065
356	-0.010689	-0.010771	-0.010902
357	-0.010932	-0.011014	-0.011136
358	-0.011171	-0.011262	-0.011369
359	-0.011328	-0.011393	-0.011539
360	-0.011455	-0.01148	-0.011685
361	-0.011641	-0.011662	-0.011862
362	-0.011875	-0.01192	-0.012063
363	-0.012115	-0.012193	-0.01228
364	-0.012362	-0.012493	-0.012525
365	-0.01259	-0.012749	-0.012746
366	-0.01275	-0.012848	-0.012884
367	-0.012912	-0.012954	-0.013025
368	-0.013112	-0.013215	-0.013263
369	-0.013312	-0.013477	-0.013501
370	-0.013547	-0.013669	-0.013724
371	-0.013787	-0.013852	-0.013944
372	-0.013997	-0.014068	-0.014186
373	-0.014193	-0.014297	-0.014436
374	-0.014356	-0.014469	-0.014624
375	-0.014489	-0.014592	-0.014758
376	-0.014608	-0.0147	-0.014875
377	-0.014702	-0.01478	-0.01496
378	-0.014819	-0.014884	-0.01507
379	-0.015032	-0.015089	-0.015282
380	-0.015243	-0.015294	-0.015492
381	-0.015381	-0.015463	-0.015655
382	-0.015518	-0.015631	-0.015817
383	-0.015718	-0.015811	-0.015992
384	-0.015929	-0.015993	-0.016169
385	-0.016107	-0.016158	-0.016335
386	-0.016271	-0.016316	-0.016496
387	-0.016424	-0.016473	-0.016659
388	-0.016567	-0.01663	-0.016822
389	-0.01677	-0.016821	-0.017021
390	-0.017085	-0.017075	-0.017286
391	-0.017361	-0.017296	-0.017522
392	-0.017454	-0.017369	-0.017624
393	-0.017547	-0.017445	-0.017728
394	-0.017704	-0.01768	-0.017938
395	-0.017861	-0.017915	-0.018148
396	-0.018111	-0.018136	-0.018357
397	-0.018379	-0.018356	-0.018566
398	-0.018555	-0.018541	-0.018782
399	-0.018688	-0.01871	-0.019002
400	-0.018831	-0.018902	-0.019178
401	-0.018982	-0.019115	-0.01931
402	-0.019137	-0.019288	-0.019448
403	-0.019297	-0.019385	-0.019594
404	-0.019452	-0.019487	-0.019744
405	-0.019588	-0.019617	-0.019904
406	-0.019724	-0.019748	-0.020064
407	-0.019859	-0.019943	-0.02022
408	-0.019994	-0.020137	-0.020377
409	-0.020167	-0.020282	-0.02057
410	-0.020346	-0.020419	-0.020769
411	-0.020483	-0.020515	-0.020881
412	-0.0206	-0.020591	-0.020953
413	-0.020734	-0.020746	-0.021102
414	-0.020884	-0.020971	-0.02132
415	-0.021055	-0.02118	-0.021511
416	-0.021263	-0.02136	-0.021654
417	-0.021486	-0.02156	-0.021812
418	-0.021766	-0.021839	-0.022028
419	-0.022041	-0.022114	-0.022244
420	-0.022194	-0.022281	-0.022452
421	-0.022347	-0.022448	-0.022659
422	-0.022472	-0.022534	-0.022792
423	-0.022592	-0.022609	-0.022913
424	-0.022777	-0.02276	-0.023097
425	-0.022989	-0.022941	-0.023305
426	-0.023162	-0.02313	-0.023504
427	-0.023303	-0.023327	-0.023695
428	-0.023472	-0.023526	-0.023888
429	-0.023684	-0.02373	-0.024086
430	-0.023851	-0.023898	-0.024252
431	-0.023874	-0.023949	-0.02431
432	-0.023903	-0.024002	-0.024369
433	-0.02401	-0.024082	-0.024459
434	-0.024117	-0.024162	-0.024549
435	-0.024234	-0.024263	-0.024673
436	-0.024353	-0.024367	-0.0248
437	-0.024464	-0.024442	-0.024899
438	-0.024573	-0.024507	-0.024988
439	-0.024692	-0.024639	-0.025118
440	-0.024818	-0.024815	-0.025276
441	-0.024936	-0.024965	-0.025411
442	-0.025045	-0.025081	-0.025519
443	-0.025196	-0.025243	-0.025675
444	-0.025459	-0.025522	-0.025954
445	-0.025718	-0.025792	-0.026228
446	-0.025944	-0.026008	-0.026468
447	-0.02617	-0.026223	-0.026708
448	-0.026391	-0.026446	-0.026898
449	-0.026611	-0.026669	-0.027087
450	-0.026873	-0.026917	-0.027347
451	-0.027145	-0.027171	-0.027624
452	-0.02734	-0.027359	-0.027833
453	-0.027494	-0.027514	-0.028006
454	-0.027653	-0.027663	-0.028168
455	-0.027819	-0.027807	-0.028321
456	-0.027969	-0.027954	-0.028456
457	-0.028091	-0.028104	-0.028559
458	-0.02822	-0.028251	-0.028673
459	-0.028374	-0.028385	-0.028834
460	-0.028523	-0.028516	-0.028991
461	-0.028567	-0.028608	-0.029066
462	-0.02861	-0.028699	-0.029141
463	-0.028704	-0.028783	-0.029222
464	-0.028803	-0.028866	-0.029305
465	-0.02897	-0.029006	-0.029424
466	-0.02916	-0.029167	-0.029557
467	-0.029319	-0.02932	-0.029728
468	-0.029453	-0.029467	-0.029925
469	-0.029622	-0.029642	-0.030136
470	-0.029835	-0.029852	-0.030366
471	-0.030044	-0.030057	-0.030582
472	-0.030243	-0.030246	-0.030763
473	-0.030439	-0.030437	-0.030946
474	-0.030611	-0.030641	-0.031137
475	-0.030782	-0.030846	-0.031329
476	-0.03096	-0.030983	-0.031528
477	-0.031138	-0.031119	-0.031727
478	-0.031326	-0.031339	-0.031921
479	-0.031517	-0.031577	-0.032115
480	-0.031698	-0.031765	-0.03229
481	-0.031874	-0.03193	-0.032458
482	-0.03203	-0.032062	-0.032594
483	-0.032168	-0.032166	-0.032702
484	-0.032267	-0.03225	-0.032776
485	-0.032305	-0.032303	-0.032796
486	-0.03237	-0.032374	-0.032848
487	-0.032517	-0.032502	-0.033001
488	-0.032658	-0.032633	-0.03315
489	-0.032738	-0.03279	-0.03326
490	-0.032818	-0.032947	-0.03337
491	-0.03297	-0.03305	-0.033501
492	-0.033124	-0.033151	-0.033634
493	-0.033253	-0.03326	-0.033794
494	-0.033374	-0.033371	-0.033961
495	-0.033426	-0.033424	-0.034032
496	-0.033441	-0.033448	-0.034054
497	-0.033486	-0.033486	-0.034094
498	-0.033559	-0.03354	-0.034151
499	-0.033636	-0.033602	-0.034229
500	-0.033721	-0.033677	-0.034343
501	-0.033789	-0.033747	-0.034427
502	-0.0338	-0.033798	-0.034414
503	-0.033822	-0.033854	-0.034412
504	-0.033962	-0.033974	-0.034546
505	-0.034103	-0.034094	-0.03468
506	-0.034279	-0.034247	-0.034843
507	-0.034458	-0.034402	-0.035006
508	-0.034575	-0.034551	-0.035162
509	-0.034677	-0.034699	-0.035316
510	-0.034816	-0.034852	-0.035461
511	-0.034974	-0.035008	-0.035602
512	-0.035108	-0.035139	-0.035715
513	-0.035221	-0.035247	-0.035802
514	-0.03534	-0.03537	-0.035923
515	-0.035472	-0.035518	-0.036097
516	-0.035596	-0.035658	-0.036254
517	-0.035699	-0.035772	-0.036362
518	-0.035813	-0.035886	-0.036472
519	-0.03601	-0.035991	-0.036608
520	-0.036207	-0.036097	-0.036743
521	-0.03629	-0.03626	-0.036887
522	-0.03637	-0.036425	-0.037032
523	-0.036493	-0.036547	-0.037181
524	-0.036625	-0.036661	-0.037331
525	-0.036694	-0.036737	-0.0374
526	-0.036736	-0.036797	-0.037434
527	-0.036818	-0.036861	-0.037493
528	-0.03693	-0.036929	-0.037572
529	-0.036997	-0.03698	-0.037616
530	-0.037005	-0.037009	-0.03761
531	-0.037003	-0.03702	-0.037601
532	-0.036979	-0.036989	-0.037586
533	-0.036949	-0.036951	-0.037563
534	-0.036887	-0.036876	-0.037502
535	-0.036826	-0.036804	-0.037442
536	-0.036829	-0.036821	-0.037431
537	-0.036832	-0.036837	-0.03742
538	-0.036834	-0.03685	-0.037409
539	-0.036835	-0.036862	-0.037399
540	-0.036798	-0.03683	-0.037407
541	-0.03675	-0.036783	-0.03742
542	-0.036707	-0.036732	-0.037385
543	-0.036665	-0.03668	-0.03732
544	-0.036664	-0.036675	-0.037303
545	-0.036702	-0.036719	-0.037332
546	-0.03673	-0.036755	-0.037363
547	-0.036739	-0.036778	-0.037398
548	-0.036742	-0.036796	-0.037422
549	-0.036725	-0.0368	-0.037413
550	-0.03672	-0.03681	-0.037412
551	-0.036801	-0.036864	-0.03747
552	-0.036881	-0.036918	-0.037528
553	-0.036938	-0.036966	-0.037558
554	-0.036995	-0.037015	-0.037588
555	-0.036967	-0.036994	-0.037588
556	-0.036926	-0.036961	-0.037584
557	-0.036946	-0.036975	-0.037586
558	-0.036988	-0.037005	-0.03759
559	-0.037055	-0.037051	-0.037649
560	-0.037139	-0.037107	-0.037742
561	-0.037186	-0.037148	-0.037798
562	-0.037192	-0.037172	-0.037813
563	-0.037192	-0.03719	-0.037819
564	-0.037183	-0.037196	-0.037808
565	-0.037149	-0.037169	-0.037764
566	-0.037036	-0.037034	-0.037611
567	-0.036922	-0.036906	-0.037465
568	-0.036807	-0.036832	-0.037378
569	-0.036693	-0.036758	-0.03729
570	-0.036609	-0.036634	-0.037159
571	-0.036525	-0.03651	-0.037027
572	-0.036384	-0.036401	-0.036924
573	-0.036234	-0.036295	-0.036825
574	-0.036146	-0.036198	-0.036692
575	-0.03608	-0.036103	-0.036548
576	-0.035991	-0.036008	-0.036445
577	-0.035889	-0.035913	-0.036366
578	-0.035802	-0.035822	-0.03627
579	-0.03573	-0.035734	-0.036158
580	-0.035652	-0.035658	-0.03607
581	-0.035565	-0.035598	-0.036019
582	-0.035517	-0.035563	-0.035993
583	-0.035573	-0.035593	-0.036033
584	-0.035628	-0.035624	-0.036077
585	-0.035677	-0.035659	-0.036147
586	-0.035724	-0.035697	-0.036216
587	-0.035741	-0.035779	-0.036263
588	-0.035757	-0.035862	-0.03631
589	-0.035831	-0.035872	-0.03634
590	-0.03591	-0.035877	-0.036369
591	-0.035968	-0.035922	-0.036417
592	-0.036022	-0.035976	-0.03647
593	-0.035976	-0.035946	-0.036452
594	-0.035887	-0.035879	-0.036403
595	-0.035891	-0.035889	-0.036415
596	-0.035958	-0.035953	-0.036468
597	-0.036027	-0.036025	-0.036529
598	-0.036099	-0.036108	-0.036597
599	-0.036181	-0.036184	-0.036672
600	-0.036278	-0.036252	-0.036758
601	-0.036357	-0.036314	-0.036829
602	-0.036381	-0.036357	-0.03686
603	-0.036411	-0.036407	-0.036898
604	-0.036476	-0.036493	-0.036977
605	-0.036542	-0.036581	-0.037057
606	-0.036659	-0.036681	-0.037169
607	-0.036775	-0.036782	-0.03728
608	-0.036822	-0.036836	-0.037364
609	-0.036863	-0.036885	-0.037444
610	-0.036923	-0.036927	-0.037473
611	-0.036987	-0.036966	-0.037489
612	-0.037058	-0.037048	-0.037573
613	-0.037132	-0.037147	-0.037683
614	-0.037172	-0.037192	-0.037716
615	-0.03719	-0.037204	-0.0377
616	-0.037225	-0.03722	-0.037728
617	-0.037277	-0.037243	-0.037801
618	-0.03736	-0.037327	-0.037905
619	-0.037489	-0.037503	-0.038053
620	-0.037589	-0.03764	-0.038159
621	-0.037622	-0.037688	-0.038163
622	-0.037653	-0.037712	-0.038167
623	-0.037676	-0.037645	-0.038169
624	-0.0377	-0.037592	-0.038177
625	-0.037738	-0.037694	-0.038256
626	-0.037777	-0.037796	-0.038335
627	-0.03778	-0.037823	-0.038314
628	-0.037783	-0.03785	-0.038294
629	-0.037732	-0.03777	-0.038251
630	-0.037674	-0.037677	-0.038206
631	-0.037738	-0.037731	-0.038237
632	-0.037834	-0.037822	-0.038286
633	-0.037838	-0.037832	-0.038331
634	-0.037802	-0.037807	-0.038373
635	-0.03781	-0.037825	-0.038392
636	-0.037847	-0.037873	-0.038395
637	-0.037901	-0.037903	-0.038436
638	-0.037972	-0.037915	-0.038515
639	-0.037957	-0.037892	-0.038517
640	-0.037819	-0.037817	-0.038407
641	-0.037716	-0.037759	-0.03832
642	-0.037691	-0.037737	-0.038283
643	-0.03767	-0.037712	-0.038243
644	-0.037664	-0.037678	-0.038191
645	-0.037651	-0.03764	-0.038147
646	-0.037593	-0.037567	-0.038158
647	-0.037531	-0.037491	-0.038162
648	-0.03737	-0.037323	-0.037977
649	-0.037209	-0.037156	-0.037792
650	-0.036937	-0.036897	-0.037441
651	-0.036658	-0.036633	-0.03708
652	-0.036165	-0.036178	-0.036587
653	-0.035636	-0.035689	-0.03607
654	-0.035304	-0.035363	-0.035732
655	-0.035034	-0.035087	-0.03545
656	-0.034957	-0.03499	-0.035356
657	-0.034973	-0.03498	-0.035354
658	-0.035161	-0.035169	-0.035555
659	-0.035471	-0.035499	-0.035898
660	-0.035844	-0.035904	-0.036307
661	-0.03628	-0.036385	-0.036781
662	-0.036687	-0.036779	-0.037183
663	-0.037052	-0.037052	-0.037483
664	-0.037371	-0.037315	-0.037771
665	-0.037595	-0.03756	-0.038033
666	-0.037776	-0.037756	-0.038244
667	-0.037829	-0.037803	-0.038298
668	-0.037874	-0.037836	-0.038349
669	-0.037874	-0.037793	-0.038383
670	-0.037874	-0.03776	-0.038415
671	-0.037873	-0.037842	-0.038429
672	-0.037871	-0.037923	-0.038443
673	-0.037804	-0.037934	-0.038419
674	-0.037736	-0.037944	-0.038395
675	-0.037785	-0.03796	-0.03839
676	-0.037844	-0.037976	-0.038387
677	-0.037821	-0.037915	-0.038344
678	-0.037783	-0.037839	-0.038294
679	-0.037793	-0.03781	-0.038326
680	-0.037818	-0.037797	-0.038384
681	-0.037965	-0.037887	-0.038505
682	-0.038167	-0.038026	-0.038656
683	-0.038267	-0.038144	-0.038771
684	-0.038301	-0.038247	-0.038863
685	-0.038323	-0.038346	-0.038955
686	-0.038336	-0.038442	-0.039047
687	-0.038427	-0.03852	-0.039097
688	-0.03861	-0.038577	-0.039098
689	-0.038647	-0.038549	-0.039044
690	-0.038451	-0.038384	-0.038902
691	-0.038274	-0.038245	-0.038774
692	-0.038137	-0.03816	-0.038676
693	-0.038072	-0.038112	-0.038639
694	-0.038238	-0.03818	-0.038797
695	-0.038379	-0.038248	-0.038933
696	-0.038398	-0.038317	-0.038964
697	-0.038412	-0.038371	-0.038994
698	-0.038389	-0.038286	-0.039017
699	-0.038364	-0.038204	-0.039038
700	-0.03826	-0.038216	-0.038972
701	-0.038156	-0.038229	-0.038907
702	-0.038352	-0.038345	-0.039012
703	-0.038559	-0.038465	-0.039124
704	-0.038539	-0.038471	-0.039113
705	-0.038493	-0.038464	-0.039087
706	-0.038665	-0.038681	-0.03923
707	-0.038881	-0.038943	-0.039407
708	-0.038799	-0.03881	-0.039277
709	-0.038628	-0.038559	-0.039053
710	-0.038827	-0.038796	-0.039283
711	-0.039181	-0.039238	-0.039703
712	-0.03933	-0.039407	-0.03991
713	-0.039364	-0.039422	-0.039996
714	-0.039445	-0.039421	-0.040063
715	-0.039561	-0.039409	-0.040115
716	-0.039722	-0.039586	-0.040234
717	-0.039926	-0.039938	-0.040417
718	-0.040045	-0.040122	-0.040564
719	-0.040066	-0.040111	-0.04067
720	-0.04044	-0.040416	-0.040974
[LOG]
CHECKSUMT;