[HEADER]
Format	J&M ASCII Table
Comment	
Date	20/08/2026 14:17:37
Order	Y (evenX)
TechType	UV
NumPoints	411
FirstX	310
LastX	720
XType	nm
YType	Absorbance
ZType	s
NumSubFile	3
Matrix	Z vs X
[LOGIN]
Name=pcbob
[INSTRUMENT]
Name=TIDAS E Base UV/VI
Detector=MMS - ASPEN 97,5 kHz
Diodearray=256 Pixel
Serial#=36584
Calibrated=2011-07-01
Range=183.81-729.88 [nm] (F0)

SWVersion=v3.18.2 (build 0)[LOGIN]
Name=pcbob
[CONFIG]
ChannelName=Channel 1
ChannelType=Normalized
[PARAMETER]
It=330,00
Aver=5
Norm=3
Range=310,0-720,0 nm
Scan=Time
ScanTime=5,00 s
[TRIGGER]
Sweep=0
Scan=0
[DIO]
DigOut=0x0000
DigIn=0x0000
[DATA]
	00:00:00,000	00:00:01,650	00:00:03,300
310	0.001886	0.001865	0.001864
311	0.001917	0.001887	0.001884
312	0.001965	0.001914	0.001928
313	0.001952	0.001896	0.001915
314	0.001853	0.001815	0.001823
315	0.001779	0.001749	0.001749
316	0.00178	0.00173	0.001727
317	0.001781	0.001711	0.001707
318	0.001792	0.001718	0.001703
319	0.001803	0.001725	0.0017
320	0.001797	0.001737	0.001707
321	0.001789	0.00175	0.001715
322	0.001801	0.001769	0.001734
323	0.001821	0.001792	0.001759
324	0.001846	0.001835	0.001785
325	0.001873	0.001896	0.001812
326	0.00189	0.001925	0.001833
327	0.001889	0.001897	0.001841
328	0.001878	0.001859	0.001837
329	0.001814	0.001777	0.001769
330	0.001751	0.001695	0.0017
331	0.001764	0.001725	0.001714
332	0.001778	0.001754	0.001728
333	0.001738	0.001698	0.001676
334	0.001687	0.001624	0.001609
335	0.001659	0.001602	0.0016
336	0.001642	0.001607	0.001622
337	0.001666	0.001624	0.001648
338	0.001733	0.001652	0.001679
339	0.00179	0.001677	0.001697
340	0.001822	0.001694	0.001685
341	0.00184	0.001713	0.001682
342	0.00176	0.001744	0.001732
343	0.00168	0.001775	0.001782
344	0.001702	0.001773	0.00173
345	0.001729	0.001769	0.001672
346	0.001709	0.001731	0.001646
347	0.001674	0.001683	0.00163
348	0.001641	0.001644	0.001609
349	0.00161	0.001611	0.001585
350	0.001569	0.001558	0.001541
351	0.001515	0.001479	0.001472
352	0.001476	0.001422	0.001429
353	0.001481	0.001431	0.001468
354	0.001482	0.001441	0.001501
355	0.001426	0.001461	0.001472
356	0.00137	0.001482	0.001444
357	0.001335	0.001402	0.00142
358	0.001302	0.001313	0.001396
359	0.001324	0.001338	0.001394
360	0.001367	0.001405	0.0014
361	0.001375	0.001408	0.001379
362	0.001355	0.00136	0.001337
363	0.001318	0.001311	0.001291
364	0.001256	0.001259	0.001242
365	0.001204	0.001211	0.001199
366	0.001193	0.001179	0.001181
367	0.00118	0.001148	0.001162
368	0.001117	0.001119	0.001123
369	0.001055	0.00109	0.001084
370	0.000977	0.001026	0.001016
371	0.000896	0.000957	0.000944
372	0.000868	0.000905	0.000904
373	0.000862	0.00086	0.000879
374	0.000848	0.000824	0.000848
375	0.000826	0.000798	0.000813
376	0.000815	0.000792	0.0008
377	0.000824	0.000823	0.000827
378	0.000821	0.000834	0.000839
379	0.000769	0.000761	0.00079
380	0.000717	0.00069	0.000741
381	0.000674	0.000683	0.000705
382	0.000631	0.000675	0.000669
383	0.000632	0.000658	0.000692
384	0.000641	0.000639	0.000726
385	0.000637	0.000636	0.000689
386	0.000628	0.000639	0.00062
387	0.0006	0.000618	0.000597
388	0.000555	0.000573	0.000618
389	0.000483	0.00051	0.000593
390	0.000361	0.000413	0.000485
391	0.000262	0.00033	0.000391
392	0.000262	0.000312	0.000362
393	0.000261	0.000295	0.000332
394	0.000225	0.000289	0.000329
395	0.000189	0.000283	0.000326
396	0.000131	0.000218	0.000241
397	0.000068	0.000143	0.000142
398	-0.000001	0.00008	0.000067
399	-0.000074	0.000023	0.000003
400	-0.000158	-0.000035	-0.000032
401	-0.000254	-0.000096	-0.000041
402	-0.000297	-0.000135	-0.000043
403	-0.000242	-0.000136	-0.000032
404	-0.000201	-0.000134	-0.00002
405	-0.000226	-0.000124	-0
406	-0.000251	-0.000115	0.000018
407	-0.000278	-0.000164	-0.000033
408	-0.000304	-0.000214	-0.000084
409	-0.000398	-0.000323	-0.000176
410	-0.000504	-0.000442	-0.000274
411	-0.000522	-0.000454	-0.000282
412	-0.000502	-0.000418	-0.000249
413	-0.000552	-0.000459	-0.0003
414	-0.000665	-0.000569	-0.000424
415	-0.000754	-0.000661	-0.000528
416	-0.000798	-0.00072	-0.000597
417	-0.00085	-0.000786	-0.00066
418	-0.000938	-0.000876	-0.0007
419	-0.001023	-0.000964	-0.000739
420	-0.001054	-0.00098	-0.00076
421	-0.001084	-0.000996	-0.00078
422	-0.001143	-0.001041	-0.000859
423	-0.001206	-0.00109	-0.000947
424	-0.001304	-0.001133	-0.001009
425	-0.001416	-0.001173	-0.001062
426	-0.001466	-0.001225	-0.001117
427	-0.001467	-0.001286	-0.001173
428	-0.001498	-0.001354	-0.001226
429	-0.001578	-0.001431	-0.001274
430	-0.001641	-0.001487	-0.001322
431	-0.001653	-0.001476	-0.001373
432	-0.001667	-0.001468	-0.001421
433	-0.001697	-0.001497	-0.001427
434	-0.001728	-0.001525	-0.001434
435	-0.001736	-0.001543	-0.001432
436	-0.001742	-0.00156	-0.00143
437	-0.001747	-0.00157	-0.001432
438	-0.001753	-0.001577	-0.001436
439	-0.001776	-0.001608	-0.001432
440	-0.001811	-0.001655	-0.001424
441	-0.001849	-0.00168	-0.001458
442	-0.001891	-0.001674	-0.001545
443	-0.001946	-0.001698	-0.001633
444	-0.002035	-0.001795	-0.001726
445	-0.002124	-0.001898	-0.001817
446	-0.002217	-0.002035	-0.001907
447	-0.00231	-0.002171	-0.001996
448	-0.00242	-0.002252	-0.002067
449	-0.00253	-0.002332	-0.002138
450	-0.00263	-0.002406	-0.002241
451	-0.002728	-0.002479	-0.002351
452	-0.002795	-0.002522	-0.00241
453	-0.002845	-0.00255	-0.002442
454	-0.002847	-0.00258	-0.002467
455	-0.002803	-0.002612	-0.002484
456	-0.002776	-0.002626	-0.002487
457	-0.002783	-0.002608	-0.002467
458	-0.002795	-0.002598	-0.002454
459	-0.002831	-0.00262	-0.002471
460	-0.002864	-0.00264	-0.002485
461	-0.002826	-0.002621	-0.002448
462	-0.002787	-0.002601	-0.00241
463	-0.0028	-0.002592	-0.002415
464	-0.00282	-0.002584	-0.002426
465	-0.00286	-0.002611	-0.002464
466	-0.002908	-0.002651	-0.002512
467	-0.003015	-0.00275	-0.002594
468	-0.003162	-0.002889	-0.002701
469	-0.003286	-0.002991	-0.002798
470	-0.003379	-0.003043	-0.002883
471	-0.003475	-0.003122	-0.002977
472	-0.003578	-0.003272	-0.003096
473	-0.003669	-0.003404	-0.003198
474	-0.003684	-0.003414	-0.003189
475	-0.003699	-0.003424	-0.003181
476	-0.00374	-0.003443	-0.003255
477	-0.003782	-0.003461	-0.003331
478	-0.00382	-0.003493	-0.003349
479	-0.003857	-0.003527	-0.003356
480	-0.003869	-0.003567	-0.003381
481	-0.003868	-0.003609	-0.003413
482	-0.003794	-0.003552	-0.003363
483	-0.003655	-0.003409	-0.00324
484	-0.00354	-0.003298	-0.003134
485	-0.003463	-0.003236	-0.003052
486	-0.003413	-0.003201	-0.003014
487	-0.00345	-0.003254	-0.003111
488	-0.003498	-0.003312	-0.003206
489	-0.003642	-0.00342	-0.003284
490	-0.003786	-0.003529	-0.003363
491	-0.003918	-0.003635	-0.003481
492	-0.004049	-0.003741	-0.003601
493	-0.004079	-0.003782	-0.003619
494	-0.004084	-0.003807	-0.003612
495	-0.004102	-0.003838	-0.003607
496	-0.004128	-0.003872	-0.003603
497	-0.004171	-0.003879	-0.003609
498	-0.00423	-0.003859	-0.003625
499	-0.004258	-0.00386	-0.003648
500	-0.004235	-0.003898	-0.003681
501	-0.004213	-0.003922	-0.003705
502	-0.004195	-0.003897	-0.003695
503	-0.004185	-0.00388	-0.003688
504	-0.004259	-0.003948	-0.00371
505	-0.004333	-0.004015	-0.003732
506	-0.00437	-0.004073	-0.003825
507	-0.004405	-0.00413	-0.003923
508	-0.004442	-0.004165	-0.003954
509	-0.004479	-0.004194	-0.003968
510	-0.004549	-0.004234	-0.00401
511	-0.004637	-0.004281	-0.004066
512	-0.004698	-0.004327	-0.004133
513	-0.004734	-0.004373	-0.00421
514	-0.004772	-0.004428	-0.004266
515	-0.004811	-0.0045	-0.004286
516	-0.004849	-0.004559	-0.004309
517	-0.004878	-0.004582	-0.00434
518	-0.004904	-0.004602	-0.004373
519	-0.004909	-0.004596	-0.004415
520	-0.004913	-0.004591	-0.004458
521	-0.004957	-0.004636	-0.004461
522	-0.005003	-0.004683	-0.004463
523	-0.005048	-0.004697	-0.0045
524	-0.005094	-0.004705	-0.004545
525	-0.005073	-0.004697	-0.004529
526	-0.005022	-0.004683	-0.004487
527	-0.005016	-0.004684	-0.004459
528	-0.005043	-0.004698	-0.004444
529	-0.005052	-0.004685	-0.004421
530	-0.005036	-0.004637	-0.004388
531	-0.005001	-0.004594	-0.004363
532	-0.004922	-0.004563	-0.00436
533	-0.004837	-0.004524	-0.004336
534	-0.00472	-0.004448	-0.004198
535	-0.004605	-0.004371	-0.004062
536	-0.004556	-0.004267	-0.004029
537	-0.004507	-0.004164	-0.003996
538	-0.00451	-0.004157	-0.004007
539	-0.004518	-0.004162	-0.004022
540	-0.004485	-0.00414	-0.003968
541	-0.00444	-0.004109	-0.003891
542	-0.004414	-0.004057	-0.003831
543	-0.0044	-0.003991	-0.003781
544	-0.004391	-0.003971	-0.003762
545	-0.004385	-0.003994	-0.003773
546	-0.004368	-0.00401	-0.003791
547	-0.004331	-0.004012	-0.003819
548	-0.004302	-0.004008	-0.003828
549	-0.004298	-0.00399	-0.00378
550	-0.0043	-0.003979	-0.003744
551	-0.004346	-0.004014	-0.003803
552	-0.004392	-0.00405	-0.003863
553	-0.004401	-0.004053	-0.003897
554	-0.00441	-0.004056	-0.00393
555	-0.004363	-0.004024	-0.003871
556	-0.004308	-0.003986	-0.003798
557	-0.00427	-0.00397	-0.003747
558	-0.004238	-0.003962	-0.003704
559	-0.004233	-0.00394	-0.003709
560	-0.004247	-0.003909	-0.003745
561	-0.004248	-0.003908	-0.003769
562	-0.004236	-0.003939	-0.00378
563	-0.004209	-0.003933	-0.003754
564	-0.004155	-0.00386	-0.003662
565	-0.00409	-0.003779	-0.003563
566	-0.003986	-0.003674	-0.003443
567	-0.003877	-0.003569	-0.003325
568	-0.003723	-0.003464	-0.003222
569	-0.003569	-0.003358	-0.003119
570	-0.003402	-0.003199	-0.002986
571	-0.003236	-0.003039	-0.002853
572	-0.003153	-0.002934	-0.002765
573	-0.003083	-0.002838	-0.002684
574	-0.002992	-0.002742	-0.002579
575	-0.002895	-0.002646	-0.002466
576	-0.002811	-0.002569	-0.002392
577	-0.002734	-0.002502	-0.002339
578	-0.002646	-0.002421	-0.002274
579	-0.002548	-0.002327	-0.002195
580	-0.00247	-0.002245	-0.002136
581	-0.002426	-0.002184	-0.002105
582	-0.002414	-0.002156	-0.002086
583	-0.002488	-0.002217	-0.002102
584	-0.002557	-0.002278	-0.00213
585	-0.002602	-0.002334	-0.002218
586	-0.002648	-0.002391	-0.002304
587	-0.002695	-0.002469	-0.002364
588	-0.002743	-0.002546	-0.002423
589	-0.002796	-0.002595	-0.00241
590	-0.00285	-0.002641	-0.002391
591	-0.002901	-0.002683	-0.002444
592	-0.002951	-0.002724	-0.002514
593	-0.002939	-0.002743	-0.002528
594	-0.002901	-0.002753	-0.002517
595	-0.002942	-0.002772	-0.002553
596	-0.003039	-0.002797	-0.002621
597	-0.003131	-0.002863	-0.002685
598	-0.003217	-0.002972	-0.002744
599	-0.003307	-0.003072	-0.002823
600	-0.003403	-0.003156	-0.002936
601	-0.003486	-0.00323	-0.003031
602	-0.003533	-0.003273	-0.003074
603	-0.003576	-0.003312	-0.003115
604	-0.003595	-0.003329	-0.003154
605	-0.003614	-0.003348	-0.003194
606	-0.00364	-0.00344	-0.00324
607	-0.003665	-0.003532	-0.003286
608	-0.00373	-0.003552	-0.003345
609	-0.003798	-0.003566	-0.003406
610	-0.003829	-0.003544	-0.003398
611	-0.003852	-0.003515	-0.003377
612	-0.003861	-0.003551	-0.003404
613	-0.003863	-0.003613	-0.003451
614	-0.00383	-0.003622	-0.003448
615	-0.003773	-0.003596	-0.003412
616	-0.003737	-0.003576	-0.003371
617	-0.003723	-0.003561	-0.003326
618	-0.003755	-0.003577	-0.003314
619	-0.003854	-0.00364	-0.003353
620	-0.003924	-0.003684	-0.003394
621	-0.003926	-0.00368	-0.00344
622	-0.003911	-0.003656	-0.003468
623	-0.00383	-0.003552	-0.00342
624	-0.003763	-0.003467	-0.003381
625	-0.003829	-0.003562	-0.003435
626	-0.003895	-0.003658	-0.003489
627	-0.003897	-0.003597	-0.003446
628	-0.0039	-0.003536	-0.003403
629	-0.003835	-0.003502	-0.003314
630	-0.003763	-0.003472	-0.00322
631	-0.003769	-0.003475	-0.003232
632	-0.003797	-0.003488	-0.003272
633	-0.003782	-0.003459	-0.003269
634	-0.003748	-0.003413	-0.003247
635	-0.003737	-0.003429	-0.003235
636	-0.003741	-0.003487	-0.003228
637	-0.003729	-0.003496	-0.003226
638	-0.003701	-0.003456	-0.003228
639	-0.003656	-0.003395	-0.003178
640	-0.003585	-0.003305	-0.003052
641	-0.003534	-0.003238	-0.002989
642	-0.003525	-0.00322	-0.003065
643	-0.003513	-0.003201	-0.003107
644	-0.003496	-0.003172	-0.00303
645	-0.003476	-0.003149	-0.002962
646	-0.003441	-0.003158	-0.002952
647	-0.003404	-0.003163	-0.002938
648	-0.003284	-0.003042	-0.002816
649	-0.003163	-0.00292	-0.002693
650	-0.002923	-0.002679	-0.002442
651	-0.002674	-0.00243	-0.002183
652	-0.002329	-0.002105	-0.001914
653	-0.001967	-0.001766	-0.001643
654	-0.001697	-0.00153	-0.001399
655	-0.001455	-0.001325	-0.001164
656	-0.001409	-0.00126	-0.001128
657	-0.001458	-0.001263	-0.00119
658	-0.001627	-0.001412	-0.001322
659	-0.001881	-0.001665	-0.001505
660	-0.00216	-0.00194	-0.001763
661	-0.002464	-0.002239	-0.002094
662	-0.00276	-0.002515	-0.00238
663	-0.003045	-0.002758	-0.0026
664	-0.003251	-0.002935	-0.002788
665	-0.0033	-0.002976	-0.002909
666	-0.003354	-0.003039	-0.003006
667	-0.003427	-0.00317	-0.003029
668	-0.003485	-0.003282	-0.003058
669	-0.003463	-0.003305	-0.003119
670	-0.003439	-0.003322	-0.003168
671	-0.003402	-0.003281	-0.003096
672	-0.003365	-0.003239	-0.003024
673	-0.003303	-0.003116	-0.002902
674	-0.003241	-0.002992	-0.002781
675	-0.00323	-0.003003	-0.002832
676	-0.003223	-0.003026	-0.002898
677	-0.003247	-0.002986	-0.002843
678	-0.003276	-0.002934	-0.002766
679	-0.003266	-0.002926	-0.002743
680	-0.003243	-0.002933	-0.002738
681	-0.003254	-0.002946	-0.002757
682	-0.003281	-0.002963	-0.002786
683	-0.003261	-0.002922	-0.002778
684	-0.003211	-0.002844	-0.002746
685	-0.003215	-0.002836	-0.002755
686	-0.003264	-0.002889	-0.0028
687	-0.003303	-0.002935	-0.002866
688	-0.003328	-0.002974	-0.002958
689	-0.003341	-0.003028	-0.002988
690	-0.003337	-0.003106	-0.002918
691	-0.003316	-0.003126	-0.002854
692	-0.003259	-0.003016	-0.002801
693	-0.003226	-0.002929	-0.002768
694	-0.003272	-0.002912	-0.002795
695	-0.003303	-0.00289	-0.002815
696	-0.003266	-0.002844	-0.002798
697	-0.00323	-0.002807	-0.002782
698	-0.003199	-0.002855	-0.002773
699	-0.00317	-0.002904	-0.002766
700	-0.003223	-0.002943	-0.002821
701	-0.003275	-0.002982	-0.002877
702	-0.003301	-0.003061	-0.002958
703	-0.003326	-0.003142	-0.003041
704	-0.003468	-0.003247	-0.003211
705	-0.003624	-0.003355	-0.003391
706	-0.003735	-0.003429	-0.003452
707	-0.003838	-0.003495	-0.003489
708	-0.003962	-0.003608	-0.003541
709	-0.004092	-0.003734	-0.003597
710	-0.004219	-0.003858	-0.003732
711	-0.004346	-0.003979	-0.003899
712	-0.004458	-0.004148	-0.003979
713	-0.004562	-0.004343	-0.004011
714	-0.004724	-0.00454	-0.0042
715	-0.004928	-0.004741	-0.004502
716	-0.005107	-0.004923	-0.0047
717	-0.005265	-0.005088	-0.004801
718	-0.005538	-0.005317	-0.005001
719	-0.005945	-0.005622	-0.005319
720	-0.006367	-0.006016	-0.005679
[LOG]
CHECKSUMF>