[HEADER]
Format	J&M ASCII Table
Comment	
Date	20/08/2026 15:16:27
Order	Y (evenX)
TechType	UV
NumPoints	411
FirstX	310
LastX	720
XType	nm
YType	Absorbance
ZType	s
NumSubFile	3
Matrix	Z vs X
[LOGIN]
Name=pcbob
[INSTRUMENT]
Name=TIDAS E Base UV/VI
Detector=MMS - ASPEN 97,5 kHz
Diodearray=256 Pixel
Serial#=36584
Calibrated=2011-07-01
Range=183.81-729.88 [nm] (F0)

SWVersion=v3.18.2 (build 0)[LOGIN]
Name=pcbob
[CONFIG]
ChannelName=Channel 1
ChannelType=Normalized
[PARAMETER]
It=330,00
Aver=5
Norm=3
Range=310,0-720,0 nm
Scan=Time
ScanTime=5,00 s
[TRIGGER]
Sweep=0
Scan=0
[DIO]
DigOut=0x0000
DigIn=0x0000
[DATA]
	00:00:00,000	00:00:01,650	00:00:03,300
310	0.835719	0.835533	0.835549
311	0.818611	0.818356	0.818468
312	0.801982	0.80166	0.801875
313	0.78586	0.785514	0.785767
314	0.770438	0.770129	0.770333
315	0.755144	0.754872	0.75502
316	0.740254	0.740015	0.740093
317	0.72541	0.725199	0.725217
318	0.711258	0.710987	0.711106
319	0.697106	0.696774	0.696996
320	0.683367	0.683093	0.683259
321	0.669681	0.66948	0.669572
322	0.656326	0.656145	0.656236
323	0.643108	0.642925	0.643046
324	0.629994	0.629813	0.629973
325	0.616971	0.616797	0.617004
326	0.604095	0.603947	0.604188
327	0.591485	0.591402	0.591652
328	0.57894	0.578904	0.579161
329	0.566697	0.566622	0.566879
330	0.554455	0.55434	0.554599
331	0.542672	0.542436	0.542772
332	0.530889	0.530532	0.530945
333	0.519366	0.519026	0.51943
334	0.507899	0.507606	0.507981
335	0.496699	0.496496	0.496856
336	0.485644	0.485554	0.485908
337	0.474887	0.474842	0.475199
338	0.464463	0.464385	0.464757
339	0.454162	0.454053	0.454438
340	0.444153	0.444016	0.444411
341	0.434188	0.434032	0.434444
342	0.424536	0.424427	0.424907
343	0.414885	0.414823	0.415371
344	0.405817	0.405796	0.406307
345	0.396781	0.396801	0.397268
346	0.388043	0.387996	0.388562
347	0.379393	0.379247	0.379953
348	0.370928	0.370754	0.371528
349	0.362588	0.362433	0.363226
350	0.354409	0.354242	0.355067
351	0.346447	0.346227	0.347101
352	0.338601	0.338349	0.339242
353	0.331097	0.330877	0.331699
354	0.323617	0.323432	0.324196
355	0.316429	0.316291	0.317169
356	0.30924	0.309149	0.310142
357	0.302507	0.302436	0.303334
358	0.295821	0.295767	0.296549
359	0.289343	0.289255	0.290022
360	0.282941	0.2828	0.283589
361	0.276602	0.276469	0.277305
362	0.270313	0.270235	0.271139
363	0.26415	0.264115	0.265043
364	0.258187	0.258175	0.259059
365	0.252328	0.252332	0.253186
366	0.246852	0.24684	0.247719
367	0.241378	0.241352	0.242256
368	0.235962	0.235916	0.236889
369	0.230545	0.23048	0.231523
370	0.225358	0.225353	0.226352
371	0.220204	0.220271	0.221209
372	0.215173	0.215214	0.216179
373	0.210193	0.210168	0.211197
374	0.205302	0.205252	0.206319
375	0.20049	0.20045	0.201534
376	0.195785	0.195753	0.196822
377	0.19127	0.191241	0.19224
378	0.186764	0.186739	0.18769
379	0.182297	0.182277	0.183268
380	0.177836	0.17782	0.178851
381	0.17359	0.173584	0.174631
382	0.169344	0.169348	0.170412
383	0.165157	0.16519	0.166248
384	0.16098	0.161046	0.162093
385	0.156984	0.157053	0.158096
386	0.153071	0.153128	0.154171
387	0.149254	0.149284	0.150364
388	0.145526	0.145515	0.146667
389	0.141761	0.141728	0.142936
390	0.137929	0.137905	0.139139
391	0.134159	0.134142	0.135386
392	0.130677	0.130651	0.131833
393	0.127196	0.127164	0.128284
394	0.123876	0.123917	0.125025
395	0.120556	0.120669	0.121766
396	0.11729	0.117415	0.118508
397	0.114034	0.11416	0.115251
398	0.11088	0.110977	0.112105
399	0.107774	0.107829	0.109011
400	0.104725	0.104767	0.106003
401	0.101731	0.101786	0.103076
402	0.098835	0.098902	0.100209
403	0.096124	0.096199	0.097454
404	0.093422	0.093501	0.094725
405	0.090757	0.09082	0.09211
406	0.088094	0.08814	0.089493
407	0.085502	0.085505	0.086847
408	0.082911	0.08287	0.084201
409	0.080253	0.08023	0.081559
410	0.077585	0.077588	0.078917
411	0.075042	0.075043	0.076377
412	0.072557	0.072542	0.073882
413	0.070083	0.070058	0.071417
414	0.067618	0.067589	0.068978
415	0.065192	0.065168	0.06658
416	0.062834	0.062832	0.064251
417	0.060451	0.060468	0.061891
418	0.05797	0.057997	0.059408
419	0.055495	0.055532	0.056932
420	0.053179	0.053237	0.054624
421	0.050863	0.050943	0.052316
422	0.04875	0.048795	0.050239
423	0.046665	0.046668	0.048194
424	0.044681	0.044676	0.046193
425	0.042737	0.042738	0.044209
426	0.040689	0.040709	0.042145
427	0.038558	0.038607	0.040016
428	0.036443	0.036504	0.037926
429	0.034352	0.034403	0.035894
430	0.032311	0.032359	0.033904
431	0.030433	0.030508	0.032051
432	0.028565	0.028664	0.03021
433	0.026823	0.026922	0.028508
434	0.025081	0.025181	0.026806
435	0.023413	0.02345	0.025088
436	0.021752	0.021719	0.02337
437	0.020031	0.020011	0.021651
438	0.018289	0.01831	0.019932
439	0.016547	0.016597	0.018223
440	0.014805	0.014876	0.016522
441	0.013157	0.013243	0.014895
442	0.011628	0.011723	0.013362
443	0.010082	0.010185	0.011828
444	0.008496	0.008603	0.010293
445	0.006931	0.007039	0.008765
446	0.005512	0.005598	0.007291
447	0.004094	0.004157	0.005817
448	0.002621	0.002705	0.004351
449	0.001147	0.001253	0.002886
450	-0.000297	-0.000194	0.001437
451	-0.001733	-0.001641	-0.000008
452	-0.003106	-0.003011	-0.001393
453	-0.004446	-0.00434	-0.002746
454	-0.005762	-0.005649	-0.004055
455	-0.007057	-0.006936	-0.005321
456	-0.008291	-0.008165	-0.006532
457	-0.009414	-0.009285	-0.007639
458	-0.010539	-0.010406	-0.008749
459	-0.011676	-0.011534	-0.009873
460	-0.01281	-0.01266	-0.010994
461	-0.013899	-0.013766	-0.012061
462	-0.014987	-0.014872	-0.013127
463	-0.016017	-0.015891	-0.01413
464	-0.01704	-0.016899	-0.015125
465	-0.018087	-0.017927	-0.016162
466	-0.019144	-0.018963	-0.017214
467	-0.020185	-0.020015	-0.01826
468	-0.021216	-0.021078	-0.019302
469	-0.022287	-0.022161	-0.020363
470	-0.02341	-0.023271	-0.02145
471	-0.024517	-0.024375	-0.022527
472	-0.025578	-0.02546	-0.02358
473	-0.026644	-0.026544	-0.024634
474	-0.027749	-0.027623	-0.025691
475	-0.028854	-0.028702	-0.026749
476	-0.029797	-0.029701	-0.027753
477	-0.030738	-0.030699	-0.028755
478	-0.031773	-0.031659	-0.029807
479	-0.032828	-0.032611	-0.030869
480	-0.033879	-0.033666	-0.031931
481	-0.034929	-0.034767	-0.032993
482	-0.035925	-0.035807	-0.034004
483	-0.036874	-0.036795	-0.034971
484	-0.037738	-0.037666	-0.035829
485	-0.03847	-0.038353	-0.036517
486	-0.039191	-0.039036	-0.037207
487	-0.039873	-0.039709	-0.037909
488	-0.040555	-0.040384	-0.038608
489	-0.041233	-0.04108	-0.039287
490	-0.04191	-0.041777	-0.039967
491	-0.042711	-0.042546	-0.04074
492	-0.043518	-0.04332	-0.041519
493	-0.044219	-0.044	-0.042172
494	-0.044894	-0.044657	-0.042794
495	-0.045545	-0.045338	-0.043429
496	-0.046184	-0.046032	-0.044071
497	-0.046836	-0.04668	-0.044719
498	-0.047498	-0.047285	-0.045372
499	-0.048158	-0.047917	-0.046011
500	-0.048811	-0.048596	-0.046624
501	-0.049445	-0.049253	-0.047235
502	-0.050012	-0.049832	-0.047837
503	-0.050581	-0.050414	-0.048441
504	-0.051177	-0.051027	-0.049079
505	-0.051773	-0.051639	-0.049716
506	-0.05242	-0.052307	-0.050357
507	-0.05307	-0.052978	-0.050998
508	-0.053713	-0.053596	-0.051622
509	-0.054355	-0.054201	-0.052241
510	-0.054993	-0.054825	-0.052857
511	-0.055628	-0.055458	-0.053473
512	-0.056224	-0.05606	-0.054077
513	-0.056782	-0.056634	-0.054671
514	-0.057339	-0.057201	-0.055244
515	-0.057893	-0.057757	-0.055785
516	-0.058431	-0.058289	-0.056311
517	-0.058919	-0.058745	-0.056793
518	-0.059409	-0.05921	-0.057276
519	-0.05991	-0.059755	-0.057756
520	-0.06041	-0.0603	-0.058237
521	-0.060951	-0.060827	-0.058805
522	-0.061493	-0.061355	-0.059376
523	-0.062039	-0.061876	-0.059902
524	-0.062585	-0.062395	-0.06042
525	-0.063036	-0.062836	-0.060867
526	-0.063446	-0.063244	-0.061285
527	-0.063881	-0.063688	-0.061726
528	-0.064336	-0.064161	-0.062186
529	-0.064779	-0.064599	-0.06262
530	-0.065205	-0.064991	-0.06302
531	-0.065611	-0.065376	-0.063412
532	-0.065968	-0.065742	-0.063785
533	-0.066325	-0.066114	-0.064156
534	-0.066685	-0.066516	-0.064523
535	-0.067046	-0.066917	-0.06489
536	-0.067453	-0.067292	-0.065292
537	-0.06786	-0.067668	-0.065694
538	-0.068207	-0.067996	-0.066056
539	-0.068546	-0.068319	-0.066412
540	-0.068879	-0.068671	-0.066758
541	-0.06921	-0.069033	-0.067101
542	-0.069513	-0.069354	-0.067389
543	-0.069798	-0.06965	-0.067644
544	-0.070123	-0.069966	-0.067947
545	-0.070486	-0.0703	-0.068298
546	-0.070855	-0.070656	-0.068659
547	-0.071231	-0.071048	-0.069039
548	-0.071587	-0.071416	-0.069398
549	-0.071878	-0.071713	-0.069691
550	-0.072176	-0.072014	-0.069989
551	-0.072529	-0.072339	-0.070318
552	-0.072882	-0.072665	-0.070647
553	-0.073192	-0.072984	-0.071
554	-0.073501	-0.073303	-0.071353
555	-0.073733	-0.073537	-0.071597
556	-0.073952	-0.073756	-0.071823
557	-0.074235	-0.074052	-0.072107
558	-0.074542	-0.074375	-0.072412
559	-0.074868	-0.07471	-0.072744
560	-0.075206	-0.075052	-0.073092
561	-0.075527	-0.075376	-0.073424
562	-0.075827	-0.07568	-0.073738
563	-0.076151	-0.075989	-0.074076
564	-0.076516	-0.076305	-0.074457
565	-0.076854	-0.07662	-0.074813
566	-0.077101	-0.076935	-0.075089
567	-0.077355	-0.077243	-0.075367
568	-0.077653	-0.077492	-0.075661
569	-0.077951	-0.077742	-0.075956
570	-0.078177	-0.077986	-0.076188
571	-0.078401	-0.078229	-0.076421
572	-0.078684	-0.078536	-0.076731
573	-0.078976	-0.078853	-0.077053
574	-0.079248	-0.07911	-0.07735
575	-0.079514	-0.079348	-0.077639
576	-0.07978	-0.079602	-0.077911
577	-0.080047	-0.079866	-0.078174
578	-0.080274	-0.080105	-0.078403
579	-0.080462	-0.080321	-0.078602
580	-0.080667	-0.080542	-0.078811
581	-0.080897	-0.08077	-0.079035
582	-0.081148	-0.081019	-0.079279
583	-0.081454	-0.08132	-0.079572
584	-0.081756	-0.081617	-0.079865
585	-0.082036	-0.081888	-0.080164
586	-0.082316	-0.082159	-0.08046
587	-0.082579	-0.082417	-0.080681
588	-0.082842	-0.082675	-0.080902
589	-0.083063	-0.082925	-0.081119
590	-0.083282	-0.083175	-0.081335
591	-0.083564	-0.083451	-0.081615
592	-0.083861	-0.083733	-0.081909
593	-0.08412	-0.083993	-0.082169
594	-0.084363	-0.084243	-0.082416
595	-0.084706	-0.084581	-0.082747
596	-0.08512	-0.084981	-0.083137
597	-0.085527	-0.085384	-0.083539
598	-0.085928	-0.085791	-0.083955
599	-0.086313	-0.086172	-0.084349
600	-0.086673	-0.086506	-0.084707
601	-0.086961	-0.086779	-0.085
602	-0.087043	-0.086874	-0.085106
603	-0.087113	-0.086957	-0.085194
604	-0.087108	-0.086964	-0.085176
605	-0.087101	-0.086968	-0.085156
606	-0.087049	-0.086909	-0.085104
607	-0.086997	-0.08685	-0.085053
608	-0.086974	-0.086825	-0.085024
609	-0.086954	-0.086802	-0.084996
610	-0.086946	-0.086792	-0.085026
611	-0.086941	-0.086785	-0.08507
612	-0.087005	-0.08685	-0.085115
613	-0.087096	-0.086942	-0.08516
614	-0.087208	-0.087042	-0.085275
615	-0.087333	-0.087146	-0.085433
616	-0.087446	-0.087229	-0.085569
617	-0.087547	-0.087293	-0.085682
618	-0.087704	-0.087455	-0.085843
619	-0.087945	-0.087764	-0.086072
620	-0.088152	-0.088013	-0.086271
621	-0.088279	-0.088119	-0.086396
622	-0.088402	-0.088229	-0.08652
623	-0.088513	-0.088355	-0.086635
624	-0.088635	-0.088491	-0.08676
625	-0.088861	-0.088726	-0.086977
626	-0.089087	-0.088962	-0.087194
627	-0.089201	-0.089057	-0.087316
628	-0.089314	-0.089151	-0.087437
629	-0.089367	-0.089227	-0.08752
630	-0.089414	-0.089301	-0.087599
631	-0.08955	-0.089426	-0.08771
632	-0.089709	-0.089564	-0.08783
633	-0.089844	-0.089702	-0.087973
634	-0.089969	-0.08984	-0.088126
635	-0.090129	-0.089976	-0.088279
636	-0.090311	-0.090109	-0.088432
637	-0.090464	-0.090242	-0.088584
638	-0.090589	-0.090374	-0.088733
639	-0.090701	-0.090487	-0.088853
640	-0.090793	-0.090571	-0.088929
641	-0.090907	-0.090688	-0.089034
642	-0.091067	-0.090876	-0.089203
643	-0.091208	-0.091037	-0.089344
644	-0.091285	-0.091101	-0.089383
645	-0.091375	-0.09118	-0.08944
646	-0.091561	-0.091359	-0.089618
647	-0.091748	-0.091538	-0.0898
648	-0.091981	-0.091751	-0.090069
649	-0.092213	-0.091964	-0.090338
650	-0.092517	-0.092253	-0.090642
651	-0.092826	-0.092547	-0.090948
652	-0.092979	-0.092767	-0.09117
653	-0.093105	-0.092975	-0.091377
654	-0.093153	-0.093058	-0.091449
655	-0.093176	-0.093103	-0.091478
656	-0.093304	-0.093213	-0.091587
657	-0.093481	-0.093355	-0.091734
658	-0.09373	-0.093625	-0.092015
659	-0.094029	-0.093984	-0.09239
660	-0.094315	-0.094283	-0.092684
661	-0.094587	-0.094522	-0.092897
662	-0.094764	-0.094659	-0.093013
663	-0.094808	-0.094652	-0.092994
664	-0.09479	-0.094609	-0.09296
665	-0.094648	-0.094491	-0.092896
666	-0.094542	-0.094409	-0.09282
667	-0.094544	-0.094433	-0.092711
668	-0.094554	-0.094454	-0.092635
669	-0.094597	-0.094459	-0.092727
670	-0.094645	-0.094472	-0.092821
671	-0.094744	-0.09457	-0.092937
672	-0.094843	-0.094669	-0.093054
673	-0.094993	-0.094823	-0.093134
674	-0.095143	-0.094977	-0.093213
675	-0.09534	-0.095189	-0.093471
676	-0.09554	-0.095405	-0.093743
677	-0.09572	-0.095577	-0.093933
678	-0.095895	-0.09574	-0.094108
679	-0.096093	-0.095969	-0.094341
680	-0.096299	-0.09622	-0.094592
681	-0.096593	-0.096506	-0.09488
682	-0.096928	-0.096808	-0.095185
683	-0.097228	-0.097101	-0.095504
684	-0.097507	-0.097387	-0.095832
685	-0.097801	-0.097691	-0.096148
686	-0.09811	-0.09801	-0.096455
687	-0.098417	-0.098307	-0.096731
688	-0.098724	-0.098578	-0.09697
689	-0.099022	-0.098848	-0.097233
690	-0.099307	-0.099114	-0.097536
691	-0.099582	-0.099387	-0.097854
692	-0.099835	-0.099673	-0.098204
693	-0.100135	-0.099996	-0.098544
694	-0.100579	-0.100434	-0.098853
695	-0.101013	-0.100865	-0.099187
696	-0.101395	-0.101262	-0.099641
697	-0.10177	-0.101648	-0.100078
698	-0.102078	-0.101934	-0.10037
699	-0.102387	-0.102224	-0.100666
700	-0.102758	-0.10265	-0.101072
701	-0.103128	-0.103076	-0.101478
702	-0.103623	-0.103493	-0.101986
703	-0.104122	-0.103909	-0.102498
704	-0.104454	-0.104271	-0.10287
705	-0.104766	-0.104626	-0.103226
706	-0.105312	-0.105237	-0.103677
707	-0.105905	-0.105899	-0.104148
708	-0.1062	-0.106169	-0.10448
709	-0.106405	-0.10632	-0.10477
710	-0.106982	-0.106872	-0.105404
711	-0.107714	-0.107593	-0.106183
712	-0.108361	-0.108163	-0.106805
713	-0.10896	-0.10865	-0.10734
714	-0.109489	-0.109111	-0.107766
715	-0.109966	-0.109554	-0.108113
716	-0.110446	-0.110087	-0.108612
717	-0.110929	-0.110702	-0.109252
718	-0.111353	-0.111269	-0.109774
719	-0.111707	-0.111777	-0.110158
720	-0.112396	-0.112438	-0.110757
[LOG]
CHECKSUMo¨