[HEADER]
Format	J&M ASCII Table
Comment	
Date	20/08/2026 15:20:23
Order	Y (evenX)
TechType	UV
NumPoints	411
FirstX	310
LastX	720
XType	nm
YType	Absorbance
ZType	s
NumSubFile	3
Matrix	Z vs X
[LOGIN]
Name=pcbob
[INSTRUMENT]
Name=TIDAS E Base UV/VI
Detector=MMS - ASPEN 97,5 kHz
Diodearray=256 Pixel
Serial#=36584
Calibrated=2011-07-01
Range=183.81-729.88 [nm] (F0)

SWVersion=v3.18.2 (build 0)[LOGIN]
Name=pcbob
[CONFIG]
ChannelName=Channel 1
ChannelType=Normalized
[PARAMETER]
It=330,00
Aver=5
Norm=3
Range=310,0-720,0 nm
Scan=Time
ScanTime=5,00 s
[TRIGGER]
Sweep=0
Scan=0
[DIO]
DigOut=0x0000
DigIn=0x0000
[DATA]
	00:00:00,000	00:00:01,650	00:00:03,300
310	0.817823	0.817582	0.817574
311	0.800749	0.800511	0.800511
312	0.784253	0.784069	0.78399
313	0.768094	0.76794	0.767802
314	0.752402	0.752245	0.752074
315	0.736897	0.736757	0.736566
316	0.721984	0.721922	0.72175
317	0.707123	0.707136	0.706982
318	0.693032	0.693062	0.692924
319	0.67894	0.678989	0.678865
320	0.665428	0.665423	0.665222
321	0.65199	0.651922	0.651632
322	0.638678	0.638583	0.638319
323	0.625417	0.625311	0.625119
324	0.612428	0.612344	0.612219
325	0.599681	0.599648	0.599582
326	0.587124	0.587099	0.587055
327	0.574914	0.574817	0.574727
328	0.562758	0.562609	0.562475
329	0.550857	0.55074	0.550571
330	0.538955	0.538872	0.538669
331	0.527607	0.527536	0.527417
332	0.516258	0.5162	0.516166
333	0.505176	0.50512	0.505032
334	0.494151	0.494094	0.493923
335	0.483482	0.483471	0.48324
336	0.473005	0.473065	0.472788
337	0.462828	0.462921	0.462645
338	0.452985	0.45307	0.452846
339	0.443257	0.443321	0.443156
340	0.4338	0.433814	0.433722
341	0.424396	0.424364	0.424333
342	0.415367	0.415318	0.415273
343	0.406339	0.406271	0.406213
344	0.397631	0.397579	0.397529
345	0.38894	0.388907	0.388865
346	0.380645	0.380612	0.38056
347	0.372466	0.372429	0.372359
348	0.364444	0.364387	0.364298
349	0.356526	0.35644	0.356329
350	0.34875	0.348632	0.348521
351	0.341165	0.341015	0.340931
352	0.333707	0.333521	0.333465
353	0.326626	0.326393	0.32637
354	0.319562	0.319287	0.319291
355	0.312707	0.312449	0.312386
356	0.305853	0.305612	0.305481
357	0.299282	0.299084	0.298957
358	0.292741	0.29259	0.292472
359	0.286399	0.286301	0.286181
360	0.280129	0.280089	0.27996
361	0.273954	0.27396	0.273812
362	0.267853	0.267896	0.267722
363	0.261863	0.261916	0.261716
364	0.256047	0.256066	0.255844
365	0.250323	0.250314	0.250077
366	0.244933	0.244916	0.244695
367	0.239547	0.239519	0.239315
368	0.234228	0.23415	0.233993
369	0.228908	0.22878	0.22867
370	0.223782	0.223676	0.223528
371	0.218683	0.218609	0.218413
372	0.213689	0.213598	0.213382
373	0.208739	0.20861	0.208388
374	0.203904	0.20378	0.203533
375	0.199169	0.199088	0.1988
376	0.194508	0.194433	0.19412
377	0.189976	0.189844	0.189532
378	0.185461	0.185281	0.184976
379	0.181024	0.180831	0.180552
380	0.176591	0.176385	0.176132
381	0.172327	0.17215	0.171855
382	0.168063	0.167915	0.167577
383	0.163894	0.163756	0.163415
384	0.159741	0.159611	0.159272
385	0.15575	0.155617	0.155285
386	0.151833	0.151692	0.151369
387	0.14805	0.147898	0.147556
388	0.144394	0.144226	0.143837
389	0.140677	0.14051	0.140096
390	0.13685	0.136712	0.136313
391	0.133088	0.132968	0.132581
392	0.129621	0.129467	0.129085
393	0.126158	0.12597	0.125592
394	0.122959	0.122795	0.12241
395	0.11976	0.119621	0.119229
396	0.116561	0.116392	0.115957
397	0.113361	0.113152	0.112668
398	0.110242	0.110042	0.109572
399	0.10716	0.106993	0.106567
400	0.104181	0.104009	0.103586
401	0.1013	0.101087	0.10063
402	0.098484	0.098238	0.097748
403	0.095791	0.095526	0.095002
404	0.093109	0.092835	0.092282
405	0.090482	0.090235	0.089672
406	0.087856	0.087636	0.087062
407	0.08527	0.085057	0.084475
408	0.082683	0.082478	0.081887
409	0.080084	0.079872	0.079311
410	0.077483	0.077261	0.076736
411	0.075005	0.074795	0.074214
412	0.072584	0.072394	0.071714
413	0.070186	0.069983	0.069263
414	0.067809	0.067563	0.066855
415	0.065466	0.065194	0.06449
416	0.063184	0.062914	0.062202
417	0.060879	0.060621	0.059898
418	0.058488	0.058273	0.057529
419	0.056104	0.055929	0.055164
420	0.053887	0.053694	0.052886
421	0.05167	0.051459	0.050607
422	0.049644	0.049422	0.048574
423	0.047645	0.047413	0.046576
424	0.045704	0.045438	0.044613
425	0.043785	0.043477	0.042663
426	0.04178	0.041481	0.040653
427	0.039704	0.039455	0.038593
428	0.037663	0.037438	0.036534
429	0.035674	0.035433	0.034476
430	0.033731	0.033463	0.032476
431	0.031938	0.031607	0.030672
432	0.030154	0.029762	0.028876
433	0.028479	0.028068	0.027178
434	0.026803	0.026373	0.02548
435	0.025106	0.024745	0.023762
436	0.023407	0.023123	0.022043
437	0.021719	0.021417	0.020338
438	0.020035	0.019684	0.018638
439	0.018358	0.018004	0.016982
440	0.016685	0.016359	0.015356
441	0.015119	0.014794	0.013789
442	0.013688	0.013329	0.012298
443	0.012231	0.011851	0.010797
444	0.010709	0.010339	0.00927
445	0.009201	0.008841	0.007763
446	0.007795	0.007445	0.006402
447	0.006388	0.006048	0.005042
448	0.005005	0.004668	0.00359
449	0.003623	0.003289	0.002136
450	0.002229	0.001898	0.000748
451	0.000833	0.000505	-0.000624
452	-0.000489	-0.000807	-0.001941
453	-0.001772	-0.002076	-0.00323
454	-0.003	-0.003349	-0.004495
455	-0.004174	-0.004625	-0.005737
456	-0.005341	-0.00584	-0.006935
457	-0.006492	-0.006941	-0.00805
458	-0.007637	-0.008043	-0.009166
459	-0.008749	-0.009145	-0.010283
460	-0.00986	-0.010245	-0.011397
461	-0.01093	-0.011282	-0.012456
462	-0.012001	-0.012319	-0.013516
463	-0.013018	-0.013334	-0.014571
464	-0.014028	-0.014345	-0.015625
465	-0.015049	-0.01539	-0.016657
466	-0.016073	-0.016446	-0.017682
467	-0.017085	-0.017472	-0.018715
468	-0.01809	-0.018477	-0.019756
469	-0.019135	-0.01953	-0.020843
470	-0.020234	-0.020644	-0.021991
471	-0.021312	-0.021734	-0.023109
472	-0.022337	-0.022762	-0.02415
473	-0.023359	-0.023788	-0.025185
474	-0.024354	-0.024796	-0.026179
475	-0.02535	-0.025803	-0.027173
476	-0.026293	-0.026779	-0.028144
477	-0.027235	-0.027755	-0.029115
478	-0.028245	-0.02871	-0.030102
479	-0.02927	-0.029661	-0.031092
480	-0.030299	-0.030695	-0.032087
481	-0.031329	-0.031768	-0.033084
482	-0.032302	-0.032745	-0.034032
483	-0.033226	-0.033637	-0.034938
484	-0.034063	-0.034456	-0.035745
485	-0.034765	-0.035159	-0.036397
486	-0.035467	-0.035864	-0.037058
487	-0.036168	-0.036572	-0.037749
488	-0.036859	-0.03727	-0.038444
489	-0.037451	-0.037871	-0.039175
490	-0.038044	-0.038472	-0.039905
491	-0.038812	-0.039267	-0.040702
492	-0.039589	-0.040072	-0.041502
493	-0.040277	-0.040766	-0.042201
494	-0.040943	-0.041432	-0.042876
495	-0.0416	-0.042058	-0.043534
496	-0.042251	-0.042663	-0.044183
497	-0.042889	-0.043292	-0.044835
498	-0.043515	-0.043943	-0.045488
499	-0.044147	-0.044595	-0.046137
500	-0.04479	-0.045249	-0.046779
501	-0.045417	-0.045882	-0.047409
502	-0.045989	-0.046449	-0.047996
503	-0.046565	-0.047022	-0.04859
504	-0.047192	-0.047664	-0.049249
505	-0.04782	-0.048306	-0.049907
506	-0.04846	-0.048935	-0.050562
507	-0.049101	-0.049562	-0.051216
508	-0.049732	-0.050185	-0.051794
509	-0.05036	-0.050805	-0.052354
510	-0.050934	-0.051397	-0.052953
511	-0.05148	-0.051975	-0.053573
512	-0.052037	-0.052544	-0.054149
513	-0.052604	-0.053107	-0.054685
514	-0.053142	-0.053648	-0.055218
515	-0.053632	-0.054155	-0.055748
516	-0.054124	-0.054654	-0.056265
517	-0.054621	-0.055129	-0.056742
518	-0.055116	-0.055606	-0.057222
519	-0.0556	-0.056096	-0.057723
520	-0.056084	-0.056587	-0.058224
521	-0.05659	-0.057119	-0.058754
522	-0.057097	-0.057653	-0.059285
523	-0.057618	-0.058173	-0.059784
524	-0.058141	-0.058691	-0.060277
525	-0.058616	-0.059145	-0.060749
526	-0.05907	-0.05957	-0.061213
527	-0.059509	-0.059993	-0.061646
528	-0.059935	-0.060413	-0.062055
529	-0.060356	-0.060836	-0.062467
530	-0.060769	-0.061262	-0.062884
531	-0.061176	-0.061672	-0.063288
532	-0.061572	-0.062042	-0.063661
533	-0.061959	-0.062413	-0.064038
534	-0.062296	-0.062791	-0.064432
535	-0.062635	-0.063169	-0.064826
536	-0.063048	-0.063575	-0.065228
537	-0.063461	-0.063981	-0.065631
538	-0.063855	-0.064368	-0.065968
539	-0.064247	-0.064752	-0.066297
540	-0.06461	-0.065089	-0.066631
541	-0.064965	-0.06541	-0.066967
542	-0.065292	-0.065745	-0.067295
543	-0.065603	-0.066088	-0.067618
544	-0.065932	-0.066429	-0.06796
545	-0.06628	-0.066769	-0.068321
546	-0.066634	-0.067117	-0.068676
547	-0.067	-0.067475	-0.069019
548	-0.067345	-0.067816	-0.069354
549	-0.067622	-0.068097	-0.069665
550	-0.067908	-0.068384	-0.069982
551	-0.068259	-0.068712	-0.07034
552	-0.06861	-0.06904	-0.070699
553	-0.068931	-0.069374	-0.071003
554	-0.069252	-0.069708	-0.071307
555	-0.069493	-0.069964	-0.071546
556	-0.069721	-0.070207	-0.071775
557	-0.070001	-0.070471	-0.072031
558	-0.070298	-0.070743	-0.072298
559	-0.070629	-0.071072	-0.072627
560	-0.070981	-0.071439	-0.072997
561	-0.071294	-0.071756	-0.07332
562	-0.071565	-0.07202	-0.073591
563	-0.071871	-0.072322	-0.073892
564	-0.072238	-0.072691	-0.074245
565	-0.072589	-0.07304	-0.074571
566	-0.072888	-0.073325	-0.074807
567	-0.073186	-0.073611	-0.075045
568	-0.073472	-0.073907	-0.075298
569	-0.073758	-0.074204	-0.075551
570	-0.073989	-0.074435	-0.075757
571	-0.074219	-0.074665	-0.075962
572	-0.074548	-0.074948	-0.076224
573	-0.074892	-0.075238	-0.076495
574	-0.075189	-0.075534	-0.076761
575	-0.075471	-0.075831	-0.077024
576	-0.075733	-0.076103	-0.077287
577	-0.075984	-0.076359	-0.077549
578	-0.076243	-0.076603	-0.077773
579	-0.076509	-0.076834	-0.077963
580	-0.076753	-0.077069	-0.078163
581	-0.076966	-0.077312	-0.078379
582	-0.077209	-0.077571	-0.078628
583	-0.077536	-0.077872	-0.078959
584	-0.077852	-0.078171	-0.079287
585	-0.078115	-0.078462	-0.079598
586	-0.078378	-0.07875	-0.079907
587	-0.078615	-0.078988	-0.08015
588	-0.078852	-0.079226	-0.080394
589	-0.079103	-0.079463	-0.080662
590	-0.079354	-0.0797	-0.080933
591	-0.079625	-0.079981	-0.081198
592	-0.079899	-0.080271	-0.081461
593	-0.080133	-0.080521	-0.081702
594	-0.080349	-0.080753	-0.081932
595	-0.080658	-0.08107	-0.08226
596	-0.08103	-0.081445	-0.082656
597	-0.081421	-0.081826	-0.083062
598	-0.081832	-0.082212	-0.083482
599	-0.082218	-0.082586	-0.083871
600	-0.082561	-0.082937	-0.084208
601	-0.082835	-0.083212	-0.08447
602	-0.082908	-0.083266	-0.084514
603	-0.082959	-0.08331	-0.08455
604	-0.082884	-0.083289	-0.084531
605	-0.082811	-0.083266	-0.084511
606	-0.082769	-0.083163	-0.084443
607	-0.082727	-0.083061	-0.084375
608	-0.082702	-0.083082	-0.084384
609	-0.082679	-0.083113	-0.084399
610	-0.082682	-0.083109	-0.084409
611	-0.082691	-0.083098	-0.084418
612	-0.08279	-0.083185	-0.084482
613	-0.082926	-0.083312	-0.084569
614	-0.08301	-0.08339	-0.084653
615	-0.083062	-0.083436	-0.084736
616	-0.083154	-0.083524	-0.084846
617	-0.083286	-0.083651	-0.084982
618	-0.083479	-0.083833	-0.08517
619	-0.083761	-0.084095	-0.085438
620	-0.083996	-0.084329	-0.085674
621	-0.08412	-0.084495	-0.085833
622	-0.084239	-0.084644	-0.085991
623	-0.084338	-0.084724	-0.086142
624	-0.084449	-0.084817	-0.086296
625	-0.084675	-0.085043	-0.086475
626	-0.084901	-0.085269	-0.086654
627	-0.08502	-0.085444	-0.086793
628	-0.085138	-0.08562	-0.086932
629	-0.085221	-0.085707	-0.087052
630	-0.0853	-0.085784	-0.087169
631	-0.085439	-0.085924	-0.087356
632	-0.085592	-0.08608	-0.087561
633	-0.085769	-0.08622	-0.087688
634	-0.085956	-0.086352	-0.08778
635	-0.08611	-0.086527	-0.087942
636	-0.086242	-0.08673	-0.088151
637	-0.08639	-0.086889	-0.08833
638	-0.086553	-0.087003	-0.088481
639	-0.086698	-0.087126	-0.088599
640	-0.086817	-0.087263	-0.08867
641	-0.086955	-0.087401	-0.088783
642	-0.08714	-0.087541	-0.088989
643	-0.087293	-0.08767	-0.089157
644	-0.087336	-0.087758	-0.089197
645	-0.087398	-0.087857	-0.089251
646	-0.087597	-0.088042	-0.08941
647	-0.087797	-0.088227	-0.089572
648	-0.088049	-0.088452	-0.089845
649	-0.088302	-0.088677	-0.090117
650	-0.088685	-0.089015	-0.090383
651	-0.089076	-0.089359	-0.090647
652	-0.089272	-0.089557	-0.090723
653	-0.089434	-0.08973	-0.090765
654	-0.089526	-0.089833	-0.090816
655	-0.089596	-0.089914	-0.090871
656	-0.089714	-0.090031	-0.090976
657	-0.089855	-0.090164	-0.091107
658	-0.090096	-0.090411	-0.09138
659	-0.090409	-0.090737	-0.091754
660	-0.090684	-0.091016	-0.092085
661	-0.090923	-0.091247	-0.092374
662	-0.091029	-0.091379	-0.092577
663	-0.090946	-0.09137	-0.092657
664	-0.090858	-0.091326	-0.092695
665	-0.090755	-0.091208	-0.092647
666	-0.090681	-0.091122	-0.092601
667	-0.090695	-0.091134	-0.092557
668	-0.090713	-0.09115	-0.092527
669	-0.090752	-0.091184	-0.092564
670	-0.090799	-0.091228	-0.09261
671	-0.090949	-0.091396	-0.092753
672	-0.091098	-0.091564	-0.092896
673	-0.091187	-0.091641	-0.093021
674	-0.091275	-0.091718	-0.093147
675	-0.091522	-0.091956	-0.093377
676	-0.091783	-0.092209	-0.093615
677	-0.091939	-0.092354	-0.093766
678	-0.092076	-0.092479	-0.0939
679	-0.092287	-0.092712	-0.094123
680	-0.092522	-0.092978	-0.094372
681	-0.09283	-0.093288	-0.094693
682	-0.093172	-0.093619	-0.095045
683	-0.093496	-0.093947	-0.095368
684	-0.09381	-0.094273	-0.095671
685	-0.094112	-0.094597	-0.095943
686	-0.094404	-0.094918	-0.096187
687	-0.094711	-0.095189	-0.09647
688	-0.095036	-0.095402	-0.096798
689	-0.095325	-0.095644	-0.097103
690	-0.095559	-0.09593	-0.097369
691	-0.095814	-0.096225	-0.097631
692	-0.096116	-0.096541	-0.097885
693	-0.096457	-0.096884	-0.098186
694	-0.096922	-0.097312	-0.09864
695	-0.097373	-0.097736	-0.099078
696	-0.097758	-0.09814	-0.099435
697	-0.09813	-0.098529	-0.099784
698	-0.098384	-0.098781	-0.100053
699	-0.098645	-0.099039	-0.100329
700	-0.099103	-0.099443	-0.100823
701	-0.099561	-0.099848	-0.101316
702	-0.099934	-0.100219	-0.101682
703	-0.100304	-0.100589	-0.102042
704	-0.100645	-0.100973	-0.102338
705	-0.100982	-0.101358	-0.102627
706	-0.1015	-0.101926	-0.103142
707	-0.102054	-0.102531	-0.103702
708	-0.102368	-0.102828	-0.103998
709	-0.10261	-0.103032	-0.104213
710	-0.103175	-0.103511	-0.104737
711	-0.103876	-0.104105	-0.105391
712	-0.104378	-0.104608	-0.105939
713	-0.104768	-0.10506	-0.106427
714	-0.10507	-0.105411	-0.106825
715	-0.105309	-0.105689	-0.107159
716	-0.105807	-0.106111	-0.107549
717	-0.106545	-0.106664	-0.107994
718	-0.107041	-0.107145	-0.108439
719	-0.107253	-0.10754	-0.108887
720	-0.107761	-0.108153	-0.109566
[LOG]
CHECKSUM‘ñ