[HEADER]
Format	J&M ASCII Table
Comment	
Date	20/08/2026 14:35:33
Order	Y (evenX)
TechType	UV
NumPoints	411
FirstX	310
LastX	720
XType	nm
YType	Absorbance
ZType	s
NumSubFile	3
Matrix	Z vs X
[LOGIN]
Name=pcbob
[INSTRUMENT]
Name=TIDAS E Base UV/VI
Detector=MMS - ASPEN 97,5 kHz
Diodearray=256 Pixel
Serial#=36584
Calibrated=2011-07-01
Range=183.81-729.88 [nm] (F0)

SWVersion=v3.18.2 (build 0)[LOGIN]
Name=pcbob
[CONFIG]
ChannelName=Channel 1
ChannelType=Normalized
[PARAMETER]
It=330,00
Aver=5
Norm=3
Range=310,0-720,0 nm
Scan=Time
ScanTime=5,00 s
[TRIGGER]
Sweep=0
Scan=0
[DIO]
DigOut=0x0000
DigIn=0x0000
[DATA]
	00:00:00,000	00:00:01,650	00:00:03,300
310	0.764875	0.764702	0.764517
311	0.748525	0.74824	0.748104
312	0.732665	0.73221	0.732176
313	0.717217	0.716684	0.716693
314	0.702341	0.701856	0.701829
315	0.687693	0.687243	0.68717
316	0.673765	0.673307	0.673159
317	0.659891	0.659423	0.659209
318	0.646827	0.646312	0.646151
319	0.633763	0.633201	0.633094
320	0.621089	0.6206	0.620463
321	0.608464	0.608065	0.607886
322	0.596243	0.595805	0.59567
323	0.584187	0.583657	0.583603
324	0.572325	0.57178	0.571708
325	0.560634	0.560141	0.559966
326	0.549127	0.548676	0.548446
327	0.537958	0.537528	0.537332
328	0.526834	0.526426	0.52625
329	0.515922	0.515534	0.515314
330	0.50501	0.504643	0.504378
331	0.494615	0.494272	0.494005
332	0.48422	0.483902	0.483632
333	0.474054	0.473761	0.473482
334	0.463936	0.463669	0.463378
335	0.454184	0.453877	0.453622
336	0.444629	0.444249	0.444054
337	0.435259	0.434833	0.434703
338	0.426094	0.425653	0.425594
339	0.417062	0.416603	0.416609
340	0.408342	0.40786	0.407917
341	0.399659	0.399172	0.39926
342	0.39125	0.390882	0.390859
343	0.38284	0.382592	0.382458
344	0.374853	0.374558	0.374484
345	0.366888	0.366539	0.366533
346	0.359216	0.358908	0.358852
347	0.35163	0.351391	0.351251
348	0.34422	0.343995	0.343857
349	0.336929	0.336681	0.336602
350	0.329785	0.329481	0.329464
351	0.322838	0.322436	0.322484
352	0.315942	0.315486	0.315575
353	0.309197	0.308823	0.308879
354	0.302486	0.302186	0.30221
355	0.296172	0.295869	0.295861
356	0.289857	0.289552	0.289513
357	0.283802	0.283476	0.283395
358	0.277775	0.277425	0.277302
359	0.271869	0.271539	0.271478
360	0.266008	0.265714	0.265752
361	0.260224	0.259974	0.259997
362	0.254502	0.254301	0.254217
363	0.248911	0.248728	0.248597
364	0.243526	0.243311	0.243227
365	0.238205	0.237949	0.237914
366	0.233112	0.232784	0.232806
367	0.228024	0.227629	0.227703
368	0.223059	0.222665	0.222724
369	0.218094	0.217701	0.217744
370	0.213282	0.212906	0.212956
371	0.208491	0.208136	0.208196
372	0.203791	0.20344	0.203508
373	0.199129	0.198777	0.198851
374	0.194565	0.194212	0.194283
375	0.190088	0.189733	0.189793
376	0.185714	0.185358	0.185407
377	0.18152	0.181165	0.181204
378	0.177341	0.176995	0.177024
379	0.173218	0.172922	0.172939
380	0.169102	0.168853	0.168858
381	0.165241	0.164957	0.164991
382	0.16138	0.161062	0.161123
383	0.157569	0.157206	0.157286
384	0.153767	0.153357	0.153453
385	0.150093	0.149685	0.149779
386	0.146479	0.146093	0.146179
387	0.142999	0.142609	0.142697
388	0.139644	0.139227	0.139327
389	0.136243	0.135817	0.135913
390	0.132758	0.132358	0.132415
391	0.129334	0.12894	0.128972
392	0.126185	0.12571	0.125773
393	0.12304	0.122484	0.122577
394	0.120114	0.119598	0.11964
395	0.117188	0.116712	0.116703
396	0.114245	0.113813	0.113794
397	0.111299	0.110911	0.110889
398	0.108438	0.10804	0.108017
399	0.105616	0.105183	0.10516
400	0.102852	0.102426	0.102397
401	0.100143	0.099763	0.099723
402	0.097526	0.097163	0.097124
403	0.095082	0.094682	0.094665
404	0.092639	0.092209	0.09222
405	0.090206	0.089773	0.08984
406	0.087774	0.087339	0.087461
407	0.085443	0.084985	0.085107
408	0.083112	0.082632	0.082754
409	0.08077	0.080281	0.080341
410	0.078426	0.077931	0.077918
411	0.076134	0.075711	0.075707
412	0.073865	0.073549	0.07359
413	0.071643	0.071358	0.071426
414	0.069463	0.06914	0.06922
415	0.06734	0.066975	0.067053
416	0.065318	0.064903	0.064952
417	0.063265	0.062808	0.06284
418	0.061087	0.060627	0.060684
419	0.058915	0.058451	0.058533
420	0.056882	0.056418	0.056493
421	0.054848	0.054384	0.054453
422	0.052969	0.052518	0.052583
423	0.051111	0.050675	0.050736
424	0.049313	0.048875	0.048924
425	0.04754	0.047092	0.047126
426	0.045696	0.045224	0.045268
427	0.043796	0.043288	0.043363
428	0.041901	0.041381	0.041467
429	0.040011	0.039517	0.039588
430	0.038173	0.037701	0.037772
431	0.036501	0.036041	0.036161
432	0.034841	0.034391	0.034553
433	0.033329	0.032862	0.03297
434	0.031817	0.031333	0.031386
435	0.03031	0.029832	0.029911
436	0.028803	0.028333	0.028446
437	0.027242	0.026799	0.026921
438	0.025664	0.025253	0.025378
439	0.024191	0.023743	0.023853
440	0.02279	0.022257	0.022339
441	0.021412	0.020855	0.020916
442	0.020063	0.019561	0.019608
443	0.0187	0.01824	0.018279
444	0.017302	0.01685	0.016895
445	0.015915	0.015466	0.015518
446	0.014608	0.014121	0.01418
447	0.013301	0.012777	0.012843
448	0.011974	0.011493	0.011548
449	0.010646	0.010211	0.010254
450	0.009416	0.008965	0.009017
451	0.008209	0.007726	0.007792
452	0.007035	0.006513	0.006601
453	0.00588	0.005314	0.005427
454	0.004752	0.004186	0.004303
455	0.003654	0.003129	0.003228
456	0.002584	0.00208	0.00218
457	0.001568	0.001045	0.001185
458	0.000553	0.000017	0.000181
459	-0.000453	-0.000976	-0.000859
460	-0.001455	-0.001969	-0.001894
461	-0.002372	-0.002942	-0.002818
462	-0.003288	-0.003915	-0.003742
463	-0.00421	-0.0048	-0.004664
464	-0.005134	-0.005674	-0.005586
465	-0.00604	-0.006561	-0.006486
466	-0.006941	-0.007453	-0.007378
467	-0.007887	-0.008402	-0.008292
468	-0.008865	-0.009391	-0.009223
469	-0.009799	-0.01035	-0.010164
470	-0.010673	-0.01127	-0.011118
471	-0.011577	-0.012196	-0.012069
472	-0.012554	-0.013137	-0.01301
473	-0.013522	-0.014075	-0.013947
474	-0.01442	-0.014999	-0.014851
475	-0.015319	-0.015922	-0.015756
476	-0.016159	-0.016753	-0.016642
477	-0.016998	-0.017582	-0.017529
478	-0.017905	-0.018471	-0.018397
479	-0.018826	-0.019372	-0.01926
480	-0.019716	-0.020276	-0.02014
481	-0.020593	-0.021183	-0.021026
482	-0.021449	-0.02203	-0.021898
483	-0.022287	-0.022825	-0.022757
484	-0.023052	-0.023561	-0.023518
485	-0.023703	-0.0242	-0.024125
486	-0.024341	-0.024833	-0.02473
487	-0.024935	-0.025441	-0.025326
488	-0.025529	-0.026047	-0.025923
489	-0.026116	-0.02663	-0.026539
490	-0.026703	-0.027213	-0.027154
491	-0.027341	-0.02789	-0.027787
492	-0.027982	-0.028572	-0.028422
493	-0.028608	-0.029199	-0.02905
494	-0.02923	-0.029813	-0.029677
495	-0.029809	-0.030403	-0.030273
496	-0.030366	-0.030979	-0.030854
497	-0.030943	-0.031534	-0.031421
498	-0.03154	-0.032069	-0.031975
499	-0.032113	-0.032622	-0.032528
500	-0.032648	-0.033207	-0.033078
501	-0.033167	-0.033762	-0.033613
502	-0.033637	-0.034219	-0.034097
503	-0.034114	-0.034689	-0.034588
504	-0.034664	-0.035293	-0.035148
505	-0.035214	-0.035897	-0.035708
506	-0.035829	-0.03646	-0.036299
507	-0.036448	-0.03702	-0.036892
508	-0.037006	-0.037548	-0.037429
509	-0.037549	-0.038069	-0.037952
510	-0.038053	-0.038594	-0.038475
511	-0.038538	-0.039122	-0.038999
512	-0.039049	-0.039638	-0.039505
513	-0.039584	-0.040143	-0.039995
514	-0.040104	-0.040641	-0.040491
515	-0.040602	-0.041129	-0.040995
516	-0.041075	-0.041593	-0.041477
517	-0.041471	-0.041987	-0.04189
518	-0.041871	-0.042389	-0.042306
519	-0.042295	-0.042854	-0.042756
520	-0.042719	-0.043318	-0.043205
521	-0.04321	-0.043775	-0.043633
522	-0.043702	-0.044231	-0.04406
523	-0.044157	-0.044646	-0.04449
524	-0.044604	-0.045053	-0.04492
525	-0.044976	-0.045446	-0.045312
526	-0.045315	-0.045833	-0.045687
527	-0.045692	-0.046233	-0.046096
528	-0.0461	-0.046645	-0.04653
529	-0.046482	-0.047028	-0.046911
530	-0.04683	-0.047373	-0.047219
531	-0.047162	-0.047694	-0.047527
532	-0.047457	-0.047959	-0.047834
533	-0.047745	-0.048229	-0.04814
534	-0.048001	-0.048527	-0.048438
535	-0.048259	-0.048825	-0.048737
536	-0.048613	-0.049162	-0.049075
537	-0.048968	-0.049498	-0.049414
538	-0.049316	-0.049854	-0.049746
539	-0.049664	-0.050212	-0.050077
540	-0.049974	-0.050515	-0.050364
541	-0.050271	-0.050799	-0.050636
542	-0.050533	-0.051023	-0.05089
543	-0.050773	-0.051212	-0.051133
544	-0.051056	-0.051488	-0.05143
545	-0.051381	-0.051853	-0.051781
546	-0.051717	-0.052214	-0.052131
547	-0.05207	-0.052568	-0.052482
548	-0.052403	-0.052899	-0.05281
549	-0.052678	-0.053155	-0.053062
550	-0.052953	-0.053414	-0.05332
551	-0.053232	-0.053698	-0.053619
552	-0.05351	-0.053982	-0.053917
553	-0.053788	-0.054289	-0.054186
554	-0.054065	-0.054596	-0.054454
555	-0.054278	-0.054804	-0.054685
556	-0.054481	-0.054996	-0.05491
557	-0.054743	-0.055264	-0.055176
558	-0.055026	-0.05556	-0.055458
559	-0.05531	-0.055848	-0.055749
560	-0.055595	-0.056131	-0.056045
561	-0.055885	-0.056428	-0.056336
562	-0.056181	-0.05674	-0.056622
563	-0.056478	-0.057044	-0.056904
564	-0.056778	-0.057337	-0.057178
565	-0.057077	-0.057624	-0.057453
566	-0.057377	-0.057895	-0.057735
567	-0.057676	-0.058166	-0.058016
568	-0.057963	-0.058436	-0.0583
569	-0.05825	-0.058706	-0.058583
570	-0.058523	-0.058949	-0.058845
571	-0.058796	-0.059191	-0.059107
572	-0.059087	-0.059496	-0.059421
573	-0.05938	-0.059809	-0.059742
574	-0.059621	-0.060074	-0.060004
575	-0.059843	-0.060324	-0.060245
576	-0.06009	-0.060574	-0.060497
577	-0.060352	-0.060824	-0.060756
578	-0.060586	-0.061033	-0.060966
579	-0.060792	-0.061201	-0.061131
580	-0.060999	-0.06139	-0.061318
581	-0.061206	-0.061608	-0.06154
582	-0.061428	-0.061842	-0.061776
583	-0.06169	-0.062117	-0.062048
584	-0.06195	-0.062386	-0.062317
585	-0.062197	-0.062628	-0.06257
586	-0.062441	-0.06287	-0.062821
587	-0.062632	-0.06309	-0.063021
588	-0.062823	-0.063309	-0.063221
589	-0.063063	-0.063523	-0.063436
590	-0.063307	-0.063737	-0.063651
591	-0.063524	-0.063965	-0.063889
592	-0.063735	-0.064196	-0.064132
593	-0.063961	-0.06442	-0.064364
594	-0.064193	-0.064642	-0.064592
595	-0.064496	-0.064949	-0.064895
596	-0.064849	-0.065315	-0.065251
597	-0.065215	-0.065682	-0.06562
598	-0.065594	-0.066049	-0.066004
599	-0.065939	-0.066401	-0.066356
600	-0.066223	-0.066729	-0.066652
601	-0.066461	-0.066983	-0.06689
602	-0.066565	-0.067024	-0.066957
603	-0.066646	-0.067056	-0.06701
604	-0.066598	-0.067034	-0.06698
605	-0.066547	-0.06701	-0.066947
606	-0.066464	-0.066946	-0.066845
607	-0.06638	-0.066882	-0.066742
608	-0.066358	-0.066817	-0.066734
609	-0.066342	-0.066752	-0.066733
610	-0.066285	-0.066727	-0.066699
611	-0.06622	-0.066709	-0.066659
612	-0.066265	-0.066767	-0.066696
613	-0.066353	-0.066856	-0.066765
614	-0.066434	-0.066924	-0.06683
615	-0.066511	-0.066981	-0.066891
616	-0.066621	-0.06707	-0.066984
617	-0.066767	-0.067192	-0.067105
618	-0.066928	-0.06734	-0.067256
619	-0.067115	-0.067526	-0.06745
620	-0.067287	-0.067705	-0.067633
621	-0.067421	-0.067868	-0.067791
622	-0.067539	-0.068009	-0.067929
623	-0.067586	-0.068054	-0.06799
624	-0.067648	-0.068113	-0.068062
625	-0.067858	-0.068302	-0.068229
626	-0.068068	-0.068491	-0.068397
627	-0.068168	-0.068605	-0.068529
628	-0.068266	-0.068719	-0.06866
629	-0.068288	-0.068723	-0.068701
630	-0.068301	-0.068715	-0.068731
631	-0.068396	-0.068844	-0.068842
632	-0.068512	-0.069009	-0.068975
633	-0.068672	-0.069163	-0.0691
634	-0.068852	-0.069312	-0.069221
635	-0.068988	-0.06945	-0.06936
636	-0.069094	-0.069581	-0.069509
637	-0.06923	-0.069728	-0.069659
638	-0.069394	-0.069892	-0.06981
639	-0.069516	-0.070006	-0.069906
640	-0.069577	-0.070049	-0.069924
641	-0.069662	-0.07011	-0.069975
642	-0.069803	-0.070211	-0.070102
643	-0.069929	-0.070308	-0.07023
644	-0.070005	-0.070392	-0.070365
645	-0.070104	-0.070496	-0.070509
646	-0.07036	-0.070742	-0.070708
647	-0.070615	-0.070986	-0.070907
648	-0.070819	-0.071187	-0.071092
649	-0.071022	-0.071388	-0.071276
650	-0.071389	-0.071799	-0.071678
651	-0.071767	-0.072222	-0.072094
652	-0.071995	-0.072442	-0.072352
653	-0.072196	-0.072627	-0.072584
654	-0.072341	-0.072719	-0.072708
655	-0.072467	-0.072782	-0.072799
656	-0.072622	-0.072942	-0.072963
657	-0.072791	-0.073149	-0.073163
658	-0.07296	-0.073379	-0.073345
659	-0.073129	-0.073626	-0.073515
660	-0.073343	-0.073863	-0.073737
661	-0.073603	-0.074089	-0.074011
662	-0.073693	-0.074152	-0.074118
663	-0.073545	-0.073983	-0.073991
664	-0.073398	-0.073836	-0.073839
665	-0.073256	-0.073735	-0.073634
666	-0.073142	-0.073642	-0.073474
667	-0.073117	-0.073573	-0.073453
668	-0.073101	-0.073526	-0.073445
669	-0.073135	-0.073585	-0.073507
670	-0.073178	-0.07365	-0.073576
671	-0.07332	-0.073781	-0.073723
672	-0.073462	-0.073911	-0.07387
673	-0.073577	-0.074018	-0.073913
674	-0.073693	-0.074124	-0.073956
675	-0.073804	-0.074261	-0.074125
676	-0.073915	-0.074401	-0.074304
677	-0.074095	-0.074561	-0.074447
678	-0.074288	-0.074725	-0.074584
679	-0.074461	-0.074921	-0.074766
680	-0.074628	-0.075126	-0.074961
681	-0.074924	-0.07542	-0.07527
682	-0.075278	-0.075754	-0.07563
683	-0.075607	-0.076056	-0.075965
684	-0.075918	-0.076338	-0.076282
685	-0.076239	-0.07664	-0.076629
686	-0.076569	-0.076962	-0.077
687	-0.07688	-0.077261	-0.077321
688	-0.077166	-0.077533	-0.077581
689	-0.077446	-0.077822	-0.077835
690	-0.077717	-0.078138	-0.078081
691	-0.077976	-0.078419	-0.078323
692	-0.078209	-0.078626	-0.078556
693	-0.078488	-0.078892	-0.078837
694	-0.07891	-0.079347	-0.079273
695	-0.079302	-0.079768	-0.079674
696	-0.079551	-0.080024	-0.079909
697	-0.079819	-0.080299	-0.080164
698	-0.080258	-0.08075	-0.080595
699	-0.080692	-0.081193	-0.081022
700	-0.080975	-0.08141	-0.081302
701	-0.081259	-0.081628	-0.081582
702	-0.081593	-0.08205	-0.081979
703	-0.08193	-0.082479	-0.08238
704	-0.082308	-0.08285	-0.082731
705	-0.082691	-0.083213	-0.083077
706	-0.083227	-0.083686	-0.083655
707	-0.083795	-0.08418	-0.08428
708	-0.083985	-0.084473	-0.084501
709	-0.08406	-0.084704	-0.0846
710	-0.084564	-0.085145	-0.085074
711	-0.085248	-0.085675	-0.085705
712	-0.08579	-0.086187	-0.086242
713	-0.086252	-0.086687	-0.086725
714	-0.086605	-0.086998	-0.087098
715	-0.086879	-0.087171	-0.087391
716	-0.087343	-0.087551	-0.087774
717	-0.087982	-0.088121	-0.08824
718	-0.088428	-0.08859	-0.088643
719	-0.088648	-0.088937	-0.088972
720	-0.089114	-0.089507	-0.089527
[LOG]
CHECKSUM<