[HEADER]
Format	J&M ASCII Table
Comment	
Date	20/08/2026 15:01:03
Order	Y (evenX)
TechType	UV
NumPoints	411
FirstX	310
LastX	720
XType	nm
YType	Absorbance
ZType	s
NumSubFile	3
Matrix	Z vs X
[LOGIN]
Name=pcbob
[INSTRUMENT]
Name=TIDAS E Base UV/VI
Detector=MMS - ASPEN 97,5 kHz
Diodearray=256 Pixel
Serial#=36584
Calibrated=2011-07-01
Range=183.81-729.88 [nm] (F0)

SWVersion=v3.18.2 (build 0)[LOGIN]
Name=pcbob
[CONFIG]
ChannelName=Channel 1
ChannelType=Normalized
[PARAMETER]
It=330,00
Aver=5
Norm=3
Range=310,0-720,0 nm
Scan=Time
ScanTime=5,00 s
[TRIGGER]
Sweep=0
Scan=0
[DIO]
DigOut=0x0000
DigIn=0x0000
[DATA]
	00:00:00,000	00:00:01,650	00:00:03,300
310	0.905535	0.904984	0.904743
311	0.889031	0.888449	0.888243
312	0.872937	0.872293	0.872035
313	0.857073	0.856423	0.856095
314	0.84153	0.84095	0.840526
315	0.826138	0.825621	0.825114
316	0.811226	0.810745	0.810192
317	0.796333	0.795883	0.795295
318	0.781721	0.781231	0.780757
319	0.767109	0.766579	0.766218
320	0.752739	0.752236	0.751778
321	0.7384	0.737934	0.737351
322	0.724068	0.723552	0.722955
323	0.709738	0.709137	0.708573
324	0.695446	0.694836	0.694378
325	0.681189	0.680636	0.68035
326	0.667055	0.666562	0.666341
327	0.653146	0.65272	0.652369
328	0.639245	0.638877	0.638419
329	0.62538	0.625027	0.624569
330	0.611516	0.611177	0.610719
331	0.598046	0.597661	0.597293
332	0.584577	0.584146	0.583867
333	0.571154	0.570714	0.570425
334	0.557742	0.557301	0.556981
335	0.544684	0.544268	0.543888
336	0.531818	0.531442	0.530985
337	0.519166	0.51885	0.518403
338	0.506753	0.506519	0.506178
339	0.494571	0.494364	0.494125
340	0.482933	0.482626	0.482473
341	0.471346	0.470959	0.470868
342	0.460115	0.459795	0.45959
343	0.448884	0.448631	0.448312
344	0.438207	0.437992	0.437698
345	0.427561	0.427383	0.42712
346	0.417438	0.417265	0.41706
347	0.407468	0.407292	0.407152
348	0.39787	0.397694	0.397536
349	0.38852	0.388346	0.388115
350	0.379431	0.379256	0.37898
351	0.370695	0.370513	0.370233
352	0.362029	0.361844	0.361588
353	0.353572	0.353395	0.353252
354	0.345158	0.344989	0.344947
355	0.337255	0.337102	0.337016
356	0.329353	0.329215	0.329084
357	0.321875	0.32175	0.321592
358	0.314443	0.314328	0.314145
359	0.307309	0.307197	0.307041
360	0.300285	0.300171	0.300062
361	0.293451	0.293341	0.293227
362	0.286767	0.286663	0.286506
363	0.280175	0.280098	0.279898
364	0.273729	0.273712	0.273467
365	0.267403	0.267417	0.267171
366	0.26151	0.261459	0.261359
367	0.25563	0.255515	0.255552
368	0.250002	0.249876	0.249833
369	0.244375	0.244237	0.244114
370	0.238834	0.238711	0.238566
371	0.233306	0.233203	0.233043
372	0.227889	0.227821	0.227664
373	0.22252	0.222494	0.222345
374	0.217295	0.217266	0.21714
375	0.212197	0.212124	0.212034
376	0.207178	0.207084	0.207013
377	0.2023	0.202222	0.202139
378	0.197447	0.197385	0.197292
379	0.192702	0.192655	0.192553
380	0.187959	0.187927	0.187816
381	0.18333	0.183261	0.183187
382	0.1787	0.178595	0.178558
383	0.174256	0.174194	0.1741
384	0.169845	0.169838	0.169672
385	0.165559	0.165551	0.165399
386	0.16133	0.161296	0.161197
387	0.157252	0.157209	0.157139
388	0.153316	0.153279	0.153216
389	0.149362	0.149332	0.14928
390	0.145375	0.145353	0.14532
391	0.141453	0.141439	0.141418
392	0.137823	0.137821	0.137774
393	0.134196	0.134206	0.134132
394	0.130826	0.13077	0.130699
395	0.127456	0.127335	0.127265
396	0.124077	0.123981	0.123869
397	0.120696	0.120642	0.120479
398	0.117445	0.117388	0.117272
399	0.114255	0.114173	0.114151
400	0.111135	0.111023	0.111052
401	0.108081	0.107933	0.107973
402	0.105106	0.104955	0.104978
403	0.102278	0.102188	0.10214
404	0.09946	0.099412	0.099311
405	0.096684	0.096598	0.096524
406	0.09391	0.093786	0.093739
407	0.091257	0.091089	0.091053
408	0.088603	0.088391	0.088366
409	0.085812	0.085728	0.08567
410	0.082997	0.083071	0.082972
411	0.080406	0.080455	0.080368
412	0.077915	0.077857	0.077806
413	0.075444	0.075323	0.075299
414	0.07299	0.072844	0.072842
415	0.070567	0.070427	0.070428
416	0.068198	0.068118	0.068092
417	0.065799	0.065765	0.065719
418	0.063273	0.063236	0.063203
419	0.060756	0.060715	0.060694
420	0.058443	0.058405	0.058375
421	0.05613	0.056095	0.056057
422	0.054029	0.053948	0.053934
423	0.051959	0.051825	0.05184
424	0.049864	0.049786	0.049787
425	0.047759	0.047782	0.047751
426	0.045621	0.045639	0.045626
427	0.043454	0.043385	0.043429
428	0.041286	0.041182	0.041238
429	0.039116	0.039061	0.039056
430	0.036998	0.036976	0.036923
431	0.035055	0.035013	0.034953
432	0.033122	0.03306	0.032996
433	0.031302	0.031251	0.031214
434	0.029483	0.029442	0.029432
435	0.027691	0.027673	0.027637
436	0.025902	0.025908	0.025841
437	0.024123	0.02413	0.024072
438	0.022347	0.022349	0.022311
439	0.020597	0.020594	0.020588
440	0.018865	0.018857	0.018891
441	0.017221	0.017218	0.017243
442	0.015688	0.015703	0.015657
443	0.014139	0.014174	0.014067
444	0.012547	0.012611	0.012464
445	0.01097	0.011052	0.010879
446	0.009498	0.009521	0.009415
447	0.008027	0.007991	0.007951
448	0.006533	0.006502	0.006472
449	0.005039	0.005015	0.004992
450	0.003558	0.003518	0.0035
451	0.00208	0.002018	0.002004
452	0.000649	0.0006	0.000592
453	-0.000757	-0.000776	-0.000776
454	-0.002103	-0.002125	-0.002134
455	-0.003389	-0.003447	-0.003481
456	-0.004655	-0.004727	-0.004777
457	-0.005884	-0.005926	-0.005977
458	-0.007106	-0.00713	-0.007175
459	-0.008297	-0.008354	-0.008368
460	-0.009488	-0.009577	-0.00956
461	-0.01065	-0.010744	-0.01073
462	-0.011813	-0.01191	-0.011901
463	-0.01289	-0.012965	-0.012992
464	-0.013957	-0.014006	-0.014073
465	-0.015057	-0.015121	-0.015182
466	-0.01617	-0.016261	-0.016302
467	-0.01727	-0.017382	-0.017409
468	-0.018361	-0.018488	-0.018505
469	-0.019493	-0.019607	-0.01963
470	-0.020678	-0.020743	-0.020791
471	-0.021836	-0.021869	-0.021931
472	-0.022925	-0.022971	-0.023017
473	-0.024007	-0.024066	-0.024098
474	-0.025048	-0.025115	-0.025142
475	-0.026089	-0.026163	-0.026186
476	-0.027078	-0.027181	-0.027171
477	-0.028066	-0.028198	-0.028155
478	-0.029102	-0.029189	-0.02918
479	-0.030147	-0.030173	-0.030213
480	-0.03119	-0.031188	-0.031238
481	-0.032232	-0.032216	-0.03226
482	-0.033176	-0.033177	-0.033216
483	-0.034034	-0.03408	-0.034115
484	-0.034828	-0.034892	-0.03492
485	-0.035519	-0.035563	-0.03558
486	-0.036215	-0.03624	-0.036254
487	-0.036927	-0.036937	-0.036978
488	-0.037639	-0.037637	-0.037701
489	-0.038356	-0.038367	-0.038408
490	-0.039074	-0.039098	-0.039114
491	-0.039883	-0.039921	-0.039956
492	-0.040697	-0.040749	-0.040806
493	-0.04141	-0.04148	-0.041515
494	-0.042099	-0.042188	-0.042189
495	-0.042784	-0.042872	-0.042859
496	-0.043467	-0.043542	-0.043525
497	-0.044163	-0.044214	-0.044199
498	-0.044872	-0.044888	-0.044882
499	-0.04556	-0.045554	-0.045565
500	-0.046214	-0.046209	-0.046251
501	-0.046855	-0.046856	-0.046918
502	-0.047457	-0.047476	-0.047521
503	-0.048065	-0.048099	-0.048132
504	-0.048737	-0.048741	-0.048815
505	-0.049408	-0.049384	-0.049499
506	-0.050092	-0.050076	-0.05017
507	-0.050776	-0.05077	-0.05084
508	-0.051406	-0.051421	-0.051465
509	-0.052023	-0.05206	-0.052078
510	-0.052637	-0.052679	-0.052693
511	-0.05325	-0.053287	-0.053309
512	-0.053854	-0.053886	-0.053899
513	-0.054449	-0.054477	-0.054464
514	-0.055016	-0.055051	-0.055022
515	-0.055539	-0.055601	-0.05557
516	-0.056051	-0.05613	-0.056105
517	-0.056532	-0.056595	-0.056597
518	-0.057015	-0.057063	-0.057089
519	-0.05752	-0.057554	-0.057589
520	-0.058026	-0.058045	-0.058089
521	-0.058569	-0.058595	-0.058605
522	-0.059114	-0.059147	-0.059122
523	-0.059651	-0.059651	-0.059669
524	-0.060186	-0.060146	-0.060222
525	-0.060628	-0.060598	-0.060695
526	-0.061029	-0.061033	-0.061134
527	-0.06148	-0.061508	-0.061587
528	-0.061969	-0.062015	-0.062051
529	-0.062408	-0.062465	-0.062491
530	-0.062777	-0.06284	-0.062899
531	-0.063154	-0.06323	-0.063299
532	-0.063545	-0.063653	-0.063678
533	-0.06394	-0.064069	-0.06406
534	-0.064355	-0.064447	-0.064459
535	-0.064771	-0.064826	-0.064859
536	-0.065198	-0.065228	-0.065291
537	-0.065625	-0.065631	-0.065723
538	-0.065985	-0.065986	-0.066061
539	-0.066337	-0.066335	-0.066388
540	-0.066673	-0.066669	-0.06673
541	-0.067005	-0.066998	-0.067077
542	-0.067337	-0.067341	-0.0674
543	-0.06767	-0.067691	-0.067707
544	-0.068023	-0.068047	-0.06807
545	-0.068395	-0.068406	-0.068486
546	-0.068758	-0.068774	-0.068881
547	-0.069104	-0.069156	-0.069239
548	-0.069447	-0.069516	-0.069577
549	-0.06978	-0.069804	-0.069855
550	-0.070116	-0.070103	-0.070145
551	-0.070474	-0.070483	-0.070533
552	-0.070833	-0.070863	-0.07092
553	-0.071168	-0.071195	-0.071227
554	-0.071503	-0.071526	-0.071532
555	-0.071737	-0.071789	-0.071795
556	-0.071954	-0.07204	-0.072051
557	-0.072231	-0.072312	-0.072344
558	-0.072529	-0.072593	-0.072651
559	-0.072856	-0.07293	-0.072967
560	-0.073202	-0.073304	-0.07329
561	-0.073526	-0.073623	-0.073603
562	-0.073828	-0.073884	-0.073906
563	-0.074148	-0.074177	-0.074227
564	-0.074501	-0.074526	-0.074577
565	-0.074829	-0.074852	-0.074906
566	-0.075077	-0.075101	-0.075164
567	-0.075327	-0.075353	-0.07542
568	-0.075589	-0.075624	-0.075656
569	-0.075852	-0.075896	-0.075892
570	-0.076061	-0.07609	-0.076108
571	-0.07627	-0.076283	-0.076323
572	-0.076576	-0.076596	-0.076623
573	-0.076896	-0.076926	-0.076936
574	-0.077179	-0.077225	-0.077224
575	-0.077449	-0.077514	-0.077503
576	-0.077714	-0.077767	-0.077762
577	-0.077976	-0.077999	-0.078009
578	-0.078194	-0.078217	-0.078245
579	-0.07837	-0.078424	-0.078469
580	-0.078584	-0.078641	-0.078693
581	-0.078856	-0.078876	-0.078916
582	-0.079134	-0.079135	-0.079166
583	-0.079428	-0.079455	-0.079484
584	-0.079728	-0.079774	-0.079798
585	-0.080061	-0.080088	-0.080091
586	-0.080391	-0.0804	-0.080383
587	-0.080634	-0.080645	-0.080639
588	-0.080877	-0.08089	-0.080896
589	-0.081122	-0.08116	-0.081161
590	-0.081367	-0.081432	-0.081427
591	-0.081633	-0.081713	-0.081696
592	-0.081904	-0.081997	-0.081966
593	-0.082142	-0.082215	-0.082195
594	-0.082366	-0.082405	-0.082407
595	-0.082684	-0.082705	-0.08273
596	-0.083068	-0.08308	-0.083131
597	-0.083455	-0.083481	-0.083534
598	-0.083847	-0.083911	-0.083939
599	-0.084209	-0.084304	-0.084307
600	-0.084516	-0.084633	-0.084608
601	-0.084778	-0.084898	-0.084858
602	-0.084904	-0.08498	-0.084962
603	-0.08501	-0.085045	-0.085048
604	-0.084994	-0.08501	-0.085036
605	-0.084976	-0.084975	-0.08502
606	-0.084889	-0.084917	-0.084932
607	-0.084803	-0.08486	-0.084844
608	-0.084803	-0.084835	-0.084838
609	-0.08481	-0.084813	-0.084838
610	-0.084812	-0.084808	-0.084824
611	-0.084812	-0.084807	-0.084806
612	-0.084864	-0.084871	-0.084876
613	-0.084936	-0.084961	-0.084981
614	-0.085049	-0.085057	-0.085105
615	-0.085188	-0.085157	-0.085242
616	-0.085298	-0.085266	-0.085367
617	-0.085381	-0.085384	-0.08548
618	-0.085534	-0.08555	-0.08564
619	-0.085795	-0.085786	-0.08587
620	-0.086012	-0.085997	-0.086061
621	-0.086126	-0.086145	-0.086159
622	-0.086237	-0.086285	-0.086261
623	-0.086337	-0.086394	-0.08638
624	-0.086446	-0.086513	-0.086511
625	-0.086641	-0.086733	-0.086744
626	-0.086835	-0.086954	-0.086978
627	-0.086989	-0.087035	-0.087127
628	-0.087143	-0.087114	-0.087276
629	-0.087219	-0.087214	-0.087352
630	-0.087287	-0.087317	-0.08742
631	-0.087429	-0.08744	-0.087533
632	-0.08759	-0.087569	-0.087658
633	-0.087733	-0.087749	-0.087802
634	-0.087868	-0.087951	-0.087955
635	-0.088029	-0.088116	-0.088126
636	-0.088206	-0.088256	-0.08831
637	-0.088384	-0.088411	-0.088478
638	-0.088562	-0.08858	-0.08863
639	-0.0887	-0.088722	-0.088765
640	-0.088781	-0.088827	-0.088873
641	-0.088887	-0.088948	-0.088995
642	-0.089051	-0.089109	-0.089143
643	-0.089198	-0.089252	-0.089282
644	-0.08929	-0.089333	-0.089389
645	-0.089395	-0.089429	-0.089502
646	-0.089601	-0.089629	-0.089665
647	-0.089808	-0.08983	-0.089831
648	-0.090054	-0.090076	-0.090104
649	-0.090301	-0.090322	-0.090377
650	-0.090569	-0.090559	-0.090624
651	-0.090838	-0.090795	-0.090869
652	-0.090949	-0.090929	-0.090988
653	-0.091032	-0.091045	-0.091085
654	-0.091079	-0.091089	-0.091138
655	-0.091115	-0.09111	-0.091177
656	-0.091217	-0.091231	-0.091279
657	-0.091352	-0.0914	-0.091412
658	-0.091632	-0.091697	-0.091687
659	-0.092015	-0.092084	-0.092064
660	-0.092361	-0.092432	-0.092393
661	-0.092668	-0.092739	-0.092675
662	-0.092887	-0.092938	-0.092882
663	-0.09298	-0.092982	-0.092984
664	-0.093024	-0.092998	-0.09304
665	-0.092969	-0.092958	-0.093003
666	-0.092916	-0.092925	-0.092981
667	-0.092872	-0.092915	-0.093004
668	-0.092842	-0.092909	-0.093021
669	-0.092881	-0.092919	-0.093011
670	-0.092925	-0.092937	-0.093013
671	-0.093018	-0.093041	-0.093155
672	-0.093111	-0.093145	-0.093297
673	-0.093284	-0.093338	-0.093436
674	-0.093458	-0.09353	-0.093575
675	-0.093652	-0.093757	-0.09378
676	-0.093848	-0.093987	-0.09399
677	-0.094015	-0.094122	-0.094151
678	-0.094176	-0.094239	-0.094302
679	-0.094428	-0.094472	-0.094515
680	-0.094708	-0.094741	-0.094747
681	-0.095	-0.095036	-0.095046
682	-0.095297	-0.095341	-0.095375
683	-0.095588	-0.095656	-0.095684
684	-0.095875	-0.095977	-0.095982
685	-0.096172	-0.096284	-0.096265
686	-0.096475	-0.09658	-0.096537
687	-0.096754	-0.096864	-0.096825
688	-0.097002	-0.097132	-0.097133
689	-0.097259	-0.097395	-0.09742
690	-0.097527	-0.09765	-0.097672
691	-0.097822	-0.097907	-0.097925
692	-0.098174	-0.098172	-0.098184
693	-0.098522	-0.09847	-0.09847
694	-0.098855	-0.098875	-0.098847
695	-0.099193	-0.09927	-0.099228
696	-0.099557	-0.099621	-0.099629
697	-0.099922	-0.099975	-0.100017
698	-0.100293	-0.100351	-0.100292
699	-0.100665	-0.100728	-0.100574
700	-0.101038	-0.101116	-0.101079
701	-0.101412	-0.101504	-0.101583
702	-0.101785	-0.1019	-0.101953
703	-0.102157	-0.102297	-0.102318
704	-0.102545	-0.102613	-0.102635
705	-0.102934	-0.10292	-0.102947
706	-0.103536	-0.103531	-0.103577
707	-0.10418	-0.104204	-0.104271
708	-0.104475	-0.104519	-0.104548
709	-0.104664	-0.104727	-0.104698
710	-0.105237	-0.105316	-0.105221
711	-0.105971	-0.106066	-0.105901
712	-0.106532	-0.106646	-0.106498
713	-0.106997	-0.107132	-0.107047
714	-0.107438	-0.107536	-0.10749
715	-0.107861	-0.107882	-0.107856
716	-0.108319	-0.108385	-0.108333
717	-0.108808	-0.109033	-0.108914
718	-0.109319	-0.109572	-0.109466
719	-0.109857	-0.10998	-0.109985
720	-0.110588	-0.11062	-0.110616
[LOG]
CHECKSUMs 