[HEADER]
Format	J&M ASCII Table
Comment	
Date	20/08/2026 14:23:24
Order	Y (evenX)
TechType	UV
NumPoints	411
FirstX	310
LastX	720
XType	nm
YType	Absorbance
ZType	s
NumSubFile	3
Matrix	Z vs X
[LOGIN]
Name=pcbob
[INSTRUMENT]
Name=TIDAS E Base UV/VI
Detector=MMS - ASPEN 97,5 kHz
Diodearray=256 Pixel
Serial#=36584
Calibrated=2011-07-01
Range=183.81-729.88 [nm] (F0)

SWVersion=v3.18.2 (build 0)[LOGIN]
Name=pcbob
[CONFIG]
ChannelName=Channel 1
ChannelType=Normalized
[PARAMETER]
It=330,00
Aver=5
Norm=3
Range=310,0-720,0 nm
Scan=Time
ScanTime=5,00 s
[TRIGGER]
Sweep=0
Scan=0
[DIO]
DigOut=0x0000
DigIn=0x0000
[DATA]
	00:00:00,000	00:00:01,650	00:00:03,300
310	0.764566	0.764509	0.764254
311	0.74864	0.748633	0.748344
312	0.733206	0.733165	0.732934
313	0.718194	0.718102	0.71793
314	0.703765	0.703601	0.703489
315	0.689536	0.689322	0.689258
316	0.675937	0.675747	0.67569
317	0.662392	0.662218	0.662167
318	0.649632	0.649397	0.649313
319	0.636873	0.636575	0.636459
320	0.624362	0.624089	0.623993
321	0.611884	0.611646	0.611577
322	0.599805	0.599591	0.599497
323	0.58789	0.587695	0.587555
324	0.576195	0.57602	0.575853
325	0.564692	0.564541	0.564363
326	0.553356	0.553223	0.553045
327	0.542325	0.542195	0.542041
328	0.531358	0.531219	0.53109
329	0.520682	0.520478	0.520393
330	0.510007	0.509739	0.509696
331	0.49981	0.499568	0.4995
332	0.489613	0.489396	0.489304
333	0.479569	0.479382	0.479291
334	0.469557	0.469401	0.469318
335	0.459889	0.459744	0.459692
336	0.450408	0.450261	0.450256
337	0.441116	0.441	0.440998
338	0.432033	0.431985	0.43194
339	0.423088	0.42305	0.423013
340	0.414468	0.414305	0.414393
341	0.40589	0.40563	0.405812
342	0.397606	0.397454	0.397511
343	0.389322	0.389278	0.389209
344	0.381499	0.381465	0.381394
345	0.373701	0.373672	0.373605
346	0.366133	0.366108	0.366082
347	0.358633	0.358612	0.358638
348	0.351342	0.351318	0.351354
349	0.34419	0.344158	0.344177
350	0.337225	0.337194	0.337184
351	0.330512	0.330493	0.330438
352	0.323828	0.323818	0.32374
353	0.31723	0.317217	0.317189
354	0.310662	0.310652	0.310664
355	0.304434	0.304517	0.304464
356	0.298207	0.298383	0.298263
357	0.292302	0.292393	0.292343
358	0.286431	0.286418	0.286452
359	0.28071	0.280681	0.280742
360	0.275045	0.275031	0.275098
361	0.269454	0.269456	0.269507
362	0.263921	0.26394	0.263959
363	0.2585	0.258529	0.25852
364	0.253256	0.253284	0.253253
365	0.248097	0.248123	0.248083
366	0.243246	0.243265	0.243262
367	0.238397	0.23841	0.238443
368	0.233578	0.233591	0.23364
369	0.228759	0.228772	0.228837
370	0.224147	0.224232	0.224227
371	0.219564	0.219733	0.219646
372	0.2151	0.215262	0.215156
373	0.210687	0.210804	0.210705
374	0.206332	0.206434	0.206385
375	0.202028	0.202141	0.202182
376	0.197832	0.197916	0.19801
377	0.193826	0.193811	0.193891
378	0.189814	0.189725	0.189795
379	0.185775	0.18572	0.185797
380	0.181741	0.181721	0.181804
381	0.177961	0.177958	0.178007
382	0.174182	0.174195	0.17421
383	0.170449	0.170475	0.170504
384	0.166725	0.166763	0.166813
385	0.163191	0.163203	0.163304
386	0.159746	0.159714	0.159877
387	0.15639	0.156345	0.156504
388	0.153118	0.153087	0.153179
389	0.149809	0.149805	0.149866
390	0.146434	0.146477	0.146574
391	0.143129	0.143203	0.143335
392	0.140147	0.140175	0.140332
393	0.137166	0.13715	0.137331
394	0.134269	0.134308	0.134416
395	0.131371	0.131467	0.131501
396	0.128549	0.128656	0.128712
397	0.125741	0.125851	0.125945
398	0.122962	0.123088	0.123171
399	0.120198	0.120343	0.120395
400	0.11755	0.117684	0.117712
401	0.115012	0.115106	0.115116
402	0.112527	0.112607	0.112611
403	0.110139	0.110258	0.110273
404	0.107751	0.107892	0.107928
405	0.105364	0.105455	0.105555
406	0.102978	0.10302	0.103183
407	0.100677	0.100731	0.100902
408	0.098376	0.098441	0.09862
409	0.096085	0.096158	0.096308
410	0.093795	0.093877	0.09399
411	0.091598	0.0917	0.09178
412	0.089442	0.08957	0.08962
413	0.087317	0.087459	0.08751
414	0.08522	0.085366	0.085445
415	0.08319	0.083339	0.083456
416	0.081279	0.081429	0.081601
417	0.079334	0.079485	0.079693
418	0.077254	0.077408	0.07757
419	0.075178	0.075334	0.075453
420	0.073178	0.073361	0.073491
421	0.071178	0.071388	0.071529
422	0.069454	0.069641	0.069792
423	0.067768	0.067927	0.068088
424	0.066023	0.066192	0.066352
425	0.064254	0.064449	0.064603
426	0.062457	0.062672	0.06283
427	0.060638	0.060867	0.061039
428	0.058843	0.059073	0.059237
429	0.057087	0.057296	0.05742
430	0.055355	0.055537	0.055653
431	0.0537	0.053839	0.054052
432	0.052054	0.052156	0.052455
433	0.050512	0.050644	0.050894
434	0.04897	0.049131	0.049333
435	0.047447	0.047613	0.047857
436	0.045925	0.046095	0.046388
437	0.044494	0.044686	0.044948
438	0.043091	0.043312	0.043517
439	0.041651	0.041897	0.042059
440	0.040185	0.040453	0.040581
441	0.038819	0.03908	0.039204
442	0.037583	0.037799	0.037955
443	0.036338	0.03653	0.036709
444	0.035074	0.035296	0.035469
445	0.033825	0.034072	0.034244
446	0.032683	0.032917	0.033122
447	0.031541	0.031763	0.032
448	0.030407	0.030631	0.030842
449	0.029273	0.029501	0.029683
450	0.0281	0.028308	0.028517
451	0.026919	0.0271	0.027349
452	0.025783	0.025981	0.02623
453	0.024669	0.024908	0.025136
454	0.023589	0.023851	0.024074
455	0.022542	0.022809	0.023044
456	0.02154	0.0218	0.022037
457	0.020622	0.02085	0.021069
458	0.019687	0.019891	0.020104
459	0.018679	0.018893	0.019149
460	0.017675	0.017898	0.018194
461	0.016764	0.016974	0.017253
462	0.015853	0.01605	0.016312
463	0.014968	0.015167	0.015421
464	0.014085	0.014288	0.014537
465	0.013186	0.01342	0.013666
466	0.012282	0.012556	0.012801
467	0.011436	0.011708	0.011969
468	0.010632	0.010871	0.011161
469	0.009758	0.00999	0.010306
470	0.008793	0.009052	0.009389
471	0.007873	0.00815	0.008489
472	0.007072	0.007338	0.007631
473	0.006268	0.006522	0.006783
474	0.005454	0.005682	0.006001
475	0.004639	0.004843	0.00522
476	0.003883	0.004118	0.00448
477	0.003128	0.003396	0.003742
478	0.002363	0.002652	0.002951
479	0.001596	0.001904	0.002149
480	0.000757	0.001054	0.00132
481	-0.000116	0.000157	0.000479
482	-0.000949	-0.00068	-0.000337
483	-0.001747	-0.001466	-0.001132
484	-0.002449	-0.002164	-0.001862
485	-0.002999	-0.002726	-0.002488
486	-0.003557	-0.003292	-0.00309
487	-0.004139	-0.003869	-0.003617
488	-0.004709	-0.004437	-0.004142
489	-0.005162	-0.00492	-0.004649
490	-0.005615	-0.005402	-0.005157
491	-0.00625	-0.006049	-0.005748
492	-0.006895	-0.006705	-0.006343
493	-0.007502	-0.007253	-0.006891
494	-0.008101	-0.007776	-0.007428
495	-0.008651	-0.0083	-0.007978
496	-0.009176	-0.008824	-0.008534
497	-0.009723	-0.009396	-0.009109
498	-0.01029	-0.010015	-0.0097
499	-0.010845	-0.010601	-0.010259
500	-0.011378	-0.011131	-0.010765
501	-0.011897	-0.011645	-0.011261
502	-0.012372	-0.012104	-0.011722
503	-0.012852	-0.012566	-0.012187
504	-0.013378	-0.013069	-0.012699
505	-0.013904	-0.013572	-0.01321
506	-0.014394	-0.014068	-0.013712
507	-0.014883	-0.014565	-0.014214
508	-0.015365	-0.015075	-0.014712
509	-0.015846	-0.01559	-0.01521
510	-0.016319	-0.016059	-0.01568
511	-0.016787	-0.016505	-0.016136
512	-0.017225	-0.016929	-0.016573
513	-0.017636	-0.017331	-0.016992
514	-0.018034	-0.017731	-0.017396
515	-0.018411	-0.018128	-0.017774
516	-0.018784	-0.018506	-0.018147
517	-0.019142	-0.018825	-0.018503
518	-0.019496	-0.019147	-0.018859
519	-0.019813	-0.019503	-0.019212
520	-0.020131	-0.019859	-0.019564
521	-0.020524	-0.02023	-0.01989
522	-0.020919	-0.020601	-0.020215
523	-0.021311	-0.020974	-0.020592
524	-0.021703	-0.021347	-0.020981
525	-0.022058	-0.021703	-0.021341
526	-0.022398	-0.022052	-0.02169
527	-0.022744	-0.022407	-0.02207
528	-0.023095	-0.022768	-0.022476
529	-0.02344	-0.023125	-0.022835
530	-0.023777	-0.023479	-0.023131
531	-0.024111	-0.023825	-0.023429
532	-0.024438	-0.024151	-0.02373
533	-0.024769	-0.02448	-0.024042
534	-0.025121	-0.024825	-0.024415
535	-0.025472	-0.02517	-0.024787
536	-0.025799	-0.025517	-0.025138
537	-0.026125	-0.025863	-0.025489
538	-0.026497	-0.026201	-0.025849
539	-0.026874	-0.026538	-0.026209
540	-0.027215	-0.026854	-0.026531
541	-0.027546	-0.027164	-0.02684
542	-0.027834	-0.027454	-0.027129
543	-0.028098	-0.027733	-0.027406
544	-0.028407	-0.028055	-0.027712
545	-0.028762	-0.028421	-0.028047
546	-0.029112	-0.02878	-0.028397
547	-0.029453	-0.029127	-0.028771
548	-0.029761	-0.029446	-0.029102
549	-0.029968	-0.029677	-0.029294
550	-0.030179	-0.029908	-0.029494
551	-0.03042	-0.030134	-0.029752
552	-0.03066	-0.030361	-0.030009
553	-0.030932	-0.03062	-0.030281
554	-0.031204	-0.03088	-0.030553
555	-0.031419	-0.031095	-0.030767
556	-0.031625	-0.031302	-0.030972
557	-0.031848	-0.031514	-0.03119
558	-0.032077	-0.031727	-0.031413
559	-0.032331	-0.032011	-0.031677
560	-0.0326	-0.032341	-0.031969
561	-0.032864	-0.032626	-0.032235
562	-0.033123	-0.032864	-0.032473
563	-0.03339	-0.033119	-0.032737
564	-0.033674	-0.033404	-0.033047
565	-0.033957	-0.033693	-0.033353
566	-0.034241	-0.033992	-0.033652
567	-0.034534	-0.0343	-0.033961
568	-0.034901	-0.034672	-0.03435
569	-0.035269	-0.035044	-0.03474
570	-0.035574	-0.035342	-0.035057
571	-0.035879	-0.035639	-0.035372
572	-0.036218	-0.035987	-0.03572
573	-0.036561	-0.036343	-0.036073
574	-0.036897	-0.036705	-0.036418
575	-0.03723	-0.03707	-0.036761
576	-0.037553	-0.037385	-0.03709
577	-0.03787	-0.037672	-0.037413
578	-0.038174	-0.037966	-0.037711
579	-0.038467	-0.038267	-0.037987
580	-0.038736	-0.038536	-0.038248
581	-0.038969	-0.038758	-0.038487
582	-0.03921	-0.038989	-0.038731
583	-0.039473	-0.039244	-0.038991
584	-0.03973	-0.039493	-0.039247
585	-0.039956	-0.039711	-0.039483
586	-0.04018	-0.039929	-0.039718
587	-0.040377	-0.040139	-0.0399
588	-0.040574	-0.040348	-0.040083
589	-0.040773	-0.040506	-0.040245
590	-0.040972	-0.040661	-0.040405
591	-0.041208	-0.04089	-0.040646
592	-0.041451	-0.041137	-0.040906
593	-0.041684	-0.041395	-0.041131
594	-0.041911	-0.041659	-0.041342
595	-0.04219	-0.041951	-0.04164
596	-0.042504	-0.042263	-0.041998
597	-0.042834	-0.042603	-0.04235
598	-0.043181	-0.042974	-0.042697
599	-0.043512	-0.043296	-0.043006
600	-0.043816	-0.043532	-0.043249
601	-0.044038	-0.04372	-0.043436
602	-0.044017	-0.043765	-0.043455
603	-0.043994	-0.043791	-0.043469
604	-0.04396	-0.043705	-0.043446
605	-0.04392	-0.043617	-0.043415
606	-0.04374	-0.043491	-0.043201
607	-0.043559	-0.043365	-0.042987
608	-0.043513	-0.043286	-0.042937
609	-0.043478	-0.043211	-0.0429
610	-0.043363	-0.043102	-0.042817
611	-0.043231	-0.042987	-0.042723
612	-0.043237	-0.042992	-0.04272
613	-0.043297	-0.043046	-0.042753
614	-0.043319	-0.043062	-0.042784
615	-0.043317	-0.043053	-0.042815
616	-0.043371	-0.043101	-0.042852
617	-0.04348	-0.043205	-0.042895
618	-0.043603	-0.043337	-0.042981
619	-0.043746	-0.04351	-0.04313
620	-0.043877	-0.04366	-0.043272
621	-0.043978	-0.043752	-0.043399
622	-0.044072	-0.043839	-0.043509
623	-0.044141	-0.043901	-0.043554
624	-0.044218	-0.043973	-0.043613
625	-0.044383	-0.044153	-0.043821
626	-0.044548	-0.044333	-0.044029
627	-0.044664	-0.04444	-0.044105
628	-0.04478	-0.044546	-0.044181
629	-0.04479	-0.04458	-0.044211
630	-0.044789	-0.044604	-0.044236
631	-0.044918	-0.044692	-0.044373
632	-0.045081	-0.044797	-0.044539
633	-0.045249	-0.044949	-0.044681
634	-0.045419	-0.045122	-0.044812
635	-0.045547	-0.045243	-0.044924
636	-0.045645	-0.04533	-0.045022
637	-0.045771	-0.045468	-0.045155
638	-0.045925	-0.045655	-0.045324
639	-0.046044	-0.0458	-0.045461
640	-0.04611	-0.045886	-0.045552
641	-0.046196	-0.045964	-0.045651
642	-0.046323	-0.046026	-0.045768
643	-0.046445	-0.046096	-0.045879
644	-0.046552	-0.046193	-0.045972
645	-0.046672	-0.046311	-0.046078
646	-0.046888	-0.046582	-0.046283
647	-0.047107	-0.046856	-0.046494
648	-0.047452	-0.047192	-0.046856
649	-0.047796	-0.047529	-0.047217
650	-0.048308	-0.048011	-0.047696
651	-0.04883	-0.048501	-0.048182
652	-0.049318	-0.049027	-0.048736
653	-0.049799	-0.049559	-0.049303
654	-0.050081	-0.049888	-0.049658
655	-0.050301	-0.050154	-0.049947
656	-0.050448	-0.050315	-0.050119
657	-0.050559	-0.050426	-0.050233
658	-0.050694	-0.050556	-0.050337
659	-0.050844	-0.050699	-0.050434
660	-0.050905	-0.050748	-0.05045
661	-0.050877	-0.050703	-0.050387
662	-0.050764	-0.050545	-0.050249
663	-0.050532	-0.050228	-0.050007
664	-0.05029	-0.04995	-0.049776
665	-0.050029	-0.049748	-0.049569
666	-0.049809	-0.049576	-0.04937
667	-0.049714	-0.049495	-0.049199
668	-0.049637	-0.049421	-0.049055
669	-0.049652	-0.049384	-0.049058
670	-0.04967	-0.049362	-0.049069
671	-0.049729	-0.049506	-0.049184
672	-0.049787	-0.04965	-0.049299
673	-0.049892	-0.049732	-0.04945
674	-0.049996	-0.049815	-0.049601
675	-0.050173	-0.049954	-0.04971
676	-0.050355	-0.050099	-0.049817
677	-0.050559	-0.050261	-0.049987
678	-0.050767	-0.050426	-0.050169
679	-0.050936	-0.05069	-0.050394
680	-0.051092	-0.050983	-0.050632
681	-0.051385	-0.051269	-0.0509
682	-0.051741	-0.05155	-0.051182
683	-0.052078	-0.051832	-0.051476
684	-0.052402	-0.052115	-0.051779
685	-0.052713	-0.052425	-0.052114
686	-0.053012	-0.052758	-0.052477
687	-0.053285	-0.053086	-0.052814
688	-0.053527	-0.053407	-0.053118
689	-0.053801	-0.053696	-0.0534
690	-0.054127	-0.053931	-0.053645
691	-0.05438	-0.05414	-0.053855
692	-0.054474	-0.054288	-0.053988
693	-0.054635	-0.054488	-0.054165
694	-0.055007	-0.054849	-0.054481
695	-0.055402	-0.055222	-0.054831
696	-0.055915	-0.055655	-0.055348
697	-0.056408	-0.056084	-0.055847
698	-0.056724	-0.056476	-0.056187
699	-0.05704	-0.056863	-0.056524
700	-0.057337	-0.057075	-0.056762
701	-0.057635	-0.057287	-0.056999
702	-0.058149	-0.057825	-0.057433
703	-0.058672	-0.058374	-0.057874
704	-0.058993	-0.058776	-0.058312
705	-0.059291	-0.059161	-0.058751
706	-0.059771	-0.059637	-0.059282
707	-0.060287	-0.060132	-0.059832
708	-0.060631	-0.060404	-0.060187
709	-0.060923	-0.060609	-0.060482
710	-0.061431	-0.061126	-0.06093
711	-0.06203	-0.061774	-0.061444
712	-0.062592	-0.062368	-0.062038
713	-0.063132	-0.062932	-0.062677
714	-0.063453	-0.063285	-0.063017
715	-0.063616	-0.063487	-0.06314
716	-0.06406	-0.063972	-0.063575
717	-0.064764	-0.064719	-0.0643
718	-0.065286	-0.065223	-0.064779
719	-0.065595	-0.065443	-0.06497
720	-0.066245	-0.065963	-0.065581
[LOG]
CHECKSUM‘