[HEADER]
Format	J&M ASCII Table
Comment	
Date	20/08/2026 14:15:24
Order	Y (evenX)
TechType	UV
NumPoints	411
FirstX	310
LastX	720
XType	nm
YType	Absorbance
ZType	s
NumSubFile	3
Matrix	Z vs X
[LOGIN]
Name=pcbob
[INSTRUMENT]
Name=TIDAS E Base UV/VI
Detector=MMS - ASPEN 97,5 kHz
Diodearray=256 Pixel
Serial#=36584
Calibrated=2011-07-01
Range=183.81-729.88 [nm] (F0)

SWVersion=v3.18.2 (build 0)[LOGIN]
Name=pcbob
[CONFIG]
ChannelName=Channel 1
ChannelType=Normalized
[PARAMETER]
It=330,00
Aver=5
Norm=3
Range=310,0-720,0 nm
Scan=Time
ScanTime=5,00 s
[TRIGGER]
Sweep=0
Scan=0
[DIO]
DigOut=0x0000
DigIn=0x0000
[DATA]
	00:00:00,000	00:00:01,650	00:00:03,300
310	0.001772	0.001713	0.001694
311	0.001781	0.001752	0.001734
312	0.001781	0.001817	0.00179
313	0.001765	0.001829	0.001792
314	0.001727	0.001767	0.00172
315	0.001698	0.001717	0.001664
316	0.001698	0.001701	0.001663
317	0.001699	0.00169	0.001663
318	0.001721	0.00174	0.001687
319	0.001742	0.00179	0.001712
320	0.001762	0.001796	0.001716
321	0.001781	0.001795	0.001718
322	0.0018	0.001818	0.00175
323	0.00182	0.001851	0.001793
324	0.00184	0.001886	0.00183
325	0.001862	0.001921	0.001863
326	0.001888	0.001945	0.001879
327	0.00192	0.001947	0.001868
328	0.001938	0.001946	0.00186
329	0.001889	0.001929	0.001865
330	0.00184	0.001913	0.00187
331	0.001893	0.001938	0.001895
332	0.001947	0.001963	0.00192
333	0.00192	0.001928	0.001899
334	0.001877	0.001881	0.001869
335	0.001885	0.001882	0.00188
336	0.001921	0.001909	0.001912
337	0.001949	0.001953	0.001934
338	0.001968	0.002015	0.001944
339	0.001994	0.002058	0.001961
340	0.002034	0.002052	0.001997
341	0.002069	0.002048	0.002032
342	0.002065	0.002056	0.002059
343	0.002061	0.002064	0.002086
344	0.002106	0.002108	0.002073
345	0.002155	0.002155	0.002057
346	0.002172	0.002165	0.002082
347	0.002181	0.002164	0.00212
348	0.002172	0.002177	0.002136
349	0.002151	0.002198	0.002138
350	0.002125	0.002193	0.002113
351	0.002092	0.002151	0.00205
352	0.002076	0.00213	0.002015
353	0.00211	0.002173	0.002058
354	0.002143	0.002213	0.002098
355	0.002176	0.0022	0.002096
356	0.00221	0.002188	0.002093
357	0.002161	0.002161	0.002084
358	0.002103	0.002133	0.002074
359	0.002133	0.002147	0.002085
360	0.002195	0.002177	0.002103
361	0.002232	0.002212	0.002132
362	0.00225	0.002252	0.002169
363	0.002252	0.002268	0.002183
364	0.002229	0.002247	0.00216
365	0.002214	0.002241	0.002145
366	0.002228	0.002291	0.002162
367	0.002241	0.002336	0.002178
368	0.002243	0.002286	0.002179
369	0.002245	0.002237	0.00218
370	0.002229	0.002257	0.002178
371	0.00221	0.002288	0.002176
372	0.002218	0.002284	0.00216
373	0.002237	0.002265	0.002137
374	0.002257	0.002287	0.002162
375	0.002277	0.002344	0.00223
376	0.002318	0.002384	0.002281
377	0.002393	0.002394	0.002302
378	0.002449	0.002402	0.002311
379	0.002427	0.002402	0.00227
380	0.002406	0.002403	0.002231
381	0.002418	0.00241	0.002274
382	0.00243	0.002417	0.002317
383	0.002441	0.002454	0.002381
384	0.002453	0.002497	0.002449
385	0.002463	0.002506	0.002437
386	0.002473	0.0025	0.002388
387	0.002501	0.002486	0.002395
388	0.002546	0.002467	0.002454
389	0.002565	0.002459	0.002465
390	0.002533	0.002473	0.002385
391	0.002515	0.00249	0.002332
392	0.002551	0.002522	0.002393
393	0.002588	0.002555	0.002454
394	0.002615	0.002619	0.002492
395	0.002642	0.002684	0.002529
396	0.002635	0.002666	0.002522
397	0.002622	0.002633	0.002507
398	0.002611	0.002643	0.002508
399	0.002601	0.002673	0.002515
400	0.00259	0.002659	0.002496
401	0.002578	0.002602	0.00245
402	0.002589	0.002587	0.00245
403	0.002644	0.002648	0.002538
404	0.002701	0.002714	0.002613
405	0.002767	0.002798	0.002632
406	0.002833	0.00288	0.002651
407	0.00289	0.002916	0.002667
408	0.002948	0.002951	0.002682
409	0.002887	0.002904	0.002688
410	0.002806	0.002843	0.002692
411	0.002834	0.002866	0.002718
412	0.002912	0.002925	0.002754
413	0.002912	0.002945	0.002739
414	0.002842	0.002927	0.00268
415	0.00281	0.002907	0.002636
416	0.002842	0.002882	0.002619
417	0.002858	0.002854	0.002597
418	0.002814	0.002814	0.002552
419	0.002769	0.002777	0.002509
420	0.00272	0.002808	0.002529
421	0.002671	0.002839	0.00255
422	0.002714	0.002832	0.002593
423	0.00277	0.002819	0.00264
424	0.002798	0.002832	0.002637
425	0.002813	0.002855	0.002614
426	0.002812	0.002861	0.002594
427	0.002797	0.002853	0.002577
428	0.002793	0.002859	0.002576
429	0.002805	0.002887	0.002599
430	0.002835	0.00293	0.002635
431	0.002925	0.003021	0.002713
432	0.003007	0.003107	0.002787
433	0.00298	0.003136	0.002811
434	0.002953	0.003164	0.002835
435	0.003034	0.003199	0.002861
436	0.003124	0.003233	0.002886
437	0.003143	0.003237	0.002906
438	0.003138	0.00323	0.002923
439	0.003121	0.003217	0.002916
440	0.003095	0.003199	0.002891
441	0.003091	0.003183	0.002892
442	0.003112	0.003171	0.002926
443	0.003109	0.003145	0.002923
444	0.003044	0.003083	0.002828
445	0.002986	0.003027	0.002744
446	0.00297	0.003018	0.002747
447	0.002954	0.003009	0.002749
448	0.002937	0.002994	0.002722
449	0.00292	0.002978	0.002694
450	0.002867	0.002949	0.002641
451	0.002806	0.002916	0.002582
452	0.00281	0.002929	0.002569
453	0.002846	0.002965	0.002579
454	0.002886	0.002988	0.00261
455	0.002928	0.002997	0.002659
456	0.002959	0.00301	0.00269
457	0.002967	0.003031	0.002689
458	0.002966	0.003047	0.002683
459	0.002929	0.003045	0.002658
460	0.002896	0.003046	0.002635
461	0.002968	0.003098	0.002679
462	0.003039	0.003151	0.002722
463	0.003082	0.003178	0.002785
464	0.003121	0.003203	0.00285
465	0.003159	0.003241	0.002901
466	0.003196	0.003286	0.002947
467	0.003217	0.003308	0.00294
468	0.003226	0.003315	0.002895
469	0.003203	0.003295	0.002853
470	0.003136	0.00324	0.002815
471	0.00309	0.003207	0.002791
472	0.003094	0.003234	0.002801
473	0.003096	0.003252	0.002808
474	0.003079	0.003215	0.002801
475	0.003062	0.003177	0.002793
476	0.003083	0.003248	0.002815
477	0.003106	0.003322	0.002836
478	0.003102	0.003282	0.002828
479	0.003093	0.003218	0.002814
480	0.003061	0.003158	0.002754
481	0.003019	0.003099	0.002673
482	0.002973	0.003055	0.002624
483	0.002925	0.003025	0.002603
484	0.00289	0.002996	0.002592
485	0.002876	0.002966	0.002595
486	0.002863	0.002948	0.002596
487	0.002857	0.002963	0.00259
488	0.002862	0.002989	0.002593
489	0.002967	0.003114	0.002687
490	0.003073	0.00324	0.00278
491	0.003109	0.003256	0.002761
492	0.003142	0.003268	0.002736
493	0.003128	0.00327	0.002779
494	0.003102	0.003269	0.002838
495	0.003151	0.003315	0.002879
496	0.003237	0.003383	0.002909
497	0.003276	0.003406	0.002914
498	0.003271	0.003386	0.002895
499	0.003257	0.003369	0.002874
500	0.00323	0.003356	0.002852
501	0.00322	0.003358	0.002854
502	0.003269	0.003411	0.002938
503	0.003312	0.003457	0.003014
504	0.003307	0.003424	0.002996
505	0.003301	0.003391	0.002978
506	0.003272	0.003377	0.002931
507	0.003242	0.003363	0.002882
508	0.003231	0.003345	0.002871
509	0.003225	0.003324	0.002868
510	0.003214	0.00332	0.00285
511	0.003201	0.003324	0.002822
512	0.003187	0.003303	0.002808
513	0.003171	0.003258	0.002805
514	0.003147	0.003222	0.002782
515	0.00311	0.003202	0.002729
516	0.003088	0.003186	0.002693
517	0.003112	0.003181	0.002712
518	0.003133	0.003181	0.002735
519	0.00313	0.003228	0.002791
520	0.003127	0.003274	0.002848
521	0.003128	0.00324	0.002809
522	0.003129	0.003204	0.002767
523	0.003116	0.003184	0.002751
524	0.0031	0.003168	0.002741
525	0.003147	0.003224	0.002765
526	0.003223	0.003311	0.002804
527	0.003259	0.003341	0.002821
528	0.003264	0.003325	0.002821
529	0.00329	0.003347	0.002847
530	0.003345	0.003419	0.002907
531	0.003381	0.003473	0.002958
532	0.003372	0.003488	0.002987
533	0.003369	0.003511	0.003023
534	0.003398	0.003573	0.003092
535	0.003427	0.003632	0.003158
536	0.003425	0.003586	0.003144
537	0.003424	0.00354	0.00313
538	0.003439	0.00354	0.00316
539	0.003456	0.003546	0.003196
540	0.00349	0.003607	0.003211
541	0.003529	0.003685	0.003219
542	0.003554	0.003725	0.003249
543	0.00357	0.003741	0.00329
544	0.003581	0.00373	0.003286
545	0.003585	0.003692	0.003237
546	0.003579	0.003674	0.003204
547	0.003555	0.003693	0.003201
548	0.003554	0.003706	0.003218
549	0.003624	0.003702	0.0033
550	0.003681	0.003698	0.003365
551	0.003638	0.003702	0.003307
552	0.003596	0.003706	0.003248
553	0.003554	0.003711	0.003232
554	0.003512	0.003717	0.003217
555	0.003579	0.003741	0.003247
556	0.003664	0.003768	0.003286
557	0.003664	0.003769	0.003293
558	0.003633	0.00376	0.003288
559	0.003603	0.003733	0.003264
560	0.003574	0.003694	0.003227
561	0.003572	0.00369	0.003212
562	0.003597	0.003725	0.003218
563	0.003611	0.003723	0.003231
564	0.003603	0.003655	0.003255
565	0.0036	0.003618	0.003277
566	0.003614	0.003682	0.003297
567	0.003622	0.003732	0.00331
568	0.00358	0.003665	0.003276
569	0.003537	0.003598	0.003242
570	0.003569	0.00362	0.003257
571	0.003602	0.003644	0.003272
572	0.003561	0.003649	0.003237
573	0.00351	0.003651	0.003194
574	0.003516	0.003632	0.003204
575	0.003542	0.003606	0.003231
576	0.003533	0.003585	0.003247
577	0.003502	0.003565	0.003259
578	0.003493	0.003578	0.003258
579	0.003505	0.003622	0.003248
580	0.00352	0.003658	0.003271
581	0.003539	0.003681	0.003346
582	0.003562	0.003701	0.003398
583	0.003593	0.00371	0.003389
584	0.003615	0.003718	0.003384
585	0.003592	0.00372	0.003396
586	0.003571	0.003722	0.003407
587	0.003594	0.003741	0.003394
588	0.003617	0.003759	0.003381
589	0.003605	0.003734	0.003376
590	0.00359	0.003706	0.003372
591	0.003551	0.00366	0.003315
592	0.003505	0.00361	0.003245
593	0.003484	0.003601	0.003217
594	0.003473	0.00361	0.003208
595	0.003442	0.003585	0.003177
596	0.003397	0.003538	0.003131
597	0.003362	0.003493	0.003097
598	0.003337	0.00345	0.003076
599	0.003289	0.0034	0.00303
600	0.0032	0.003338	0.002939
601	0.003122	0.003268	0.002848
602	0.003074	0.003171	0.002752
603	0.003032	0.003089	0.002678
604	0.003025	0.003095	0.00273
605	0.003018	0.003101	0.002779
606	0.003009	0.0031	0.002772
607	0.002999	0.003099	0.002765
608	0.003041	0.003147	0.00276
609	0.003088	0.003198	0.002756
610	0.003093	0.003197	0.002765
611	0.00309	0.003184	0.002776
612	0.003082	0.003192	0.002797
613	0.003072	0.003208	0.002821
614	0.00313	0.003263	0.002881
615	0.003233	0.003342	0.002963
616	0.003298	0.003398	0.003014
617	0.003328	0.003432	0.003035
618	0.003353	0.003456	0.003043
619	0.003371	0.003466	0.003033
620	0.003378	0.003474	0.003031
621	0.003364	0.003476	0.003047
622	0.003378	0.003493	0.00308
623	0.003511	0.003574	0.003181
624	0.003624	0.003646	0.003265
625	0.003543	0.003625	0.003177
626	0.003462	0.003604	0.003089
627	0.003551	0.003655	0.003206
628	0.003642	0.003708	0.003324
629	0.003697	0.003765	0.003411
630	0.003747	0.003823	0.003494
631	0.003813	0.003895	0.00353
632	0.003883	0.00397	0.003554
633	0.00391	0.003996	0.003565
634	0.003918	0.004001	0.003569
635	0.00392	0.003989	0.003585
636	0.003919	0.003964	0.00361
637	0.003925	0.003983	0.003627
638	0.003939	0.004043	0.003635
639	0.003964	0.004096	0.003672
640	0.004006	0.004139	0.00375
641	0.004031	0.004179	0.003802
642	0.004019	0.004211	0.003797
643	0.004018	0.004239	0.003799
644	0.004061	0.004253	0.003827
645	0.00411	0.00427	0.003862
646	0.0042	0.004307	0.003946
647	0.004288	0.004344	0.004026
648	0.00429	0.004389	0.003988
649	0.004291	0.004434	0.003949
650	0.004296	0.004396	0.003935
651	0.004301	0.004353	0.003922
652	0.004291	0.004321	0.003924
653	0.004278	0.004291	0.003929
654	0.004208	0.004212	0.003906
655	0.004119	0.004117	0.003875
656	0.004055	0.004052	0.003831
657	0.004002	0.004002	0.003781
658	0.003951	0.003983	0.003726
659	0.0039	0.003986	0.00367
660	0.003885	0.004004	0.003632
661	0.003905	0.004036	0.003613
662	0.003942	0.004052	0.003619
663	0.004002	0.004046	0.003659
664	0.004022	0.004037	0.003663
665	0.003958	0.004022	0.003594
666	0.003903	0.004011	0.003537
667	0.003873	0.004012	0.003515
668	0.003857	0.004019	0.003511
669	0.003917	0.004057	0.003602
670	0.00397	0.004094	0.003682
671	0.003939	0.004117	0.003632
672	0.003907	0.00414	0.003582
673	0.004022	0.004209	0.003726
674	0.004137	0.004277	0.00387
675	0.004152	0.004174	0.003844
676	0.004159	0.004055	0.003804
677	0.004208	0.004152	0.00384
678	0.004265	0.00429	0.003891
679	0.004319	0.004382	0.003969
680	0.004371	0.00446	0.004054
681	0.004367	0.00446	0.004069
682	0.004337	0.004424	0.004052
683	0.004317	0.004378	0.004027
684	0.004302	0.004327	0.003999
685	0.004249	0.004306	0.003938
686	0.004163	0.004311	0.003848
687	0.004095	0.004247	0.003776
688	0.004048	0.004101	0.003725
689	0.004026	0.004017	0.003714
690	0.004044	0.00403	0.003768
691	0.004072	0.004115	0.003835
692	0.004123	0.004355	0.003932
693	0.004172	0.004516	0.003992
694	0.004216	0.004431	0.003935
695	0.004247	0.004362	0.003892
696	0.004216	0.004366	0.003913
697	0.004183	0.004369	0.003934
698	0.004123	0.004352	0.003954
699	0.004067	0.004333	0.003974
700	0.004156	0.004265	0.003983
701	0.004245	0.004197	0.003992
702	0.004122	0.004067	0.003806
703	0.003992	0.003935	0.003612
704	0.003764	0.00378	0.003445
705	0.003525	0.003622	0.003281
706	0.003454	0.003605	0.003123
707	0.003415	0.003616	0.002966
708	0.003322	0.003536	0.002935
709	0.003211	0.003429	0.002943
710	0.00304	0.003262	0.002781
711	0.002844	0.00307	0.002548
712	0.002748	0.002916	0.002403
713	0.002708	0.002784	0.002307
714	0.002449	0.002638	0.002156
715	0.002031	0.002482	0.001965
716	0.001767	0.002325	0.001774
717	0.001646	0.002168	0.001583
718	0.001542	0.001859	0.001364
719	0.00146	0.001372	0.001111
720	0.0013	0.001019	0.000823
[LOG]
CHECKSUMÃ: