[HEADER]
Format	J&M ASCII Table
Comment	
Date	20/08/2026 14:59:12
Order	Y (evenX)
TechType	UV
NumPoints	411
FirstX	310
LastX	720
XType	nm
YType	Absorbance
ZType	s
NumSubFile	3
Matrix	Z vs X
[LOGIN]
Name=pcbob
[INSTRUMENT]
Name=TIDAS E Base UV/VI
Detector=MMS - ASPEN 97,5 kHz
Diodearray=256 Pixel
Serial#=36584
Calibrated=2011-07-01
Range=183.81-729.88 [nm] (F0)

SWVersion=v3.18.2 (build 0)[LOGIN]
Name=pcbob
[CONFIG]
ChannelName=Channel 1
ChannelType=Normalized
[PARAMETER]
It=330,00
Aver=5
Norm=3
Range=310,0-720,0 nm
Scan=Time
ScanTime=5,00 s
[TRIGGER]
Sweep=0
Scan=0
[DIO]
DigOut=0x0000
DigIn=0x0000
[DATA]
	00:00:00,000	00:00:01,650	00:00:03,300
310	0.908918	0.908407	0.907576
311	0.892466	0.892021	0.891209
312	0.876403	0.876033	0.875269
313	0.860649	0.860243	0.859471
314	0.845324	0.844726	0.843868
315	0.830078	0.829347	0.828452
316	0.815078	0.8144	0.813622
317	0.800101	0.799477	0.798802
318	0.785451	0.784897	0.78412
319	0.770802	0.770317	0.769439
320	0.756428	0.755853	0.755009
321	0.74209	0.741403	0.740611
322	0.727735	0.726992	0.726306
323	0.713373	0.712597	0.712039
324	0.699066	0.698278	0.697786
325	0.684807	0.684027	0.683546
326	0.67062	0.669879	0.669358
327	0.656564	0.655916	0.655265
328	0.642534	0.641955	0.641208
329	0.628626	0.628006	0.627314
330	0.614718	0.614058	0.613421
331	0.601012	0.600366	0.599804
332	0.587306	0.586674	0.586187
333	0.573806	0.573213	0.572662
334	0.560349	0.559801	0.559157
335	0.547136	0.546639	0.546061
336	0.534053	0.533612	0.533187
337	0.521272	0.520894	0.520545
338	0.508826	0.50852	0.508161
339	0.496579	0.496333	0.495959
340	0.484798	0.484583	0.484186
341	0.473076	0.47288	0.472483
342	0.46177	0.461505	0.461285
343	0.450463	0.45013	0.450088
344	0.439775	0.439459	0.439408
345	0.429121	0.428827	0.428757
346	0.418972	0.418727	0.418549
347	0.408971	0.408782	0.40847
348	0.399288	0.399103	0.398749
349	0.389817	0.389601	0.389266
350	0.380605	0.380402	0.380121
351	0.371743	0.371611	0.371434
352	0.363005	0.362915	0.362802
353	0.354641	0.354504	0.354331
354	0.346303	0.346131	0.345897
355	0.33829	0.338209	0.337896
356	0.330278	0.330287	0.329896
357	0.322728	0.322793	0.322427
358	0.315228	0.315343	0.315014
359	0.308155	0.308235	0.307966
360	0.301239	0.301253	0.301051
361	0.294445	0.294392	0.294213
362	0.287748	0.287627	0.287436
363	0.281147	0.281007	0.2808
364	0.274702	0.274616	0.274389
365	0.268376	0.268324	0.268104
366	0.262483	0.262392	0.262281
367	0.2566	0.256471	0.256462
368	0.250946	0.250785	0.250727
369	0.245292	0.245099	0.244991
370	0.239629	0.239441	0.239323
371	0.233965	0.233786	0.233666
372	0.228549	0.228392	0.228295
373	0.223238	0.223109	0.223046
374	0.218034	0.217917	0.217845
375	0.212925	0.212808	0.212688
376	0.207883	0.207784	0.207645
377	0.202961	0.202911	0.202807
378	0.19807	0.198058	0.197987
379	0.193307	0.19329	0.193242
380	0.188548	0.188527	0.188499
381	0.183935	0.183929	0.183836
382	0.179323	0.179332	0.179173
383	0.174853	0.174801	0.174648
384	0.170407	0.170283	0.170146
385	0.166102	0.165984	0.165875
386	0.161861	0.161788	0.16171
387	0.15778	0.157726	0.15766
388	0.153848	0.153791	0.153719
389	0.149901	0.149835	0.149756
390	0.14593	0.145842	0.145752
391	0.142013	0.141909	0.141815
392	0.138349	0.138243	0.138176
393	0.134687	0.13458	0.13454
394	0.13126	0.131159	0.131103
395	0.127832	0.127739	0.127667
396	0.124438	0.124301	0.124256
397	0.121051	0.12086	0.120849
398	0.117828	0.117639	0.117635
399	0.114682	0.114521	0.114512
400	0.111552	0.111431	0.111401
401	0.108436	0.108367	0.108301
402	0.105435	0.105384	0.105303
403	0.102647	0.102553	0.102493
404	0.099867	0.099734	0.099704
405	0.09712	0.096968	0.097004
406	0.094374	0.094205	0.094303
407	0.091664	0.09159	0.091554
408	0.088954	0.088975	0.088806
409	0.086271	0.086278	0.086108
410	0.083592	0.083567	0.08342
411	0.081031	0.080971	0.080882
412	0.078523	0.078426	0.078413
413	0.076012	0.075929	0.075906
414	0.073499	0.073477	0.073366
415	0.071048	0.071058	0.070911
416	0.068706	0.068699	0.068606
417	0.066331	0.066314	0.066257
418	0.063826	0.06383	0.063728
419	0.061326	0.061352	0.061207
420	0.058989	0.059017	0.058892
421	0.056652	0.056681	0.056576
422	0.054493	0.054531	0.054425
423	0.052359	0.052407	0.052297
424	0.050305	0.050332	0.050223
425	0.048283	0.048276	0.04817
426	0.046151	0.046143	0.046063
427	0.043929	0.043948	0.043913
428	0.04174	0.041771	0.041756
429	0.0396	0.039621	0.039588
430	0.037523	0.037528	0.037474
431	0.03565	0.035622	0.035538
432	0.033778	0.033724	0.033612
433	0.031926	0.031927	0.031818
434	0.030074	0.030129	0.030024
435	0.028391	0.02836	0.028305
436	0.026725	0.026594	0.026593
437	0.024967	0.024858	0.024876
438	0.023179	0.023132	0.023158
439	0.021454	0.021434	0.021429
440	0.019772	0.019756	0.019694
441	0.01813	0.018116	0.018048
442	0.01654	0.016525	0.016517
443	0.014955	0.014936	0.014972
444	0.01338	0.013353	0.013388
445	0.011808	0.011781	0.01181
446	0.010254	0.010289	0.010275
447	0.008699	0.008798	0.008739
448	0.007204	0.007277	0.00722
449	0.005711	0.005756	0.0057
450	0.004238	0.004267	0.00423
451	0.00277	0.002784	0.00277
452	0.001367	0.001373	0.001371
453	-0.000001	0.000001	0.000004
454	-0.00134	-0.001342	-0.001353
455	-0.002647	-0.002656	-0.002699
456	-0.003917	-0.003934	-0.004
457	-0.005115	-0.005146	-0.005215
458	-0.006303	-0.006345	-0.006418
459	-0.007449	-0.007491	-0.007568
460	-0.008598	-0.008637	-0.008716
461	-0.009779	-0.009793	-0.00983
462	-0.01096	-0.010949	-0.010945
463	-0.012012	-0.012021	-0.012012
464	-0.013047	-0.013083	-0.013074
465	-0.014118	-0.014164	-0.014163
466	-0.015202	-0.015253	-0.015261
467	-0.016284	-0.016324	-0.016351
468	-0.017364	-0.017382	-0.017435
469	-0.01848	-0.018489	-0.018559
470	-0.019646	-0.019661	-0.019735
471	-0.02078	-0.020803	-0.020878
472	-0.021831	-0.021872	-0.021939
473	-0.022886	-0.022935	-0.022993
474	-0.023965	-0.023969	-0.023995
475	-0.025045	-0.025003	-0.024997
476	-0.026007	-0.026045	-0.026061
477	-0.026967	-0.027087	-0.027126
478	-0.028027	-0.028115	-0.028146
479	-0.029106	-0.02914	-0.029157
480	-0.030191	-0.0302	-0.030201
481	-0.031278	-0.031276	-0.031259
482	-0.032272	-0.032274	-0.03225
483	-0.033185	-0.033204	-0.033182
484	-0.034009	-0.034039	-0.034029
485	-0.034693	-0.034725	-0.034743
486	-0.035387	-0.035415	-0.035449
487	-0.036117	-0.036119	-0.036134
488	-0.036839	-0.036824	-0.036823
489	-0.037499	-0.037533	-0.037549
490	-0.038159	-0.038243	-0.038276
491	-0.038926	-0.039035	-0.039061
492	-0.0397	-0.039831	-0.039849
493	-0.040441	-0.040539	-0.04054
494	-0.041175	-0.041224	-0.041207
495	-0.041837	-0.041852	-0.041853
496	-0.042463	-0.04245	-0.042486
497	-0.043081	-0.043085	-0.043108
498	-0.043691	-0.043755	-0.04372
499	-0.044318	-0.044402	-0.044353
500	-0.044976	-0.045009	-0.045023
501	-0.045622	-0.045623	-0.045684
502	-0.046229	-0.046262	-0.046318
503	-0.046841	-0.046901	-0.046952
504	-0.047509	-0.04755	-0.047584
505	-0.048177	-0.048198	-0.048215
506	-0.048826	-0.048864	-0.048855
507	-0.049474	-0.049532	-0.049495
508	-0.050133	-0.050147	-0.050144
509	-0.050795	-0.05075	-0.050795
510	-0.051423	-0.051372	-0.051447
511	-0.052035	-0.052003	-0.052099
512	-0.052631	-0.052614	-0.052714
513	-0.053213	-0.053206	-0.053296
514	-0.053788	-0.053793	-0.053856
515	-0.054354	-0.05437	-0.054383
516	-0.054908	-0.054927	-0.054914
517	-0.055427	-0.055421	-0.055458
518	-0.055941	-0.055917	-0.055997
519	-0.056415	-0.056426	-0.05649
520	-0.05689	-0.056936	-0.056984
521	-0.057436	-0.057491	-0.057521
522	-0.057984	-0.058048	-0.05806
523	-0.058503	-0.058583	-0.058589
524	-0.059018	-0.059113	-0.059114
525	-0.059506	-0.059564	-0.059573
526	-0.059983	-0.059981	-0.060003
527	-0.060442	-0.060439	-0.060461
528	-0.060888	-0.06093	-0.06094
529	-0.06132	-0.061374	-0.061372
530	-0.061734	-0.061756	-0.061741
531	-0.062136	-0.062136	-0.062115
532	-0.062511	-0.062509	-0.062502
533	-0.06288	-0.062881	-0.062883
534	-0.063217	-0.063241	-0.063237
535	-0.063555	-0.063602	-0.063594
536	-0.063941	-0.064001	-0.06401
537	-0.064328	-0.064399	-0.064426
538	-0.064712	-0.064751	-0.064807
539	-0.065097	-0.065097	-0.065184
540	-0.065418	-0.065448	-0.06549
541	-0.065719	-0.065801	-0.065773
542	-0.066044	-0.066113	-0.066079
543	-0.066382	-0.066401	-0.066397
544	-0.066732	-0.066734	-0.066738
545	-0.067096	-0.067113	-0.067101
546	-0.06746	-0.067483	-0.067471
547	-0.067827	-0.067838	-0.067853
548	-0.068175	-0.068185	-0.068209
549	-0.068464	-0.068503	-0.068485
550	-0.068763	-0.068825	-0.068774
551	-0.069147	-0.069172	-0.069163
552	-0.069531	-0.069519	-0.069552
553	-0.069835	-0.06987	-0.069881
554	-0.070137	-0.070222	-0.07021
555	-0.070389	-0.070474	-0.070473
556	-0.070632	-0.070711	-0.070726
557	-0.070935	-0.070985	-0.071021
558	-0.07126	-0.071273	-0.07133
559	-0.071622	-0.071625	-0.071659
560	-0.072008	-0.072018	-0.072
561	-0.072349	-0.072368	-0.072325
562	-0.072645	-0.07267	-0.072635
563	-0.072965	-0.07299	-0.072969
564	-0.073329	-0.073338	-0.073345
565	-0.073676	-0.073673	-0.073696
566	-0.073966	-0.073961	-0.073968
567	-0.074257	-0.074253	-0.074246
568	-0.074551	-0.07457	-0.074573
569	-0.074845	-0.074887	-0.074901
570	-0.075086	-0.07509	-0.075125
571	-0.075327	-0.075292	-0.075348
572	-0.075615	-0.075615	-0.075645
573	-0.075911	-0.075957	-0.075952
574	-0.076192	-0.076235	-0.076239
575	-0.076469	-0.076493	-0.076518
576	-0.076731	-0.076745	-0.076771
577	-0.076983	-0.076993	-0.07701
578	-0.077217	-0.077223	-0.07724
579	-0.077433	-0.077433	-0.077464
580	-0.077652	-0.077653	-0.077687
581	-0.077876	-0.077886	-0.077911
582	-0.078126	-0.078136	-0.078156
583	-0.078445	-0.078428	-0.078458
584	-0.078754	-0.078723	-0.078757
585	-0.079006	-0.07903	-0.079038
586	-0.07926	-0.079333	-0.079317
587	-0.079536	-0.079552	-0.079565
588	-0.079811	-0.079771	-0.079813
589	-0.080002	-0.079989	-0.080038
590	-0.080187	-0.080207	-0.080262
591	-0.080466	-0.080478	-0.080518
592	-0.080767	-0.080761	-0.080782
593	-0.080999	-0.080995	-0.081005
594	-0.081202	-0.081207	-0.08121
595	-0.081491	-0.081516	-0.081514
596	-0.08184	-0.081893	-0.081886
597	-0.082221	-0.082292	-0.082286
598	-0.082637	-0.082718	-0.082716
599	-0.083044	-0.083118	-0.083114
600	-0.083433	-0.083471	-0.083455
601	-0.083742	-0.083756	-0.083728
602	-0.083817	-0.08384	-0.083801
603	-0.083882	-0.083913	-0.083867
604	-0.083889	-0.083926	-0.083889
605	-0.083894	-0.083935	-0.083909
606	-0.083833	-0.083843	-0.083854
607	-0.083773	-0.083752	-0.083799
608	-0.083778	-0.083776	-0.083825
609	-0.083788	-0.083808	-0.083857
610	-0.083787	-0.083845	-0.083838
611	-0.083784	-0.083883	-0.083808
612	-0.083863	-0.083941	-0.083892
613	-0.083975	-0.084007	-0.084022
614	-0.084077	-0.084088	-0.084111
615	-0.084174	-0.084178	-0.084174
616	-0.084276	-0.084279	-0.084265
617	-0.084382	-0.084391	-0.084386
618	-0.084541	-0.084562	-0.084562
619	-0.084779	-0.084821	-0.084821
620	-0.084992	-0.085029	-0.085029
621	-0.085149	-0.085116	-0.085114
622	-0.085291	-0.085215	-0.085217
623	-0.08537	-0.08536	-0.085388
624	-0.08546	-0.085508	-0.085558
625	-0.085666	-0.085683	-0.085718
626	-0.085871	-0.085857	-0.085878
627	-0.085972	-0.085995	-0.086009
628	-0.086071	-0.086132	-0.08614
629	-0.086145	-0.086209	-0.086209
630	-0.086215	-0.086279	-0.086269
631	-0.08638	-0.086379	-0.086391
632	-0.086569	-0.086487	-0.086528
633	-0.086692	-0.086635	-0.086673
634	-0.086786	-0.0868	-0.086822
635	-0.086904	-0.086971	-0.086956
636	-0.087039	-0.087147	-0.087081
637	-0.087191	-0.08731	-0.087244
638	-0.087359	-0.087459	-0.087445
639	-0.087492	-0.087585	-0.08759
640	-0.087575	-0.087677	-0.087652
641	-0.087687	-0.087779	-0.087745
642	-0.087863	-0.087901	-0.087905
643	-0.088014	-0.08802	-0.088049
644	-0.088078	-0.088129	-0.088133
645	-0.088161	-0.088244	-0.088231
646	-0.088381	-0.088392	-0.088413
647	-0.088601	-0.088545	-0.088597
648	-0.088836	-0.088816	-0.088836
649	-0.089071	-0.089087	-0.089075
650	-0.089375	-0.089385	-0.089374
651	-0.089684	-0.089685	-0.089677
652	-0.089813	-0.089843	-0.08981
653	-0.089911	-0.089976	-0.089913
654	-0.089976	-0.090044	-0.090012
655	-0.090031	-0.090091	-0.09011
656	-0.090156	-0.090215	-0.090225
657	-0.090315	-0.090377	-0.090349
658	-0.09059	-0.090639	-0.090589
659	-0.090947	-0.090974	-0.090909
660	-0.091261	-0.091292	-0.091237
661	-0.09153	-0.091595	-0.091572
662	-0.091719	-0.091787	-0.091776
663	-0.091793	-0.091823	-0.091795
664	-0.091825	-0.091821	-0.091788
665	-0.091772	-0.091743	-0.091731
666	-0.091726	-0.091674	-0.09169
667	-0.091701	-0.091636	-0.091694
668	-0.091679	-0.091618	-0.091704
669	-0.091662	-0.091703	-0.091741
670	-0.091663	-0.091789	-0.091784
671	-0.091872	-0.091895	-0.091895
672	-0.09208	-0.092001	-0.092007
673	-0.09211	-0.092111	-0.092149
674	-0.092141	-0.09222	-0.092292
675	-0.092411	-0.09249	-0.092508
676	-0.092702	-0.092773	-0.092731
677	-0.092878	-0.092905	-0.092924
678	-0.093032	-0.093008	-0.093112
679	-0.093291	-0.09323	-0.093323
680	-0.093584	-0.093488	-0.093542
681	-0.09384	-0.09379	-0.093822
682	-0.094079	-0.094113	-0.094131
683	-0.09439	-0.094453	-0.094429
684	-0.094747	-0.094805	-0.094721
685	-0.095077	-0.095102	-0.095067
686	-0.095385	-0.095353	-0.095459
687	-0.095669	-0.095627	-0.095791
688	-0.095926	-0.09593	-0.096052
689	-0.0962	-0.096229	-0.096301
690	-0.096504	-0.096524	-0.096529
691	-0.096802	-0.096803	-0.096788
692	-0.097084	-0.097045	-0.097113
693	-0.097393	-0.097337	-0.097452
694	-0.097786	-0.097785	-0.097833
695	-0.098191	-0.098225	-0.098216
696	-0.098648	-0.098633	-0.098613
697	-0.099083	-0.099024	-0.098999
698	-0.099319	-0.099274	-0.099298
699	-0.099559	-0.099529	-0.099602
700	-0.099922	-0.099923	-0.10005
701	-0.100285	-0.100317	-0.100499
702	-0.100689	-0.100723	-0.100867
703	-0.101094	-0.10113	-0.101232
704	-0.101435	-0.101505	-0.101565
705	-0.101768	-0.101877	-0.101894
706	-0.102379	-0.102506	-0.102491
707	-0.103046	-0.103187	-0.103142
708	-0.103368	-0.103438	-0.10341
709	-0.103586	-0.103558	-0.10356
710	-0.104195	-0.104136	-0.104117
711	-0.104968	-0.104906	-0.104845
712	-0.105587	-0.105463	-0.105473
713	-0.10612	-0.105901	-0.106046
714	-0.106558	-0.106339	-0.106479
715	-0.106926	-0.106777	-0.106811
716	-0.107413	-0.107267	-0.107284
717	-0.108009	-0.107806	-0.107888
718	-0.108609	-0.108349	-0.108471
719	-0.109212	-0.108897	-0.10903
720	-0.109898	-0.109638	-0.109674
[LOG]
CHECKSUMß