[HEADER]
Format	J&M ASCII Table
Comment	
Date	20/08/2026 15:06:06
Order	Y (evenX)
TechType	UV
NumPoints	411
FirstX	310
LastX	720
XType	nm
YType	Absorbance
ZType	s
NumSubFile	3
Matrix	Z vs X
[LOGIN]
Name=pcbob
[INSTRUMENT]
Name=TIDAS E Base UV/VI
Detector=MMS - ASPEN 97,5 kHz
Diodearray=256 Pixel
Serial#=36584
Calibrated=2011-07-01
Range=183.81-729.88 [nm] (F0)

SWVersion=v3.18.2 (build 0)[LOGIN]
Name=pcbob
[CONFIG]
ChannelName=Channel 1
ChannelType=Normalized
[PARAMETER]
It=330,00
Aver=5
Norm=3
Range=310,0-720,0 nm
Scan=Time
ScanTime=5,00 s
[TRIGGER]
Sweep=0
Scan=0
[DIO]
DigOut=0x0000
DigIn=0x0000
[DATA]
	00:00:00,000	00:00:01,650	00:00:03,300
310	0.852747	0.852272	0.852292
311	0.835544	0.835236	0.8352
312	0.818788	0.818712	0.8185
313	0.802608	0.802605	0.802333
314	0.787226	0.787073	0.786903
315	0.771957	0.771701	0.771576
316	0.757043	0.756827	0.756569
317	0.742166	0.741984	0.741603
318	0.727831	0.7276	0.727254
319	0.713496	0.713216	0.712904
320	0.699537	0.699295	0.698961
321	0.685625	0.685434	0.68507
322	0.672099	0.671821	0.671514
323	0.658733	0.658311	0.658097
324	0.645456	0.645023	0.644811
325	0.632258	0.631933	0.63164
326	0.619173	0.618913	0.618601
327	0.606295	0.606021	0.6058
328	0.593468	0.593185	0.593027
329	0.580878	0.580603	0.580385
330	0.568287	0.568021	0.567744
331	0.556174	0.555905	0.555659
332	0.54406	0.54379	0.543575
333	0.532111	0.531927	0.531712
334	0.520196	0.520119	0.519898
335	0.508698	0.508636	0.508348
336	0.497426	0.497331	0.496943
337	0.486319	0.486211	0.485828
338	0.475397	0.475297	0.475036
339	0.464661	0.464564	0.464385
340	0.454367	0.454255	0.454062
341	0.444112	0.443994	0.443786
342	0.434146	0.43407	0.433849
343	0.42418	0.424147	0.423912
344	0.414779	0.414726	0.414487
345	0.405408	0.405333	0.40509
346	0.396465	0.396395	0.396157
347	0.387646	0.38759	0.387359
348	0.379066	0.379017	0.378768
349	0.370647	0.370599	0.370316
350	0.362437	0.362367	0.362069
351	0.35451	0.354387	0.354097
352	0.346614	0.346467	0.346174
353	0.338815	0.33872	0.338394
354	0.331062	0.331014	0.330662
355	0.323858	0.323792	0.323494
356	0.316655	0.316569	0.316326
357	0.309709	0.309609	0.309359
358	0.302791	0.302678	0.302413
359	0.296246	0.296139	0.295873
360	0.289838	0.289744	0.289481
361	0.283462	0.283366	0.283079
362	0.277111	0.277	0.276668
363	0.270874	0.270729	0.270387
364	0.26482	0.264607	0.264312
365	0.258865	0.258615	0.258348
366	0.253272	0.253093	0.252791
367	0.247689	0.247577	0.247241
368	0.242322	0.242198	0.241836
369	0.236955	0.23682	0.236431
370	0.231695	0.231491	0.231134
371	0.226451	0.226169	0.225853
372	0.22135	0.221052	0.220705
373	0.216311	0.216021	0.215613
374	0.211357	0.211113	0.210637
375	0.206477	0.206315	0.205763
376	0.201682	0.201544	0.200961
377	0.197038	0.196819	0.196285
378	0.192409	0.192125	0.191618
379	0.18785	0.187556	0.186988
380	0.183297	0.182993	0.182365
381	0.17896	0.178637	0.178016
382	0.174623	0.174282	0.173667
383	0.170366	0.170017	0.169385
384	0.166124	0.165768	0.165115
385	0.162059	0.161671	0.161012
386	0.158077	0.157645	0.156984
387	0.154214	0.153739	0.15306
388	0.150462	0.149947	0.149233
389	0.146673	0.146156	0.145413
390	0.142815	0.142365	0.141605
391	0.139027	0.138627	0.137845
392	0.135561	0.135127	0.134303
393	0.132097	0.13163	0.130764
394	0.128823	0.128364	0.127488
395	0.12555	0.125098	0.124212
396	0.122315	0.121811	0.120946
397	0.119087	0.11852	0.117683
398	0.115943	0.115382	0.114475
399	0.112838	0.112315	0.111294
400	0.109787	0.109266	0.108185
401	0.106785	0.106232	0.105144
402	0.103869	0.103289	0.102202
403	0.101116	0.100519	0.099445
404	0.098378	0.097762	0.096695
405	0.095709	0.09507	0.093977
406	0.093042	0.092378	0.09126
407	0.090455	0.089734	0.088573
408	0.087869	0.087089	0.085886
409	0.0852	0.084421	0.083189
410	0.082518	0.08175	0.08049
411	0.079998	0.079244	0.077932
412	0.077552	0.076811	0.075438
413	0.075119	0.074358	0.072975
414	0.072697	0.071887	0.070539
415	0.070335	0.069513	0.068157
416	0.068078	0.067308	0.065869
417	0.065796	0.065052	0.063556
418	0.063417	0.062596	0.061143
419	0.061045	0.060149	0.058736
420	0.058829	0.057935	0.056474
421	0.056612	0.055721	0.054213
422	0.054522	0.053654	0.052137
423	0.052449	0.051607	0.050088
424	0.050474	0.049602	0.048084
425	0.048539	0.047613	0.046097
426	0.046495	0.045538	0.043982
427	0.044365	0.043393	0.041764
428	0.042254	0.041284	0.039585
429	0.040172	0.039231	0.037465
430	0.038144	0.037205	0.035391
431	0.036293	0.035273	0.033468
432	0.034448	0.033352	0.031552
433	0.032687	0.031563	0.029738
434	0.030925	0.029774	0.027924
435	0.02918	0.02804	0.026174
436	0.027436	0.02631	0.024429
437	0.025719	0.02461	0.022708
438	0.024012	0.022921	0.020995
439	0.022345	0.021253	0.019309
440	0.020705	0.019599	0.017641
441	0.019145	0.018028	0.016059
442	0.017685	0.016561	0.014589
443	0.016211	0.015083	0.013092
444	0.014699	0.01358	0.011527
445	0.013204	0.012086	0.009985
446	0.011817	0.01066	0.008596
447	0.010431	0.009235	0.007208
448	0.009001	0.007819	0.00575
449	0.007571	0.006404	0.00429
450	0.006196	0.005014	0.002848
451	0.004833	0.003629	0.001412
452	0.003496	0.00228	0.000053
453	0.002172	0.000951	-0.001265
454	0.000888	-0.000333	-0.002553
455	-0.000357	-0.001572	-0.003812
456	-0.00159	-0.002795	-0.005045
457	-0.002801	-0.003989	-0.00623
458	-0.004003	-0.005177	-0.007419
459	-0.005165	-0.006335	-0.008623
460	-0.006326	-0.007494	-0.009825
461	-0.007451	-0.008664	-0.010969
462	-0.008577	-0.009833	-0.012113
463	-0.0096	-0.010908	-0.013195
464	-0.01061	-0.01197	-0.014269
465	-0.01165	-0.013042	-0.015377
466	-0.012701	-0.014118	-0.016498
467	-0.013755	-0.015167	-0.017609
468	-0.014811	-0.016197	-0.018713
469	-0.015872	-0.017265	-0.019834
470	-0.01694	-0.018382	-0.020977
471	-0.01799	-0.019475	-0.0221
472	-0.018993	-0.020507	-0.023176
473	-0.019999	-0.021535	-0.024238
474	-0.02103	-0.022532	-0.025218
475	-0.022061	-0.023529	-0.026197
476	-0.022988	-0.02447	-0.027162
477	-0.023913	-0.02541	-0.028126
478	-0.024858	-0.026377	-0.029095
479	-0.025806	-0.02735	-0.030064
480	-0.02683	-0.028352	-0.031048
481	-0.027888	-0.029368	-0.032038
482	-0.028882	-0.030321	-0.032927
483	-0.02982	-0.031221	-0.03373
484	-0.030682	-0.032044	-0.034467
485	-0.031424	-0.032746	-0.035102
486	-0.032146	-0.03344	-0.035756
487	-0.032806	-0.034111	-0.036465
488	-0.033461	-0.03478	-0.037181
489	-0.034065	-0.035441	-0.037961
490	-0.03467	-0.036102	-0.038742
491	-0.0354	-0.03686	-0.039582
492	-0.036136	-0.037624	-0.040426
493	-0.036826	-0.038356	-0.041178
494	-0.037506	-0.039079	-0.041907
495	-0.038142	-0.039736	-0.042568
496	-0.038756	-0.040358	-0.043195
497	-0.039412	-0.041014	-0.043862
498	-0.040106	-0.041701	-0.044567
499	-0.040781	-0.042373	-0.045251
500	-0.041421	-0.04302	-0.045899
501	-0.042044	-0.043652	-0.046537
502	-0.042604	-0.044232	-0.047136
503	-0.04317	-0.044818	-0.047744
504	-0.043791	-0.045464	-0.048448
505	-0.044413	-0.04611	-0.049152
506	-0.045062	-0.046763	-0.049812
507	-0.045713	-0.047415	-0.05047
508	-0.046342	-0.048043	-0.051072
509	-0.046967	-0.048665	-0.051661
510	-0.04756	-0.049252	-0.052292
511	-0.048136	-0.049821	-0.052944
512	-0.048694	-0.050383	-0.053522
513	-0.049234	-0.05094	-0.054034
514	-0.049775	-0.051476	-0.05454
515	-0.050317	-0.051981	-0.055037
516	-0.050835	-0.052476	-0.055533
517	-0.051278	-0.052944	-0.056023
518	-0.051722	-0.053413	-0.056512
519	-0.052187	-0.053888	-0.056995
520	-0.052651	-0.054363	-0.057477
521	-0.053121	-0.054874	-0.057995
522	-0.053591	-0.055386	-0.058513
523	-0.054096	-0.055908	-0.059017
524	-0.054609	-0.056432	-0.059519
525	-0.05509	-0.056904	-0.059978
526	-0.055558	-0.057352	-0.060417
527	-0.056016	-0.057793	-0.060864
528	-0.056467	-0.058226	-0.061315
529	-0.056899	-0.058662	-0.061746
530	-0.057305	-0.059102	-0.062149
531	-0.057707	-0.059518	-0.062557
532	-0.058094	-0.059877	-0.062975
533	-0.058481	-0.06024	-0.063382
534	-0.058863	-0.060627	-0.063728
535	-0.059246	-0.061016	-0.064077
536	-0.059716	-0.061478	-0.064533
537	-0.060186	-0.061941	-0.064989
538	-0.060603	-0.062322	-0.065371
539	-0.061013	-0.062693	-0.065744
540	-0.061347	-0.063031	-0.066107
541	-0.061656	-0.06336	-0.066466
542	-0.062003	-0.063704	-0.066807
543	-0.06237	-0.064057	-0.067137
544	-0.062732	-0.064414	-0.067471
545	-0.063089	-0.064775	-0.067809
546	-0.063449	-0.065145	-0.068152
547	-0.063816	-0.065529	-0.068504
548	-0.064161	-0.065886	-0.068839
549	-0.064438	-0.06616	-0.069124
550	-0.06472	-0.066442	-0.069416
551	-0.065046	-0.066784	-0.069767
552	-0.065373	-0.067126	-0.070118
553	-0.065694	-0.067457	-0.070435
554	-0.066015	-0.067789	-0.070752
555	-0.06631	-0.067995	-0.071006
556	-0.0666	-0.068182	-0.07125
557	-0.066856	-0.068457	-0.071513
558	-0.0671	-0.068764	-0.071783
559	-0.067406	-0.069088	-0.072099
560	-0.067753	-0.069422	-0.072445
561	-0.068072	-0.069734	-0.072734
562	-0.068359	-0.070022	-0.072963
563	-0.068668	-0.070329	-0.073231
564	-0.069015	-0.070667	-0.073567
565	-0.069357	-0.070988	-0.073872
566	-0.069685	-0.071254	-0.074076
567	-0.070015	-0.071522	-0.074283
568	-0.070358	-0.071804	-0.07451
569	-0.070702	-0.072086	-0.074737
570	-0.070975	-0.07235	-0.074913
571	-0.071249	-0.072613	-0.075088
572	-0.071575	-0.072924	-0.075345
573	-0.071909	-0.073243	-0.075614
574	-0.072233	-0.073533	-0.075847
575	-0.072555	-0.073815	-0.076069
576	-0.072853	-0.074088	-0.076323
577	-0.073139	-0.074357	-0.076597
578	-0.07342	-0.074627	-0.076831
579	-0.073698	-0.074898	-0.077027
580	-0.07396	-0.075159	-0.077244
581	-0.074198	-0.075404	-0.077492
582	-0.074454	-0.075665	-0.07776
583	-0.074759	-0.075963	-0.07808
584	-0.075059	-0.076264	-0.078403
585	-0.075335	-0.076574	-0.078742
586	-0.07561	-0.076881	-0.079078
587	-0.075847	-0.077118	-0.079342
588	-0.076084	-0.077355	-0.079606
589	-0.076321	-0.077613	-0.079893
590	-0.076558	-0.077873	-0.080182
591	-0.076831	-0.078142	-0.080478
592	-0.077112	-0.078414	-0.080776
593	-0.077342	-0.078659	-0.081003
594	-0.077549	-0.078893	-0.081198
595	-0.077852	-0.079215	-0.081511
596	-0.078222	-0.079597	-0.081904
597	-0.078593	-0.079979	-0.082303
598	-0.078965	-0.080361	-0.082706
599	-0.07932	-0.080717	-0.08308
600	-0.07965	-0.081031	-0.0834
601	-0.079916	-0.081288	-0.083657
602	-0.079999	-0.081384	-0.08373
603	-0.080068	-0.081457	-0.083788
604	-0.080053	-0.081402	-0.083757
605	-0.080034	-0.081345	-0.083725
606	-0.079905	-0.081227	-0.083665
607	-0.079775	-0.081109	-0.083605
608	-0.079758	-0.081117	-0.083592
609	-0.079748	-0.081136	-0.083582
610	-0.079719	-0.081121	-0.083565
611	-0.079685	-0.081099	-0.083545
612	-0.079775	-0.081188	-0.083627
613	-0.079913	-0.081322	-0.083748
614	-0.08	-0.081368	-0.083846
615	-0.080052	-0.081358	-0.083929
616	-0.080098	-0.081426	-0.084025
617	-0.080137	-0.081571	-0.084133
618	-0.080256	-0.081741	-0.084315
619	-0.080497	-0.081947	-0.084606
620	-0.080706	-0.082145	-0.084847
621	-0.080842	-0.082325	-0.084966
622	-0.08097	-0.082485	-0.085077
623	-0.081066	-0.082562	-0.085158
624	-0.08117	-0.082652	-0.085255
625	-0.081354	-0.082872	-0.085521
626	-0.081537	-0.083092	-0.085787
627	-0.081639	-0.083203	-0.085917
628	-0.081741	-0.083314	-0.086047
629	-0.081841	-0.083382	-0.086126
630	-0.081941	-0.083445	-0.0862
631	-0.082061	-0.083584	-0.086358
632	-0.082187	-0.083743	-0.086538
633	-0.082337	-0.083922	-0.086705
634	-0.082499	-0.08411	-0.086868
635	-0.08267	-0.084271	-0.087038
636	-0.082846	-0.084414	-0.087214
637	-0.083024	-0.084576	-0.087363
638	-0.083203	-0.084755	-0.087484
639	-0.08336	-0.084906	-0.087621
640	-0.083486	-0.085015	-0.087781
641	-0.08362	-0.085152	-0.08794
642	-0.083772	-0.085353	-0.088098
643	-0.083899	-0.085529	-0.088238
644	-0.083933	-0.085618	-0.088315
645	-0.084	-0.085713	-0.088406
646	-0.084291	-0.085851	-0.088604
647	-0.08458	-0.085992	-0.088802
648	-0.084811	-0.086227	-0.089003
649	-0.085041	-0.086461	-0.089203
650	-0.085492	-0.086823	-0.089411
651	-0.085956	-0.087192	-0.089619
652	-0.086203	-0.087384	-0.089655
653	-0.086412	-0.087544	-0.089662
654	-0.086546	-0.087606	-0.089603
655	-0.086657	-0.087637	-0.089524
656	-0.086836	-0.08777	-0.089603
657	-0.087049	-0.087953	-0.089759
658	-0.087264	-0.088201	-0.090075
659	-0.087481	-0.088495	-0.090502
660	-0.087693	-0.088796	-0.090908
661	-0.087901	-0.089106	-0.091294
662	-0.087993	-0.089289	-0.091573
663	-0.087919	-0.089294	-0.091701
664	-0.087805	-0.089258	-0.091771
665	-0.08761	-0.089139	-0.091724
666	-0.087463	-0.089038	-0.091681
667	-0.087461	-0.088992	-0.091648
668	-0.087458	-0.088961	-0.091632
669	-0.08745	-0.089012	-0.091704
670	-0.087458	-0.089073	-0.091781
671	-0.087647	-0.089243	-0.091919
672	-0.087836	-0.089413	-0.092058
673	-0.087954	-0.089539	-0.092195
674	-0.088071	-0.089665	-0.092333
675	-0.088321	-0.089907	-0.092538
676	-0.088583	-0.090158	-0.09275
677	-0.088758	-0.09033	-0.092913
678	-0.088916	-0.090487	-0.093067
679	-0.089145	-0.090685	-0.09329
680	-0.089397	-0.090895	-0.093534
681	-0.089666	-0.091161	-0.093812
682	-0.089943	-0.091452	-0.094106
683	-0.090222	-0.091758	-0.094401
684	-0.0905	-0.092075	-0.094695
685	-0.090817	-0.09238	-0.094998
686	-0.091167	-0.092675	-0.095308
687	-0.091496	-0.092951	-0.095595
688	-0.091803	-0.093204	-0.095853
689	-0.092087	-0.093466	-0.096111
690	-0.092337	-0.093743	-0.096369
691	-0.092613	-0.094012	-0.096635
692	-0.092944	-0.094263	-0.096918
693	-0.093282	-0.094565	-0.097227
694	-0.093638	-0.095028	-0.097621
695	-0.093998	-0.095475	-0.098013
696	-0.09437	-0.095851	-0.098398
697	-0.094734	-0.096214	-0.098774
698	-0.095021	-0.096461	-0.099079
699	-0.095311	-0.096713	-0.099384
700	-0.095691	-0.097076	-0.099705
701	-0.096071	-0.097439	-0.100027
702	-0.096482	-0.097911	-0.100467
703	-0.096893	-0.098387	-0.100912
704	-0.097209	-0.098686	-0.101272
705	-0.097514	-0.098965	-0.101622
706	-0.098131	-0.099501	-0.102139
707	-0.098812	-0.100088	-0.102689
708	-0.099054	-0.100394	-0.102991
709	-0.099165	-0.100614	-0.103219
710	-0.09969	-0.101142	-0.103764
711	-0.10039	-0.101801	-0.104443
712	-0.101039	-0.102452	-0.105019
713	-0.101659	-0.103099	-0.105537
714	-0.102059	-0.103544	-0.105905
715	-0.102299	-0.103844	-0.106164
716	-0.102774	-0.104293	-0.106592
717	-0.103466	-0.104881	-0.107176
718	-0.104028	-0.105361	-0.107701
719	-0.104436	-0.105714	-0.108158
720	-0.105071	-0.10643	-0.10879
[LOG]
CHECKSUMð	