[HEADER]
Format	J&M ASCII Table
Comment	
Date	20/08/2026 15:27:47
Order	Y (evenX)
TechType	UV
NumPoints	411
FirstX	310
LastX	720
XType	nm
YType	Absorbance
ZType	s
NumSubFile	3
Matrix	Z vs X
[LOGIN]
Name=pcbob
[INSTRUMENT]
Name=TIDAS E Base UV/VI
Detector=MMS - ASPEN 97,5 kHz
Diodearray=256 Pixel
Serial#=36584
Calibrated=2011-07-01
Range=183.81-729.88 [nm] (F0)

SWVersion=v3.18.2 (build 0)[LOGIN]
Name=pcbob
[CONFIG]
ChannelName=Channel 1
ChannelType=Normalized
[PARAMETER]
It=330,00
Aver=5
Norm=3
Range=310,0-720,0 nm
Scan=Time
ScanTime=5,00 s
[TRIGGER]
Sweep=0
Scan=0
[DIO]
DigOut=0x0000
DigIn=0x0000
[DATA]
	00:00:00,000	00:00:01,650	00:00:03,300
310	0.00411	0.004209	0.004341
311	0.003759	0.00387	0.004007
312	0.003441	0.003538	0.00368
313	0.003053	0.003147	0.003286
314	0.00257	0.002674	0.002798
315	0.002104	0.00221	0.002328
316	0.001693	0.001772	0.001918
317	0.001283	0.001338	0.001509
318	0.000902	0.00097	0.001136
319	0.00052	0.000602	0.000763
320	0.000183	0.000279	0.000416
321	-0.000149	-0.000039	0.000072
322	-0.000442	-0.000324	-0.000238
323	-0.000719	-0.000595	-0.000535
324	-0.001002	-0.000897	-0.00083
325	-0.001289	-0.001224	-0.001124
326	-0.001593	-0.001546	-0.001437
327	-0.001928	-0.00186	-0.001785
328	-0.002279	-0.002189	-0.002147
329	-0.002711	-0.002586	-0.002573
330	-0.003143	-0.002983	-0.002999
331	-0.003438	-0.003325	-0.003312
332	-0.003734	-0.003666	-0.003625
333	-0.004135	-0.004059	-0.004007
334	-0.004558	-0.004464	-0.004403
335	-0.004914	-0.004822	-0.004744
336	-0.005233	-0.005156	-0.005057
337	-0.005544	-0.005478	-0.005366
338	-0.005846	-0.005787	-0.005673
339	-0.006129	-0.006078	-0.005957
340	-0.006363	-0.006328	-0.006184
341	-0.006613	-0.006584	-0.006423
342	-0.006975	-0.006888	-0.006748
343	-0.007337	-0.007192	-0.007073
344	-0.007562	-0.007414	-0.007315
345	-0.00778	-0.007631	-0.007552
346	-0.008107	-0.007955	-0.007845
347	-0.008465	-0.00831	-0.008154
348	-0.008778	-0.008655	-0.008481
349	-0.00906	-0.008994	-0.008818
350	-0.009347	-0.009319	-0.009155
351	-0.009641	-0.009624	-0.009492
352	-0.009941	-0.00992	-0.009818
353	-0.010262	-0.010186	-0.010109
354	-0.010577	-0.010454	-0.010397
355	-0.010826	-0.010737	-0.010642
356	-0.011076	-0.011019	-0.010886
357	-0.011292	-0.011234	-0.011112
358	-0.011505	-0.011441	-0.011335
359	-0.011664	-0.011587	-0.011497
360	-0.011804	-0.011711	-0.011637
361	-0.012009	-0.011916	-0.01183
362	-0.012265	-0.012184	-0.012065
363	-0.012523	-0.012438	-0.012309
364	-0.012782	-0.01267	-0.012567
365	-0.013007	-0.012879	-0.012801
366	-0.013107	-0.013007	-0.012947
367	-0.013213	-0.013141	-0.013098
368	-0.013451	-0.013397	-0.013359
369	-0.01369	-0.013653	-0.01362
370	-0.013924	-0.013898	-0.01382
371	-0.014158	-0.014141	-0.014012
372	-0.014372	-0.014335	-0.014199
373	-0.014578	-0.014509	-0.014385
374	-0.014759	-0.01468	-0.01456
375	-0.014917	-0.014849	-0.014725
376	-0.015047	-0.014994	-0.014849
377	-0.015128	-0.015094	-0.014899
378	-0.01523	-0.015214	-0.014978
379	-0.015414	-0.015416	-0.015176
380	-0.015599	-0.015618	-0.015373
381	-0.015792	-0.015772	-0.015547
382	-0.015984	-0.015926	-0.015721
383	-0.016166	-0.01611	-0.015889
384	-0.016346	-0.016299	-0.016056
385	-0.016524	-0.016474	-0.01625
386	-0.016702	-0.016643	-0.016457
387	-0.016854	-0.016781	-0.016614
388	-0.016983	-0.01689	-0.016725
389	-0.017158	-0.017083	-0.016895
390	-0.017419	-0.017431	-0.017175
391	-0.017654	-0.017728	-0.017431
392	-0.017772	-0.017791	-0.017575
393	-0.01789	-0.017855	-0.017719
394	-0.018044	-0.018056	-0.017907
395	-0.018198	-0.018256	-0.018094
396	-0.018456	-0.018463	-0.018355
397	-0.018733	-0.018671	-0.018629
398	-0.018923	-0.01886	-0.018781
399	-0.019072	-0.019039	-0.018876
400	-0.019234	-0.019211	-0.019024
401	-0.019408	-0.019375	-0.019223
402	-0.019585	-0.019526	-0.019403
403	-0.019767	-0.019654	-0.01955
404	-0.019928	-0.019791	-0.019683
405	-0.019995	-0.019964	-0.019755
406	-0.020064	-0.020137	-0.01983
407	-0.020216	-0.020309	-0.020016
408	-0.020368	-0.02048	-0.020202
409	-0.020564	-0.020686	-0.020361
410	-0.020768	-0.020899	-0.020515
411	-0.020895	-0.021015	-0.020645
412	-0.020989	-0.021089	-0.020763
413	-0.02114	-0.02123	-0.020941
414	-0.021343	-0.02143	-0.021173
415	-0.021541	-0.02162	-0.02138
416	-0.021729	-0.021791	-0.021545
417	-0.021921	-0.021973	-0.021726
418	-0.02213	-0.022203	-0.021973
419	-0.022338	-0.022431	-0.022217
420	-0.022524	-0.022597	-0.022374
421	-0.022711	-0.022763	-0.022531
422	-0.022862	-0.022893	-0.022662
423	-0.023009	-0.023018	-0.02279
424	-0.023188	-0.023188	-0.022961
425	-0.023381	-0.023376	-0.023149
426	-0.023541	-0.02357	-0.023324
427	-0.023673	-0.023769	-0.023487
428	-0.023838	-0.023969	-0.023665
429	-0.024052	-0.024172	-0.023864
430	-0.024228	-0.024341	-0.02402
431	-0.024279	-0.024397	-0.024034
432	-0.024332	-0.024458	-0.024055
433	-0.024407	-0.024575	-0.024159
434	-0.024482	-0.024692	-0.024263
435	-0.024581	-0.024771	-0.024402
436	-0.024682	-0.024847	-0.024544
437	-0.024771	-0.024945	-0.024638
438	-0.024857	-0.025051	-0.024718
439	-0.024991	-0.025183	-0.024839
440	-0.025157	-0.025331	-0.024988
441	-0.025308	-0.025472	-0.025114
442	-0.025439	-0.025604	-0.025211
443	-0.025613	-0.025772	-0.025359
444	-0.025897	-0.026034	-0.025633
445	-0.026173	-0.026291	-0.025906
446	-0.026393	-0.026515	-0.026168
447	-0.026613	-0.02674	-0.02643
448	-0.026833	-0.026965	-0.026612
449	-0.027052	-0.027189	-0.026792
450	-0.027283	-0.02743	-0.027044
451	-0.027516	-0.027675	-0.027312
452	-0.027696	-0.027871	-0.027509
453	-0.027849	-0.028041	-0.027667
454	-0.028004	-0.028206	-0.027817
455	-0.028162	-0.028366	-0.027957
456	-0.028329	-0.028522	-0.02809
457	-0.028514	-0.028672	-0.028209
458	-0.028678	-0.028817	-0.02833
459	-0.02875	-0.028948	-0.028457
460	-0.028824	-0.029076	-0.028582
461	-0.028909	-0.029142	-0.028662
462	-0.028994	-0.029208	-0.028741
463	-0.029114	-0.029314	-0.028844
464	-0.029238	-0.029424	-0.028951
465	-0.029362	-0.029547	-0.029076
466	-0.029485	-0.029673	-0.029208
467	-0.029633	-0.029836	-0.029362
468	-0.029799	-0.030023	-0.029532
469	-0.029993	-0.030233	-0.029736
470	-0.030225	-0.03047	-0.029983
471	-0.030442	-0.030691	-0.030204
472	-0.030623	-0.030868	-0.030362
473	-0.030804	-0.031048	-0.030522
474	-0.030985	-0.031245	-0.030694
475	-0.031165	-0.031442	-0.030866
476	-0.031341	-0.031648	-0.031054
477	-0.031517	-0.031855	-0.031243
478	-0.031723	-0.032019	-0.03144
479	-0.031934	-0.032175	-0.031638
480	-0.032107	-0.032347	-0.031828
481	-0.032261	-0.032528	-0.032015
482	-0.03239	-0.032664	-0.032167
483	-0.032496	-0.032762	-0.032287
484	-0.032595	-0.032844	-0.032386
485	-0.032684	-0.032902	-0.032451
486	-0.03277	-0.032971	-0.032527
487	-0.032844	-0.033076	-0.032641
488	-0.032922	-0.033185	-0.032756
489	-0.033034	-0.033325	-0.032896
490	-0.033147	-0.033465	-0.033035
491	-0.033325	-0.033619	-0.033182
492	-0.033507	-0.033774	-0.03333
493	-0.033627	-0.033909	-0.033443
494	-0.033733	-0.034038	-0.033548
495	-0.033786	-0.034104	-0.033584
496	-0.033811	-0.034137	-0.033585
497	-0.033874	-0.03419	-0.03363
498	-0.033973	-0.034263	-0.033718
499	-0.034055	-0.034326	-0.033803
500	-0.034111	-0.034372	-0.033883
501	-0.034153	-0.034415	-0.033946
502	-0.03415	-0.034452	-0.033951
503	-0.034162	-0.034497	-0.033966
504	-0.034327	-0.034636	-0.034091
505	-0.034493	-0.034774	-0.034215
506	-0.034633	-0.034925	-0.034377
507	-0.034772	-0.035076	-0.034542
508	-0.034923	-0.035233	-0.034682
509	-0.035075	-0.035392	-0.034817
510	-0.035207	-0.035535	-0.034983
511	-0.035328	-0.035671	-0.035165
512	-0.035468	-0.035806	-0.035295
513	-0.035627	-0.035942	-0.035376
514	-0.03577	-0.036076	-0.035487
515	-0.035888	-0.036208	-0.035646
516	-0.036014	-0.036338	-0.035785
517	-0.036167	-0.036466	-0.035863
518	-0.036314	-0.036594	-0.035949
519	-0.036422	-0.036724	-0.036088
520	-0.036529	-0.036855	-0.036228
521	-0.036658	-0.037017	-0.036392
522	-0.036787	-0.037181	-0.036557
523	-0.036918	-0.037308	-0.036688
524	-0.03705	-0.037429	-0.036812
525	-0.037141	-0.037523	-0.036883
526	-0.037214	-0.037605	-0.03693
527	-0.037281	-0.037666	-0.037009
528	-0.037345	-0.03771	-0.037113
529	-0.037396	-0.037737	-0.037171
530	-0.037432	-0.037741	-0.037165
531	-0.037445	-0.037733	-0.037157
532	-0.0374	-0.037692	-0.037141
533	-0.037353	-0.03765	-0.037121
534	-0.037292	-0.037594	-0.037076
535	-0.037233	-0.03754	-0.037033
536	-0.037218	-0.037545	-0.037046
537	-0.037204	-0.037551	-0.037059
538	-0.037222	-0.037519	-0.037044
539	-0.037243	-0.037484	-0.037025
540	-0.037199	-0.03749	-0.036993
541	-0.037135	-0.03751	-0.036958
542	-0.037084	-0.037485	-0.03692
543	-0.03704	-0.037434	-0.036882
544	-0.037046	-0.03742	-0.036886
545	-0.037103	-0.037443	-0.036932
546	-0.037147	-0.037467	-0.036962
547	-0.037168	-0.037492	-0.036961
548	-0.037175	-0.037508	-0.03695
549	-0.037139	-0.037499	-0.036904
550	-0.037116	-0.0375	-0.036875
551	-0.037198	-0.037583	-0.036974
552	-0.03728	-0.037667	-0.037073
553	-0.037315	-0.037685	-0.037123
554	-0.037349	-0.037702	-0.037171
555	-0.037335	-0.037691	-0.037168
556	-0.037314	-0.037676	-0.037155
557	-0.037368	-0.037713	-0.03716
558	-0.037449	-0.037768	-0.037172
559	-0.037504	-0.037795	-0.037216
560	-0.037542	-0.037804	-0.037281
561	-0.037576	-0.037826	-0.037331
562	-0.037606	-0.037863	-0.037365
563	-0.037608	-0.037887	-0.037374
564	-0.037561	-0.037888	-0.03734
565	-0.037504	-0.037865	-0.037297
566	-0.037416	-0.037763	-0.037225
567	-0.037325	-0.037658	-0.037148
568	-0.037224	-0.037529	-0.037027
569	-0.037122	-0.0374	-0.036905
570	-0.036998	-0.037284	-0.03679
571	-0.036874	-0.037167	-0.036675
572	-0.036765	-0.037063	-0.036558
573	-0.036657	-0.036961	-0.036441
574	-0.036557	-0.036858	-0.036337
575	-0.036458	-0.036755	-0.036238
576	-0.036371	-0.036648	-0.03614
577	-0.03629	-0.036539	-0.036045
578	-0.036192	-0.036435	-0.035953
579	-0.03608	-0.036335	-0.035865
580	-0.035995	-0.03625	-0.035789
581	-0.035953	-0.036187	-0.035733
582	-0.035924	-0.036152	-0.035702
583	-0.03593	-0.03619	-0.035736
584	-0.035946	-0.03623	-0.035774
585	-0.036018	-0.036282	-0.035825
586	-0.036089	-0.036333	-0.035877
587	-0.036133	-0.036372	-0.035957
588	-0.036176	-0.03641	-0.036036
589	-0.036226	-0.036445	-0.03606
590	-0.036278	-0.03648	-0.036078
591	-0.036296	-0.036523	-0.036103
592	-0.036307	-0.036569	-0.036129
593	-0.036268	-0.036544	-0.036111
594	-0.036207	-0.03649	-0.036076
595	-0.036231	-0.036509	-0.036086
596	-0.036314	-0.036581	-0.036128
597	-0.036383	-0.03666	-0.036189
598	-0.036437	-0.036749	-0.036271
599	-0.036503	-0.036818	-0.036343
600	-0.036592	-0.036852	-0.0364
601	-0.036661	-0.036882	-0.036451
602	-0.036671	-0.036902	-0.036483
603	-0.036693	-0.036936	-0.036529
604	-0.03678	-0.037056	-0.036656
605	-0.036869	-0.037175	-0.036782
606	-0.036978	-0.037266	-0.036861
607	-0.037087	-0.037357	-0.03694
608	-0.037161	-0.037437	-0.037008
609	-0.037231	-0.037516	-0.037076
610	-0.03727	-0.037567	-0.037122
611	-0.037301	-0.037611	-0.037163
612	-0.037384	-0.037677	-0.037241
613	-0.037488	-0.037753	-0.037334
614	-0.03754	-0.037805	-0.03738
615	-0.037557	-0.037842	-0.037396
616	-0.037603	-0.037884	-0.037433
617	-0.037677	-0.037933	-0.037491
618	-0.037774	-0.038016	-0.03756
619	-0.037905	-0.038151	-0.037647
620	-0.038004	-0.03825	-0.037737
621	-0.038027	-0.038263	-0.037832
622	-0.038041	-0.038278	-0.037909
623	-0.038017	-0.038299	-0.037907
624	-0.038003	-0.038323	-0.037909
625	-0.038077	-0.038378	-0.03795
626	-0.038151	-0.038432	-0.037991
627	-0.038153	-0.038457	-0.038053
628	-0.038154	-0.038482	-0.038116
629	-0.038137	-0.038445	-0.038034
630	-0.038118	-0.038401	-0.037936
631	-0.038122	-0.03839	-0.037947
632	-0.038132	-0.038387	-0.037987
633	-0.038151	-0.038417	-0.037997
634	-0.038172	-0.03846	-0.037994
635	-0.038211	-0.038521	-0.03803
636	-0.03826	-0.038593	-0.038093
637	-0.038312	-0.038635	-0.038167
638	-0.038365	-0.038649	-0.038251
639	-0.038366	-0.038644	-0.038277
640	-0.03829	-0.038611	-0.038218
641	-0.038219	-0.038567	-0.038153
642	-0.038159	-0.038499	-0.038076
643	-0.038107	-0.038438	-0.038006
644	-0.038086	-0.038402	-0.037961
645	-0.038062	-0.038369	-0.03792
646	-0.038016	-0.038357	-0.037906
647	-0.037965	-0.03834	-0.037886
648	-0.037778	-0.038153	-0.037721
649	-0.037592	-0.037967	-0.037556
650	-0.037321	-0.037627	-0.037276
651	-0.037045	-0.037277	-0.036988
652	-0.036594	-0.036781	-0.036505
653	-0.036113	-0.03626	-0.035987
654	-0.035795	-0.035936	-0.035652
655	-0.035528	-0.035674	-0.035373
656	-0.035436	-0.035591	-0.035292
657	-0.035427	-0.035595	-0.035306
658	-0.035603	-0.03578	-0.035465
659	-0.035909	-0.036093	-0.035726
660	-0.036284	-0.036479	-0.036095
661	-0.036728	-0.03694	-0.036573
662	-0.037109	-0.037352	-0.036978
663	-0.037403	-0.037698	-0.037282
664	-0.037665	-0.037996	-0.037546
665	-0.037863	-0.038199	-0.037729
666	-0.038042	-0.038391	-0.037901
667	-0.038165	-0.038549	-0.038039
668	-0.03827	-0.038674	-0.038156
669	-0.038282	-0.038638	-0.038158
670	-0.038291	-0.038602	-0.038157
671	-0.038268	-0.038577	-0.038117
672	-0.038244	-0.038552	-0.038077
673	-0.038181	-0.038519	-0.038045
674	-0.038119	-0.038487	-0.038013
675	-0.038162	-0.038557	-0.038022
676	-0.038214	-0.038637	-0.038036
677	-0.038203	-0.038587	-0.038034
678	-0.03818	-0.038513	-0.038029
679	-0.038194	-0.038526	-0.038006
680	-0.038218	-0.038566	-0.037978
681	-0.038335	-0.038694	-0.038126
682	-0.038494	-0.038862	-0.038356
683	-0.038616	-0.038936	-0.038451
684	-0.038713	-0.038949	-0.03846
685	-0.038794	-0.039006	-0.038536
686	-0.03886	-0.039102	-0.038672
687	-0.038941	-0.039208	-0.038784
688	-0.039038	-0.039328	-0.038869
689	-0.03903	-0.039323	-0.038863
690	-0.038851	-0.039119	-0.038711
691	-0.038683	-0.038952	-0.038562
692	-0.038538	-0.038865	-0.038418
693	-0.038472	-0.03884	-0.038354
694	-0.038658	-0.039014	-0.038542
695	-0.038833	-0.039165	-0.038702
696	-0.038953	-0.039206	-0.038727
697	-0.039039	-0.03923	-0.038738
698	-0.038827	-0.039115	-0.038614
699	-0.038622	-0.039003	-0.038495
700	-0.038638	-0.038978	-0.038497
701	-0.038653	-0.038954	-0.038499
702	-0.038802	-0.039096	-0.038681
703	-0.038955	-0.039244	-0.03887
704	-0.038909	-0.039211	-0.038863
705	-0.03884	-0.039158	-0.038833
706	-0.03903	-0.0394	-0.039025
707	-0.039272	-0.039702	-0.039261
708	-0.039181	-0.039534	-0.039115
709	-0.038991	-0.039224	-0.038853
710	-0.039198	-0.039394	-0.039033
711	-0.039572	-0.039765	-0.039399
712	-0.039719	-0.039951	-0.03955
713	-0.039739	-0.040032	-0.039583
714	-0.039836	-0.040119	-0.039602
715	-0.039989	-0.040212	-0.039612
716	-0.040142	-0.040287	-0.03974
717	-0.040296	-0.040346	-0.039977
718	-0.040397	-0.040397	-0.040141
719	-0.040436	-0.040436	-0.040221
720	-0.040786	-0.040806	-0.040522
[LOG]
CHECKSUM¯Ö