[HEADER]
Format	J&M ASCII Table
Comment	
Date	05/03/2026 15:54:24
Order	Y (evenX)
TechType	UV
NumPoints	411
FirstX	310
LastX	720
XType	nm
YType	Absorbance
ZType	s
NumSubFile	3
Matrix	Z vs X
[LOGIN]
Name=pcbob
[INSTRUMENT]
Name=TIDAS E Base UV/VI
Detector=MMS - ASPEN 97,5 kHz
Diodearray=256 Pixel
Serial#=36584
Calibrated=2011-07-01
Range=183.81-729.88 [nm] (F0)

SWVersion=v3.18.2 (build 0)[LOGIN]
Name=pcbob
[CONFIG]
ChannelName=Channel 1
ChannelType=Normalized
[PARAMETER]
It=400,00
Aver=5
Norm=3
Range=310,0-720,0 nm
Scan=Time
ScanTime=5,00 s
[TRIGGER]
Sweep=0
Scan=0
[DIO]
DigOut=0x0000
DigIn=0x0000
[DATA]
	00:00:00,000	00:00:02,000	00:00:04,000
310	0.001085	0.001073	0.001126
311	0.001056	0.001062	0.001095
312	0.001029	0.001083	0.001081
313	0.001017	0.001101	0.00108
314	0.001025	0.001116	0.001097
315	0.001038	0.001126	0.001106
316	0.001063	0.001123	0.001089
317	0.001084	0.001116	0.001071
318	0.001038	0.001056	0.001049
319	0.000993	0.000997	0.001028
320	0.000993	0.001027	0.00105
321	0.000998	0.001067	0.001078
322	0.000981	0.00104	0.001073
323	0.000955	0.000985	0.001054
324	0.000937	0.000951	0.00102
325	0.000926	0.000934	0.000974
326	0.00091	0.000914	0.000928
327	0.000885	0.000885	0.000881
328	0.000866	0.000869	0.000847
329	0.00087	0.000909	0.000871
330	0.000874	0.000948	0.000895
331	0.000819	0.000859	0.000807
332	0.000764	0.00077	0.000718
333	0.000772	0.000807	0.000768
334	0.000794	0.00087	0.000847
335	0.000819	0.000856	0.000855
336	0.000847	0.0008	0.000825
337	0.000837	0.000789	0.000807
338	0.000786	0.000825	0.000805
339	0.000748	0.000838	0.000798
340	0.000737	0.000795	0.000783
341	0.000722	0.000751	0.000767
342	0.000679	0.000709	0.000752
343	0.000636	0.000667	0.000737
344	0.000631	0.000703	0.000703
345	0.000628	0.000743	0.000668
346	0.000631	0.000707	0.000649
347	0.000636	0.000648	0.000635
348	0.000647	0.000603	0.000626
349	0.000661	0.000567	0.000623
350	0.000649	0.000558	0.000603
351	0.000602	0.000582	0.000562
352	0.000558	0.000588	0.000526
353	0.000523	0.000538	0.000503
354	0.000492	0.000491	0.000483
355	0.000497	0.000479	0.000502
356	0.000502	0.000468	0.00052
357	0.000482	0.00047	0.000514
358	0.000459	0.000473	0.000506
359	0.00044	0.000461	0.000465
360	0.000421	0.000445	0.000411
361	0.000379	0.000425	0.000377
362	0.00032	0.000403	0.000358
363	0.000285	0.000367	0.000326
364	0.00029	0.00031	0.000274
365	0.000279	0.000253	0.00023
366	0.000213	0.000193	0.000217
367	0.000152	0.00014	0.000205
368	0.000197	0.000222	0.000221
369	0.000243	0.000305	0.000238
370	0.000225	0.000247	0.000189
371	0.000197	0.000168	0.000132
372	0.000184	0.000184	0.000148
373	0.000178	0.00024	0.000196
374	0.000174	0.000231	0.000206
375	0.000173	0.000167	0.000183
376	0.000163	0.00013	0.000163
377	0.000137	0.000141	0.000147
378	0.000103	0.000134	0.000114
379	0.000036	0.000046	0.00001
380	-0.00003	-0.000039	-0.000091
381	-0.000004	-0.000027	-0.000061
382	0.000023	-0.000015	-0.000031
383	0.000029	0.000005	-0.000063
384	0.000031	0.000025	-0.000106
385	-0.000008	-0.000026	-0.000151
386	-0.000066	-0.00011	-0.000199
387	-0.00006	-0.00012	-0.000184
388	0.000006	-0.000059	-0.000111
389	0.00004	-0.000032	-0.00006
390	0.000012	-0.000069	-0.00005
391	-0.000015	-0.000112	-0.000058
392	-0.000043	-0.000188	-0.000147
393	-0.000071	-0.000261	-0.000235
394	-0.000046	-0.000185	-0.000202
395	-0.000021	-0.000108	-0.000169
396	-0.000047	-0.000122	-0.000125
397	-0.000082	-0.000153	-0.000079
398	-0.000134	-0.000206	-0.000133
399	-0.000194	-0.00027	-0.000234
400	-0.000227	-0.000319	-0.000299
401	-0.000236	-0.000354	-0.000332
402	-0.000229	-0.000358	-0.000341
403	-0.000193	-0.000303	-0.000309
404	-0.000154	-0.000257	-0.000281
405	-0.000099	-0.000253	-0.000271
406	-0.000047	-0.000251	-0.000263
407	-0.000146	-0.000349	-0.000337
408	-0.000246	-0.000447	-0.000412
409	-0.000204	-0.000419	-0.000398
410	-0.000139	-0.00037	-0.00037
411	-0.000153	-0.000402	-0.000446
412	-0.000204	-0.00047	-0.000568
413	-0.000248	-0.000508	-0.00059
414	-0.000286	-0.000521	-0.000521
415	-0.00031	-0.000526	-0.000491
416	-0.000313	-0.000519	-0.000528
417	-0.000311	-0.000517	-0.000555
418	-0.000297	-0.000538	-0.000537
419	-0.000285	-0.000562	-0.000523
420	-0.000357	-0.000659	-0.000573
421	-0.000429	-0.000756	-0.000624
422	-0.00038	-0.000708	-0.000602
423	-0.000314	-0.000639	-0.000571
424	-0.000336	-0.000685	-0.000626
425	-0.000392	-0.000776	-0.000714
426	-0.000427	-0.000802	-0.000735
427	-0.000445	-0.000776	-0.000702
428	-0.000443	-0.00075	-0.000676
429	-0.00041	-0.000723	-0.00066
430	-0.000389	-0.000699	-0.000657
431	-0.000405	-0.00068	-0.000693
432	-0.000422	-0.000665	-0.000729
433	-0.000441	-0.000693	-0.000752
434	-0.000461	-0.000721	-0.000774
435	-0.000475	-0.000739	-0.000779
436	-0.000489	-0.000757	-0.000782
437	-0.000512	-0.000801	-0.00083
438	-0.000539	-0.000853	-0.000893
439	-0.000562	-0.000899	-0.000918
440	-0.000582	-0.000941	-0.000917
441	-0.000598	-0.000932	-0.000909
442	-0.000607	-0.000861	-0.00089
443	-0.000631	-0.000831	-0.000901
444	-0.00069	-0.000907	-0.000984
445	-0.000732	-0.000975	-0.001058
446	-0.000652	-0.000987	-0.001059
447	-0.000571	-0.000999	-0.001061
448	-0.000627	-0.001044	-0.001078
449	-0.000688	-0.00109	-0.001095
450	-0.000711	-0.0011	-0.001086
451	-0.000727	-0.001103	-0.00107
452	-0.000751	-0.001088	-0.001083
453	-0.000781	-0.001064	-0.001111
454	-0.000797	-0.001081	-0.001141
455	-0.0008	-0.00114	-0.001171
456	-0.000788	-0.001174	-0.001174
457	-0.000747	-0.001164	-0.001127
458	-0.00072	-0.001157	-0.001101
459	-0.000751	-0.001158	-0.001163
460	-0.000781	-0.001159	-0.001224
461	-0.000775	-0.001169	-0.001266
462	-0.000769	-0.00118	-0.001309
463	-0.000774	-0.001193	-0.001271
464	-0.00078	-0.001207	-0.001223
465	-0.000817	-0.001256	-0.001244
466	-0.000864	-0.001319	-0.00129
467	-0.000868	-0.001304	-0.001302
468	-0.000842	-0.001233	-0.001289
469	-0.000836	-0.001223	-0.001293
470	-0.000858	-0.001293	-0.001319
471	-0.000883	-0.001346	-0.001355
472	-0.000918	-0.001356	-0.001414
473	-0.000943	-0.001362	-0.00146
474	-0.000901	-0.001343	-0.00142
475	-0.000859	-0.001325	-0.001381
476	-0.000802	-0.001289	-0.001315
477	-0.000746	-0.001253	-0.001248
478	-0.000786	-0.001286	-0.001351
479	-0.000845	-0.001334	-0.001489
480	-0.000894	-0.001335	-0.001475
481	-0.000938	-0.001316	-0.00139
482	-0.000941	-0.001326	-0.001342
483	-0.000911	-0.001363	-0.001323
484	-0.000897	-0.001369	-0.001324
485	-0.00091	-0.001325	-0.001356
486	-0.000925	-0.001292	-0.001381
487	-0.000946	-0.001293	-0.001388
488	-0.000966	-0.001297	-0.001396
489	-0.000975	-0.001336	-0.001413
490	-0.000984	-0.001375	-0.001431
491	-0.000984	-0.001398	-0.001382
492	-0.000983	-0.001419	-0.00133
493	-0.000996	-0.001453	-0.001369
494	-0.001013	-0.00149	-0.001429
495	-0.001036	-0.0015	-0.00147
496	-0.001062	-0.001495	-0.0015
497	-0.001057	-0.001492	-0.00151
498	-0.001022	-0.001488	-0.001502
499	-0.000991	-0.001488	-0.001519
500	-0.000966	-0.001491	-0.00158
501	-0.000954	-0.00149	-0.001616
502	-0.000988	-0.001473	-0.001575
503	-0.001019	-0.001462	-0.001538
504	-0.001015	-0.001502	-0.001544
505	-0.001012	-0.001543	-0.00155
506	-0.000972	-0.001532	-0.00157
507	-0.00093	-0.001518	-0.00159
508	-0.000977	-0.001477	-0.00152
509	-0.001046	-0.001429	-0.001429
510	-0.001053	-0.001434	-0.001459
511	-0.001029	-0.001466	-0.001551
512	-0.001038	-0.001512	-0.001626
513	-0.001077	-0.001571	-0.001684
514	-0.001085	-0.001589	-0.001683
515	-0.001042	-0.00154	-0.001586
516	-0.001002	-0.0015	-0.001513
517	-0.00097	-0.001487	-0.001509
518	-0.000949	-0.001483	-0.001512
519	-0.00102	-0.001556	-0.001574
520	-0.001092	-0.00163	-0.001635
521	-0.001103	-0.001634	-0.001635
522	-0.001113	-0.001637	-0.001633
523	-0.001097	-0.001647	-0.001616
524	-0.001076	-0.001658	-0.001597
525	-0.001074	-0.001651	-0.001604
526	-0.001079	-0.001636	-0.001621
527	-0.001075	-0.001594	-0.001616
528	-0.001064	-0.001532	-0.001593
529	-0.001065	-0.00153	-0.001597
530	-0.001083	-0.001611	-0.001635
531	-0.001106	-0.001681	-0.001675
532	-0.001139	-0.001726	-0.001718
533	-0.001164	-0.001755	-0.001747
534	-0.001143	-0.001704	-0.001707
535	-0.001123	-0.001652	-0.001668
536	-0.001115	-0.001615	-0.001679
537	-0.001106	-0.001579	-0.001691
538	-0.00106	-0.001567	-0.001637
539	-0.00101	-0.001557	-0.001575
540	-0.00102	-0.001558	-0.001582
541	-0.00105	-0.001562	-0.001611
542	-0.001078	-0.001548	-0.00162
543	-0.001105	-0.001526	-0.001618
544	-0.001111	-0.001529	-0.001609
545	-0.001096	-0.001558	-0.001594
546	-0.001076	-0.001573	-0.001584
547	-0.001047	-0.001562	-0.001582
548	-0.001028	-0.001552	-0.001583
549	-0.001038	-0.001542	-0.001592
550	-0.00105	-0.001534	-0.001606
551	-0.001083	-0.001547	-0.001657
552	-0.001115	-0.00156	-0.001709
553	-0.001114	-0.001591	-0.001694
554	-0.001112	-0.001622	-0.001677
555	-0.001097	-0.001584	-0.001655
556	-0.00108	-0.001534	-0.001631
557	-0.001097	-0.001574	-0.00164
558	-0.001127	-0.001648	-0.001661
559	-0.001117	-0.001663	-0.001677
560	-0.001082	-0.001642	-0.001692
561	-0.001067	-0.001608	-0.001672
562	-0.001072	-0.00156	-0.001615
563	-0.001065	-0.001519	-0.001579
564	-0.001037	-0.001488	-0.001582
565	-0.001027	-0.001476	-0.001583
566	-0.001078	-0.001526	-0.001584
567	-0.001118	-0.001568	-0.00158
568	-0.001075	-0.001545	-0.001543
569	-0.001033	-0.001522	-0.001506
570	-0.001044	-0.001522	-0.001523
571	-0.001055	-0.001522	-0.001541
572	-0.00105	-0.001472	-0.001516
573	-0.001043	-0.001415	-0.001486
574	-0.001034	-0.00142	-0.001478
575	-0.001024	-0.001446	-0.001477
576	-0.000977	-0.001399	-0.001423
577	-0.000908	-0.001309	-0.001337
578	-0.0009	-0.001269	-0.001312
579	-0.00095	-0.001277	-0.001346
580	-0.000965	-0.001281	-0.001346
581	-0.000924	-0.00128	-0.001293
582	-0.000917	-0.001297	-0.00128
583	-0.001001	-0.001363	-0.001372
584	-0.001064	-0.001411	-0.001442
585	-0.001021	-0.001366	-0.001397
586	-0.00098	-0.001324	-0.001353
587	-0.000981	-0.00134	-0.001363
588	-0.000982	-0.001357	-0.001373
589	-0.001006	-0.001382	-0.001412
590	-0.001031	-0.001407	-0.001454
591	-0.00105	-0.001416	-0.001461
592	-0.001068	-0.001422	-0.001461
593	-0.001054	-0.001442	-0.001459
594	-0.001027	-0.001467	-0.001455
595	-0.001011	-0.001464	-0.001444
596	-0.001002	-0.001439	-0.001427
597	-0.000992	-0.00142	-0.001431
598	-0.00098	-0.001408	-0.001457
599	-0.000991	-0.001407	-0.001479
600	-0.001042	-0.001426	-0.001494
601	-0.001084	-0.001452	-0.001507
602	-0.001095	-0.001498	-0.001511
603	-0.001098	-0.00153	-0.001511
604	-0.001052	-0.001483	-0.001485
605	-0.001006	-0.001437	-0.00146
606	-0.000989	-0.00142	-0.00145
607	-0.000972	-0.001404	-0.001441
608	-0.00098	-0.001435	-0.001444
609	-0.00099	-0.001469	-0.001448
610	-0.001011	-0.001476	-0.001491
611	-0.001033	-0.001477	-0.001542
612	-0.001031	-0.001487	-0.001547
613	-0.001019	-0.001501	-0.001534
614	-0.001036	-0.001525	-0.001518
615	-0.001072	-0.001556	-0.001501
616	-0.001078	-0.001538	-0.001496
617	-0.001057	-0.001474	-0.001503
618	-0.001048	-0.00145	-0.001514
619	-0.001057	-0.001488	-0.001533
620	-0.001068	-0.001525	-0.001548
621	-0.001078	-0.001561	-0.001555
622	-0.00109	-0.001588	-0.001563
623	-0.001108	-0.00158	-0.001574
624	-0.001125	-0.001574	-0.001587
625	-0.001144	-0.001586	-0.001623
626	-0.001162	-0.001597	-0.001658
627	-0.001115	-0.001519	-0.001614
628	-0.001067	-0.001439	-0.001569
629	-0.001046	-0.001474	-0.001553
630	-0.001029	-0.001523	-0.00154
631	-0.001074	-0.001549	-0.001581
632	-0.001135	-0.001568	-0.001636
633	-0.001139	-0.001564	-0.001609
634	-0.001118	-0.00155	-0.001548
635	-0.001104	-0.001548	-0.001533
636	-0.001093	-0.001556	-0.001551
637	-0.001095	-0.001583	-0.00158
638	-0.001108	-0.00163	-0.001621
639	-0.001103	-0.001635	-0.001621
640	-0.00107	-0.001579	-0.001563
641	-0.001045	-0.001544	-0.001537
642	-0.00104	-0.001553	-0.00158
643	-0.001045	-0.001559	-0.001606
644	-0.001084	-0.001553	-0.001565
645	-0.00112	-0.001556	-0.001537
646	-0.001144	-0.001626	-0.0016
647	-0.001165	-0.001691	-0.001659
648	-0.00114	-0.00164	-0.001601
649	-0.001115	-0.001588	-0.001544
650	-0.001156	-0.001553	-0.001534
651	-0.001201	-0.00152	-0.001528
652	-0.001135	-0.00146	-0.001433
653	-0.001049	-0.001397	-0.001323
654	-0.00099	-0.001324	-0.001273
655	-0.000939	-0.001248	-0.00124
656	-0.00095	-0.001251	-0.001276
657	-0.000992	-0.001291	-0.001345
658	-0.001042	-0.001353	-0.001409
659	-0.001097	-0.001431	-0.001468
660	-0.001118	-0.001488	-0.001522
661	-0.001105	-0.001523	-0.001569
662	-0.001106	-0.001549	-0.001606
663	-0.001125	-0.001562	-0.00163
664	-0.001132	-0.001579	-0.001649
665	-0.001117	-0.001604	-0.001659
666	-0.001103	-0.001606	-0.001648
667	-0.001095	-0.001536	-0.001569
668	-0.001085	-0.001476	-0.0015
669	-0.001064	-0.001461	-0.001481
670	-0.001044	-0.001452	-0.001467
671	-0.00105	-0.001511	-0.001524
672	-0.001056	-0.001569	-0.00158
673	-0.001068	-0.001539	-0.001569
674	-0.001081	-0.001508	-0.001558
675	-0.001062	-0.001546	-0.001522
676	-0.00104	-0.00159	-0.001484
677	-0.001064	-0.001559	-0.001534
678	-0.001097	-0.001513	-0.001601
679	-0.001073	-0.001538	-0.001611
680	-0.001032	-0.001586	-0.001603
681	-0.001034	-0.001578	-0.001582
682	-0.001056	-0.001546	-0.001554
683	-0.001084	-0.001536	-0.001568
684	-0.001116	-0.001541	-0.001608
685	-0.001146	-0.001553	-0.001651
686	-0.001173	-0.00157	-0.001694
687	-0.001184	-0.001588	-0.001728
688	-0.001173	-0.001604	-0.001749
689	-0.001156	-0.001623	-0.001758
690	-0.001128	-0.001647	-0.001747
691	-0.001115	-0.001651	-0.001729
692	-0.001135	-0.001611	-0.001696
693	-0.001158	-0.001588	-0.001683
694	-0.001189	-0.00162	-0.001731
695	-0.001215	-0.001645	-0.001771
696	-0.001215	-0.001635	-0.001771
697	-0.001219	-0.001629	-0.001772
698	-0.001269	-0.001666	-0.00178
699	-0.001314	-0.001701	-0.001786
700	-0.001253	-0.001683	-0.001724
701	-0.001192	-0.001665	-0.001661
702	-0.001296	-0.00173	-0.001755
703	-0.001407	-0.001799	-0.001856
704	-0.001338	-0.001741	-0.001767
705	-0.001249	-0.001668	-0.001658
706	-0.001258	-0.001675	-0.00169
707	-0.001286	-0.001699	-0.00175
708	-0.001271	-0.001667	-0.00175
709	-0.001244	-0.001619	-0.001731
710	-0.001198	-0.001608	-0.001698
711	-0.001144	-0.001614	-0.001658
712	-0.001125	-0.00159	-0.001627
713	-0.001126	-0.00155	-0.0016
714	-0.001115	-0.001538	-0.001586
715	-0.001096	-0.001548	-0.001583
716	-0.001062	-0.001502	-0.00155
717	-0.001016	-0.001403	-0.00149
718	-0.001033	-0.001404	-0.001477
719	-0.001123	-0.001522	-0.001521
720	-0.001171	-0.001601	-0.001564
[LOG]
CHECKSUMùî