[HEADER]
Format	J&M ASCII Table
Comment	
Date	05/03/2026 16:37:21
Order	Y (evenX)
TechType	UV
NumPoints	411
FirstX	310
LastX	720
XType	nm
YType	Absorbance
ZType	s
NumSubFile	3
Matrix	Z vs X
[LOGIN]
Name=pcbob
[INSTRUMENT]
Name=TIDAS E Base UV/VI
Detector=MMS - ASPEN 97,5 kHz
Diodearray=256 Pixel
Serial#=36584
Calibrated=2011-07-01
Range=183.81-729.88 [nm] (F0)

SWVersion=v3.18.2 (build 0)[LOGIN]
Name=pcbob
[CONFIG]
ChannelName=Channel 1
ChannelType=Normalized
[PARAMETER]
It=400,00
Aver=5
Norm=3
Range=310,0-720,0 nm
Scan=Time
ScanTime=5,00 s
[TRIGGER]
Sweep=0
Scan=0
[DIO]
DigOut=0x0000
DigIn=0x0000
[DATA]
	00:00:00,000	00:00:02,000	00:00:04,000
310	0.521566	0.521073	0.520651
311	0.513951	0.51344	0.513083
312	0.506559	0.506054	0.505699
313	0.49921	0.498715	0.498341
314	0.491917	0.491443	0.491021
315	0.484691	0.484227	0.483762
316	0.47767	0.477187	0.476696
317	0.470667	0.470167	0.469654
318	0.463912	0.463446	0.462951
319	0.457158	0.456725	0.456247
320	0.450421	0.450007	0.449525
321	0.443686	0.443291	0.4428
322	0.436969	0.436581	0.436089
323	0.430259	0.429873	0.429384
324	0.423638	0.423227	0.422749
325	0.417094	0.416633	0.416175
326	0.41052	0.410037	0.409583
327	0.403887	0.403435	0.402957
328	0.397272	0.396844	0.396342
329	0.390736	0.390309	0.389773
330	0.3842	0.383774	0.383205
331	0.377534	0.377058	0.376525
332	0.370868	0.370342	0.369845
333	0.364398	0.363937	0.363427
334	0.35797	0.357599	0.357063
335	0.351468	0.351122	0.350586
336	0.344927	0.344571	0.344048
337	0.3384	0.338034	0.337543
338	0.331888	0.331513	0.331077
339	0.32545	0.325076	0.324673
340	0.319189	0.318838	0.318418
341	0.312928	0.312604	0.31217
342	0.306678	0.306404	0.30597
343	0.300427	0.300203	0.29977
344	0.294461	0.294235	0.293886
345	0.288511	0.28828	0.288019
346	0.282607	0.282423	0.282099
347	0.276717	0.276594	0.276162
348	0.270994	0.270827	0.270363
349	0.265384	0.265102	0.264655
350	0.259811	0.259469	0.259066
351	0.254289	0.25396	0.253637
352	0.248815	0.248496	0.248234
353	0.243486	0.243161	0.242914
354	0.238177	0.237851	0.237611
355	0.233112	0.232833	0.232526
356	0.228048	0.227814	0.22744
357	0.223155	0.222902	0.222523
358	0.218281	0.218001	0.217623
359	0.213471	0.21319	0.212868
360	0.208685	0.208413	0.208167
361	0.204037	0.203774	0.203509
362	0.199497	0.199243	0.198885
363	0.194979	0.194709	0.194333
364	0.190496	0.190173	0.189895
365	0.186062	0.185703	0.185507
366	0.181806	0.181477	0.181301
367	0.177568	0.177269	0.177109
368	0.173706	0.173446	0.173213
369	0.169844	0.169623	0.169317
370	0.165824	0.165603	0.165338
371	0.161781	0.161554	0.161346
372	0.157809	0.157562	0.157371
373	0.153866	0.153593	0.153402
374	0.149999	0.149722	0.149529
375	0.146199	0.145937	0.14574
376	0.142447	0.14221	0.141986
377	0.138779	0.138585	0.138293
378	0.135144	0.134974	0.134649
379	0.131648	0.131422	0.131214
380	0.128155	0.127874	0.12778
381	0.124779	0.124486	0.124392
382	0.121402	0.121098	0.121003
383	0.118073	0.117792	0.117646
384	0.114752	0.1145	0.114293
385	0.111536	0.111312	0.111065
386	0.108368	0.108173	0.107893
387	0.105331	0.105148	0.10487
388	0.102418	0.102229	0.101984
389	0.099519	0.099348	0.099123
390	0.096648	0.096535	0.096307
391	0.093767	0.093697	0.093474
392	0.090843	0.090741	0.090563
393	0.087924	0.087789	0.087655
394	0.085331	0.085128	0.084996
395	0.082738	0.082468	0.082338
396	0.080266	0.080066	0.079848
397	0.077817	0.077711	0.077389
398	0.075446	0.07532	0.075025
399	0.073111	0.072912	0.072706
400	0.070688	0.070461	0.070326
401	0.068182	0.06797	0.067891
402	0.065703	0.06549	0.065448
403	0.063275	0.063032	0.062993
404	0.060908	0.060654	0.060614
405	0.058814	0.058637	0.058573
406	0.056721	0.05662	0.056532
407	0.054687	0.054623	0.054494
408	0.052652	0.052625	0.052455
409	0.050605	0.050539	0.050372
410	0.048555	0.048439	0.048282
411	0.046485	0.046361	0.046185
412	0.044406	0.044293	0.044085
413	0.042398	0.042317	0.042111
414	0.040455	0.040423	0.040252
415	0.038513	0.038484	0.038348
416	0.036577	0.036467	0.036364
417	0.034642	0.034481	0.034389
418	0.032716	0.03262	0.032448
419	0.030802	0.030769	0.030522
420	0.029169	0.029161	0.028976
421	0.027537	0.027553	0.027431
422	0.025982	0.025993	0.025868
423	0.024437	0.02444	0.024302
424	0.022891	0.022887	0.022787
425	0.021345	0.021336	0.021292
426	0.019969	0.019927	0.019901
427	0.018729	0.018633	0.018594
428	0.017565	0.017463	0.017391
429	0.016517	0.016483	0.016348
430	0.015466	0.015471	0.015311
431	0.014404	0.014355	0.014292
432	0.013336	0.013242	0.013267
433	0.012191	0.012173	0.01216
434	0.011045	0.011104	0.011052
435	0.010105	0.010159	0.010038
436	0.009186	0.009226	0.009032
437	0.008185	0.008193	0.008017
438	0.007159	0.007129	0.006998
439	0.006215	0.006169	0.006083
440	0.005326	0.005279	0.005236
441	0.004491	0.004443	0.004418
442	0.003725	0.003675	0.003638
443	0.002968	0.002907	0.002856
444	0.002233	0.002136	0.002067
445	0.001502	0.001373	0.001292
446	0.000793	0.000667	0.000612
447	0.000084	-0.00004	-0.000067
448	-0.000505	-0.000589	-0.000658
449	-0.00109	-0.001133	-0.001247
450	-0.001625	-0.001648	-0.001761
451	-0.002148	-0.002157	-0.002257
452	-0.002666	-0.002682	-0.002774
453	-0.003181	-0.003215	-0.0033
454	-0.003684	-0.003712	-0.003803
455	-0.004176	-0.004175	-0.004282
456	-0.004643	-0.004628	-0.004754
457	-0.005063	-0.005063	-0.005212
458	-0.00547	-0.005485	-0.005638
459	-0.005822	-0.005848	-0.005932
460	-0.006176	-0.006212	-0.006231
461	-0.006579	-0.006584	-0.006656
462	-0.006983	-0.006957	-0.007081
463	-0.007336	-0.007312	-0.007448
464	-0.007683	-0.007665	-0.007807
465	-0.007967	-0.007979	-0.00809
466	-0.008227	-0.00828	-0.008347
467	-0.008403	-0.008449	-0.008499
468	-0.008519	-0.008524	-0.008577
469	-0.008644	-0.008612	-0.008671
470	-0.008781	-0.008717	-0.008787
471	-0.008914	-0.008847	-0.008911
472	-0.009037	-0.009041	-0.00906
473	-0.009169	-0.009225	-0.009211
474	-0.009355	-0.009351	-0.009376
475	-0.00954	-0.009477	-0.009541
476	-0.009616	-0.009583	-0.009635
477	-0.00969	-0.00969	-0.009727
478	-0.0098	-0.009811	-0.009866
479	-0.009918	-0.009936	-0.010013
480	-0.010085	-0.010111	-0.010189
481	-0.010276	-0.01031	-0.010378
482	-0.010577	-0.010595	-0.010673
483	-0.010974	-0.010953	-0.011058
484	-0.011353	-0.011311	-0.011423
485	-0.011702	-0.01167	-0.011755
486	-0.011929	-0.011905	-0.011971
487	-0.011769	-0.011753	-0.011821
488	-0.011605	-0.011599	-0.011666
489	-0.011406	-0.011434	-0.011454
490	-0.011207	-0.011268	-0.011241
491	-0.011039	-0.011052	-0.011053
492	-0.010873	-0.010832	-0.010866
493	-0.010736	-0.010709	-0.010681
494	-0.010608	-0.010608	-0.010496
495	-0.010403	-0.010407	-0.010355
496	-0.010159	-0.010154	-0.010236
497	-0.010037	-0.010059	-0.010129
498	-0.010028	-0.010114	-0.010035
499	-0.010019	-0.010115	-0.009959
500	-0.01001	-0.010026	-0.009914
501	-0.009964	-0.009933	-0.009859
502	-0.009789	-0.009829	-0.009775
503	-0.009628	-0.009724	-0.009689
504	-0.009609	-0.009608	-0.009585
505	-0.00959	-0.009492	-0.009481
506	-0.009467	-0.009457	-0.009437
507	-0.009338	-0.009427	-0.009398
508	-0.009289	-0.00933	-0.009338
509	-0.009261	-0.009217	-0.009273
510	-0.009212	-0.009153	-0.009218
511	-0.009153	-0.009113	-0.009168
512	-0.00908	-0.009056	-0.009098
513	-0.008996	-0.008984	-0.009009
514	-0.008895	-0.008883	-0.008897
515	-0.008766	-0.008738	-0.008747
516	-0.008633	-0.008605	-0.008608
517	-0.00849	-0.008511	-0.008501
518	-0.008351	-0.008409	-0.008392
519	-0.008254	-0.008252	-0.008255
520	-0.008157	-0.008094	-0.008118
521	-0.008032	-0.007935	-0.007988
522	-0.007907	-0.007777	-0.007857
523	-0.007739	-0.007695	-0.007728
524	-0.007562	-0.007629	-0.007598
525	-0.007495	-0.00754	-0.00749
526	-0.007475	-0.007441	-0.007391
527	-0.007439	-0.007372	-0.007342
528	-0.007388	-0.007326	-0.007331
529	-0.007381	-0.007305	-0.007347
530	-0.007433	-0.007316	-0.007399
531	-0.007469	-0.00734	-0.007437
532	-0.00747	-0.007395	-0.007445
533	-0.00746	-0.007434	-0.007444
534	-0.007391	-0.007381	-0.007395
535	-0.007321	-0.007327	-0.007346
536	-0.007205	-0.00723	-0.00728
537	-0.007088	-0.007133	-0.007213
538	-0.006983	-0.006964	-0.007046
539	-0.006878	-0.006786	-0.006868
540	-0.006776	-0.00666	-0.006735
541	-0.006676	-0.00655	-0.006616
542	-0.006515	-0.006444	-0.006481
543	-0.00632	-0.00634	-0.006338
544	-0.006178	-0.006208	-0.006171
545	-0.006087	-0.006046	-0.005978
546	-0.005981	-0.005898	-0.005822
547	-0.005848	-0.005773	-0.005728
548	-0.005725	-0.005642	-0.005631
549	-0.005639	-0.005491	-0.005523
550	-0.005547	-0.005353	-0.005417
551	-0.005422	-0.005318	-0.005319
552	-0.005296	-0.005283	-0.005222
553	-0.005178	-0.005171	-0.005151
554	-0.005059	-0.005059	-0.005081
555	-0.005	-0.004979	-0.005018
556	-0.004949	-0.004904	-0.004956
557	-0.004925	-0.004878	-0.004922
558	-0.00491	-0.004869	-0.004898
559	-0.004873	-0.004819	-0.00484
560	-0.00482	-0.004741	-0.004758
561	-0.004735	-0.00465	-0.004678
562	-0.004616	-0.004544	-0.004598
563	-0.004521	-0.004458	-0.004516
564	-0.004468	-0.004408	-0.004429
565	-0.004425	-0.004369	-0.004371
566	-0.004416	-0.004368	-0.004404
567	-0.004409	-0.004366	-0.004432
568	-0.004424	-0.004363	-0.004412
569	-0.00444	-0.004361	-0.004392
570	-0.004451	-0.004405	-0.004437
571	-0.004463	-0.00445	-0.004483
572	-0.004438	-0.004429	-0.004451
573	-0.004408	-0.004397	-0.004408
574	-0.00435	-0.004347	-0.004362
575	-0.004283	-0.00429	-0.004315
576	-0.004208	-0.004212	-0.004237
577	-0.004129	-0.004122	-0.004142
578	-0.00411	-0.004081	-0.004106
579	-0.004149	-0.004086	-0.004127
580	-0.004131	-0.00405	-0.004082
581	-0.004023	-0.00395	-0.003938
582	-0.003919	-0.003864	-0.003827
583	-0.003825	-0.003814	-0.003803
584	-0.003714	-0.003739	-0.00375
585	-0.003508	-0.003536	-0.003545
586	-0.003304	-0.003334	-0.00334
587	-0.003151	-0.003132	-0.003151
588	-0.002999	-0.002931	-0.002963
589	-0.002804	-0.002753	-0.002754
590	-0.002606	-0.002576	-0.002543
591	-0.002432	-0.002396	-0.002361
592	-0.002263	-0.002214	-0.002186
593	-0.002088	-0.002041	-0.002023
594	-0.00191	-0.001872	-0.001864
595	-0.001718	-0.001669	-0.001683
596	-0.001516	-0.001443	-0.001486
597	-0.001306	-0.001233	-0.001281
598	-0.001087	-0.00104	-0.001067
599	-0.000902	-0.000861	-0.000872
600	-0.000776	-0.000706	-0.00071
601	-0.000632	-0.000557	-0.000553
602	-0.000434	-0.000429	-0.00041
603	-0.000234	-0.000282	-0.000256
604	-0.000024	-0.000023	-0.000045
605	0.000185	0.000233	0.000164
606	0.000369	0.000425	0.000332
607	0.000554	0.000618	0.0005
608	0.000707	0.000809	0.0007
609	0.000857	0.000999	0.000901
610	0.000982	0.001081	0.001003
611	0.001103	0.001139	0.001084
612	0.001179	0.001238	0.001194
613	0.001238	0.001353	0.001315
614	0.00135	0.001455	0.001417
615	0.001495	0.00155	0.001506
616	0.001644	0.001667	0.001624
617	0.001797	0.001808	0.00177
618	0.001927	0.001956	0.001926
619	0.002023	0.002114	0.002095
620	0.002135	0.002246	0.002237
621	0.002284	0.002316	0.002314
622	0.002439	0.002409	0.002412
623	0.002612	0.002598	0.002597
624	0.002782	0.002781	0.002782
625	0.002927	0.002915	0.002964
626	0.003073	0.00305	0.003146
627	0.00326	0.003283	0.0033
628	0.003447	0.003517	0.003455
629	0.00363	0.003662	0.003646
630	0.003811	0.003797	0.003841
631	0.004004	0.004035	0.004054
632	0.004199	0.004299	0.004272
633	0.004403	0.004487	0.004475
634	0.004611	0.004641	0.004672
635	0.00481	0.004848	0.00489
636	0.005001	0.005089	0.005124
637	0.00516	0.005251	0.005291
638	0.005287	0.005332	0.005392
639	0.005429	0.005448	0.005492
640	0.005594	0.005615	0.005593
641	0.005737	0.005758	0.00569
642	0.005833	0.00585	0.005781
643	0.005928	0.005949	0.005887
644	0.00602	0.006075	0.006043
645	0.006109	0.006191	0.006184
646	0.006178	0.00624	0.00622
647	0.006243	0.006285	0.006252
648	0.006176	0.006235	0.00619
649	0.006109	0.006185	0.006127
650	0.005823	0.005905	0.005849
651	0.005523	0.005611	0.005558
652	0.005202	0.005275	0.005241
653	0.004878	0.004931	0.004919
654	0.00465	0.004706	0.004686
655	0.004451	0.004519	0.004481
656	0.004428	0.004478	0.004466
657	0.00449	0.004507	0.004541
658	0.004731	0.004724	0.004763
659	0.005099	0.005073	0.005088
660	0.00553	0.00552	0.005519
661	0.006024	0.006065	0.006054
662	0.006512	0.00659	0.006548
663	0.006994	0.007087	0.006986
664	0.007425	0.007521	0.007399
665	0.007755	0.007828	0.007764
666	0.008056	0.008111	0.0081
667	0.008266	0.008322	0.008348
668	0.008469	0.008525	0.008577
669	0.008632	0.008689	0.008711
670	0.008793	0.008851	0.008848
671	0.00892	0.008992	0.009011
672	0.009048	0.009132	0.009175
673	0.009139	0.009228	0.00924
674	0.009229	0.009324	0.009306
675	0.009387	0.009428	0.00945
676	0.00955	0.009533	0.0096
677	0.00962	0.009604	0.009631
678	0.009671	0.009668	0.009639
679	0.009697	0.009719	0.009706
680	0.009716	0.009766	0.009791
681	0.009809	0.009841	0.009868
682	0.009936	0.009929	0.009941
683	0.010038	0.010002	0.009993
684	0.010125	0.010065	0.010033
685	0.010173	0.010117	0.010086
686	0.010188	0.010157	0.01015
687	0.010225	0.010227	0.010231
688	0.010291	0.010332	0.010334
689	0.010379	0.01044	0.010447
690	0.010502	0.010554	0.010579
691	0.010606	0.010668	0.010693
692	0.010665	0.010786	0.010765
693	0.010727	0.010884	0.010839
694	0.010803	0.010923	0.01092
695	0.010875	0.01097	0.010999
696	0.010932	0.011062	0.011064
697	0.010996	0.01115	0.011132
698	0.011117	0.011204	0.01123
699	0.011237	0.01126	0.011326
700	0.011322	0.011372	0.011381
701	0.011407	0.011484	0.011436
702	0.011445	0.011489	0.01151
703	0.011481	0.01149	0.011584
704	0.011633	0.011632	0.011704
705	0.011799	0.011789	0.011828
706	0.011899	0.011874	0.011905
707	0.011985	0.011944	0.011973
708	0.012122	0.012098	0.012099
709	0.012275	0.012278	0.012243
710	0.012438	0.012416	0.01239
711	0.012606	0.012537	0.012539
712	0.012714	0.012672	0.012692
713	0.01279	0.012814	0.012848
714	0.012863	0.012912	0.012957
715	0.012935	0.012979	0.013033
716	0.013074	0.013114	0.013167
717	0.013275	0.013312	0.013357
718	0.013377	0.013403	0.013443
719	0.013362	0.013368	0.013405
720	0.013393	0.013415	0.013434
[LOG]
CHECKSUMñ