[HEADER]
Format	J&M ASCII Table
Comment	
Date	05/03/2026 17:07:45
Order	Y (evenX)
TechType	UV
NumPoints	411
FirstX	310
LastX	720
XType	nm
YType	Absorbance
ZType	s
NumSubFile	3
Matrix	Z vs X
[LOGIN]
Name=pcbob
[INSTRUMENT]
Name=TIDAS E Base UV/VI
Detector=MMS - ASPEN 97,5 kHz
Diodearray=256 Pixel
Serial#=36584
Calibrated=2011-07-01
Range=183.81-729.88 [nm] (F0)

SWVersion=v3.18.2 (build 0)[LOGIN]
Name=pcbob
[CONFIG]
ChannelName=Channel 1
ChannelType=Normalized
[PARAMETER]
It=400,00
Aver=5
Norm=3
Range=310,0-720,0 nm
Scan=Time
ScanTime=5,00 s
[TRIGGER]
Sweep=0
Scan=0
[DIO]
DigOut=0x0000
DigIn=0x0000
[DATA]
	00:00:00,000	00:00:02,000	00:00:04,000
310	0.448349	0.448101	0.447684
311	0.441144	0.440904	0.440491
312	0.434148	0.433832	0.433441
313	0.42725	0.426897	0.426527
314	0.420488	0.420149	0.419803
315	0.413772	0.413452	0.413124
316	0.407198	0.406913	0.406586
317	0.400636	0.400382	0.400056
318	0.394249	0.393963	0.393647
319	0.387862	0.387544	0.387239
320	0.381636	0.381299	0.380995
321	0.375432	0.375076	0.374771
322	0.369249	0.368929	0.368625
323	0.363076	0.362814	0.362511
324	0.357025	0.356773	0.356479
325	0.351082	0.350799	0.35052
326	0.345159	0.344851	0.344582
327	0.339273	0.33895	0.338682
328	0.333408	0.333091	0.332804
329	0.327641	0.327424	0.327027
330	0.321875	0.321756	0.32125
331	0.316274	0.316052	0.315682
332	0.310672	0.310349	0.310115
333	0.305251	0.304895	0.304644
334	0.299869	0.299495	0.299195
335	0.294565	0.29422	0.293909
336	0.289303	0.289013	0.288712
337	0.284059	0.283798	0.283495
338	0.278837	0.278575	0.278255
339	0.273729	0.273439	0.273126
340	0.268891	0.268511	0.268258
341	0.264037	0.263606	0.263391
342	0.259071	0.258866	0.258538
343	0.254105	0.254125	0.253686
344	0.249423	0.249314	0.248905
345	0.244757	0.2445	0.244128
346	0.240209	0.239865	0.239576
347	0.235694	0.235282	0.235088
348	0.231116	0.230754	0.230555
349	0.226495	0.226265	0.225989
350	0.221963	0.221792	0.221489
351	0.21755	0.217342	0.217078
352	0.213156	0.212915	0.212677
353	0.208818	0.208556	0.208309
354	0.204496	0.204211	0.203959
355	0.200363	0.200022	0.199831
356	0.19623	0.195834	0.195702
357	0.19211	0.191758	0.191516
358	0.187992	0.187694	0.187323
359	0.183835	0.18355	0.183209
360	0.179665	0.179377	0.179124
361	0.175595	0.175315	0.175032
362	0.171605	0.17134	0.170934
363	0.167638	0.167388	0.166934
364	0.163707	0.163472	0.163087
365	0.159831	0.159605	0.159273
366	0.156158	0.155916	0.155576
367	0.15249	0.152233	0.151885
368	0.148926	0.148694	0.14832
369	0.145362	0.145154	0.144755
370	0.141755	0.141567	0.141169
371	0.138141	0.137973	0.13758
372	0.134582	0.134375	0.134004
373	0.131046	0.130776	0.130434
374	0.12753	0.127238	0.126916
375	0.124033	0.123755	0.123444
376	0.120562	0.120311	0.120005
377	0.117139	0.116937	0.116623
378	0.11375	0.113582	0.113269
379	0.110503	0.11031	0.110031
380	0.107258	0.107041	0.106796
381	0.104107	0.103923	0.103695
382	0.100956	0.100805	0.100594
383	0.097881	0.097721	0.097528
384	0.094819	0.094643	0.094467
385	0.091691	0.09152	0.091314
386	0.088534	0.088377	0.08812
387	0.085556	0.085378	0.085122
388	0.082746	0.082515	0.08231
389	0.079956	0.079719	0.079534
390	0.077202	0.077052	0.076826
391	0.074448	0.074354	0.074107
392	0.071693	0.071521	0.071337
393	0.068942	0.068692	0.068569
394	0.066379	0.066121	0.065961
395	0.063817	0.06355	0.063353
396	0.061455	0.061221	0.060972
397	0.059129	0.058936	0.058634
398	0.056773	0.056596	0.056313
399	0.054403	0.054231	0.054001
400	0.051969	0.051782	0.051592
401	0.049474	0.049254	0.049091
402	0.046998	0.046769	0.046605
403	0.044556	0.044365	0.044146
404	0.042178	0.042023	0.041773
405	0.040086	0.03996	0.039784
406	0.037995	0.037897	0.037792
407	0.035949	0.035838	0.035697
408	0.033903	0.033779	0.033602
409	0.031793	0.031714	0.031495
410	0.029671	0.029647	0.029386
411	0.027513	0.027473	0.027254
412	0.025339	0.025251	0.02511
413	0.023265	0.02314	0.023033
414	0.021282	0.021131	0.021014
415	0.019255	0.019086	0.018977
416	0.017151	0.016979	0.016905
417	0.015039	0.014875	0.014822
418	0.012901	0.012781	0.012692
419	0.010775	0.010697	0.010574
420	0.008989	0.00887	0.008727
421	0.007203	0.007043	0.006881
422	0.005617	0.005484	0.005317
423	0.004059	0.003961	0.003793
424	0.002347	0.002255	0.002109
425	0.000574	0.000474	0.000362
426	-0.000985	-0.001066	-0.0012
427	-0.002371	-0.002412	-0.002613
428	-0.003695	-0.003706	-0.003916
429	-0.004923	-0.004919	-0.00505
430	-0.006156	-0.00615	-0.006224
431	-0.007403	-0.007444	-0.007529
432	-0.008654	-0.008738	-0.008834
433	-0.009957	-0.010036	-0.01014
434	-0.01126	-0.011333	-0.011447
435	-0.012323	-0.012377	-0.012483
436	-0.013362	-0.013397	-0.013495
437	-0.014464	-0.014473	-0.014579
438	-0.015585	-0.015567	-0.015687
439	-0.016651	-0.016668	-0.016782
440	-0.017679	-0.017772	-0.017869
441	-0.018611	-0.01873	-0.018839
442	-0.019422	-0.019499	-0.019661
443	-0.020268	-0.020307	-0.020495
444	-0.021204	-0.021213	-0.021357
445	-0.022121	-0.02211	-0.022212
446	-0.022913	-0.022942	-0.023021
447	-0.023704	-0.023774	-0.023829
448	-0.02441	-0.024451	-0.024544
449	-0.025113	-0.025123	-0.025257
450	-0.025724	-0.025752	-0.025829
451	-0.026314	-0.02637	-0.026368
452	-0.026911	-0.026962	-0.026952
453	-0.027513	-0.02754	-0.027559
454	-0.028059	-0.028062	-0.028108
455	-0.028552	-0.028529	-0.0286
456	-0.029022	-0.028995	-0.02908
457	-0.02945	-0.02946	-0.029537
458	-0.029881	-0.029923	-0.029992
459	-0.030321	-0.030376	-0.030434
460	-0.030761	-0.030827	-0.030875
461	-0.031215	-0.031238	-0.031308
462	-0.031668	-0.031649	-0.031742
463	-0.032089	-0.032064	-0.032161
464	-0.032506	-0.032479	-0.032578
465	-0.032935	-0.032878	-0.032974
466	-0.033368	-0.03327	-0.033362
467	-0.033604	-0.033509	-0.033601
468	-0.033698	-0.033639	-0.033734
469	-0.03386	-0.033833	-0.033912
470	-0.03411	-0.034109	-0.03415
471	-0.034369	-0.034382	-0.034398
472	-0.03465	-0.034644	-0.034668
473	-0.034909	-0.034895	-0.034923
474	-0.035023	-0.035076	-0.035074
475	-0.035137	-0.035258	-0.035226
476	-0.035243	-0.035333	-0.035324
477	-0.035349	-0.035406	-0.035421
478	-0.035513	-0.035554	-0.035585
479	-0.035688	-0.035716	-0.035763
480	-0.03591	-0.035914	-0.035957
481	-0.036153	-0.03613	-0.036159
482	-0.036457	-0.036418	-0.036474
483	-0.036813	-0.036769	-0.036888
484	-0.037185	-0.037143	-0.037285
485	-0.037581	-0.037551	-0.037654
486	-0.037863	-0.037839	-0.03791
487	-0.037788	-0.037746	-0.037813
488	-0.037702	-0.037645	-0.037708
489	-0.037507	-0.037467	-0.037526
490	-0.037312	-0.037289	-0.037344
491	-0.037067	-0.037046	-0.037066
492	-0.03682	-0.0368	-0.036784
493	-0.036647	-0.036633	-0.036612
494	-0.036492	-0.036485	-0.036468
495	-0.03629	-0.0363	-0.036287
496	-0.036065	-0.036098	-0.036087
497	-0.035924	-0.035923	-0.035937
498	-0.035862	-0.035774	-0.035834
499	-0.035792	-0.035662	-0.035759
500	-0.035705	-0.035613	-0.035729
501	-0.035603	-0.035545	-0.035664
502	-0.035452	-0.035416	-0.035478
503	-0.035307	-0.035294	-0.035304
504	-0.03524	-0.03524	-0.035262
505	-0.035172	-0.035186	-0.035219
506	-0.035058	-0.035122	-0.035059
507	-0.034941	-0.035057	-0.034892
508	-0.034877	-0.03492	-0.034848
509	-0.034826	-0.034764	-0.034833
510	-0.034735	-0.034662	-0.034757
511	-0.034624	-0.034587	-0.03465
512	-0.034544	-0.03451	-0.034542
513	-0.034493	-0.03443	-0.034434
514	-0.034396	-0.034337	-0.034317
515	-0.034226	-0.034222	-0.034187
516	-0.034046	-0.03408	-0.034047
517	-0.033836	-0.033855	-0.033879
518	-0.033633	-0.033632	-0.033707
519	-0.03349	-0.033434	-0.0335
520	-0.033347	-0.033236	-0.033293
521	-0.033067	-0.033027	-0.033047
522	-0.032783	-0.032818	-0.0328
523	-0.032582	-0.032587	-0.032587
524	-0.032397	-0.032351	-0.03238
525	-0.032221	-0.032157	-0.032216
526	-0.032048	-0.03198	-0.032069
527	-0.0319	-0.031859	-0.031931
528	-0.031772	-0.031784	-0.031798
529	-0.03167	-0.031697	-0.031697
530	-0.031603	-0.031595	-0.031641
531	-0.031521	-0.031492	-0.031567
532	-0.031403	-0.031383	-0.031446
533	-0.031293	-0.031275	-0.031332
534	-0.031223	-0.031178	-0.031251
535	-0.03115	-0.031078	-0.031168
536	-0.031015	-0.030921	-0.031009
537	-0.030879	-0.030763	-0.030851
538	-0.030648	-0.03058	-0.030632
539	-0.030407	-0.030394	-0.030407
540	-0.030212	-0.030221	-0.030226
541	-0.030033	-0.030054	-0.030058
542	-0.029841	-0.029856	-0.029846
543	-0.029642	-0.029642	-0.029608
544	-0.029411	-0.02939	-0.029377
545	-0.029145	-0.0291	-0.029153
546	-0.028896	-0.028829	-0.028914
547	-0.028674	-0.02859	-0.02865
548	-0.028425	-0.02834	-0.028376
549	-0.028089	-0.028053	-0.02807
550	-0.027773	-0.027778	-0.027777
551	-0.027614	-0.027595	-0.027579
552	-0.027455	-0.027412	-0.027381
553	-0.027356	-0.027331	-0.027293
554	-0.027257	-0.027251	-0.027206
555	-0.027184	-0.027183	-0.027141
556	-0.027115	-0.027118	-0.027079
557	-0.027054	-0.027029	-0.027019
558	-0.026996	-0.026933	-0.026959
559	-0.026867	-0.026785	-0.026835
560	-0.026692	-0.026605	-0.02667
561	-0.026538	-0.026452	-0.026516
562	-0.026407	-0.02633	-0.026376
563	-0.026291	-0.026214	-0.026254
564	-0.026203	-0.026112	-0.026164
565	-0.026119	-0.026028	-0.026073
566	-0.026045	-0.026004	-0.025976
567	-0.025975	-0.025974	-0.025888
568	-0.025932	-0.025896	-0.02588
569	-0.025889	-0.025817	-0.025871
570	-0.025837	-0.025754	-0.025834
571	-0.025785	-0.025691	-0.025797
572	-0.025651	-0.025583	-0.02567
573	-0.025504	-0.025468	-0.025529
574	-0.025376	-0.025343	-0.025393
575	-0.025254	-0.025216	-0.025259
576	-0.025144	-0.025099	-0.025123
577	-0.025041	-0.024988	-0.024988
578	-0.024957	-0.024923	-0.024912
579	-0.024892	-0.024902	-0.024892
580	-0.024819	-0.024837	-0.024829
581	-0.024735	-0.024706	-0.024701
582	-0.024615	-0.024559	-0.024566
583	-0.024405	-0.024375	-0.024414
584	-0.024196	-0.024188	-0.024249
585	-0.023993	-0.023993	-0.024017
586	-0.023791	-0.023796	-0.023786
587	-0.0236	-0.023574	-0.023595
588	-0.023409	-0.023352	-0.023404
589	-0.02314	-0.023102	-0.02314
590	-0.022866	-0.022849	-0.02287
591	-0.022641	-0.022629	-0.022631
592	-0.022428	-0.022416	-0.022399
593	-0.022188	-0.022179	-0.022173
594	-0.021936	-0.021933	-0.021951
595	-0.02166	-0.021644	-0.021687
596	-0.021368	-0.021326	-0.021394
597	-0.021077	-0.021001	-0.021084
598	-0.020787	-0.02067	-0.020755
599	-0.020512	-0.020385	-0.020459
600	-0.020264	-0.02018	-0.020224
601	-0.020022	-0.019965	-0.019988
602	-0.019798	-0.01972	-0.019752
603	-0.01956	-0.019473	-0.01951
604	-0.019243	-0.019206	-0.019227
605	-0.018928	-0.018939	-0.018943
606	-0.018653	-0.018657	-0.018642
607	-0.018378	-0.018376	-0.018341
608	-0.018162	-0.018142	-0.018108
609	-0.017949	-0.017912	-0.01788
610	-0.017827	-0.017788	-0.017737
611	-0.017724	-0.017686	-0.017613
612	-0.01757	-0.017556	-0.017499
613	-0.017395	-0.017415	-0.01739
614	-0.01728	-0.017289	-0.017262
615	-0.017203	-0.017172	-0.017121
616	-0.017032	-0.016992	-0.016955
617	-0.01677	-0.016749	-0.016763
618	-0.016585	-0.01657	-0.016603
619	-0.016515	-0.016489	-0.016488
620	-0.016416	-0.016382	-0.016364
621	-0.016251	-0.016215	-0.016218
622	-0.016065	-0.016024	-0.016044
623	-0.015792	-0.015738	-0.015754
624	-0.015526	-0.015466	-0.015474
625	-0.015339	-0.015323	-0.015305
626	-0.015151	-0.01518	-0.015136
627	-0.014867	-0.014909	-0.014884
628	-0.014581	-0.014637	-0.014631
629	-0.014315	-0.014313	-0.01432
630	-0.01405	-0.013982	-0.014002
631	-0.013796	-0.013743	-0.013753
632	-0.013544	-0.013528	-0.013521
633	-0.01327	-0.013258	-0.013251
634	-0.012987	-0.012963	-0.012964
635	-0.012742	-0.012714	-0.012712
636	-0.012522	-0.012496	-0.012484
637	-0.012354	-0.012333	-0.012315
638	-0.012239	-0.012225	-0.012205
639	-0.012046	-0.012037	-0.012025
640	-0.011742	-0.01173	-0.011741
641	-0.011473	-0.011462	-0.011483
642	-0.011282	-0.01128	-0.011285
643	-0.011115	-0.01111	-0.011107
644	-0.011032	-0.010984	-0.011007
645	-0.010949	-0.010864	-0.010907
646	-0.010873	-0.010785	-0.010813
647	-0.0108	-0.010711	-0.010725
648	-0.010825	-0.010754	-0.010801
649	-0.01085	-0.010797	-0.010877
650	-0.011101	-0.011041	-0.011097
651	-0.011367	-0.011298	-0.011326
652	-0.011794	-0.011739	-0.011743
653	-0.012249	-0.012212	-0.012194
654	-0.012553	-0.012549	-0.012524
655	-0.01281	-0.012843	-0.012817
656	-0.012827	-0.012838	-0.01284
657	-0.012729	-0.012688	-0.012735
658	-0.012461	-0.012414	-0.012455
659	-0.012074	-0.012052	-0.012054
660	-0.011496	-0.011477	-0.011476
661	-0.010726	-0.010691	-0.010721
662	-0.010016	-0.009981	-0.010025
663	-0.009391	-0.009377	-0.009411
664	-0.008878	-0.008865	-0.008883
665	-0.00859	-0.008538	-0.008529
666	-0.008283	-0.008212	-0.008183
667	-0.007916	-0.007892	-0.007862
668	-0.007577	-0.007585	-0.007552
669	-0.007378	-0.007345	-0.007292
670	-0.007174	-0.007108	-0.007041
671	-0.006925	-0.00691	-0.006884
672	-0.006676	-0.006712	-0.006727
673	-0.006524	-0.006523	-0.00657
674	-0.006373	-0.006335	-0.006414
675	-0.00624	-0.006187	-0.006235
676	-0.006108	-0.006044	-0.006055
677	-0.005992	-0.005929	-0.005974
678	-0.005879	-0.005821	-0.005913
679	-0.005764	-0.00572	-0.005789
680	-0.005648	-0.005622	-0.005647
681	-0.005604	-0.005516	-0.005561
682	-0.005593	-0.005407	-0.005502
683	-0.005486	-0.005329	-0.005397
684	-0.005319	-0.005273	-0.005262
685	-0.005193	-0.005199	-0.005185
686	-0.005103	-0.005112	-0.005158
687	-0.005015	-0.005014	-0.005091
688	-0.004929	-0.004903	-0.004978
689	-0.004847	-0.004811	-0.004855
690	-0.004768	-0.00475	-0.004714
691	-0.004669	-0.004664	-0.004585
692	-0.004527	-0.004521	-0.004478
693	-0.004397	-0.004394	-0.004377
694	-0.004306	-0.004313	-0.004294
695	-0.004216	-0.004225	-0.004209
696	-0.004133	-0.0041	-0.004115
697	-0.004039	-0.003969	-0.004014
698	-0.00385	-0.00378	-0.003849
699	-0.003664	-0.003592	-0.003684
700	-0.003565	-0.003465	-0.003546
701	-0.003466	-0.003337	-0.003408
702	-0.003343	-0.003277	-0.003274
703	-0.00322	-0.003218	-0.003139
704	-0.002967	-0.002997	-0.002959
705	-0.002701	-0.002756	-0.002774
706	-0.002533	-0.002553	-0.002578
707	-0.002385	-0.002358	-0.00238
708	-0.002188	-0.002139	-0.0022
709	-0.001975	-0.001913	-0.002025
710	-0.001738	-0.001725	-0.001785
711	-0.00149	-0.001551	-0.001518
712	-0.001255	-0.001316	-0.001277
713	-0.001027	-0.001045	-0.001049
714	-0.000829	-0.000847	-0.00085
715	-0.000653	-0.000701	-0.000672
716	-0.000469	-0.00048	-0.000483
717	-0.000275	-0.000191	-0.000284
718	-0.000111	0.000013	-0.000091
719	0.00002	0.000117	0.000096
720	0.000153	0.000207	0.000254
[LOG]
CHECKSUMúÅ