[HEADER]
Format	J&M ASCII Table
Comment	
Date	05/03/2026 17:03:49
Order	Y (evenX)
TechType	UV
NumPoints	411
FirstX	310
LastX	720
XType	nm
YType	Absorbance
ZType	s
NumSubFile	3
Matrix	Z vs X
[LOGIN]
Name=pcbob
[INSTRUMENT]
Name=TIDAS E Base UV/VI
Detector=MMS - ASPEN 97,5 kHz
Diodearray=256 Pixel
Serial#=36584
Calibrated=2011-07-01
Range=183.81-729.88 [nm] (F0)

SWVersion=v3.18.2 (build 0)[LOGIN]
Name=pcbob
[CONFIG]
ChannelName=Channel 1
ChannelType=Normalized
[PARAMETER]
It=400,00
Aver=5
Norm=3
Range=310,0-720,0 nm
Scan=Time
ScanTime=5,00 s
[TRIGGER]
Sweep=0
Scan=0
[DIO]
DigOut=0x0000
DigIn=0x0000
[DATA]
	00:00:00,000	00:00:02,000	00:00:04,000
310	0.445373	0.444726	0.444203
311	0.438142	0.437498	0.436959
312	0.431067	0.430438	0.429872
313	0.424106	0.42347	0.422919
314	0.4173	0.416631	0.416149
315	0.410564	0.409869	0.409416
316	0.404045	0.403346	0.402798
317	0.397531	0.39683	0.396194
318	0.391096	0.390423	0.38981
319	0.384661	0.384015	0.383426
320	0.378389	0.377772	0.377212
321	0.372138	0.371551	0.37102
322	0.365976	0.365371	0.36483
323	0.359851	0.359209	0.35864
324	0.353818	0.353172	0.352593
325	0.347866	0.347247	0.346671
326	0.341925	0.341325	0.340754
327	0.336001	0.335412	0.334847
328	0.330114	0.32953	0.328967
329	0.324396	0.323791	0.323216
330	0.318679	0.318053	0.317464
331	0.313056	0.312448	0.311876
332	0.307434	0.306844	0.306287
333	0.301993	0.30139	0.300854
334	0.296591	0.295968	0.295454
335	0.291273	0.290721	0.290186
336	0.286	0.28557	0.284991
337	0.280793	0.28037	0.279792
338	0.275658	0.275116	0.274589
339	0.270606	0.27001	0.269498
340	0.265745	0.265253	0.264674
341	0.260892	0.260482	0.259846
342	0.256087	0.255608	0.254994
343	0.251283	0.250734	0.250142
344	0.246555	0.245988	0.245421
345	0.241831	0.241249	0.240707
346	0.237254	0.236661	0.236136
347	0.232719	0.232116	0.231608
348	0.228172	0.2276	0.227076
349	0.223616	0.223103	0.222541
350	0.219133	0.218639	0.218053
351	0.214749	0.214219	0.213626
352	0.210372	0.209807	0.209227
353	0.206016	0.205422	0.204907
354	0.201681	0.201061	0.200603
355	0.19758	0.196991	0.196483
356	0.193479	0.192921	0.192363
357	0.189343	0.188766	0.188245
358	0.185203	0.184601	0.184126
359	0.181036	0.180497	0.179994
360	0.176859	0.176414	0.175858
361	0.172777	0.172363	0.171815
362	0.168769	0.168337	0.167845
363	0.164826	0.164375	0.1639
364	0.160985	0.160517	0.159993
365	0.157171	0.156692	0.156141
366	0.15345	0.152991	0.152493
367	0.149738	0.149295	0.148847
368	0.146215	0.145735	0.145263
369	0.142693	0.142174	0.141679
370	0.139096	0.138608	0.13811
371	0.135489	0.13504	0.134544
372	0.131949	0.131495	0.130997
373	0.128436	0.127958	0.127458
374	0.124912	0.124429	0.123927
375	0.121376	0.120907	0.120404
376	0.11789	0.117445	0.116933
377	0.114491	0.114085	0.113554
378	0.111132	0.110755	0.110212
379	0.107941	0.107548	0.107018
380	0.104753	0.104341	0.103826
381	0.101646	0.101181	0.100693
382	0.098538	0.09802	0.097559
383	0.09548	0.094975	0.094465
384	0.092431	0.09195	0.091378
385	0.089319	0.088832	0.088291
386	0.086176	0.08567	0.085205
387	0.083203	0.082706	0.082259
388	0.080387	0.079927	0.079444
389	0.07761	0.077168	0.076652
390	0.074907	0.074449	0.073904
391	0.072199	0.07173	0.071162
392	0.06947	0.069012	0.068448
393	0.066743	0.066298	0.065739
394	0.064164	0.063783	0.063309
395	0.061585	0.061269	0.060879
396	0.059218	0.058926	0.05847
397	0.05689	0.056613	0.056066
398	0.054629	0.054279	0.053769
399	0.0524	0.051935	0.051523
400	0.050026	0.049539	0.049174
401	0.047514	0.047093	0.046728
402	0.045036	0.044655	0.044295
403	0.042621	0.042234	0.041886
404	0.040292	0.039899	0.039548
405	0.038338	0.037955	0.037529
406	0.036383	0.036009	0.03551
407	0.034337	0.033997	0.033476
408	0.03229	0.031985	0.031443
409	0.030255	0.029888	0.029431
410	0.028221	0.027776	0.027422
411	0.026078	0.025632	0.025279
412	0.023887	0.023473	0.023075
413	0.021829	0.021445	0.021048
414	0.019891	0.019536	0.01918
415	0.017906	0.017568	0.017228
416	0.015839	0.015497	0.015129
417	0.013766	0.013432	0.01304
418	0.011674	0.011392	0.010994
419	0.009593	0.009361	0.008958
420	0.007819	0.007556	0.007173
421	0.006044	0.00575	0.005389
422	0.004444	0.004179	0.003853
423	0.002868	0.002641	0.002351
424	0.001244	0.001002	0.000692
425	-0.000398	-0.000678	-0.001029
426	-0.001902	-0.002158	-0.002537
427	-0.003295	-0.003479	-0.003872
428	-0.004588	-0.004745	-0.00514
429	-0.005725	-0.005928	-0.006304
430	-0.006875	-0.007128	-0.007482
431	-0.00807	-0.008383	-0.008704
432	-0.009271	-0.009632	-0.009928
433	-0.010564	-0.010804	-0.011184
434	-0.011857	-0.011976	-0.012439
435	-0.012834	-0.013041	-0.013438
436	-0.013782	-0.014097	-0.014412
437	-0.014851	-0.015168	-0.015479
438	-0.015961	-0.016244	-0.016576
439	-0.017017	-0.017259	-0.017625
440	-0.018038	-0.018233	-0.018642
441	-0.018947	-0.019137	-0.019546
442	-0.019714	-0.019953	-0.020308
443	-0.020511	-0.020789	-0.021102
444	-0.021385	-0.021679	-0.021981
445	-0.022249	-0.022555	-0.022847
446	-0.023048	-0.023332	-0.023626
447	-0.023846	-0.024109	-0.024405
448	-0.024499	-0.02473	-0.025061
449	-0.025148	-0.025345	-0.025712
450	-0.025747	-0.025935	-0.026282
451	-0.026335	-0.026518	-0.026834
452	-0.026899	-0.027119	-0.027392
453	-0.027451	-0.027729	-0.027953
454	-0.027972	-0.028245	-0.028477
455	-0.028462	-0.028669	-0.028966
456	-0.028934	-0.029099	-0.029437
457	-0.029374	-0.029541	-0.029876
458	-0.029804	-0.02998	-0.030305
459	-0.030194	-0.030401	-0.030698
460	-0.030585	-0.030822	-0.031091
461	-0.031004	-0.031215	-0.031478
462	-0.031422	-0.031607	-0.031866
463	-0.031826	-0.031999	-0.03227
464	-0.032227	-0.03239	-0.032677
465	-0.032624	-0.03275	-0.033088
466	-0.033018	-0.033099	-0.0335
467	-0.033197	-0.033298	-0.033729
468	-0.033224	-0.033391	-0.033827
469	-0.033354	-0.033569	-0.033981
470	-0.033621	-0.033859	-0.034208
471	-0.033881	-0.034135	-0.034448
472	-0.03412	-0.034372	-0.034719
473	-0.034341	-0.034591	-0.034965
474	-0.034444	-0.034686	-0.035049
475	-0.034547	-0.034782	-0.035133
476	-0.034659	-0.034908	-0.035241
477	-0.034772	-0.035034	-0.035349
478	-0.034946	-0.03515	-0.035476
479	-0.035133	-0.035264	-0.035608
480	-0.035314	-0.035466	-0.035749
481	-0.035493	-0.035708	-0.035895
482	-0.03579	-0.03603	-0.036168
483	-0.036188	-0.036422	-0.036551
484	-0.036576	-0.036797	-0.03695
485	-0.036946	-0.037146	-0.037376
486	-0.037207	-0.037385	-0.037663
487	-0.037124	-0.037279	-0.037515
488	-0.037028	-0.037168	-0.037366
489	-0.036816	-0.037008	-0.03721
490	-0.036604	-0.036849	-0.037054
491	-0.036338	-0.036513	-0.036783
492	-0.036068	-0.036169	-0.036505
493	-0.035864	-0.03602	-0.036316
494	-0.035677	-0.035918	-0.036147
495	-0.035482	-0.035715	-0.035956
496	-0.035283	-0.03546	-0.035752
497	-0.035096	-0.03528	-0.035576
498	-0.034918	-0.035171	-0.035425
499	-0.034795	-0.035068	-0.035316
500	-0.034764	-0.034974	-0.035279
501	-0.034721	-0.03488	-0.035207
502	-0.034638	-0.034783	-0.035019
503	-0.034553	-0.034686	-0.034843
504	-0.034433	-0.034578	-0.034789
505	-0.034313	-0.03447	-0.034736
506	-0.034162	-0.034327	-0.034608
507	-0.034009	-0.034182	-0.034477
508	-0.033931	-0.034086	-0.0344
509	-0.033872	-0.034002	-0.034337
510	-0.033792	-0.033927	-0.034241
511	-0.033701	-0.033858	-0.034128
512	-0.033601	-0.033775	-0.034045
513	-0.033494	-0.033681	-0.033989
514	-0.033368	-0.033558	-0.033896
515	-0.033213	-0.033389	-0.033745
516	-0.03305	-0.033229	-0.033578
517	-0.032863	-0.033094	-0.033364
518	-0.032674	-0.03295	-0.033153
519	-0.032471	-0.032727	-0.032975
520	-0.032268	-0.032505	-0.032796
521	-0.032006	-0.032234	-0.032508
522	-0.031744	-0.031963	-0.032217
523	-0.031519	-0.031728	-0.031975
524	-0.031303	-0.0315	-0.031742
525	-0.031148	-0.031326	-0.031559
526	-0.031021	-0.031176	-0.031397
527	-0.030894	-0.03104	-0.031253
528	-0.030767	-0.030915	-0.031122
529	-0.030654	-0.030806	-0.031055
530	-0.030559	-0.03072	-0.031074
531	-0.030478	-0.030635	-0.031047
532	-0.030427	-0.030555	-0.030914
533	-0.030363	-0.03047	-0.030783
534	-0.030233	-0.030358	-0.030668
535	-0.030102	-0.030244	-0.030553
536	-0.029957	-0.030067	-0.030409
537	-0.029813	-0.029891	-0.030265
538	-0.029593	-0.029703	-0.030055
539	-0.029364	-0.029514	-0.029836
540	-0.029186	-0.02934	-0.029634
541	-0.029025	-0.029172	-0.029437
542	-0.028821	-0.028971	-0.029216
543	-0.028593	-0.028752	-0.028981
544	-0.028353	-0.028516	-0.028771
545	-0.028101	-0.028263	-0.028586
546	-0.027847	-0.028004	-0.028344
547	-0.027587	-0.027735	-0.028006
548	-0.027313	-0.027465	-0.027683
549	-0.026994	-0.027188	-0.027403
550	-0.026691	-0.026916	-0.027132
551	-0.026509	-0.026681	-0.026935
552	-0.026327	-0.026445	-0.026739
553	-0.026213	-0.026373	-0.026638
554	-0.0261	-0.026303	-0.026538
555	-0.026044	-0.026222	-0.026471
556	-0.025997	-0.026139	-0.02641
557	-0.025915	-0.026062	-0.026345
558	-0.025819	-0.025986	-0.026279
559	-0.025686	-0.025856	-0.026138
560	-0.025527	-0.025691	-0.025948
561	-0.025385	-0.025543	-0.025795
562	-0.02526	-0.025412	-0.025682
563	-0.025146	-0.025306	-0.025577
564	-0.025054	-0.025241	-0.025487
565	-0.024972	-0.025162	-0.025398
566	-0.024925	-0.025031	-0.025312
567	-0.024878	-0.024917	-0.02523
568	-0.02483	-0.02492	-0.025176
569	-0.024782	-0.024923	-0.025122
570	-0.024744	-0.024888	-0.025072
571	-0.024706	-0.024852	-0.025022
572	-0.024584	-0.024723	-0.024892
573	-0.024449	-0.02458	-0.024749
574	-0.024315	-0.024459	-0.02463
575	-0.02418	-0.024345	-0.024519
576	-0.024073	-0.024226	-0.024415
577	-0.023982	-0.024104	-0.024315
578	-0.023934	-0.024032	-0.024244
579	-0.023927	-0.024008	-0.024202
580	-0.023868	-0.023939	-0.024123
581	-0.023731	-0.0238	-0.023988
582	-0.023582	-0.023663	-0.023849
583	-0.023398	-0.023526	-0.023699
584	-0.02321	-0.023369	-0.023531
585	-0.022999	-0.023103	-0.023268
586	-0.022787	-0.022838	-0.023008
587	-0.022527	-0.022593	-0.022808
588	-0.022266	-0.022348	-0.022608
589	-0.022002	-0.022124	-0.022363
590	-0.021736	-0.021901	-0.022114
591	-0.02153	-0.021668	-0.021912
592	-0.021337	-0.021433	-0.021721
593	-0.02112	-0.021203	-0.021478
594	-0.020893	-0.020975	-0.021211
595	-0.020607	-0.0207	-0.020905
596	-0.02028	-0.020391	-0.020571
597	-0.019965	-0.020071	-0.020274
598	-0.019661	-0.019737	-0.020018
599	-0.019382	-0.019445	-0.019744
600	-0.019145	-0.019225	-0.019438
601	-0.018907	-0.019001	-0.019149
602	-0.018663	-0.018768	-0.018913
603	-0.018413	-0.018524	-0.018674
604	-0.018121	-0.01822	-0.018419
605	-0.017826	-0.017913	-0.018159
606	-0.017473	-0.01756	-0.017786
607	-0.017119	-0.017206	-0.017414
608	-0.016945	-0.017053	-0.017255
609	-0.016784	-0.016916	-0.017112
610	-0.016674	-0.016775	-0.016979
611	-0.016575	-0.016634	-0.016847
612	-0.016423	-0.016482	-0.016692
613	-0.016249	-0.016325	-0.016527
614	-0.016106	-0.016189	-0.016389
615	-0.015983	-0.016065	-0.016269
616	-0.015788	-0.015881	-0.016107
617	-0.015521	-0.015637	-0.015903
618	-0.015337	-0.015462	-0.015728
619	-0.015274	-0.01539	-0.015596
620	-0.015175	-0.01528	-0.015452
621	-0.014988	-0.015079	-0.015278
622	-0.014785	-0.014865	-0.015089
623	-0.014519	-0.014596	-0.014837
624	-0.014264	-0.014339	-0.014595
625	-0.014119	-0.014191	-0.014455
626	-0.013974	-0.014044	-0.014314
627	-0.013667	-0.013759	-0.01399
628	-0.01336	-0.013472	-0.013663
629	-0.013034	-0.013152	-0.013388
630	-0.012707	-0.012828	-0.013119
631	-0.012452	-0.012589	-0.012871
632	-0.012217	-0.012372	-0.012629
633	-0.011949	-0.012125	-0.012338
634	-0.011668	-0.011865	-0.012026
635	-0.01139	-0.011588	-0.011757
636	-0.011116	-0.011299	-0.011518
637	-0.010956	-0.011109	-0.011365
638	-0.010909	-0.011017	-0.011297
639	-0.010769	-0.010829	-0.01111
640	-0.010495	-0.010501	-0.01075
641	-0.010245	-0.010228	-0.010453
642	-0.010051	-0.010076	-0.010299
643	-0.009866	-0.009926	-0.010152
644	-0.009711	-0.009784	-0.010028
645	-0.009569	-0.009652	-0.009918
646	-0.009526	-0.009592	-0.0099
647	-0.009485	-0.009535	-0.009885
648	-0.009526	-0.009586	-0.009925
649	-0.009568	-0.009637	-0.009965
650	-0.009806	-0.009878	-0.010178
651	-0.010057	-0.010131	-0.010401
652	-0.010549	-0.010621	-0.010838
653	-0.011082	-0.011152	-0.011312
654	-0.011422	-0.011502	-0.011616
655	-0.011702	-0.011796	-0.011867
656	-0.011726	-0.011817	-0.011908
657	-0.011627	-0.011705	-0.011847
658	-0.011318	-0.011411	-0.011551
659	-0.010863	-0.010988	-0.01109
660	-0.010248	-0.010392	-0.0105
661	-0.009473	-0.009622	-0.009781
662	-0.008764	-0.008935	-0.009094
663	-0.008149	-0.008362	-0.00845
664	-0.007606	-0.007832	-0.007904
665	-0.007207	-0.007388	-0.007554
666	-0.006834	-0.006973	-0.0072
667	-0.006536	-0.006648	-0.006831
668	-0.006246	-0.006342	-0.00649
669	-0.005996	-0.006126	-0.006294
670	-0.005751	-0.00591	-0.006097
671	-0.005565	-0.005693	-0.005881
672	-0.00538	-0.005476	-0.005665
673	-0.005234	-0.005346	-0.005525
674	-0.005088	-0.005215	-0.005385
675	-0.004872	-0.005003	-0.005197
676	-0.00465	-0.004784	-0.005006
677	-0.004531	-0.004669	-0.004861
678	-0.00443	-0.004574	-0.004724
679	-0.004353	-0.004473	-0.004625
680	-0.004282	-0.004371	-0.004537
681	-0.004177	-0.00426	-0.004466
682	-0.004055	-0.004146	-0.004403
683	-0.003948	-0.004048	-0.004278
684	-0.003851	-0.003961	-0.004113
685	-0.003753	-0.003863	-0.004019
686	-0.003655	-0.003756	-0.003988
687	-0.003585	-0.003686	-0.003944
688	-0.003547	-0.003661	-0.003884
689	-0.003471	-0.003595	-0.003802
690	-0.003332	-0.003465	-0.003684
691	-0.003207	-0.003336	-0.003567
692	-0.003113	-0.003211	-0.003447
693	-0.00302	-0.003102	-0.003338
694	-0.002928	-0.003042	-0.00326
695	-0.00283	-0.002963	-0.003174
696	-0.002705	-0.002793	-0.003047
697	-0.002575	-0.002625	-0.002912
698	-0.002398	-0.002467	-0.002713
699	-0.002224	-0.00231	-0.002516
700	-0.002104	-0.002185	-0.002397
701	-0.001984	-0.00206	-0.002278
702	-0.001924	-0.002011	-0.002221
703	-0.001866	-0.001963	-0.002166
704	-0.001605	-0.001694	-0.001934
705	-0.00132	-0.001399	-0.001682
706	-0.001128	-0.001222	-0.001519
707	-0.000954	-0.00107	-0.001375
708	-0.000791	-0.000865	-0.001138
709	-0.000632	-0.000645	-0.000873
710	-0.000421	-0.000429	-0.000639
711	-0.000189	-0.000215	-0.000418
712	0.00003	-0.000017	-0.000205
713	0.000241	0.000172	0.000002
714	0.000448	0.000382	0.000212
715	0.000652	0.000608	0.000423
716	0.000878	0.000812	0.000614
717	0.001124	0.000997	0.000786
718	0.001291	0.001154	0.000944
719	0.001367	0.00128	0.001085
720	0.001483	0.001413	0.001226
[LOG]
CHECKSUMùﬁ