[HEADER]
Format	J&M ASCII Table
Comment	
Date	05/03/2026 16:43:33
Order	Y (evenX)
TechType	UV
NumPoints	411
FirstX	310
LastX	720
XType	nm
YType	Absorbance
ZType	s
NumSubFile	3
Matrix	Z vs X
[LOGIN]
Name=pcbob
[INSTRUMENT]
Name=TIDAS E Base UV/VI
Detector=MMS - ASPEN 97,5 kHz
Diodearray=256 Pixel
Serial#=36584
Calibrated=2011-07-01
Range=183.81-729.88 [nm] (F0)

SWVersion=v3.18.2 (build 0)[LOGIN]
Name=pcbob
[CONFIG]
ChannelName=Channel 1
ChannelType=Normalized
[PARAMETER]
It=400,00
Aver=5
Norm=3
Range=310,0-720,0 nm
Scan=Time
ScanTime=5,00 s
[TRIGGER]
Sweep=0
Scan=0
[DIO]
DigOut=0x0000
DigIn=0x0000
[DATA]
	00:00:00,000	00:00:02,000	00:00:04,000
310	0.436848	0.436476	0.436059
311	0.430115	0.429734	0.429358
312	0.423562	0.423155	0.422799
313	0.417061	0.416621	0.416278
314	0.410632	0.410149	0.409808
315	0.404287	0.403786	0.403433
316	0.398213	0.397766	0.397355
317	0.392148	0.391749	0.391288
318	0.38624	0.385786	0.385378
319	0.380331	0.379823	0.379468
320	0.374476	0.374024	0.373673
321	0.368628	0.368247	0.367893
322	0.362899	0.362527	0.36219
323	0.357219	0.35683	0.35652
324	0.351667	0.351223	0.350917
325	0.346228	0.345696	0.345372
326	0.340753	0.340166	0.339842
327	0.335213	0.334633	0.334338
328	0.329697	0.329142	0.328856
329	0.324297	0.323846	0.323479
330	0.318897	0.318549	0.318103
331	0.313667	0.313304	0.312826
332	0.308437	0.30806	0.307549
333	0.303229	0.302842	0.302376
334	0.298026	0.29763	0.297224
335	0.292958	0.292538	0.292163
336	0.287963	0.287511	0.28715
337	0.282899	0.28247	0.282106
338	0.277758	0.277414	0.277026
339	0.272746	0.272445	0.272034
340	0.268039	0.267684	0.267248
341	0.26332	0.262922	0.262466
342	0.258521	0.258158	0.257716
343	0.253723	0.253395	0.252966
344	0.249026	0.248694	0.248361
345	0.244335	0.243997	0.243765
346	0.239765	0.239477	0.239208
347	0.23523	0.235008	0.234664
348	0.230747	0.230508	0.230165
349	0.226298	0.225988	0.225697
350	0.221877	0.221552	0.221263
351	0.217495	0.21723	0.216874
352	0.213137	0.212919	0.212524
353	0.208855	0.208642	0.208289
354	0.204592	0.204382	0.20407
355	0.200548	0.200334	0.200035
356	0.196505	0.196285	0.196
357	0.192467	0.192201	0.191953
358	0.18843	0.188114	0.187904
359	0.18437	0.184121	0.183879
360	0.180301	0.180163	0.179863
361	0.17643	0.176276	0.175985
362	0.172714	0.172444	0.172215
363	0.168997	0.168668	0.168463
364	0.165278	0.164978	0.16474
365	0.161633	0.161351	0.16109
366	0.158256	0.157953	0.15771
367	0.154881	0.15456	0.154334
368	0.151532	0.151271	0.15104
369	0.148183	0.147982	0.147746
370	0.144869	0.144702	0.144414
371	0.141561	0.141424	0.141077
372	0.138375	0.138203	0.137889
373	0.135241	0.135005	0.134763
374	0.132132	0.131898	0.131642
375	0.129043	0.12887	0.128523
376	0.126002	0.125861	0.125497
377	0.123046	0.122882	0.122631
378	0.120128	0.119955	0.119777
379	0.117373	0.117247	0.116972
380	0.114621	0.11454	0.114173
381	0.112043	0.111901	0.111603
382	0.109465	0.109262	0.109034
383	0.106885	0.10669	0.10649
384	0.104305	0.104131	0.10395
385	0.101841	0.101638	0.101465
386	0.099429	0.099176	0.099004
387	0.097149	0.096884	0.096677
388	0.094994	0.094753	0.094475
389	0.092854	0.092623	0.092308
390	0.090745	0.090498	0.090206
391	0.088623	0.088365	0.088093
392	0.08644	0.086198	0.08593
393	0.08426	0.084035	0.08377
394	0.082323	0.082111	0.081903
395	0.080386	0.080186	0.080035
396	0.078585	0.078367	0.078226
397	0.076809	0.076567	0.076428
398	0.075063	0.074822	0.074642
399	0.07333	0.073103	0.072862
400	0.071536	0.071329	0.071054
401	0.069685	0.069503	0.069219
402	0.067873	0.067715	0.067422
403	0.066133	0.065997	0.065697
404	0.064451	0.064321	0.06403
405	0.063025	0.062824	0.062621
406	0.0616	0.061327	0.061209
407	0.06017	0.059848	0.059681
408	0.05874	0.058368	0.058153
409	0.057261	0.056969	0.056787
410	0.055772	0.055584	0.05545
411	0.054216	0.05403	0.053918
412	0.05263	0.0524	0.0523
413	0.051131	0.050889	0.050775
414	0.049711	0.049485	0.049335
415	0.048234	0.048042	0.047879
416	0.046657	0.046532	0.046396
417	0.045121	0.045029	0.044917
418	0.043755	0.043558	0.043454
419	0.042395	0.0421	0.042002
420	0.041191	0.040966	0.040837
421	0.039986	0.039833	0.039672
422	0.038887	0.038729	0.038549
423	0.037802	0.03763	0.037432
424	0.036639	0.03639	0.036252
425	0.035445	0.035094	0.035047
426	0.034353	0.033996	0.03398
427	0.033344	0.033058	0.033025
428	0.032413	0.032162	0.032129
429	0.031604	0.031331	0.031323
430	0.030801	0.030511	0.030521
431	0.030019	0.029724	0.029729
432	0.029231	0.028936	0.028933
433	0.028368	0.028127	0.028096
434	0.027505	0.027319	0.027259
435	0.026811	0.026609	0.026531
436	0.026133	0.025907	0.025812
437	0.025353	0.025154	0.025061
438	0.02454	0.024385	0.024298
439	0.023836	0.023684	0.02359
440	0.023206	0.023029	0.022919
441	0.022627	0.022431	0.022311
442	0.022113	0.021903	0.021783
443	0.021552	0.021343	0.021217
444	0.020871	0.020702	0.020554
445	0.020203	0.020068	0.019901
446	0.019619	0.019487	0.01933
447	0.019035	0.018906	0.018758
448	0.018491	0.018344	0.018248
449	0.017949	0.017783	0.017741
450	0.017466	0.017317	0.017252
451	0.016996	0.016873	0.016769
452	0.016522	0.016415	0.016299
453	0.016046	0.01595	0.015836
454	0.015608	0.015504	0.015373
455	0.015209	0.015077	0.01491
456	0.014823	0.014679	0.014502
457	0.014463	0.014335	0.014196
458	0.014102	0.013982	0.013886
459	0.01374	0.013587	0.013558
460	0.013378	0.013194	0.013227
461	0.013022	0.012842	0.012813
462	0.012667	0.01249	0.0124
463	0.012251	0.01208	0.011994
464	0.011827	0.011663	0.011589
465	0.011432	0.011243	0.011159
466	0.011046	0.010823	0.010721
467	0.010745	0.010503	0.010395
468	0.010504	0.010254	0.010147
469	0.010218	0.009971	0.009868
470	0.009871	0.009645	0.009546
471	0.009523	0.009321	0.009232
472	0.009173	0.009005	0.008939
473	0.008851	0.008708	0.008654
474	0.008709	0.008537	0.00842
475	0.008567	0.008366	0.008185
476	0.008286	0.00815	0.007999
477	0.008002	0.007934	0.007814
478	0.007788	0.007682	0.007568
479	0.007588	0.007424	0.00731
480	0.007388	0.007198	0.007074
481	0.007188	0.006985	0.006849
482	0.006959	0.006775	0.00665
483	0.006705	0.006565	0.006474
484	0.006439	0.006323	0.006246
485	0.006155	0.006031	0.005936
486	0.005915	0.005781	0.005676
487	0.005815	0.005663	0.00557
488	0.005711	0.005547	0.005461
489	0.005569	0.005444	0.005323
490	0.005428	0.005341	0.005186
491	0.0054	0.005282	0.00513
492	0.005377	0.005226	0.005078
493	0.005237	0.005051	0.004945
494	0.005067	0.004847	0.004792
495	0.005045	0.004841	0.004775
496	0.005099	0.004937	0.004828
497	0.005072	0.004916	0.004783
498	0.004967	0.004784	0.004646
499	0.004859	0.00467	0.004545
500	0.004745	0.004586	0.004505
501	0.004643	0.004512	0.004458
502	0.004586	0.00447	0.004391
503	0.004526	0.004421	0.00432
504	0.004431	0.004302	0.004208
505	0.004337	0.004183	0.004097
506	0.004278	0.004074	0.004026
507	0.004221	0.003966	0.003958
508	0.004101	0.003876	0.00384
509	0.003965	0.00379	0.00371
510	0.003832	0.003684	0.003584
511	0.003699	0.003566	0.00346
512	0.003574	0.003452	0.00336
513	0.003455	0.003342	0.003281
514	0.003381	0.003249	0.003208
515	0.003376	0.003185	0.003143
516	0.003363	0.00313	0.003082
517	0.003326	0.003105	0.003028
518	0.00329	0.003084	0.002981
519	0.003259	0.003091	0.002985
520	0.003227	0.003097	0.00299
521	0.003205	0.003054	0.003
522	0.003184	0.003008	0.003009
523	0.003182	0.003045	0.003011
524	0.003184	0.003097	0.003011
525	0.003155	0.003055	0.002948
526	0.003113	0.002973	0.002859
527	0.003032	0.002879	0.002769
528	0.00292	0.002775	0.002677
529	0.002827	0.002686	0.002595
530	0.002757	0.002617	0.002524
531	0.002667	0.002521	0.00243
532	0.002528	0.002361	0.002282
533	0.00239	0.002215	0.002144
534	0.002254	0.002148	0.002062
535	0.00212	0.002082	0.00198
536	0.002077	0.002046	0.00193
537	0.002034	0.00201	0.001879
538	0.002102	0.002012	0.001939
539	0.002182	0.002019	0.002012
540	0.002174	0.001997	0.001972
541	0.002138	0.001967	0.001897
542	0.002155	0.001996	0.001921
543	0.002203	0.002061	0.002003
544	0.002231	0.002081	0.002055
545	0.002239	0.002056	0.002079
546	0.002257	0.002066	0.002093
547	0.002294	0.002136	0.00209
548	0.002329	0.002191	0.002099
549	0.002354	0.002204	0.002142
550	0.002373	0.00221	0.002175
551	0.002338	0.002164	0.002128
552	0.002303	0.002119	0.002081
553	0.002228	0.00203	0.002006
554	0.002153	0.001941	0.001931
555	0.002066	0.001844	0.001851
556	0.001977	0.001746	0.00177
557	0.001874	0.001666	0.001678
558	0.001765	0.001593	0.001582
559	0.001705	0.001549	0.001542
560	0.001675	0.001525	0.001538
561	0.001662	0.001505	0.001503
562	0.001668	0.001489	0.001435
563	0.001663	0.001481	0.0014
564	0.001642	0.001486	0.001422
565	0.001633	0.001497	0.001451
566	0.001665	0.001525	0.001499
567	0.001702	0.001559	0.001551
568	0.001773	0.001644	0.001634
569	0.001844	0.001728	0.001716
570	0.001893	0.001762	0.001742
571	0.001942	0.001795	0.001769
572	0.001987	0.001839	0.001841
573	0.002031	0.001884	0.001921
574	0.002047	0.001933	0.001949
575	0.002055	0.001983	0.00196
576	0.002094	0.002022	0.001984
577	0.002151	0.002053	0.002015
578	0.00218	0.002067	0.002027
579	0.002179	0.002064	0.002019
580	0.002168	0.002053	0.002014
581	0.002141	0.002029	0.002013
582	0.002096	0.001988	0.001989
583	0.002006	0.001901	0.001904
584	0.001932	0.001827	0.001829
585	0.001936	0.00182	0.001804
586	0.00194	0.001813	0.001781
587	0.001921	0.001811	0.0018
588	0.001902	0.001808	0.00182
589	0.001855	0.001792	0.001777
590	0.001806	0.001773	0.001729
591	0.001829	0.001762	0.001714
592	0.001868	0.001752	0.001708
593	0.001907	0.001794	0.001738
594	0.001946	0.001858	0.001783
595	0.002033	0.001938	0.001861
596	0.002155	0.00203	0.001963
597	0.002236	0.002098	0.002048
598	0.002274	0.00214	0.002113
599	0.002317	0.002192	0.002182
600	0.002371	0.002263	0.002255
601	0.002425	0.002332	0.002322
602	0.002478	0.002395	0.002368
603	0.002533	0.002461	0.002415
604	0.0026	0.002544	0.002473
605	0.002668	0.002626	0.00253
606	0.002772	0.002663	0.002582
607	0.002876	0.002699	0.002634
608	0.002848	0.002692	0.002652
609	0.00281	0.002682	0.002668
610	0.002744	0.002636	0.002619
611	0.002672	0.002583	0.002555
612	0.002632	0.002555	0.002511
613	0.002604	0.002537	0.002474
614	0.002571	0.002505	0.002442
615	0.002535	0.002465	0.002413
616	0.002524	0.002446	0.002383
617	0.002537	0.002447	0.002353
618	0.002537	0.002439	0.002326
619	0.002516	0.002416	0.002302
620	0.002488	0.002392	0.002285
621	0.002442	0.002369	0.002283
622	0.002417	0.002355	0.00229
623	0.002478	0.002381	0.002337
624	0.002534	0.002404	0.002377
625	0.002551	0.00239	0.002358
626	0.002569	0.002376	0.002338
627	0.002678	0.002517	0.002457
628	0.002789	0.002659	0.002578
629	0.002836	0.00273	0.002644
630	0.002875	0.002793	0.002704
631	0.002952	0.002843	0.00276
632	0.003039	0.002889	0.002815
633	0.003098	0.002962	0.002894
634	0.003145	0.003049	0.002983
635	0.003244	0.003159	0.003108
636	0.003378	0.003286	0.003257
637	0.003433	0.003346	0.003326
638	0.00341	0.003339	0.003315
639	0.00342	0.003359	0.003309
640	0.003477	0.003417	0.003309
641	0.003511	0.003453	0.003328
642	0.003496	0.003437	0.00339
643	0.003483	0.00342	0.00343
644	0.003474	0.003396	0.003388
645	0.003462	0.003371	0.00334
646	0.003421	0.003344	0.003246
647	0.003379	0.003315	0.003153
648	0.003293	0.003247	0.003089
649	0.003207	0.003178	0.003025
650	0.003178	0.003107	0.002998
651	0.003154	0.003036	0.002972
652	0.003147	0.003047	0.002999
653	0.003144	0.003072	0.003035
654	0.00314	0.003066	0.003022
655	0.003136	0.00305	0.002992
656	0.003132	0.00303	0.002962
657	0.003127	0.003007	0.002931
658	0.003131	0.003035	0.002974
659	0.003142	0.003098	0.003068
660	0.003193	0.003155	0.003147
661	0.003285	0.003206	0.003211
662	0.003371	0.003261	0.003246
663	0.003449	0.00332	0.003242
664	0.003512	0.00338	0.003274
665	0.003546	0.003438	0.003379
666	0.003597	0.0035	0.003479
667	0.003699	0.003571	0.003567
668	0.003793	0.003639	0.003643
669	0.003849	0.003695	0.003659
670	0.003906	0.003753	0.003681
671	0.00397	0.003839	0.003775
672	0.004035	0.003925	0.003868
673	0.004098	0.003956	0.003949
674	0.004162	0.003987	0.00403
675	0.004217	0.004036	0.004067
676	0.004271	0.004087	0.004101
677	0.004249	0.004096	0.004049
678	0.004212	0.004097	0.003981
679	0.004163	0.004059	0.003976
680	0.004111	0.00401	0.00399
681	0.004098	0.003988	0.003972
682	0.004101	0.003979	0.00394
683	0.004098	0.003959	0.003931
684	0.004089	0.003932	0.003937
685	0.004057	0.003887	0.003907
686	0.004004	0.003826	0.003844
687	0.003977	0.003794	0.003807
688	0.003981	0.003794	0.003803
689	0.003983	0.003809	0.003807
690	0.003981	0.003846	0.003823
691	0.003972	0.003867	0.003825
692	0.003946	0.003851	0.003796
693	0.00392	0.003818	0.003773
694	0.003895	0.003732	0.003768
695	0.003874	0.003673	0.003762
696	0.003878	0.003743	0.003751
697	0.003888	0.003803	0.003738
698	0.003951	0.003778	0.003723
699	0.004011	0.003754	0.003711
700	0.004002	0.003782	0.003765
701	0.003993	0.003809	0.00382
702	0.003918	0.003744	0.003716
703	0.003841	0.003675	0.003607
704	0.003959	0.003807	0.003728
705	0.004099	0.003963	0.003876
706	0.004118	0.003994	0.003867
707	0.004113	0.003999	0.003826
708	0.004141	0.004025	0.003881
709	0.004179	0.004058	0.003965
710	0.004248	0.004119	0.004041
711	0.004329	0.004192	0.004114
712	0.004408	0.004273	0.00421
713	0.004485	0.004358	0.00432
714	0.004511	0.00437	0.004337
715	0.004499	0.00433	0.004289
716	0.004541	0.004401	0.004322
717	0.004634	0.004574	0.00443
718	0.004657	0.004624	0.004479
719	0.004597	0.00453	0.004457
720	0.004573	0.004478	0.004444
[LOG]
CHECKSUM¨h