[HEADER]
Format	J&M ASCII Table
Comment	
Date	05/03/2026 16:53:16
Order	Y (evenX)
TechType	UV
NumPoints	411
FirstX	310
LastX	720
XType	nm
YType	Absorbance
ZType	s
NumSubFile	3
Matrix	Z vs X
[LOGIN]
Name=pcbob
[INSTRUMENT]
Name=TIDAS E Base UV/VI
Detector=MMS - ASPEN 97,5 kHz
Diodearray=256 Pixel
Serial#=36584
Calibrated=2011-07-01
Range=183.81-729.88 [nm] (F0)

SWVersion=v3.18.2 (build 0)[LOGIN]
Name=pcbob
[CONFIG]
ChannelName=Channel 1
ChannelType=Normalized
[PARAMETER]
It=400,00
Aver=5
Norm=3
Range=310,0-720,0 nm
Scan=Time
ScanTime=5,00 s
[TRIGGER]
Sweep=0
Scan=0
[DIO]
DigOut=0x0000
DigIn=0x0000
[DATA]
	00:00:00,000	00:00:02,000	00:00:04,000
310	0.493504	0.493092	0.492578
311	0.485559	0.485185	0.48465
312	0.477665	0.477309	0.476778
313	0.469957	0.469561	0.46906
314	0.462508	0.461993	0.461556
315	0.45511	0.45452	0.454129
316	0.447874	0.44735	0.446943
317	0.440645	0.440188	0.439763
318	0.433525	0.433139	0.432673
319	0.426405	0.426089	0.425584
320	0.419551	0.419221	0.418724
321	0.412732	0.412376	0.411895
322	0.405982	0.405629	0.405123
323	0.399261	0.398921	0.398376
324	0.392609	0.392298	0.391766
325	0.386019	0.38575	0.385277
326	0.379525	0.379266	0.378834
327	0.373206	0.372902	0.372474
328	0.366892	0.366544	0.366111
329	0.360602	0.360212	0.359734
330	0.354312	0.353881	0.353356
331	0.348109	0.347721	0.3472
332	0.341906	0.34156	0.341044
333	0.336011	0.335724	0.335175
334	0.33018	0.329958	0.329366
335	0.32448	0.324238	0.323725
336	0.31885	0.318544	0.318174
337	0.313244	0.312907	0.312569
338	0.307663	0.307336	0.306904
339	0.302114	0.301799	0.301297
340	0.296641	0.296344	0.295828
341	0.291185	0.290905	0.290382
342	0.285851	0.285584	0.285106
343	0.280517	0.280263	0.279831
344	0.275467	0.275145	0.274749
345	0.270433	0.270038	0.269679
346	0.265427	0.265064	0.264647
347	0.260429	0.260128	0.259628
348	0.255485	0.255195	0.254691
349	0.250577	0.250263	0.249811
350	0.245701	0.245362	0.24495
351	0.240869	0.240503	0.240116
352	0.236067	0.235674	0.235301
353	0.231353	0.230932	0.230537
354	0.226653	0.226204	0.225798
355	0.222118	0.221642	0.221336
356	0.217583	0.217081	0.216873
357	0.213055	0.212577	0.212338
358	0.208527	0.208078	0.207794
359	0.204091	0.203647	0.203362
360	0.199687	0.19924	0.19897
361	0.195309	0.194867	0.194594
362	0.19095	0.190521	0.190229
363	0.186601	0.186198	0.185889
364	0.182268	0.181913	0.181588
365	0.177992	0.17768	0.177347
366	0.173929	0.173636	0.173322
367	0.16988	0.169604	0.169308
368	0.16615	0.16585	0.16552
369	0.16242	0.162095	0.161732
370	0.158435	0.158143	0.157773
371	0.154413	0.154162	0.153789
372	0.150524	0.150247	0.149897
373	0.146692	0.146359	0.146045
374	0.142885	0.142544	0.142254
375	0.1391	0.138794	0.138518
376	0.135381	0.135092	0.134822
377	0.131779	0.131477	0.131196
378	0.128205	0.127889	0.127593
379	0.124749	0.124418	0.124088
380	0.121294	0.120949	0.120587
381	0.117908	0.117577	0.117265
382	0.114521	0.114206	0.113943
383	0.111198	0.110921	0.11064
384	0.107887	0.107651	0.107339
385	0.10461	0.10439	0.104098
386	0.101349	0.101134	0.100883
387	0.09829	0.098051	0.097797
388	0.095418	0.095132	0.094832
389	0.092578	0.092246	0.091948
390	0.089797	0.089425	0.089214
391	0.086977	0.086581	0.086434
392	0.083978	0.083636	0.083443
393	0.080984	0.080695	0.080457
394	0.078346	0.07805	0.077738
395	0.075707	0.075406	0.07502
396	0.073231	0.072972	0.072629
397	0.070784	0.070576	0.070296
398	0.06836	0.068182	0.067903
399	0.065946	0.065789	0.065482
400	0.063489	0.063293	0.063013
401	0.060993	0.060701	0.0605
402	0.058515	0.058172	0.058015
403	0.056071	0.05576	0.05558
404	0.053694	0.053414	0.053215
405	0.05161	0.051356	0.051164
406	0.049527	0.049298	0.049113
407	0.047438	0.047212	0.047032
408	0.04535	0.045126	0.044952
409	0.043246	0.043033	0.042877
410	0.041139	0.04094	0.040804
411	0.039009	0.038793	0.038662
412	0.036869	0.036621	0.036488
413	0.034804	0.034577	0.034444
414	0.032808	0.032648	0.032515
415	0.030784	0.030669	0.030538
416	0.028709	0.028605	0.028475
417	0.026671	0.026567	0.026432
418	0.024781	0.024632	0.024472
419	0.022898	0.022707	0.022522
420	0.021194	0.021028	0.020848
421	0.019491	0.01935	0.019173
422	0.017919	0.017767	0.017648
423	0.016367	0.016197	0.016142
424	0.014768	0.014604	0.014516
425	0.013151	0.013003	0.012841
426	0.01174	0.011578	0.011399
427	0.010497	0.010296	0.010146
428	0.009299	0.00911	0.008959
429	0.008172	0.008074	0.007876
430	0.007052	0.007007	0.006792
431	0.005956	0.005838	0.005706
432	0.004855	0.004672	0.004612
433	0.003696	0.003555	0.003408
434	0.002537	0.002437	0.002204
435	0.001511	0.001427	0.001235
436	0.000497	0.000426	0.000289
437	-0.000517	-0.000606	-0.000736
438	-0.001532	-0.001649	-0.001786
439	-0.002476	-0.002586	-0.002731
440	-0.003373	-0.003452	-0.003607
441	-0.004193	-0.004284	-0.004427
442	-0.004914	-0.005072	-0.005177
443	-0.005689	-0.005862	-0.005949
444	-0.0066	-0.006655	-0.00678
445	-0.007478	-0.007433	-0.007589
446	-0.008127	-0.008107	-0.008252
447	-0.008776	-0.00878	-0.008914
448	-0.009398	-0.00945	-0.00958
449	-0.010018	-0.010121	-0.010246
450	-0.010601	-0.01068	-0.010805
451	-0.011175	-0.011214	-0.011338
452	-0.011729	-0.011777	-0.011887
453	-0.012273	-0.012354	-0.012444
454	-0.0128	-0.012915	-0.012982
455	-0.013309	-0.013459	-0.013501
456	-0.013782	-0.013942	-0.013985
457	-0.014187	-0.014308	-0.014405
458	-0.014581	-0.014678	-0.014815
459	-0.014929	-0.01506	-0.015185
460	-0.015279	-0.015442	-0.015556
461	-0.015702	-0.015834	-0.015939
462	-0.016124	-0.016226	-0.016322
463	-0.016493	-0.016638	-0.016688
464	-0.016854	-0.017051	-0.017052
465	-0.017192	-0.017357	-0.017389
466	-0.017522	-0.017625	-0.017716
467	-0.017727	-0.017819	-0.017897
468	-0.017841	-0.017961	-0.017975
469	-0.018023	-0.01814	-0.018151
470	-0.018294	-0.018368	-0.018457
471	-0.018516	-0.018564	-0.018707
472	-0.018611	-0.01868	-0.01881
473	-0.018718	-0.018803	-0.018923
474	-0.018905	-0.018972	-0.01909
475	-0.019093	-0.019142	-0.019258
476	-0.019252	-0.019274	-0.019358
477	-0.019411	-0.019406	-0.019456
478	-0.01954	-0.019555	-0.019648
479	-0.019663	-0.019707	-0.019859
480	-0.019862	-0.019927	-0.020054
481	-0.020096	-0.020179	-0.020242
482	-0.020379	-0.020461	-0.020499
483	-0.020703	-0.02077	-0.020817
484	-0.021063	-0.021097	-0.021166
485	-0.021479	-0.021453	-0.021564
486	-0.021756	-0.021697	-0.021838
487	-0.021596	-0.021589	-0.02172
488	-0.021439	-0.021477	-0.0216
489	-0.021298	-0.021325	-0.021464
490	-0.021158	-0.021172	-0.021328
491	-0.020921	-0.020949	-0.021067
492	-0.02068	-0.020722	-0.020799
493	-0.020508	-0.020546	-0.020639
494	-0.020354	-0.020382	-0.020505
495	-0.020177	-0.020217	-0.020315
496	-0.019988	-0.02005	-0.020096
497	-0.019863	-0.019918	-0.019943
498	-0.019798	-0.01982	-0.019854
499	-0.019737	-0.019738	-0.019782
500	-0.019682	-0.019685	-0.019736
501	-0.019612	-0.019621	-0.019671
502	-0.019494	-0.019517	-0.019544
503	-0.019378	-0.019414	-0.019423
504	-0.019279	-0.019314	-0.019368
505	-0.01918	-0.019215	-0.019314
506	-0.019126	-0.019121	-0.019194
507	-0.019075	-0.019028	-0.019069
508	-0.018982	-0.018944	-0.018968
509	-0.018879	-0.018862	-0.018872
510	-0.018826	-0.018827	-0.018829
511	-0.018798	-0.018815	-0.018812
512	-0.018764	-0.018766	-0.018789
513	-0.018725	-0.018684	-0.018759
514	-0.018657	-0.018613	-0.018705
515	-0.01854	-0.018563	-0.018611
516	-0.018414	-0.018493	-0.018508
517	-0.018262	-0.018361	-0.018378
518	-0.018116	-0.018227	-0.018246
519	-0.018022	-0.018074	-0.018086
520	-0.017929	-0.017921	-0.017926
521	-0.01773	-0.017742	-0.017701
522	-0.017528	-0.017563	-0.017473
523	-0.017398	-0.017447	-0.017336
524	-0.017283	-0.017343	-0.017216
525	-0.017171	-0.017245	-0.017168
526	-0.017061	-0.017151	-0.017151
527	-0.016985	-0.017089	-0.017109
528	-0.016936	-0.017053	-0.017048
529	-0.016901	-0.017003	-0.016985
530	-0.016886	-0.016934	-0.016918
531	-0.016862	-0.016874	-0.016873
532	-0.016817	-0.016835	-0.01688
533	-0.016767	-0.016796	-0.016872
534	-0.016697	-0.01676	-0.016789
535	-0.016626	-0.016721	-0.016705
536	-0.016531	-0.016568	-0.01662
537	-0.016436	-0.016415	-0.016534
538	-0.016266	-0.01624	-0.016338
539	-0.016086	-0.016064	-0.016129
540	-0.015921	-0.015938	-0.015983
541	-0.015761	-0.015829	-0.015857
542	-0.015635	-0.015674	-0.015711
543	-0.01553	-0.015491	-0.015552
544	-0.015387	-0.015327	-0.015405
545	-0.015208	-0.015182	-0.01527
546	-0.015024	-0.01503	-0.015119
547	-0.01483	-0.014863	-0.014942
548	-0.014649	-0.014695	-0.014767
549	-0.014507	-0.014522	-0.014597
550	-0.014367	-0.014351	-0.014429
551	-0.014252	-0.014204	-0.014279
552	-0.014136	-0.014056	-0.014129
553	-0.013981	-0.013951	-0.014073
554	-0.013825	-0.013846	-0.014017
555	-0.013814	-0.013835	-0.013954
556	-0.013826	-0.01384	-0.01389
557	-0.013837	-0.013857	-0.013887
558	-0.013848	-0.013878	-0.013906
559	-0.013806	-0.013809	-0.013861
560	-0.013731	-0.01368	-0.013774
561	-0.013618	-0.013551	-0.01365
562	-0.013464	-0.013423	-0.013486
563	-0.013349	-0.013332	-0.013375
564	-0.013304	-0.013308	-0.013361
565	-0.013259	-0.01328	-0.013345
566	-0.01322	-0.013241	-0.013328
567	-0.013185	-0.013207	-0.013307
568	-0.013179	-0.013213	-0.013265
569	-0.013173	-0.013219	-0.013223
570	-0.013173	-0.013232	-0.013214
571	-0.013173	-0.013246	-0.013205
572	-0.013101	-0.013144	-0.01315
573	-0.01302	-0.013026	-0.013088
574	-0.012936	-0.012962	-0.013002
575	-0.012852	-0.012917	-0.012909
576	-0.012782	-0.012839	-0.012831
577	-0.01272	-0.012742	-0.012762
578	-0.01268	-0.012681	-0.012711
579	-0.012661	-0.012654	-0.012676
580	-0.012603	-0.012594	-0.012621
581	-0.012484	-0.012483	-0.012536
582	-0.012387	-0.012384	-0.012448
583	-0.012347	-0.012317	-0.012353
584	-0.012287	-0.012238	-0.012254
585	-0.012124	-0.012092	-0.012135
586	-0.011958	-0.011944	-0.012011
587	-0.011735	-0.011726	-0.011786
588	-0.011511	-0.011508	-0.011561
589	-0.01133	-0.011336	-0.01138
590	-0.011152	-0.011168	-0.011203
591	-0.010984	-0.01101	-0.011065
592	-0.010819	-0.010855	-0.010936
593	-0.010626	-0.010664	-0.010757
594	-0.01042	-0.010457	-0.010558
595	-0.0102	-0.010229	-0.01031
596	-0.009969	-0.009984	-0.010028
597	-0.00973	-0.009729	-0.009762
598	-0.00948	-0.009462	-0.009514
599	-0.009262	-0.009247	-0.009307
600	-0.009099	-0.00912	-0.009172
601	-0.008938	-0.008979	-0.009012
602	-0.008785	-0.008801	-0.008781
603	-0.008613	-0.008609	-0.008552
604	-0.00833	-0.00834	-0.008334
605	-0.00805	-0.008072	-0.008116
606	-0.00785	-0.007846	-0.007895
607	-0.007649	-0.007619	-0.007673
608	-0.007496	-0.007522	-0.007559
609	-0.007346	-0.007434	-0.007453
610	-0.007251	-0.007336	-0.007354
611	-0.007169	-0.007235	-0.007258
612	-0.007082	-0.007117	-0.007148
613	-0.006992	-0.006993	-0.007033
614	-0.006894	-0.006903	-0.006936
615	-0.006792	-0.006836	-0.006852
616	-0.006665	-0.006719	-0.006724
617	-0.006512	-0.006553	-0.006553
618	-0.006376	-0.0064	-0.006414
619	-0.006267	-0.006267	-0.006321
620	-0.00616	-0.006149	-0.006229
621	-0.006057	-0.006066	-0.006138
622	-0.005932	-0.005956	-0.006017
623	-0.005717	-0.005736	-0.005778
624	-0.005512	-0.005527	-0.005553
625	-0.005403	-0.005423	-0.005457
626	-0.005294	-0.00532	-0.005362
627	-0.005012	-0.00506	-0.005085
628	-0.00473	-0.004798	-0.004807
629	-0.00448	-0.004565	-0.004584
630	-0.004234	-0.004335	-0.004368
631	-0.004077	-0.004162	-0.004186
632	-0.003942	-0.004003	-0.004012
633	-0.003749	-0.003784	-0.003759
634	-0.003531	-0.003538	-0.003471
635	-0.003339	-0.003342	-0.003283
636	-0.003166	-0.003181	-0.003161
637	-0.003015	-0.003027	-0.003042
638	-0.002886	-0.002879	-0.002923
639	-0.002717	-0.002707	-0.002764
640	-0.002491	-0.0025	-0.002547
641	-0.002319	-0.002335	-0.00237
642	-0.002265	-0.002262	-0.002283
643	-0.002198	-0.002188	-0.002201
644	-0.002082	-0.002107	-0.00214
645	-0.001972	-0.002024	-0.002079
646	-0.001902	-0.00193	-0.002017
647	-0.001837	-0.001841	-0.001957
648	-0.001907	-0.001889	-0.001934
649	-0.001977	-0.001938	-0.001911
650	-0.002151	-0.002144	-0.00213
651	-0.002333	-0.002359	-0.002365
652	-0.002637	-0.00265	-0.002687
653	-0.002962	-0.002954	-0.003024
654	-0.00318	-0.003157	-0.003228
655	-0.003365	-0.003329	-0.00339
656	-0.003415	-0.003384	-0.003428
657	-0.003399	-0.003381	-0.003405
658	-0.003165	-0.003185	-0.003207
659	-0.002778	-0.002852	-0.002885
660	-0.002335	-0.00241	-0.002449
661	-0.001836	-0.001858	-0.001899
662	-0.001343	-0.001338	-0.001381
663	-0.00086	-0.000861	-0.000912
664	-0.000435	-0.000439	-0.000498
665	-0.000125	-0.000127	-0.000197
666	0.000176	0.000173	0.000091
667	0.000447	0.000432	0.000343
668	0.000699	0.000664	0.000574
669	0.000845	0.000751	0.000705
670	0.00099	0.000848	0.00084
671	0.00112	0.001056	0.001013
672	0.001249	0.001265	0.001187
673	0.001385	0.001391	0.001343
674	0.001521	0.001517	0.001499
675	0.001672	0.001646	0.001626
676	0.001825	0.001776	0.001751
677	0.001917	0.001888	0.001866
678	0.001998	0.001997	0.00198
679	0.00203	0.002037	0.002013
680	0.002046	0.002055	0.002022
681	0.00211	0.002105	0.002086
682	0.002198	0.00217	0.002176
683	0.002262	0.002252	0.002254
684	0.002312	0.002345	0.002324
685	0.002362	0.002392	0.002374
686	0.002412	0.002399	0.002406
687	0.002493	0.002463	0.002469
688	0.00261	0.002595	0.002568
689	0.002717	0.002717	0.002654
690	0.002809	0.002822	0.002719
691	0.002905	0.00292	0.002813
692	0.00301	0.003005	0.002967
693	0.003107	0.003073	0.003097
694	0.003174	0.003094	0.003149
695	0.003237	0.003129	0.0032
696	0.003274	0.003237	0.003248
697	0.003316	0.003344	0.003304
698	0.003398	0.00344	0.003429
699	0.003483	0.003537	0.003552
700	0.003647	0.003669	0.003639
701	0.00381	0.0038	0.003725
702	0.003827	0.003829	0.003767
703	0.003838	0.003853	0.003807
704	0.004018	0.00401	0.003959
705	0.004217	0.004183	0.004123
706	0.004353	0.004321	0.004258
707	0.004477	0.004453	0.004387
708	0.004613	0.004562	0.004536
709	0.004752	0.004663	0.004692
710	0.004903	0.004852	0.004853
711	0.005059	0.005079	0.005017
712	0.005235	0.005263	0.005178
713	0.005422	0.005422	0.005337
714	0.00553	0.005523	0.005478
715	0.005581	0.005582	0.005606
716	0.00573	0.005729	0.005769
717	0.005969	0.005958	0.005965
718	0.006122	0.006092	0.006094
719	0.006171	0.006116	0.006146
720	0.006243	0.006162	0.006224
[LOG]
CHECKSUM^