[HEADER]
Format	J&M ASCII Table
Comment	
Date	05/03/2026 16:33:35
Order	Y (evenX)
TechType	UV
NumPoints	411
FirstX	310
LastX	720
XType	nm
YType	Absorbance
ZType	s
NumSubFile	3
Matrix	Z vs X
[LOGIN]
Name=pcbob
[INSTRUMENT]
Name=TIDAS E Base UV/VI
Detector=MMS - ASPEN 97,5 kHz
Diodearray=256 Pixel
Serial#=36584
Calibrated=2011-07-01
Range=183.81-729.88 [nm] (F0)

SWVersion=v3.18.2 (build 0)[LOGIN]
Name=pcbob
[CONFIG]
ChannelName=Channel 1
ChannelType=Normalized
[PARAMETER]
It=400,00
Aver=5
Norm=3
Range=310,0-720,0 nm
Scan=Time
ScanTime=5,00 s
[TRIGGER]
Sweep=0
Scan=0
[DIO]
DigOut=0x0000
DigIn=0x0000
[DATA]
	00:00:00,000	00:00:02,000	00:00:04,000
310	0.50489	0.504471	0.504088
311	0.496811	0.496375	0.495964
312	0.488844	0.488421	0.487956
313	0.481079	0.48066	0.480166
314	0.473593	0.473166	0.472679
315	0.466171	0.465729	0.465261
316	0.458949	0.45847	0.45806
317	0.451739	0.451227	0.450867
318	0.444709	0.444221	0.443781
319	0.437679	0.437215	0.436694
320	0.430803	0.430328	0.429865
321	0.423947	0.423455	0.423068
322	0.417136	0.416651	0.416271
323	0.410343	0.409875	0.409474
324	0.403677	0.403246	0.402815
325	0.397123	0.396749	0.396279
326	0.390589	0.390256	0.389778
327	0.38409	0.383769	0.383344
328	0.377616	0.377296	0.376902
329	0.371259	0.370886	0.370427
330	0.364903	0.364475	0.363951
331	0.358519	0.358125	0.35765
332	0.352136	0.351776	0.351348
333	0.346043	0.34562	0.345213
334	0.340013	0.339505	0.339114
335	0.334016	0.333528	0.333142
336	0.328037	0.327625	0.327239
337	0.322019	0.321658	0.321263
338	0.315958	0.315617	0.315205
339	0.309996	0.309641	0.309263
340	0.304264	0.303816	0.303595
341	0.298531	0.298013	0.297916
342	0.292791	0.292362	0.292162
343	0.28705	0.286711	0.286408
344	0.281599	0.281263	0.280927
345	0.276165	0.275826	0.27546
346	0.270806	0.270445	0.270096
347	0.26547	0.26508	0.264762
348	0.260188	0.259804	0.259487
349	0.254943	0.254587	0.25425
350	0.249728	0.249395	0.249059
351	0.244552	0.244237	0.24393
352	0.239421	0.239127	0.238837
353	0.234423	0.234162	0.23385
354	0.229445	0.229212	0.228885
355	0.22471	0.224437	0.224163
356	0.219974	0.219662	0.219441
357	0.215206	0.214995	0.214768
358	0.210435	0.21034	0.210101
359	0.205895	0.205784	0.205553
360	0.20144	0.201266	0.20105
361	0.196972	0.196818	0.196566
362	0.192493	0.192425	0.192099
363	0.188057	0.188022	0.187656
364	0.18369	0.183603	0.183253
365	0.179389	0.179245	0.178934
366	0.175332	0.175111	0.174928
367	0.171286	0.170991	0.170928
368	0.167472	0.167191	0.167073
369	0.163658	0.163391	0.163217
370	0.159657	0.159461	0.159254
371	0.15563	0.155512	0.155276
372	0.151774	0.151661	0.151393
373	0.147991	0.147851	0.14755
374	0.144239	0.144063	0.143777
375	0.140514	0.140293	0.140066
376	0.136841	0.136607	0.136407
377	0.133261	0.133069	0.132841
378	0.129702	0.12955	0.129298
379	0.126237	0.126112	0.12585
380	0.122776	0.122676	0.122405
381	0.119503	0.119311	0.11911
382	0.116231	0.115947	0.115815
383	0.112991	0.112755	0.112584
384	0.109756	0.109592	0.109364
385	0.10655	0.106395	0.106188
386	0.103356	0.103181	0.103034
387	0.100379	0.100188	0.100069
388	0.097605	0.097399	0.097282
389	0.09483	0.094641	0.094494
390	0.092055	0.091938	0.091704
391	0.089257	0.089196	0.088901
392	0.086358	0.086277	0.086041
393	0.083464	0.083364	0.083185
394	0.080991	0.080865	0.080678
395	0.078519	0.078367	0.078172
396	0.076119	0.075962	0.075764
397	0.073732	0.073574	0.073375
398	0.071437	0.071246	0.071052
399	0.069183	0.068946	0.068759
400	0.066853	0.066606	0.066431
401	0.064451	0.064228	0.064068
402	0.062051	0.06187	0.061692
403	0.059655	0.059549	0.059291
404	0.057339	0.057297	0.056973
405	0.05538	0.055345	0.055021
406	0.053422	0.053393	0.053069
407	0.051532	0.051448	0.051146
408	0.049641	0.049503	0.049223
409	0.047675	0.047558	0.04729
410	0.045696	0.045613	0.045355
411	0.043687	0.043582	0.043363
412	0.041664	0.041513	0.041346
413	0.039749	0.039619	0.039462
414	0.037931	0.03788	0.037699
415	0.0361	0.036081	0.035891
416	0.034247	0.034177	0.034004
417	0.032404	0.032293	0.032125
418	0.030601	0.030489	0.030276
419	0.02881	0.028694	0.028442
420	0.027329	0.027159	0.026972
421	0.025847	0.025625	0.025502
422	0.024385	0.02417	0.024065
423	0.022926	0.022727	0.022632
424	0.021422	0.021237	0.021113
425	0.019898	0.01973	0.019559
426	0.018595	0.018435	0.018232
427	0.017469	0.01731	0.017088
428	0.016411	0.016247	0.016036
429	0.015456	0.015278	0.015126
430	0.014494	0.014317	0.014193
431	0.013513	0.013382	0.013187
432	0.012529	0.01244	0.012184
433	0.011503	0.011421	0.011222
434	0.010478	0.010401	0.01026
435	0.009588	0.009564	0.009351
436	0.00871	0.008743	0.008446
437	0.007788	0.007768	0.0075
438	0.006853	0.006743	0.006539
439	0.00599	0.005869	0.005689
440	0.005175	0.005097	0.004912
441	0.004435	0.004374	0.004185
442	0.003792	0.003713	0.00352
443	0.003139	0.003043	0.002838
444	0.002459	0.002347	0.002116
445	0.001784	0.001664	0.001412
446	0.001147	0.001073	0.000841
447	0.000509	0.000482	0.000269
448	0.000023	-0.000027	-0.000227
449	-0.000459	-0.000534	-0.000721
450	-0.000922	-0.001011	-0.001178
451	-0.00138	-0.001481	-0.001628
452	-0.001853	-0.001931	-0.002085
453	-0.002333	-0.002371	-0.002546
454	-0.002781	-0.00279	-0.002999
455	-0.003194	-0.003188	-0.003442
456	-0.003581	-0.003575	-0.003828
457	-0.003916	-0.003941	-0.004104
458	-0.004255	-0.004297	-0.004403
459	-0.004617	-0.004614	-0.00479
460	-0.004976	-0.004933	-0.005175
461	-0.005272	-0.005319	-0.005506
462	-0.005568	-0.005705	-0.005838
463	-0.005891	-0.006009	-0.006169
464	-0.006217	-0.006302	-0.006499
465	-0.00643	-0.006501	-0.006684
466	-0.006603	-0.006667	-0.006817
467	-0.006684	-0.00677	-0.006913
468	-0.0067	-0.006829	-0.006984
469	-0.006757	-0.006909	-0.007069
470	-0.006867	-0.007017	-0.007174
471	-0.00699	-0.007144	-0.007292
472	-0.007145	-0.007315	-0.007439
473	-0.007289	-0.007462	-0.00757
474	-0.007355	-0.007452	-0.007588
475	-0.00742	-0.007441	-0.007605
476	-0.007514	-0.007539	-0.007718
477	-0.00761	-0.007639	-0.007833
478	-0.00772	-0.007746	-0.007923
479	-0.007834	-0.007855	-0.008008
480	-0.007969	-0.008007	-0.008145
481	-0.008116	-0.008178	-0.008305
482	-0.008373	-0.008443	-0.008596
483	-0.008727	-0.00879	-0.009
484	-0.009082	-0.009139	-0.009373
485	-0.009438	-0.00949	-0.009697
486	-0.009666	-0.009711	-0.009888
487	-0.009488	-0.009523	-0.009661
488	-0.009301	-0.009333	-0.009438
489	-0.009034	-0.00912	-0.009247
490	-0.008768	-0.008906	-0.009056
491	-0.008569	-0.008639	-0.008786
492	-0.008373	-0.008368	-0.008512
493	-0.00814	-0.00817	-0.008303
494	-0.007897	-0.007991	-0.008111
495	-0.007692	-0.007798	-0.007902
496	-0.007505	-0.007597	-0.007684
497	-0.007388	-0.007478	-0.00756
498	-0.007336	-0.007435	-0.007522
499	-0.007289	-0.007393	-0.007495
500	-0.007251	-0.007353	-0.007489
501	-0.00718	-0.007277	-0.007436
502	-0.006998	-0.007085	-0.007226
503	-0.006824	-0.006903	-0.00703
504	-0.006739	-0.006833	-0.006969
505	-0.006654	-0.006763	-0.006909
506	-0.006523	-0.006634	-0.006782
507	-0.006388	-0.006502	-0.006652
508	-0.006302	-0.006418	-0.006558
509	-0.006228	-0.006346	-0.006473
510	-0.006198	-0.006297	-0.00643
511	-0.006191	-0.006261	-0.006407
512	-0.006139	-0.006203	-0.006343
513	-0.006047	-0.006124	-0.00624
514	-0.005951	-0.006019	-0.00613
515	-0.005849	-0.005869	-0.006006
516	-0.005726	-0.00572	-0.005879
517	-0.005539	-0.005571	-0.005744
518	-0.005359	-0.005426	-0.005608
519	-0.005236	-0.00532	-0.005456
520	-0.005113	-0.005213	-0.005305
521	-0.004886	-0.005023	-0.005104
522	-0.004655	-0.00483	-0.004902
523	-0.00453	-0.004676	-0.004799
524	-0.004426	-0.004529	-0.004716
525	-0.004339	-0.004443	-0.004638
526	-0.004261	-0.004382	-0.004563
527	-0.004184	-0.004299	-0.004471
528	-0.004109	-0.004198	-0.004365
529	-0.004073	-0.004142	-0.004306
530	-0.004088	-0.004145	-0.004311
531	-0.004097	-0.004163	-0.004311
532	-0.00409	-0.004217	-0.004303
533	-0.00407	-0.004244	-0.004288
534	-0.003978	-0.004124	-0.004237
535	-0.003887	-0.004006	-0.004186
536	-0.003811	-0.003951	-0.004112
537	-0.003736	-0.003897	-0.004039
538	-0.003644	-0.003737	-0.003893
539	-0.00355	-0.003564	-0.003738
540	-0.003401	-0.00345	-0.003606
541	-0.003235	-0.003354	-0.003482
542	-0.003097	-0.003201	-0.003351
543	-0.002974	-0.003014	-0.003218
544	-0.002829	-0.002831	-0.00306
545	-0.002663	-0.002651	-0.002878
546	-0.002481	-0.002478	-0.002701
547	-0.002269	-0.002316	-0.002533
548	-0.002083	-0.00217	-0.002378
549	-0.001979	-0.002069	-0.002268
550	-0.001881	-0.00197	-0.002161
551	-0.001831	-0.00188	-0.002083
552	-0.001781	-0.00179	-0.002005
553	-0.001697	-0.001717	-0.00192
554	-0.001614	-0.001645	-0.001834
555	-0.001516	-0.001567	-0.001733
556	-0.001415	-0.001489	-0.001628
557	-0.001371	-0.001456	-0.001623
558	-0.001348	-0.001439	-0.001653
559	-0.001311	-0.001391	-0.001588
560	-0.001265	-0.001323	-0.001461
561	-0.001183	-0.001233	-0.001347
562	-0.001063	-0.001119	-0.001245
563	-0.000947	-0.001012	-0.001156
564	-0.000842	-0.000919	-0.001086
565	-0.000776	-0.000851	-0.001042
566	-0.000839	-0.000861	-0.001082
567	-0.000894	-0.000875	-0.001115
568	-0.000896	-0.000917	-0.001102
569	-0.000899	-0.000959	-0.00109
570	-0.000914	-0.000994	-0.001153
571	-0.00093	-0.001029	-0.001217
572	-0.00094	-0.001035	-0.001199
573	-0.000949	-0.001037	-0.001168
574	-0.00094	-0.001006	-0.001127
575	-0.000924	-0.000963	-0.001082
576	-0.000871	-0.000911	-0.001019
577	-0.000795	-0.000854	-0.000945
578	-0.000771	-0.000817	-0.000904
579	-0.000795	-0.000799	-0.000893
580	-0.000763	-0.000751	-0.000858
581	-0.000646	-0.000656	-0.000786
582	-0.000532	-0.00056	-0.000706
583	-0.000424	-0.000458	-0.000607
584	-0.000299	-0.000338	-0.000482
585	-0.000087	-0.000123	-0.000231
586	0.000125	0.000092	0.000019
587	0.000343	0.000316	0.000213
588	0.000562	0.000539	0.000407
589	0.000766	0.000731	0.00058
590	0.000969	0.000922	0.000751
591	0.001158	0.0011	0.000944
592	0.001344	0.001277	0.001142
593	0.001528	0.001444	0.001351
594	0.001712	0.001608	0.001564
595	0.001901	0.001818	0.001754
596	0.002094	0.00206	0.001928
597	0.002302	0.002293	0.002121
598	0.002528	0.002516	0.002336
599	0.002733	0.00271	0.002544
600	0.0029	0.002851	0.002741
601	0.00307	0.003	0.002927
602	0.003246	0.003171	0.003081
603	0.003423	0.00335	0.003239
604	0.003606	0.003567	0.003424
605	0.003793	0.003786	0.003614
606	0.004073	0.00404	0.003905
607	0.004353	0.004294	0.004197
608	0.004522	0.004466	0.004318
609	0.004682	0.004633	0.004425
610	0.004784	0.004715	0.00453
611	0.004874	0.004779	0.004634
612	0.004983	0.004884	0.004757
613	0.005099	0.005007	0.004888
614	0.005237	0.005137	0.005045
615	0.00539	0.005272	0.005219
616	0.005534	0.005445	0.005372
617	0.00567	0.005656	0.005503
618	0.005797	0.005825	0.005647
619	0.005913	0.00593	0.005811
620	0.006049	0.006042	0.005956
621	0.006233	0.006169	0.006059
622	0.006411	0.006309	0.006184
623	0.006562	0.006502	0.006399
624	0.006721	0.006698	0.006611
625	0.006948	0.006923	0.0068
626	0.007174	0.007147	0.006988
627	0.007395	0.007335	0.0072
628	0.007615	0.007523	0.007412
629	0.007819	0.007737	0.0076
630	0.00802	0.007955	0.007784
631	0.0082	0.008146	0.007983
632	0.008375	0.00833	0.008186
633	0.008574	0.008557	0.00839
634	0.008783	0.008803	0.008595
635	0.00903	0.009064	0.008839
636	0.009303	0.009335	0.00911
637	0.009478	0.009494	0.009271
638	0.009557	0.009543	0.009322
639	0.009687	0.009637	0.009434
640	0.009894	0.009797	0.009633
641	0.010061	0.009949	0.0098
642	0.010142	0.010079	0.009892
643	0.01023	0.010198	0.009997
644	0.010344	0.010271	0.01015
645	0.01045	0.010341	0.010286
646	0.010504	0.010386	0.010308
647	0.010552	0.010425	0.010325
648	0.010428	0.010307	0.010183
649	0.010304	0.01019	0.01004
650	0.009985	0.009948	0.009764
651	0.009654	0.009699	0.009479
652	0.00925	0.009274	0.00909
653	0.008834	0.008819	0.008683
654	0.008557	0.008514	0.008396
655	0.008324	0.008256	0.008147
656	0.008316	0.008256	0.008153
657	0.008417	0.008379	0.008283
658	0.008682	0.008664	0.008555
659	0.009064	0.009062	0.008928
660	0.009561	0.009543	0.009399
661	0.010174	0.010106	0.009968
662	0.010755	0.010663	0.010534
663	0.011292	0.011212	0.011095
664	0.011751	0.011673	0.011564
665	0.012055	0.011954	0.011846
666	0.01236	0.012241	0.012134
667	0.012671	0.012543	0.012434
668	0.012948	0.012813	0.012702
669	0.013047	0.012922	0.012797
670	0.013147	0.013037	0.012897
671	0.013261	0.013217	0.013051
672	0.013375	0.013397	0.013205
673	0.013563	0.01352	0.013326
674	0.013751	0.013644	0.013447
675	0.013865	0.013748	0.013592
676	0.013973	0.01385	0.01374
677	0.014074	0.013978	0.013885
678	0.014174	0.014112	0.014028
679	0.014226	0.014162	0.014072
680	0.014262	0.014185	0.014085
681	0.014312	0.014258	0.014156
682	0.014369	0.014354	0.014255
683	0.01447	0.014433	0.014344
684	0.014599	0.014501	0.014428
685	0.014694	0.014565	0.014491
686	0.014758	0.014624	0.014534
687	0.014802	0.014708	0.014592
688	0.014823	0.014821	0.014668
689	0.014876	0.014903	0.014728
690	0.014982	0.014934	0.014764
691	0.01509	0.014977	0.014822
692	0.015204	0.015048	0.01493
693	0.015308	0.015116	0.015027
694	0.015379	0.015175	0.015089
695	0.015449	0.015244	0.01515
696	0.015517	0.015361	0.015207
697	0.015582	0.015475	0.015271
698	0.015614	0.015564	0.015398
699	0.015647	0.015653	0.015521
700	0.015701	0.015721	0.015549
701	0.015756	0.01579	0.015576
702	0.015795	0.015778	0.015603
703	0.015833	0.015764	0.015629
704	0.016012	0.015931	0.015758
705	0.016207	0.016118	0.015898
706	0.016299	0.01618	0.016021
707	0.01637	0.016218	0.016142
708	0.016488	0.01633	0.016262
709	0.016621	0.016465	0.016383
710	0.01674	0.016632	0.016528
711	0.016854	0.016813	0.016683
712	0.016987	0.016959	0.016807
713	0.01713	0.017085	0.016914
714	0.017227	0.017161	0.017015
715	0.017289	0.0172	0.017113
716	0.017426	0.01732	0.017263
717	0.017633	0.017515	0.01746
718	0.017767	0.017671	0.0176
719	0.017813	0.017781	0.017672
720	0.017891	0.017885	0.017744
[LOG]
CHECKSUMg