[HEADER]
Format	J&M ASCII Table
Comment	
Date	05/03/2026 16:28:10
Order	Y (evenX)
TechType	UV
NumPoints	411
FirstX	310
LastX	720
XType	nm
YType	Absorbance
ZType	s
NumSubFile	3
Matrix	Z vs X
[LOGIN]
Name=pcbob
[INSTRUMENT]
Name=TIDAS E Base UV/VI
Detector=MMS - ASPEN 97,5 kHz
Diodearray=256 Pixel
Serial#=36584
Calibrated=2011-07-01
Range=183.81-729.88 [nm] (F0)

SWVersion=v3.18.2 (build 0)[LOGIN]
Name=pcbob
[CONFIG]
ChannelName=Channel 1
ChannelType=Normalized
[PARAMETER]
It=400,00
Aver=5
Norm=3
Range=310,0-720,0 nm
Scan=Time
ScanTime=5,00 s
[TRIGGER]
Sweep=0
Scan=0
[DIO]
DigOut=0x0000
DigIn=0x0000
[DATA]
	00:00:00,000	00:00:02,000	00:00:04,000
310	0.599882	0.599659	0.599346
311	0.590771	0.590562	0.590214
312	0.581869	0.581686	0.581269
313	0.573081	0.572899	0.57247
314	0.56445	0.564235	0.563874
315	0.555896	0.555654	0.555345
316	0.547581	0.547336	0.547028
317	0.539282	0.539034	0.538727
318	0.531194	0.53098	0.530647
319	0.523107	0.522927	0.522568
320	0.515103	0.514968	0.51465
321	0.50711	0.507022	0.506752
322	0.499351	0.499171	0.498921
323	0.491687	0.491359	0.491116
324	0.48411	0.483739	0.483502
325	0.47661	0.476288	0.476056
326	0.469159	0.468893	0.468658
327	0.461796	0.461598	0.461345
328	0.454449	0.454291	0.454024
329	0.447178	0.446926	0.446661
330	0.439906	0.439562	0.439299
331	0.4328	0.432417	0.432141
332	0.425693	0.425272	0.424983
333	0.418813	0.418436	0.418123
334	0.411982	0.411665	0.411326
335	0.40525	0.404938	0.404635
336	0.398571	0.398233	0.398001
337	0.391893	0.391549	0.391317
338	0.385216	0.384888	0.384578
339	0.378601	0.378306	0.377942
340	0.372138	0.371911	0.371547
341	0.365706	0.36553	0.365177
342	0.359507	0.359251	0.358977
343	0.353307	0.352972	0.352778
344	0.347143	0.346798	0.346665
345	0.340982	0.34063	0.340557
346	0.334929	0.334652	0.334484
347	0.328909	0.328728	0.328421
348	0.322961	0.322831	0.322482
349	0.317063	0.316951	0.316626
350	0.311278	0.31117	0.310861
351	0.305648	0.305522	0.30522
352	0.300002	0.299868	0.299565
353	0.294308	0.294198	0.293875
354	0.28863	0.288541	0.288198
355	0.283153	0.283048	0.282669
356	0.277676	0.277554	0.27714
357	0.272202	0.272	0.271691
358	0.266728	0.26644	0.266252
359	0.261446	0.261162	0.261008
360	0.256233	0.255987	0.255837
361	0.251128	0.250904	0.250738
362	0.246106	0.245891	0.245698
363	0.241103	0.24092	0.240701
364	0.236127	0.236016	0.235772
365	0.231204	0.23113	0.230862
366	0.226469	0.226313	0.226021
367	0.221742	0.22151	0.221193
368	0.217181	0.216986	0.216672
369	0.21262	0.212463	0.212152
370	0.208053	0.207864	0.207636
371	0.203486	0.203253	0.20312
372	0.199058	0.198835	0.19872
373	0.19469	0.194499	0.194369
374	0.190454	0.190264	0.190099
375	0.186335	0.18612	0.185899
376	0.182244	0.181989	0.181735
377	0.178203	0.177878	0.177633
378	0.174177	0.173807	0.173563
379	0.170214	0.169899	0.16963
380	0.166256	0.165996	0.165703
381	0.162482	0.162304	0.162076
382	0.158708	0.158613	0.158449
383	0.155141	0.155004	0.154845
384	0.15161	0.15141	0.151244
385	0.148073	0.14789	0.147729
386	0.144534	0.144403	0.144254
387	0.14122	0.141119	0.14094
388	0.138116	0.138023	0.137778
389	0.135026	0.134913	0.134654
390	0.131961	0.131776	0.131601
391	0.128877	0.128641	0.128535
392	0.125712	0.125518	0.125407
393	0.122551	0.122399	0.122282
394	0.119735	0.119619	0.119447
395	0.116919	0.11684	0.116612
396	0.114371	0.114312	0.114056
397	0.111872	0.111829	0.11155
398	0.109498	0.109398	0.109142
399	0.107184	0.106991	0.106778
400	0.104719	0.104512	0.104345
401	0.102111	0.101963	0.101846
402	0.099586	0.099451	0.099357
403	0.097217	0.097005	0.096889
404	0.094886	0.094619	0.09449
405	0.092729	0.092501	0.092394
406	0.090571	0.090383	0.090296
407	0.088351	0.088203	0.088079
408	0.086132	0.086023	0.085862
409	0.083986	0.083893	0.083711
410	0.081853	0.081771	0.08157
411	0.079745	0.079637	0.079442
412	0.077648	0.077497	0.077319
413	0.075599	0.075445	0.075305
414	0.073592	0.073472	0.073389
415	0.071542	0.071449	0.07138
416	0.069418	0.069338	0.069208
417	0.067309	0.067224	0.067063
418	0.065264	0.065093	0.065029
419	0.063226	0.062975	0.063001
420	0.061345	0.061163	0.061109
421	0.059463	0.059351	0.059217
422	0.0579	0.057817	0.057723
423	0.056382	0.056322	0.056286
424	0.054785	0.054702	0.054676
425	0.053157	0.053033	0.052998
426	0.051599	0.051466	0.051421
427	0.0501	0.049983	0.049926
428	0.048731	0.048622	0.048571
429	0.047563	0.04745	0.047432
430	0.046394	0.046269	0.04627
431	0.045217	0.045058	0.045037
432	0.04404	0.043856	0.043812
433	0.042859	0.042765	0.042692
434	0.041677	0.041675	0.041572
435	0.040576	0.040597	0.040437
436	0.039484	0.039519	0.039301
437	0.038349	0.038333	0.038142
438	0.037201	0.037111	0.036975
439	0.036108	0.036	0.035906
440	0.035053	0.034964	0.034904
441	0.034119	0.034052	0.033995
442	0.033342	0.033296	0.033204
443	0.032516	0.032481	0.032361
444	0.031569	0.031511	0.031387
445	0.030637	0.030561	0.030436
446	0.029822	0.029746	0.02965
447	0.029006	0.028931	0.028864
448	0.028265	0.028179	0.028122
449	0.027527	0.02743	0.027382
450	0.026833	0.026753	0.026727
451	0.02615	0.026091	0.026092
452	0.025457	0.025426	0.025456
453	0.02476	0.024759	0.024821
454	0.024126	0.024116	0.024191
455	0.023554	0.023498	0.023566
456	0.02299	0.022911	0.022963
457	0.02244	0.022381	0.022401
458	0.021896	0.02185	0.021846
459	0.021372	0.02132	0.021318
460	0.020849	0.020792	0.02079
461	0.020327	0.020288	0.020251
462	0.019804	0.019784	0.019712
463	0.019329	0.019302	0.019233
464	0.01886	0.018823	0.018762
465	0.018372	0.018342	0.018298
466	0.017877	0.017862	0.017836
467	0.017536	0.017525	0.017498
468	0.017304	0.017291	0.01725
469	0.016987	0.016976	0.016915
470	0.01656	0.016558	0.016467
471	0.01615	0.01615	0.016052
472	0.015786	0.015766	0.015721
473	0.015424	0.015392	0.01539
474	0.015079	0.015081	0.015068
475	0.014735	0.014771	0.014745
476	0.014416	0.01445	0.01439
477	0.014097	0.01413	0.014035
478	0.013764	0.013765	0.013757
479	0.013428	0.013392	0.013494
480	0.013119	0.013091	0.01316
481	0.012822	0.012824	0.012793
482	0.01251	0.012511	0.012459
483	0.012184	0.012158	0.012153
484	0.011822	0.011788	0.011791
485	0.011402	0.01139	0.011342
486	0.011063	0.011071	0.010977
487	0.01098	0.011003	0.010875
488	0.010895	0.010929	0.010776
489	0.010798	0.010796	0.010707
490	0.010701	0.010662	0.010638
491	0.010649	0.010614	0.010591
492	0.010599	0.010571	0.010545
493	0.010434	0.010414	0.010378
494	0.010242	0.010228	0.010183
495	0.010147	0.01016	0.010082
496	0.010102	0.010151	0.010029
497	0.01002	0.010059	0.009961
498	0.009901	0.009889	0.009878
499	0.00977	0.009709	0.009752
500	0.00962	0.00951	0.00955
501	0.009484	0.009352	0.009386
502	0.009396	0.009331	0.009347
503	0.009305	0.009298	0.009296
504	0.009174	0.009147	0.00913
505	0.009044	0.008996	0.008964
506	0.008939	0.008896	0.008844
507	0.008837	0.008798	0.008727
508	0.008747	0.008719	0.008648
509	0.00866	0.008645	0.00858
510	0.008518	0.008499	0.008437
511	0.008346	0.008315	0.008256
512	0.008202	0.008152	0.008116
513	0.008082	0.008008	0.008013
514	0.007988	0.007928	0.007959
515	0.007937	0.007952	0.007984
516	0.007903	0.007963	0.007982
517	0.007922	0.007931	0.007899
518	0.007931	0.007893	0.007815
519	0.007857	0.00781	0.007727
520	0.007783	0.007726	0.007638
521	0.007753	0.007701	0.007641
522	0.007725	0.007677	0.007647
523	0.007687	0.007615	0.007611
524	0.007648	0.007544	0.007567
525	0.007526	0.007458	0.007471
526	0.007369	0.007366	0.007352
527	0.007297	0.007301	0.007286
528	0.007291	0.007257	0.007261
529	0.007244	0.007187	0.007201
530	0.00714	0.007081	0.007093
531	0.007044	0.006998	0.007002
532	0.006965	0.006968	0.006951
533	0.006892	0.006931	0.006901
534	0.006849	0.006854	0.006851
535	0.006806	0.006775	0.0068
536	0.006745	0.006656	0.006696
537	0.006683	0.006536	0.006592
538	0.006714	0.006611	0.006641
539	0.006756	0.006709	0.006707
540	0.006716	0.006701	0.00668
541	0.00665	0.00666	0.006624
542	0.00665	0.006653	0.006621
543	0.006688	0.006665	0.006648
544	0.0067	0.006658	0.006661
545	0.006686	0.006631	0.00666
546	0.006666	0.006629	0.006669
547	0.006637	0.006669	0.006696
548	0.006631	0.0067	0.006711
549	0.006693	0.006702	0.00669
550	0.006743	0.006699	0.006665
551	0.0067	0.006651	0.006619
552	0.006658	0.006603	0.006573
553	0.006552	0.006549	0.006508
554	0.006445	0.006495	0.006443
555	0.006395	0.006456	0.006409
556	0.006355	0.00642	0.006381
557	0.006354	0.006372	0.006349
558	0.006366	0.006319	0.006316
559	0.006388	0.006317	0.006321
560	0.006416	0.006348	0.006352
561	0.006422	0.006368	0.006355
562	0.006403	0.006375	0.006328
563	0.006391	0.006371	0.006306
564	0.006389	0.006347	0.006294
565	0.006376	0.006329	0.00628
566	0.006326	0.00633	0.006259
567	0.006281	0.006323	0.006239
568	0.006276	0.00626	0.006231
569	0.006271	0.006197	0.006223
570	0.006222	0.00617	0.006179
571	0.006172	0.006142	0.006136
572	0.006173	0.006152	0.006135
573	0.00618	0.006167	0.006141
574	0.006152	0.006139	0.006122
575	0.006112	0.006096	0.006094
576	0.006108	0.00608	0.006076
577	0.006125	0.006078	0.006063
578	0.006112	0.006075	0.006054
579	0.006069	0.006069	0.006048
580	0.006055	0.006077	0.006049
581	0.006083	0.006104	0.006063
582	0.006102	0.006112	0.00607
583	0.006097	0.00607	0.006061
584	0.00609	0.006034	0.006055
585	0.006072	0.006023	0.006068
586	0.006059	0.006016	0.006084
587	0.006141	0.006105	0.006164
588	0.006222	0.006193	0.006243
589	0.006271	0.00626	0.006255
590	0.006316	0.006326	0.006262
591	0.006297	0.006308	0.00628
592	0.006264	0.006271	0.006302
593	0.006293	0.006313	0.00634
594	0.006348	0.006388	0.006385
595	0.006404	0.006442	0.006418
596	0.006461	0.006479	0.006443
597	0.00653	0.006542	0.006507
598	0.006612	0.006633	0.006615
599	0.006684	0.006695	0.006686
600	0.006739	0.006706	0.006694
601	0.006785	0.006722	0.006709
602	0.006803	0.006755	0.006744
603	0.006826	0.006795	0.00678
604	0.006882	0.006882	0.006822
605	0.006939	0.006969	0.006868
606	0.007059	0.007057	0.007007
607	0.00718	0.007144	0.007146
608	0.007191	0.007175	0.007153
609	0.007194	0.007202	0.00715
610	0.007165	0.007149	0.007139
611	0.007129	0.00708	0.007126
612	0.007132	0.007101	0.007148
613	0.00715	0.00716	0.007184
614	0.007155	0.007181	0.007186
615	0.007153	0.00718	0.007165
616	0.007196	0.00722	0.007204
617	0.007283	0.007301	0.007301
618	0.007334	0.007353	0.007358
619	0.007332	0.007363	0.007354
620	0.007337	0.007386	0.007365
621	0.007359	0.007442	0.00741
622	0.007392	0.007489	0.007461
623	0.007472	0.007496	0.007534
624	0.007552	0.007511	0.007604
625	0.007642	0.007608	0.007641
626	0.007732	0.007705	0.007678
627	0.007827	0.007788	0.007804
628	0.007921	0.00787	0.00793
629	0.008013	0.007939	0.007995
630	0.008104	0.008006	0.008053
631	0.008124	0.008082	0.008102
632	0.008125	0.00816	0.008149
633	0.00823	0.008243	0.008205
634	0.00838	0.008328	0.008265
635	0.008492	0.008415	0.008359
636	0.008578	0.008503	0.008475
637	0.008607	0.008537	0.008534
638	0.008577	0.008518	0.008537
639	0.008587	0.008547	0.008571
640	0.008654	0.008646	0.008653
641	0.008704	0.008718	0.008715
642	0.008717	0.008731	0.008732
643	0.008732	0.008752	0.008761
644	0.008749	0.008801	0.00883
645	0.008763	0.008842	0.008884
646	0.008752	0.008827	0.008828
647	0.008739	0.008808	0.008771
648	0.008648	0.00869	0.008653
649	0.008556	0.008571	0.008535
650	0.008437	0.008439	0.00845
651	0.008315	0.008305	0.008367
652	0.008216	0.008241	0.008272
653	0.00812	0.008189	0.008175
654	0.008021	0.008062	0.008052
655	0.007922	0.00791	0.00792
656	0.00791	0.007884	0.007892
657	0.007939	0.007918	0.007914
658	0.008041	0.008022	0.008028
659	0.008194	0.008176	0.008207
660	0.008328	0.008318	0.008355
661	0.008444	0.008448	0.008472
662	0.00858	0.00857	0.008602
663	0.008744	0.008681	0.00875
664	0.008879	0.008805	0.008883
665	0.008952	0.008958	0.008985
666	0.009046	0.009101	0.009088
667	0.009204	0.009218	0.009193
668	0.009341	0.009323	0.009285
669	0.009363	0.00936	0.009315
670	0.00939	0.009399	0.009348
671	0.009459	0.009461	0.009419
672	0.009527	0.009522	0.009491
673	0.009535	0.00954	0.009504
674	0.009543	0.009558	0.009516
675	0.009601	0.009586	0.009572
676	0.009663	0.009615	0.009631
677	0.009677	0.00966	0.009636
678	0.009682	0.009709	0.009631
679	0.009664	0.009713	0.009657
680	0.009638	0.009703	0.009694
681	0.009683	0.009725	0.009707
682	0.009761	0.009761	0.009709
683	0.009794	0.009799	0.009721
684	0.0098	0.009838	0.00974
685	0.009825	0.009875	0.009774
686	0.009868	0.00991	0.009822
687	0.009909	0.009941	0.009852
688	0.009947	0.009966	0.009861
689	0.009988	0.010019	0.009907
690	0.010034	0.010119	0.010011
691	0.010078	0.010197	0.010096
692	0.010117	0.010231	0.010141
693	0.010158	0.010243	0.010178
694	0.010206	0.010187	0.010193
695	0.010243	0.010137	0.010201
696	0.010229	0.01012	0.010171
697	0.010219	0.010115	0.010152
698	0.01025	0.010219	0.010231
699	0.010281	0.010319	0.010309
700	0.01034	0.010315	0.010348
701	0.010399	0.010311	0.010388
702	0.010371	0.010266	0.010305
703	0.010341	0.010219	0.010218
704	0.010446	0.010369	0.010341
705	0.010566	0.010541	0.010488
706	0.010568	0.010551	0.01049
707	0.010546	0.01053	0.010463
708	0.01061	0.010566	0.010521
709	0.010699	0.010619	0.010605
710	0.01077	0.010731	0.010685
711	0.010832	0.010868	0.010763
712	0.010932	0.010974	0.010866
713	0.011054	0.011063	0.010982
714	0.01113	0.011077	0.01105
715	0.011171	0.011037	0.011083
716	0.011186	0.011083	0.011142
717	0.011177	0.011209	0.011226
718	0.011173	0.011251	0.011266
719	0.011176	0.011194	0.011255
720	0.011215	0.011167	0.011262
[LOG]
CHECKSUMHç