[HEADER]
Format	J&M ASCII Table
Comment	
Date	05/03/2026 16:22:17
Order	Y (evenX)
TechType	UV
NumPoints	411
FirstX	310
LastX	720
XType	nm
YType	Absorbance
ZType	s
NumSubFile	3
Matrix	Z vs X
[LOGIN]
Name=pcbob
[INSTRUMENT]
Name=TIDAS E Base UV/VI
Detector=MMS - ASPEN 97,5 kHz
Diodearray=256 Pixel
Serial#=36584
Calibrated=2011-07-01
Range=183.81-729.88 [nm] (F0)

SWVersion=v3.18.2 (build 0)[LOGIN]
Name=pcbob
[CONFIG]
ChannelName=Channel 1
ChannelType=Normalized
[PARAMETER]
It=400,00
Aver=5
Norm=3
Range=310,0-720,0 nm
Scan=Time
ScanTime=5,00 s
[TRIGGER]
Sweep=0
Scan=0
[DIO]
DigOut=0x0000
DigIn=0x0000
[DATA]
	00:00:00,000	00:00:02,000	00:00:04,000
310	0.453192	0.452745	0.452415
311	0.445964	0.445528	0.445232
312	0.43894	0.438533	0.438228
313	0.432037	0.431636	0.431307
314	0.425301	0.424876	0.424499
315	0.418598	0.418166	0.417752
316	0.411996	0.411616	0.411196
317	0.405411	0.40508	0.404658
318	0.399082	0.398753	0.398388
319	0.392752	0.392427	0.392119
320	0.386567	0.386185	0.385878
321	0.380401	0.379954	0.379642
322	0.374276	0.373827	0.37349
323	0.368167	0.367743	0.367374
324	0.362125	0.361741	0.361357
325	0.356142	0.355811	0.355429
326	0.350182	0.349888	0.349516
327	0.344264	0.343976	0.343633
328	0.338398	0.338113	0.337795
329	0.332769	0.332478	0.33217
330	0.32714	0.326842	0.326545
331	0.321487	0.321201	0.320866
332	0.315833	0.315559	0.315187
333	0.310478	0.310168	0.309813
334	0.305185	0.30483	0.304505
335	0.299885	0.299504	0.299221
336	0.29458	0.294186	0.293949
337	0.289292	0.288913	0.288675
338	0.284022	0.283691	0.283401
339	0.278884	0.278576	0.278247
340	0.274059	0.273714	0.273376
341	0.269212	0.268841	0.26849
342	0.264206	0.263883	0.263492
343	0.259201	0.258925	0.258493
344	0.254454	0.25415	0.253717
345	0.249721	0.249385	0.248952
346	0.245069	0.24471	0.244308
347	0.24044	0.240061	0.239699
348	0.235825	0.235455	0.235077
349	0.231219	0.230879	0.230448
350	0.226645	0.226328	0.225871
351	0.222116	0.221811	0.221367
352	0.217616	0.217333	0.216895
353	0.213205	0.212972	0.212521
354	0.208805	0.208616	0.208156
355	0.204537	0.204329	0.203884
356	0.20027	0.200042	0.199612
357	0.196069	0.195796	0.195421
358	0.191875	0.191555	0.191238
359	0.187675	0.187359	0.187057
360	0.183473	0.18318	0.182875
361	0.179381	0.179111	0.178791
362	0.175374	0.17513	0.174782
363	0.171368	0.171125	0.170791
364	0.167362	0.167084	0.166827
365	0.163419	0.163115	0.162916
366	0.159699	0.159405	0.159198
367	0.155981	0.155698	0.155482
368	0.152303	0.152077	0.151816
369	0.148624	0.148455	0.148149
370	0.144989	0.144791	0.144475
371	0.141359	0.141122	0.140802
372	0.137754	0.13754	0.137189
373	0.13416	0.133995	0.133601
374	0.130632	0.130458	0.130064
375	0.127161	0.126928	0.126571
376	0.123713	0.123459	0.123137
377	0.120304	0.120096	0.119809
378	0.116923	0.116749	0.11649
379	0.113661	0.113468	0.113209
380	0.110404	0.11019	0.109931
381	0.107302	0.107082	0.106828
382	0.1042	0.103974	0.103725
383	0.101086	0.100874	0.100593
384	0.09797	0.097776	0.097456
385	0.094862	0.094687	0.094389
386	0.091757	0.091602	0.091353
387	0.088822	0.088664	0.088429
388	0.086044	0.085863	0.085611
389	0.083332	0.083137	0.082868
390	0.080741	0.080551	0.080266
391	0.078115	0.07793	0.077639
392	0.075331	0.075152	0.0749
393	0.072551	0.072377	0.072163
394	0.070042	0.069869	0.06961
395	0.067532	0.06736	0.067057
396	0.065254	0.06501	0.064739
397	0.063017	0.062688	0.062464
398	0.060734	0.060449	0.060224
399	0.058429	0.058248	0.057999
400	0.056096	0.055956	0.05567
401	0.053734	0.053578	0.053241
402	0.051388	0.0512	0.050846
403	0.049068	0.048822	0.048512
404	0.046805	0.046525	0.04625
405	0.044794	0.044591	0.04431
406	0.042783	0.042656	0.042369
407	0.040801	0.040617	0.040411
408	0.038819	0.038579	0.038453
409	0.036852	0.036595	0.036403
410	0.034887	0.03462	0.034336
411	0.032843	0.032592	0.032322
412	0.030763	0.03054	0.03033
413	0.028775	0.028574	0.028383
414	0.026871	0.026684	0.026476
415	0.024937	0.024756	0.024541
416	0.02295	0.022761	0.022557
417	0.020979	0.020794	0.020597
418	0.019068	0.018937	0.018731
419	0.017166	0.017085	0.01687
420	0.015493	0.015331	0.015147
421	0.013821	0.013577	0.013424
422	0.012309	0.012108	0.011916
423	0.010821	0.010679	0.010438
424	0.009278	0.009112	0.008874
425	0.007713	0.007489	0.007275
426	0.006282	0.006041	0.005868
427	0.00496	0.004734	0.004616
428	0.003752	0.003568	0.003454
429	0.00272	0.002618	0.002431
430	0.00168	0.001633	0.001396
431	0.000615	0.000531	0.000319
432	-0.000454	-0.000567	-0.000759
433	-0.001574	-0.001612	-0.001851
434	-0.002693	-0.002657	-0.002944
435	-0.003633	-0.003587	-0.00385
436	-0.004556	-0.004505	-0.004738
437	-0.00549	-0.005463	-0.005717
438	-0.006427	-0.006434	-0.006724
439	-0.007353	-0.007376	-0.007652
440	-0.008271	-0.0083	-0.008528
441	-0.009073	-0.009099	-0.009296
442	-0.009727	-0.009738	-0.009926
443	-0.010421	-0.010411	-0.010605
444	-0.011217	-0.011171	-0.011404
445	-0.011995	-0.011925	-0.012189
446	-0.012653	-0.01264	-0.012871
447	-0.01331	-0.013355	-0.013552
448	-0.0139	-0.013951	-0.014149
449	-0.014488	-0.014543	-0.014742
450	-0.015007	-0.015029	-0.015274
451	-0.01551	-0.015491	-0.015793
452	-0.016023	-0.016028	-0.016304
453	-0.01654	-0.016606	-0.016812
454	-0.01701	-0.017075	-0.017256
455	-0.017435	-0.017436	-0.017636
456	-0.017827	-0.0178	-0.018018
457	-0.018156	-0.018171	-0.0184
458	-0.018477	-0.018522	-0.018755
459	-0.018768	-0.018797	-0.018998
460	-0.019064	-0.019077	-0.019248
461	-0.019464	-0.019478	-0.019677
462	-0.019863	-0.019879	-0.020105
463	-0.02018	-0.020178	-0.0204
464	-0.020487	-0.020464	-0.020679
465	-0.020798	-0.020759	-0.020994
466	-0.021109	-0.021056	-0.021323
467	-0.021274	-0.021233	-0.02149
468	-0.021333	-0.021324	-0.021542
469	-0.021464	-0.021458	-0.021665
470	-0.021691	-0.021648	-0.021878
471	-0.021888	-0.021816	-0.02205
472	-0.022008	-0.021929	-0.022114
473	-0.02212	-0.022039	-0.022187
474	-0.022175	-0.022137	-0.022321
475	-0.02223	-0.022234	-0.022455
476	-0.02227	-0.022297	-0.022526
477	-0.022309	-0.022359	-0.022596
478	-0.022443	-0.02248	-0.022722
479	-0.022597	-0.022613	-0.022859
480	-0.022732	-0.022737	-0.022993
481	-0.02286	-0.022858	-0.023127
482	-0.023039	-0.023027	-0.023281
483	-0.023265	-0.023238	-0.023455
484	-0.023528	-0.023509	-0.023711
485	-0.023851	-0.023872	-0.024097
486	-0.024057	-0.024111	-0.024344
487	-0.023894	-0.023961	-0.024153
488	-0.023732	-0.023803	-0.023967
489	-0.02358	-0.023573	-0.023825
490	-0.023429	-0.023343	-0.023683
491	-0.02312	-0.023061	-0.023347
492	-0.022804	-0.022777	-0.023002
493	-0.022657	-0.02262	-0.022825
494	-0.022553	-0.022494	-0.02269
495	-0.022334	-0.022304	-0.022482
496	-0.022057	-0.022081	-0.022236
497	-0.021866	-0.021919	-0.02207
498	-0.021757	-0.021815	-0.021979
499	-0.021656	-0.021703	-0.021903
500	-0.021569	-0.021578	-0.021851
501	-0.021466	-0.021458	-0.021778
502	-0.021307	-0.021353	-0.02163
503	-0.021151	-0.021245	-0.021485
504	-0.021029	-0.021107	-0.02137
505	-0.020907	-0.020969	-0.021255
506	-0.020808	-0.02082	-0.021056
507	-0.020711	-0.02067	-0.020852
508	-0.020549	-0.02051	-0.020692
509	-0.020372	-0.020347	-0.020542
510	-0.020267	-0.020222	-0.020446
511	-0.020197	-0.020116	-0.020375
512	-0.020097	-0.020018	-0.020293
513	-0.019968	-0.019926	-0.020201
514	-0.019845	-0.019831	-0.020099
515	-0.01973	-0.019733	-0.019984
516	-0.019605	-0.019605	-0.019853
517	-0.019448	-0.019386	-0.01967
518	-0.019283	-0.019178	-0.019485
519	-0.01906	-0.019066	-0.019285
520	-0.018836	-0.018955	-0.019084
521	-0.018627	-0.018674	-0.018874
522	-0.018419	-0.018388	-0.018663
523	-0.018243	-0.018201	-0.018479
524	-0.018074	-0.018035	-0.018301
525	-0.017929	-0.017902	-0.018146
526	-0.017793	-0.017785	-0.018
527	-0.017687	-0.017688	-0.017887
528	-0.017603	-0.017607	-0.017798
529	-0.017509	-0.0175	-0.017736
530	-0.0174	-0.01736	-0.017708
531	-0.0173	-0.017244	-0.017646
532	-0.017222	-0.017187	-0.017503
533	-0.017139	-0.017117	-0.017355
534	-0.017023	-0.016979	-0.017183
535	-0.016905	-0.01684	-0.017011
536	-0.016718	-0.01665	-0.016854
537	-0.016532	-0.016459	-0.016696
538	-0.016331	-0.016275	-0.016525
539	-0.016128	-0.016092	-0.016352
540	-0.015949	-0.015912	-0.016184
541	-0.015778	-0.015732	-0.016017
542	-0.015594	-0.015536	-0.015801
543	-0.015404	-0.01533	-0.015556
544	-0.015225	-0.015148	-0.015341
545	-0.015057	-0.014988	-0.015154
546	-0.01486	-0.01481	-0.014967
547	-0.014615	-0.0146	-0.014779
548	-0.014386	-0.014383	-0.014601
549	-0.014209	-0.014142	-0.014449
550	-0.014031	-0.013914	-0.014292
551	-0.013848	-0.013777	-0.01409
552	-0.013665	-0.01364	-0.013887
553	-0.01347	-0.013463	-0.013702
554	-0.013275	-0.013285	-0.013516
555	-0.013198	-0.013218	-0.013443
556	-0.01314	-0.013169	-0.013388
557	-0.013117	-0.013128	-0.013349
558	-0.013107	-0.013091	-0.013315
559	-0.013005	-0.012974	-0.013198
560	-0.012843	-0.012805	-0.013027
561	-0.012672	-0.012647	-0.012844
562	-0.012491	-0.012499	-0.012648
563	-0.012359	-0.012369	-0.012495
564	-0.012315	-0.012272	-0.012422
565	-0.01225	-0.012175	-0.012345
566	-0.012114	-0.01208	-0.012254
567	-0.011991	-0.011992	-0.012169
568	-0.011972	-0.011946	-0.012124
569	-0.011952	-0.011899	-0.012079
570	-0.011922	-0.011909	-0.012067
571	-0.011892	-0.011918	-0.012054
572	-0.011792	-0.011802	-0.011933
573	-0.011682	-0.011667	-0.011795
574	-0.011588	-0.011581	-0.011705
575	-0.0115	-0.011511	-0.011631
576	-0.011391	-0.011397	-0.011534
577	-0.011269	-0.011256	-0.011423
578	-0.01119	-0.01117	-0.01134
579	-0.01115	-0.011135	-0.011283
580	-0.011067	-0.011056	-0.011189
581	-0.010919	-0.010909	-0.01104
582	-0.010777	-0.010766	-0.010902
583	-0.010654	-0.010636	-0.010791
584	-0.010519	-0.010492	-0.010661
585	-0.010322	-0.010279	-0.010435
586	-0.010122	-0.010064	-0.010209
587	-0.009846	-0.009819	-0.009992
588	-0.00957	-0.009573	-0.009775
589	-0.009397	-0.009336	-0.009528
590	-0.009231	-0.0091	-0.00928
591	-0.00901	-0.008914	-0.009096
592	-0.008777	-0.008741	-0.008927
593	-0.008581	-0.008528	-0.008709
594	-0.008401	-0.008298	-0.008469
595	-0.008137	-0.008039	-0.008205
596	-0.007816	-0.00776	-0.007922
597	-0.00753	-0.007493	-0.007651
598	-0.007284	-0.00724	-0.007391
599	-0.007056	-0.007008	-0.00717
600	-0.00686	-0.006814	-0.007015
601	-0.006672	-0.00663	-0.006848
602	-0.006508	-0.00648	-0.006643
603	-0.00633	-0.006313	-0.00643
604	-0.006066	-0.006044	-0.006165
605	-0.005802	-0.005774	-0.0059
606	-0.00549	-0.005474	-0.005621
607	-0.005178	-0.005174	-0.005342
608	-0.005021	-0.004984	-0.005162
609	-0.004875	-0.004802	-0.00499
610	-0.004736	-0.004632	-0.004848
611	-0.004599	-0.004464	-0.004713
612	-0.004446	-0.004321	-0.00456
613	-0.004288	-0.004187	-0.004399
614	-0.004148	-0.004059	-0.004254
615	-0.004021	-0.003935	-0.004119
616	-0.003859	-0.003774	-0.00395
617	-0.003664	-0.003577	-0.003747
618	-0.003491	-0.003404	-0.003572
619	-0.00335	-0.003267	-0.003439
620	-0.003196	-0.003127	-0.003304
621	-0.00301	-0.002979	-0.00316
622	-0.002826	-0.002814	-0.003003
623	-0.002649	-0.002575	-0.002789
624	-0.002469	-0.002343	-0.002578
625	-0.002269	-0.002171	-0.00239
626	-0.002068	-0.001999	-0.002201
627	-0.001775	-0.001706	-0.00192
628	-0.001482	-0.001411	-0.001638
629	-0.001254	-0.001174	-0.001363
630	-0.001034	-0.000944	-0.00109
631	-0.000839	-0.000761	-0.000905
632	-0.000649	-0.00059	-0.000744
633	-0.000439	-0.000368	-0.000548
634	-0.000219	-0.000123	-0.000338
635	-0.000026	0.000088	-0.000129
636	0.00015	0.000276	0.000078
637	0.00032	0.000445	0.000249
638	0.000485	0.000592	0.000384
639	0.000671	0.000769	0.000542
640	0.000887	0.000988	0.000731
641	0.00108	0.001179	0.000907
642	0.00122	0.001307	0.001052
643	0.00135	0.001428	0.001195
644	0.001443	0.001524	0.001327
645	0.001543	0.001624	0.001458
646	0.001681	0.001754	0.001578
647	0.001815	0.001879	0.001694
648	0.001815	0.001856	0.001688
649	0.001815	0.001834	0.001681
650	0.001608	0.001656	0.001487
651	0.001388	0.001467	0.001281
652	0.001088	0.001159	0.000964
653	0.000775	0.00083	0.000628
654	0.00057	0.000602	0.00042
655	0.000399	0.000404	0.000252
656	0.000367	0.00036	0.000238
657	0.000404	0.000391	0.000297
658	0.00065	0.000654	0.000557
659	0.001044	0.001081	0.000959
660	0.001564	0.00159	0.001455
661	0.00221	0.00218	0.002044
662	0.002791	0.002759	0.002607
663	0.003283	0.003323	0.003131
664	0.00373	0.003823	0.003613
665	0.004086	0.004192	0.004011
666	0.004421	0.004526	0.004354
667	0.004687	0.004755	0.004534
668	0.004933	0.004969	0.004716
669	0.005075	0.005114	0.004909
670	0.005216	0.005263	0.005099
671	0.005342	0.005459	0.005257
672	0.005468	0.005656	0.005416
673	0.005639	0.00579	0.005584
674	0.00581	0.005924	0.005753
675	0.006007	0.006071	0.005937
676	0.006206	0.006219	0.006123
677	0.006329	0.006349	0.006199
678	0.006438	0.006476	0.006254
679	0.006518	0.006551	0.006335
680	0.006591	0.006611	0.006425
681	0.006682	0.006716	0.006557
682	0.006783	0.006843	0.006709
683	0.00688	0.006971	0.006818
684	0.006974	0.007102	0.006899
685	0.007103	0.007226	0.007
686	0.007263	0.007345	0.007118
687	0.00739	0.007464	0.007238
688	0.007477	0.007583	0.007359
689	0.007571	0.007675	0.007479
690	0.007675	0.007723	0.007598
691	0.007783	0.007819	0.007722
692	0.007902	0.00802	0.007853
693	0.008021	0.008179	0.007973
694	0.008144	0.008203	0.008056
695	0.00826	0.008245	0.008147
696	0.008346	0.008378	0.008284
697	0.00844	0.00851	0.008415
698	0.008597	0.008648	0.008489
699	0.008752	0.008786	0.008564
700	0.008876	0.008909	0.008709
701	0.008999	0.009032	0.008853
702	0.009019	0.009086	0.008905
703	0.009035	0.009138	0.008954
704	0.009268	0.009282	0.009158
705	0.009526	0.009436	0.00938
706	0.009677	0.00962	0.009548
707	0.009806	0.009809	0.009704
708	0.009957	0.00997	0.009853
709	0.010114	0.010121	0.009998
710	0.010304	0.010294	0.010158
711	0.010508	0.010476	0.010323
712	0.010639	0.01064	0.010488
713	0.01073	0.010795	0.010653
714	0.010845	0.010946	0.010787
715	0.010977	0.011096	0.0109
716	0.011172	0.01126	0.011066
717	0.011427	0.011438	0.011283
718	0.011585	0.011582	0.011448
719	0.01163	0.011685	0.011553
720	0.011704	0.011789	0.011677
[LOG]
CHECKSUMUi