[HEADER]
Format	J&M ASCII Table
Comment	
Date	05/03/2026 16:04:21
Order	Y (evenX)
TechType	UV
NumPoints	411
FirstX	310
LastX	720
XType	nm
YType	Absorbance
ZType	s
NumSubFile	3
Matrix	Z vs X
[LOGIN]
Name=pcbob
[INSTRUMENT]
Name=TIDAS E Base UV/VI
Detector=MMS - ASPEN 97,5 kHz
Diodearray=256 Pixel
Serial#=36584
Calibrated=2011-07-01
Range=183.81-729.88 [nm] (F0)

SWVersion=v3.18.2 (build 0)[LOGIN]
Name=pcbob
[CONFIG]
ChannelName=Channel 1
ChannelType=Normalized
[PARAMETER]
It=400,00
Aver=5
Norm=3
Range=310,0-720,0 nm
Scan=Time
ScanTime=5,00 s
[TRIGGER]
Sweep=0
Scan=0
[DIO]
DigOut=0x0000
DigIn=0x0000
[DATA]
	00:00:00,000	00:00:02,000	00:00:04,000
310	0.446101	0.445679	0.445327
311	0.439433	0.438965	0.438618
312	0.43293	0.432414	0.432064
313	0.426488	0.425957	0.425609
314	0.420131	0.419631	0.419291
315	0.413824	0.413349	0.413017
316	0.407674	0.407202	0.406881
317	0.401528	0.40106	0.400751
318	0.395454	0.394987	0.39471
319	0.389379	0.388915	0.388668
320	0.383515	0.383068	0.382765
321	0.377679	0.37725	0.376879
322	0.371858	0.371451	0.371063
323	0.366043	0.36566	0.365276
324	0.360302	0.359936	0.359558
325	0.354628	0.35427	0.353901
326	0.348963	0.348615	0.348252
327	0.343314	0.342978	0.34262
328	0.337706	0.337381	0.33702
329	0.332287	0.331963	0.331571
330	0.326868	0.326545	0.326122
331	0.321438	0.321065	0.32068
332	0.316007	0.315584	0.315238
333	0.310769	0.310378	0.310019
334	0.305571	0.305232	0.304848
335	0.300431	0.300082	0.299731
336	0.295321	0.294932	0.294642
337	0.290215	0.289808	0.289527
338	0.285114	0.284713	0.284382
339	0.280133	0.279748	0.279381
340	0.275435	0.275087	0.274719
341	0.270721	0.270412	0.270039
342	0.265883	0.265626	0.265235
343	0.261046	0.260841	0.260431
344	0.256374	0.256092	0.255764
345	0.251712	0.251345	0.251104
346	0.247144	0.246777	0.246537
347	0.242603	0.242262	0.241998
348	0.238093	0.237739	0.237463
349	0.233604	0.233211	0.232931
350	0.229128	0.22873	0.228441
351	0.224672	0.224313	0.22401
352	0.220268	0.219927	0.219626
353	0.216019	0.215634	0.215383
354	0.211778	0.211361	0.211152
355	0.207642	0.207324	0.207055
356	0.203505	0.203288	0.202957
357	0.199408	0.199108	0.19878
358	0.195315	0.194914	0.194593
359	0.191257	0.190811	0.190521
360	0.187211	0.18674	0.18649
361	0.183222	0.18279	0.182519
362	0.179278	0.178935	0.178595
363	0.175335	0.175032	0.174658
364	0.171394	0.171052	0.1707
365	0.16751	0.167137	0.16681
366	0.163836	0.163453	0.163169
367	0.160165	0.159773	0.159528
368	0.156574	0.156203	0.155893
369	0.152983	0.152633	0.152257
370	0.149336	0.149032	0.148647
371	0.145681	0.145427	0.145041
372	0.142113	0.141841	0.141462
373	0.138582	0.138263	0.137895
374	0.135083	0.134741	0.134408
375	0.131614	0.131267	0.130992
376	0.128166	0.127813	0.12757
377	0.124757	0.124394	0.124137
378	0.121363	0.120999	0.120734
379	0.118035	0.117702	0.117454
380	0.11471	0.11441	0.114176
381	0.111557	0.111274	0.110992
382	0.108403	0.108138	0.107808
383	0.10525	0.10501	0.104692
384	0.102096	0.101885	0.101589
385	0.098973	0.098748	0.098462
386	0.095864	0.095605	0.095323
387	0.09287	0.092597	0.092352
388	0.089984	0.089716	0.089538
389	0.087157	0.08689	0.086744
390	0.084441	0.084169	0.083983
391	0.081683	0.081418	0.081194
392	0.078735	0.078525	0.078276
393	0.075792	0.075634	0.075362
394	0.073125	0.072896	0.072692
395	0.070459	0.070158	0.070021
396	0.068011	0.067738	0.067564
397	0.065601	0.065376	0.065145
398	0.063188	0.062956	0.062756
399	0.060774	0.060508	0.060382
400	0.058298	0.058006	0.057908
401	0.055764	0.055453	0.055338
402	0.05322	0.052911	0.052772
403	0.050658	0.050387	0.050212
404	0.048163	0.047925	0.047723
405	0.045968	0.04574	0.045543
406	0.043772	0.043553	0.043364
407	0.041531	0.041282	0.041174
408	0.03929	0.03901	0.038984
409	0.03701	0.036777	0.03665
410	0.034724	0.034549	0.034292
411	0.032388	0.032201	0.031945
412	0.03003	0.029799	0.029604
413	0.027816	0.027593	0.027405
414	0.025733	0.025563	0.025336
415	0.023574	0.023447	0.023198
416	0.021279	0.021178	0.020941
417	0.019014	0.01891	0.018697
418	0.016866	0.016646	0.016509
419	0.014724	0.014395	0.014331
420	0.012734	0.012447	0.01241
421	0.010744	0.010499	0.010489
422	0.008932	0.008708	0.008671
423	0.007146	0.00694	0.006868
424	0.00526	0.005045	0.004957
425	0.003336	0.003098	0.003004
426	0.001579	0.001373	0.001249
427	-0.000041	-0.000175	-0.000344
428	-0.001542	-0.001653	-0.001836
429	-0.002856	-0.003022	-0.003169
430	-0.004198	-0.004407	-0.004531
431	-0.005628	-0.005847	-0.005989
432	-0.007063	-0.007289	-0.007444
433	-0.008559	-0.008746	-0.008857
434	-0.010056	-0.010204	-0.01027
435	-0.011305	-0.011453	-0.011527
436	-0.012532	-0.012682	-0.012769
437	-0.013839	-0.013979	-0.014084
438	-0.015172	-0.015298	-0.015421
439	-0.016426	-0.016583	-0.016665
440	-0.017627	-0.017844	-0.017848
441	-0.018723	-0.018961	-0.018956
442	-0.019683	-0.019894	-0.01997
443	-0.020677	-0.020875	-0.02099
444	-0.021755	-0.021978	-0.022023
445	-0.022824	-0.023063	-0.023053
446	-0.023828	-0.024025	-0.024063
447	-0.024831	-0.024987	-0.025073
448	-0.02571	-0.025895	-0.025977
449	-0.026585	-0.026802	-0.026878
450	-0.027363	-0.027595	-0.027671
451	-0.028118	-0.028361	-0.028438
452	-0.028915	-0.029127	-0.029226
453	-0.029733	-0.029893	-0.030023
454	-0.030451	-0.030591	-0.030714
455	-0.031069	-0.031223	-0.031301
456	-0.031682	-0.03184	-0.031904
457	-0.032283	-0.03243	-0.032541
458	-0.032883	-0.033027	-0.033159
459	-0.033475	-0.033654	-0.033694
460	-0.034067	-0.034277	-0.034234
461	-0.034653	-0.034812	-0.034862
462	-0.035239	-0.035347	-0.03549
463	-0.035781	-0.035933	-0.03602
464	-0.036318	-0.036525	-0.036536
465	-0.03682	-0.037066	-0.037071
466	-0.03731	-0.03759	-0.037611
467	-0.037679	-0.037974	-0.037982
468	-0.037963	-0.038259	-0.038232
469	-0.038316	-0.03858	-0.038553
470	-0.038759	-0.038948	-0.038968
471	-0.039177	-0.039331	-0.039384
472	-0.03953	-0.039751	-0.039803
473	-0.039866	-0.040151	-0.040192
474	-0.040084	-0.040411	-0.040384
475	-0.040302	-0.040671	-0.040575
476	-0.040572	-0.040874	-0.04087
477	-0.040844	-0.041075	-0.041166
478	-0.0411	-0.04132	-0.041436
479	-0.041352	-0.041575	-0.041701
480	-0.041578	-0.041792	-0.041904
481	-0.041791	-0.041992	-0.042077
482	-0.04206	-0.042247	-0.042327
483	-0.042376	-0.042549	-0.042644
484	-0.042698	-0.042858	-0.042965
485	-0.043028	-0.043179	-0.043294
486	-0.043267	-0.043419	-0.04352
487	-0.043224	-0.043407	-0.043427
488	-0.043187	-0.043395	-0.043348
489	-0.043203	-0.043382	-0.043402
490	-0.043219	-0.04337	-0.043456
491	-0.043183	-0.043316	-0.043398
492	-0.043145	-0.043261	-0.043333
493	-0.043066	-0.043191	-0.043245
494	-0.042978	-0.043118	-0.04315
495	-0.042903	-0.043024	-0.043104
496	-0.042834	-0.04292	-0.043083
497	-0.04281	-0.04289	-0.043058
498	-0.042828	-0.04293	-0.043028
499	-0.042842	-0.042973	-0.043022
500	-0.042849	-0.043021	-0.043056
501	-0.042835	-0.043035	-0.043068
502	-0.042746	-0.042938	-0.043006
503	-0.042658	-0.042847	-0.042944
504	-0.042578	-0.042836	-0.042884
505	-0.042497	-0.042825	-0.042823
506	-0.042467	-0.042733	-0.04273
507	-0.04244	-0.042635	-0.042635
508	-0.042376	-0.042541	-0.042561
509	-0.042304	-0.042448	-0.042492
510	-0.042231	-0.042388	-0.042463
511	-0.042157	-0.042345	-0.042455
512	-0.04209	-0.042286	-0.042405
513	-0.042028	-0.042212	-0.042319
514	-0.041946	-0.042116	-0.042198
515	-0.04183	-0.041982	-0.042023
516	-0.041716	-0.041857	-0.041863
517	-0.041606	-0.041756	-0.041751
518	-0.041494	-0.041656	-0.04164
519	-0.041363	-0.041564	-0.041531
520	-0.041233	-0.041472	-0.041422
521	-0.041075	-0.041288	-0.041273
522	-0.040915	-0.041101	-0.041123
523	-0.040801	-0.040967	-0.041013
524	-0.040695	-0.040844	-0.040911
525	-0.040568	-0.040724	-0.040786
526	-0.040431	-0.040606	-0.040651
527	-0.0403	-0.040502	-0.040543
528	-0.040172	-0.040408	-0.040458
529	-0.040067	-0.040299	-0.040375
530	-0.039991	-0.040169	-0.040295
531	-0.039897	-0.040049	-0.040186
532	-0.039757	-0.039955	-0.040003
533	-0.039598	-0.039842	-0.039817
534	-0.039335	-0.039633	-0.039616
535	-0.039076	-0.039423	-0.039416
536	-0.038964	-0.039197	-0.039252
537	-0.038851	-0.038971	-0.039089
538	-0.038634	-0.038815	-0.038856
539	-0.038405	-0.038669	-0.038615
540	-0.038263	-0.038509	-0.03849
541	-0.038149	-0.038346	-0.038401
542	-0.037978	-0.038151	-0.038212
543	-0.037775	-0.037939	-0.037964
544	-0.037564	-0.037722	-0.037734
545	-0.037348	-0.037503	-0.037522
546	-0.037109	-0.037284	-0.037295
547	-0.036832	-0.037065	-0.037043
548	-0.036572	-0.036844	-0.036804
549	-0.036363	-0.036613	-0.036605
550	-0.036156	-0.036383	-0.036404
551	-0.035958	-0.036156	-0.03619
552	-0.03576	-0.03593	-0.035975
553	-0.035575	-0.03576	-0.035776
554	-0.03539	-0.035592	-0.035577
555	-0.035232	-0.035431	-0.035439
556	-0.035078	-0.035272	-0.035312
557	-0.034953	-0.03513	-0.035155
558	-0.034839	-0.034993	-0.034987
559	-0.034628	-0.034796	-0.034766
560	-0.034355	-0.034561	-0.03451
561	-0.034113	-0.034327	-0.034298
562	-0.033904	-0.034096	-0.034134
563	-0.033724	-0.033903	-0.033978
564	-0.033596	-0.033776	-0.033839
565	-0.03347	-0.033653	-0.033694
566	-0.033353	-0.033547	-0.033534
567	-0.03324	-0.033444	-0.033386
568	-0.033157	-0.033367	-0.033326
569	-0.033075	-0.033291	-0.033267
570	-0.033019	-0.033211	-0.033228
571	-0.032963	-0.033131	-0.033189
572	-0.032824	-0.032971	-0.032996
573	-0.032673	-0.032798	-0.03278
574	-0.032527	-0.032654	-0.032643
575	-0.032382	-0.03252	-0.032532
576	-0.032208	-0.03236	-0.032372
577	-0.032017	-0.032184	-0.032185
578	-0.031888	-0.032029	-0.032054
579	-0.03182	-0.031894	-0.031978
580	-0.031685	-0.031742	-0.031831
581	-0.031446	-0.031563	-0.031575
582	-0.031221	-0.031379	-0.031339
583	-0.031031	-0.031179	-0.031153
584	-0.03082	-0.030961	-0.030947
585	-0.030507	-0.030651	-0.030629
586	-0.030195	-0.030341	-0.030315
587	-0.029912	-0.030044	-0.030057
588	-0.029629	-0.029747	-0.0298
589	-0.029346	-0.029433	-0.0295
590	-0.029063	-0.029118	-0.029197
591	-0.02881	-0.028895	-0.028947
592	-0.028563	-0.028692	-0.02871
593	-0.0283	-0.028418	-0.028435
594	-0.028031	-0.028115	-0.028144
595	-0.027765	-0.027846	-0.027866
596	-0.027503	-0.027602	-0.027598
597	-0.027235	-0.027346	-0.027339
598	-0.026961	-0.027076	-0.027092
599	-0.026708	-0.026834	-0.026866
600	-0.026493	-0.026641	-0.026675
601	-0.026281	-0.026449	-0.026477
602	-0.026077	-0.026258	-0.026256
603	-0.02586	-0.026048	-0.026026
604	-0.025565	-0.025725	-0.025742
605	-0.025269	-0.025402	-0.025457
606	-0.024952	-0.025101	-0.02511
607	-0.024635	-0.024799	-0.024764
608	-0.024362	-0.024506	-0.024485
609	-0.024092	-0.024214	-0.024211
610	-0.023888	-0.024029	-0.024055
611	-0.0237	-0.023867	-0.023924
612	-0.023461	-0.023643	-0.023695
613	-0.023203	-0.023394	-0.023426
614	-0.022987	-0.023176	-0.023206
615	-0.022797	-0.022977	-0.023018
616	-0.022588	-0.022736	-0.022787
617	-0.02236	-0.022454	-0.022513
618	-0.022132	-0.022228	-0.022267
619	-0.021904	-0.022087	-0.022062
620	-0.021665	-0.021909	-0.02186
621	-0.021404	-0.021642	-0.021664
622	-0.021154	-0.021383	-0.021456
623	-0.020952	-0.021152	-0.021195
624	-0.020748	-0.020924	-0.020938
625	-0.020517	-0.020714	-0.020731
626	-0.020286	-0.020505	-0.020523
627	-0.020065	-0.02023	-0.020279
628	-0.019843	-0.019954	-0.020034
629	-0.019599	-0.019706	-0.019806
630	-0.019352	-0.01946	-0.01958
631	-0.019117	-0.01925	-0.01932
632	-0.018885	-0.01905	-0.019051
633	-0.018652	-0.018825	-0.018811
634	-0.018418	-0.018589	-0.018585
635	-0.018196	-0.01836	-0.01836
636	-0.017981	-0.018135	-0.018135
637	-0.017808	-0.017962	-0.017965
638	-0.017674	-0.01784	-0.017849
639	-0.017482	-0.01769	-0.01769
640	-0.017205	-0.017498	-0.017467
641	-0.016968	-0.017286	-0.017233
642	-0.016819	-0.017032	-0.016974
643	-0.016647	-0.016794	-0.016727
644	-0.016396	-0.016616	-0.016521
645	-0.016161	-0.016435	-0.016326
646	-0.016034	-0.016241	-0.016214
647	-0.015907	-0.016049	-0.016103
648	-0.015788	-0.015928	-0.016004
649	-0.01567	-0.015808	-0.015905
650	-0.015738	-0.015876	-0.01595
651	-0.015817	-0.015956	-0.016003
652	-0.016018	-0.016191	-0.016195
653	-0.01624	-0.016453	-0.016411
654	-0.016513	-0.016662	-0.016671
655	-0.016802	-0.016854	-0.016944
656	-0.016786	-0.016833	-0.016907
657	-0.016624	-0.016708	-0.016721
658	-0.016348	-0.016469	-0.016456
659	-0.015992	-0.016151	-0.016135
660	-0.015433	-0.015608	-0.015616
661	-0.014669	-0.014842	-0.0149
662	-0.014013	-0.014187	-0.014263
663	-0.013508	-0.013688	-0.013738
664	-0.013083	-0.013271	-0.013306
665	-0.012821	-0.013019	-0.013064
666	-0.012554	-0.012758	-0.012803
667	-0.012274	-0.012469	-0.012484
668	-0.012012	-0.012192	-0.012184
669	-0.011843	-0.011975	-0.011979
670	-0.011666	-0.011761	-0.011773
671	-0.011416	-0.011569	-0.01155
672	-0.011166	-0.011377	-0.011327
673	-0.011003	-0.011154	-0.011135
674	-0.010841	-0.010932	-0.010944
675	-0.010631	-0.010742	-0.010755
676	-0.010418	-0.010556	-0.010567
677	-0.010272	-0.010465	-0.010423
678	-0.010139	-0.010391	-0.010288
679	-0.009999	-0.010271	-0.010189
680	-0.009857	-0.010137	-0.010102
681	-0.009708	-0.009997	-0.009976
682	-0.009557	-0.009853	-0.009832
683	-0.009387	-0.009696	-0.009675
684	-0.009205	-0.009529	-0.009509
685	-0.00906	-0.009361	-0.00936
686	-0.008947	-0.009191	-0.009228
687	-0.008821	-0.009018	-0.00907
688	-0.008679	-0.008842	-0.008881
689	-0.008509	-0.008667	-0.008684
690	-0.008295	-0.008496	-0.008475
691	-0.008098	-0.00833	-0.008282
692	-0.007941	-0.008173	-0.008125
693	-0.007792	-0.00801	-0.007973
694	-0.007671	-0.007831	-0.007838
695	-0.007537	-0.007661	-0.0077
696	-0.007339	-0.007535	-0.00755
697	-0.007147	-0.0074	-0.007397
698	-0.007017	-0.007185	-0.007208
699	-0.006885	-0.006971	-0.00702
700	-0.006736	-0.006819	-0.006881
701	-0.006586	-0.006667	-0.006742
702	-0.006419	-0.00659	-0.00658
703	-0.006251	-0.006517	-0.006418
704	-0.006003	-0.006253	-0.006227
705	-0.005746	-0.005967	-0.006033
706	-0.005597	-0.005827	-0.005847
707	-0.00547	-0.005716	-0.005662
708	-0.005278	-0.005526	-0.005441
709	-0.005066	-0.005312	-0.005208
710	-0.004868	-0.005054	-0.004978
711	-0.004675	-0.004777	-0.004749
712	-0.004439	-0.004525	-0.00453
713	-0.004177	-0.004289	-0.004317
714	-0.003964	-0.004105	-0.004128
715	-0.003785	-0.003959	-0.003955
716	-0.003554	-0.003732	-0.003738
717	-0.003276	-0.00343	-0.00348
718	-0.003072	-0.003236	-0.003293
719	-0.002956	-0.003168	-0.003189
720	-0.002814	-0.003041	-0.003065
[LOG]
CHECKSUM®