[HEADER]
Format	J&M ASCII Table
Comment	
Date	05/03/2026 16:12:40
Order	Y (evenX)
TechType	UV
NumPoints	411
FirstX	310
LastX	720
XType	nm
YType	Absorbance
ZType	s
NumSubFile	3
Matrix	Z vs X
[LOGIN]
Name=pcbob
[INSTRUMENT]
Name=TIDAS E Base UV/VI
Detector=MMS - ASPEN 97,5 kHz
Diodearray=256 Pixel
Serial#=36584
Calibrated=2011-07-01
Range=183.81-729.88 [nm] (F0)

SWVersion=v3.18.2 (build 0)[LOGIN]
Name=pcbob
[CONFIG]
ChannelName=Channel 1
ChannelType=Normalized
[PARAMETER]
It=400,00
Aver=5
Norm=3
Range=310,0-720,0 nm
Scan=Time
ScanTime=5,00 s
[TRIGGER]
Sweep=0
Scan=0
[DIO]
DigOut=0x0000
DigIn=0x0000
[DATA]
	00:00:00,000	00:00:02,000	00:00:04,000
310	0.430063	0.430008	0.429858
311	0.423198	0.423118	0.422948
312	0.416523	0.416381	0.416205
313	0.409879	0.409719	0.409525
314	0.403278	0.403161	0.402932
315	0.396745	0.396679	0.396419
316	0.390425	0.390434	0.390154
317	0.384113	0.38419	0.383895
318	0.377907	0.377958	0.377707
319	0.3717	0.371725	0.371519
320	0.365695	0.365649	0.365511
321	0.359716	0.359594	0.359525
322	0.35374	0.353636	0.353545
323	0.347766	0.347718	0.347568
324	0.341939	0.341926	0.341763
325	0.336244	0.336246	0.336111
326	0.330578	0.330578	0.330444
327	0.324963	0.324932	0.324751
328	0.319358	0.31929	0.319075
329	0.313794	0.313669	0.313477
330	0.30823	0.308048	0.307879
331	0.302835	0.302731	0.302548
332	0.29744	0.297413	0.297218
333	0.292278	0.292204	0.292058
334	0.287166	0.287017	0.286935
335	0.282013	0.28188	0.281771
336	0.276839	0.27677	0.276585
337	0.271763	0.271682	0.271496
338	0.266797	0.266618	0.266515
339	0.261832	0.261606	0.261562
340	0.256869	0.256719	0.256675
341	0.251947	0.251857	0.251815
342	0.247313	0.247169	0.247155
343	0.242679	0.242481	0.242495
344	0.238151	0.23802	0.237947
345	0.233629	0.233573	0.233405
346	0.229073	0.229022	0.228863
347	0.224506	0.224441	0.224321
348	0.220018	0.219945	0.219832
349	0.215583	0.215506	0.215379
350	0.211174	0.211102	0.210981
351	0.2068	0.206747	0.206659
352	0.202478	0.202432	0.202357
353	0.198311	0.198236	0.198114
354	0.194141	0.194041	0.193878
355	0.189944	0.189862	0.189726
356	0.185747	0.185684	0.185574
357	0.181547	0.181496	0.181445
358	0.177346	0.177306	0.177319
359	0.173327	0.17327	0.173271
360	0.169374	0.169291	0.169251
361	0.165468	0.165381	0.165343
362	0.161601	0.161525	0.161523
363	0.157745	0.157718	0.157702
364	0.153906	0.153991	0.15388
365	0.150111	0.150273	0.150093
366	0.146476	0.146594	0.146435
367	0.142846	0.14292	0.142783
368	0.139316	0.139355	0.139263
369	0.135786	0.13579	0.135742
370	0.132225	0.13226	0.132157
371	0.128659	0.128736	0.128562
372	0.125206	0.125233	0.125064
373	0.121801	0.121739	0.121607
374	0.118407	0.118275	0.118196
375	0.115022	0.114837	0.114827
376	0.111662	0.111463	0.11149
377	0.108347	0.108204	0.108213
378	0.105058	0.104964	0.104943
379	0.101872	0.101806	0.101707
380	0.098689	0.09865	0.098477
381	0.095614	0.095584	0.09547
382	0.09254	0.092517	0.092464
383	0.089535	0.08952	0.089467
384	0.086542	0.086534	0.086471
385	0.083599	0.083604	0.083538
386	0.080678	0.080698	0.080635
387	0.077856	0.077872	0.077805
388	0.075128	0.07512	0.075044
389	0.07241	0.072402	0.072332
390	0.06971	0.069747	0.069712
391	0.067026	0.06709	0.067078
392	0.064409	0.064422	0.064381
393	0.061795	0.061757	0.061688
394	0.059355	0.059338	0.059289
395	0.056916	0.05692	0.056891
396	0.05458	0.054595	0.054566
397	0.052263	0.052286	0.052255
398	0.05007	0.05012	0.050057
399	0.047936	0.04802	0.047914
400	0.045715	0.045792	0.045664
401	0.043413	0.043443	0.043314
402	0.041132	0.041137	0.040988
403	0.038893	0.03891	0.038707
404	0.036697	0.036734	0.036492
405	0.034696	0.034788	0.034567
406	0.032697	0.03284	0.032642
407	0.030747	0.030843	0.030718
408	0.028797	0.028846	0.028794
409	0.0268	0.026823	0.026784
410	0.024795	0.024795	0.024759
411	0.022772	0.022774	0.022731
412	0.020742	0.020756	0.020701
413	0.018863	0.01887	0.018817
414	0.01712	0.017103	0.017066
415	0.015283	0.015254	0.015262
416	0.01328	0.013264	0.013366
417	0.011296	0.011298	0.011456
418	0.009386	0.009429	0.00949
419	0.007486	0.007567	0.007535
420	0.005872	0.005906	0.005846
421	0.004258	0.004245	0.004158
422	0.002796	0.002736	0.002677
423	0.001357	0.001248	0.001226
424	-0.000266	-0.000335	-0.000352
425	-0.001962	-0.001956	-0.001981
426	-0.003388	-0.003349	-0.003378
427	-0.004595	-0.00456	-0.004588
428	-0.005717	-0.005706	-0.005725
429	-0.006705	-0.006752	-0.006748
430	-0.007724	-0.007808	-0.007786
431	-0.008845	-0.008899	-0.008872
432	-0.009964	-0.009989	-0.00996
433	-0.011071	-0.011079	-0.011079
434	-0.012178	-0.012169	-0.012198
435	-0.01307	-0.013068	-0.013081
436	-0.013941	-0.013949	-0.013943
437	-0.014889	-0.01491	-0.014907
438	-0.015862	-0.015899	-0.015905
439	-0.016795	-0.016787	-0.016832
440	-0.017701	-0.017608	-0.017712
441	-0.018485	-0.018364	-0.018474
442	-0.019111	-0.019037	-0.019086
443	-0.019771	-0.019737	-0.019739
444	-0.020518	-0.020505	-0.020496
445	-0.021256	-0.02126	-0.021242
446	-0.021933	-0.021937	-0.021905
447	-0.022609	-0.022613	-0.022567
448	-0.023232	-0.023204	-0.02315
449	-0.023852	-0.023792	-0.023731
450	-0.024395	-0.024306	-0.024278
451	-0.024919	-0.024804	-0.024818
452	-0.02539	-0.025272	-0.025301
453	-0.025833	-0.025725	-0.025754
454	-0.026259	-0.026173	-0.026182
455	-0.026667	-0.026617	-0.026586
456	-0.02705	-0.027029	-0.026971
457	-0.027385	-0.027382	-0.027319
458	-0.027716	-0.027716	-0.027659
459	-0.028029	-0.02797	-0.027967
460	-0.028342	-0.028229	-0.028277
461	-0.028663	-0.028601	-0.028643
462	-0.028983	-0.028973	-0.02901
463	-0.029346	-0.029332	-0.02937
464	-0.029715	-0.02969	-0.029729
465	-0.030055	-0.030007	-0.030053
466	-0.030384	-0.030309	-0.030363
467	-0.030596	-0.030509	-0.03055
468	-0.030724	-0.030637	-0.030649
469	-0.030899	-0.030823	-0.0308
470	-0.031134	-0.031084	-0.031018
471	-0.031345	-0.031322	-0.031226
472	-0.03149	-0.0315	-0.031405
473	-0.031629	-0.031659	-0.031575
474	-0.031723	-0.031696	-0.031684
475	-0.031817	-0.031733	-0.031793
476	-0.031934	-0.03184	-0.031906
477	-0.032051	-0.031948	-0.032018
478	-0.032165	-0.032049	-0.032113
479	-0.032278	-0.032149	-0.032204
480	-0.032346	-0.032238	-0.032288
481	-0.032395	-0.032323	-0.03237
482	-0.032449	-0.032394	-0.032445
483	-0.032507	-0.032454	-0.032514
484	-0.032634	-0.032568	-0.032633
485	-0.03287	-0.032767	-0.032832
486	-0.033009	-0.032882	-0.032942
487	-0.032845	-0.032733	-0.032771
488	-0.032695	-0.032599	-0.032616
489	-0.032675	-0.032606	-0.032616
490	-0.032655	-0.032612	-0.032617
491	-0.032468	-0.032382	-0.032374
492	-0.032272	-0.032141	-0.032119
493	-0.032173	-0.032048	-0.032044
494	-0.032098	-0.031992	-0.032014
495	-0.031899	-0.031818	-0.031811
496	-0.031637	-0.031584	-0.031521
497	-0.031457	-0.031397	-0.031339
498	-0.031356	-0.031256	-0.031262
499	-0.031272	-0.03114	-0.031182
500	-0.031219	-0.031066	-0.031101
501	-0.031138	-0.030987	-0.031008
502	-0.030966	-0.030894	-0.030875
503	-0.030801	-0.030797	-0.030744
504	-0.030716	-0.030659	-0.03063
505	-0.030632	-0.030521	-0.030515
506	-0.030482	-0.030353	-0.030383
507	-0.030328	-0.030184	-0.03025
508	-0.030237	-0.030072	-0.030109
509	-0.030161	-0.029974	-0.029965
510	-0.030073	-0.029914	-0.02989
511	-0.029978	-0.029874	-0.02985
512	-0.029869	-0.029777	-0.029775
513	-0.029749	-0.029627	-0.029668
514	-0.029587	-0.029474	-0.029523
515	-0.029361	-0.029315	-0.029317
516	-0.029155	-0.029144	-0.029121
517	-0.029012	-0.028936	-0.028958
518	-0.028867	-0.028738	-0.028795
519	-0.028707	-0.028621	-0.028628
520	-0.028548	-0.028504	-0.028462
521	-0.028331	-0.028284	-0.028249
522	-0.028112	-0.028061	-0.028035
523	-0.027929	-0.027884	-0.027858
524	-0.027752	-0.027716	-0.027688
525	-0.027629	-0.027566	-0.027531
526	-0.027528	-0.027424	-0.02738
527	-0.027393	-0.02731	-0.027259
528	-0.027231	-0.027219	-0.027161
529	-0.027089	-0.027101	-0.027037
530	-0.026974	-0.026949	-0.026876
531	-0.026854	-0.026796	-0.026724
532	-0.026721	-0.02664	-0.026592
533	-0.026575	-0.026475	-0.026443
534	-0.026359	-0.026261	-0.026205
535	-0.026143	-0.026048	-0.025968
536	-0.025961	-0.025831	-0.025798
537	-0.02578	-0.025615	-0.025627
538	-0.025529	-0.025358	-0.025372
539	-0.025271	-0.025097	-0.025107
540	-0.025049	-0.024906	-0.024925
541	-0.024837	-0.024736	-0.024769
542	-0.024679	-0.024586	-0.024613
543	-0.024551	-0.024447	-0.024456
544	-0.024411	-0.024314	-0.024316
545	-0.024258	-0.024185	-0.024191
546	-0.024085	-0.024005	-0.024029
547	-0.023878	-0.023739	-0.023803
548	-0.023663	-0.023492	-0.023564
549	-0.02342	-0.023306	-0.023286
550	-0.023178	-0.023112	-0.023015
551	-0.022943	-0.022864	-0.022792
552	-0.022707	-0.022616	-0.022569
553	-0.022534	-0.022433	-0.022429
554	-0.022361	-0.02225	-0.02229
555	-0.022267	-0.022155	-0.022196
556	-0.022185	-0.022074	-0.02211
557	-0.022076	-0.021978	-0.022003
558	-0.021958	-0.021876	-0.021889
559	-0.021764	-0.021678	-0.021694
560	-0.021521	-0.021416	-0.021446
561	-0.021297	-0.021206	-0.021231
562	-0.021096	-0.021051	-0.021052
563	-0.020918	-0.020888	-0.020873
564	-0.020782	-0.020711	-0.020692
565	-0.020641	-0.020539	-0.020515
566	-0.020484	-0.020389	-0.020348
567	-0.020322	-0.020234	-0.020182
568	-0.020133	-0.020045	-0.020028
569	-0.019944	-0.019856	-0.019874
570	-0.019787	-0.019725	-0.019724
571	-0.019629	-0.019595	-0.019575
572	-0.019454	-0.019405	-0.019393
573	-0.019276	-0.019206	-0.019206
574	-0.019127	-0.019048	-0.019037
575	-0.018989	-0.018903	-0.018874
576	-0.018832	-0.018718	-0.018717
577	-0.018663	-0.018511	-0.018563
578	-0.01849	-0.018338	-0.018404
579	-0.018312	-0.018197	-0.018241
580	-0.018137	-0.01805	-0.01808
581	-0.017966	-0.017895	-0.017924
582	-0.01781	-0.01774	-0.017775
583	-0.01769	-0.017586	-0.017649
584	-0.017556	-0.017429	-0.017506
585	-0.017345	-0.017263	-0.017281
586	-0.017134	-0.017092	-0.017054
587	-0.016905	-0.016851	-0.01681
588	-0.016675	-0.01661	-0.016565
589	-0.016478	-0.016409	-0.016409
590	-0.016282	-0.016212	-0.016259
591	-0.016098	-0.016029	-0.016059
592	-0.015917	-0.01585	-0.015849
593	-0.015718	-0.015641	-0.015649
594	-0.015511	-0.015419	-0.015455
595	-0.015294	-0.015191	-0.015226
596	-0.015069	-0.014958	-0.014974
597	-0.014826	-0.014724	-0.014718
598	-0.014566	-0.014489	-0.014457
599	-0.014335	-0.014267	-0.014227
600	-0.014158	-0.01407	-0.014049
601	-0.013981	-0.013883	-0.013869
602	-0.013805	-0.01373	-0.013682
603	-0.013623	-0.013566	-0.013498
604	-0.0134	-0.013337	-0.01333
605	-0.013174	-0.013105	-0.013156
606	-0.012905	-0.012796	-0.01284
607	-0.012635	-0.012488	-0.012523
608	-0.012476	-0.012348	-0.012376
609	-0.012324	-0.012221	-0.012242
610	-0.012159	-0.012062	-0.01209
611	-0.01199	-0.011897	-0.011933
612	-0.011814	-0.011729	-0.011755
613	-0.011636	-0.011561	-0.011568
614	-0.011487	-0.011428	-0.011413
615	-0.011357	-0.011318	-0.011279
616	-0.011159	-0.011147	-0.011093
617	-0.010894	-0.010917	-0.010857
618	-0.010702	-0.010714	-0.010666
619	-0.010618	-0.01055	-0.010542
620	-0.010507	-0.010404	-0.010412
621	-0.010334	-0.010299	-0.010268
622	-0.010157	-0.010168	-0.01011
623	-0.009964	-0.009925	-0.009898
624	-0.009775	-0.009689	-0.009689
625	-0.009631	-0.009523	-0.009523
626	-0.009487	-0.009356	-0.009356
627	-0.009244	-0.00913	-0.009137
628	-0.009001	-0.008903	-0.008917
629	-0.008792	-0.008686	-0.008698
630	-0.008587	-0.00847	-0.008479
631	-0.008449	-0.008322	-0.008314
632	-0.008329	-0.00819	-0.008164
633	-0.0081	-0.008013	-0.007984
634	-0.007822	-0.007815	-0.007792
635	-0.007618	-0.007611	-0.007585
636	-0.007462	-0.007403	-0.007369
637	-0.007346	-0.007242	-0.007222
638	-0.007269	-0.007128	-0.007145
639	-0.007121	-0.006952	-0.006999
640	-0.006867	-0.006686	-0.006755
641	-0.006651	-0.006469	-0.00654
642	-0.006518	-0.006358	-0.006389
643	-0.006381	-0.006238	-0.006239
644	-0.00623	-0.006086	-0.006094
645	-0.006075	-0.005935	-0.005953
646	-0.00589	-0.005789	-0.005847
647	-0.005709	-0.005646	-0.005739
648	-0.00563	-0.005578	-0.005604
649	-0.00555	-0.00551	-0.005469
650	-0.005474	-0.00539	-0.00538
651	-0.005398	-0.005267	-0.005293
652	-0.005351	-0.005234	-0.005266
653	-0.00531	-0.005216	-0.00525
654	-0.005309	-0.005238	-0.005265
655	-0.005321	-0.005272	-0.00529
656	-0.005298	-0.005242	-0.005253
657	-0.005258	-0.005182	-0.005187
658	-0.005112	-0.005028	-0.005033
659	-0.004893	-0.004809	-0.004818
660	-0.004593	-0.004498	-0.004499
661	-0.004212	-0.004095	-0.004077
662	-0.003863	-0.003733	-0.003716
663	-0.003558	-0.003428	-0.003441
664	-0.003278	-0.003155	-0.003192
665	-0.003049	-0.002943	-0.002995
666	-0.002821	-0.002737	-0.002788
667	-0.002598	-0.002552	-0.002547
668	-0.002384	-0.002362	-0.002319
669	-0.002215	-0.002152	-0.002155
670	-0.002045	-0.001945	-0.001991
671	-0.001866	-0.001791	-0.001837
672	-0.001688	-0.001636	-0.001682
673	-0.001531	-0.001497	-0.001508
674	-0.001374	-0.001357	-0.001334
675	-0.001204	-0.001172	-0.001132
676	-0.001032	-0.000983	-0.000928
677	-0.000903	-0.000805	-0.000794
678	-0.000783	-0.000629	-0.000673
679	-0.000672	-0.00051	-0.000576
680	-0.000565	-0.00041	-0.000486
681	-0.000431	-0.000328	-0.000381
682	-0.000284	-0.000255	-0.00027
683	-0.000179	-0.000136	-0.000132
684	-0.0001	0.000015	0.000023
685	0.000024	0.000138	0.000146
686	0.000188	0.000238	0.000241
687	0.000321	0.000356	0.000359
688	0.00042	0.000496	0.000504
689	0.000555	0.000647	0.000657
690	0.000748	0.000817	0.000824
691	0.000925	0.000965	0.000991
692	0.001067	0.001066	0.001157
693	0.001203	0.001179	0.001306
694	0.001318	0.001331	0.001401
695	0.00143	0.001482	0.001498
696	0.001525	0.00163	0.001612
697	0.001625	0.001773	0.001728
698	0.001779	0.001879	0.001871
699	0.001931	0.001987	0.002013
700	0.002057	0.002155	0.002139
701	0.002182	0.002324	0.002265
702	0.002298	0.002374	0.002344
703	0.002413	0.00242	0.002423
704	0.002629	0.002657	0.002661
705	0.002855	0.002916	0.002917
706	0.002959	0.00299	0.003037
707	0.003038	0.003026	0.003129
708	0.003205	0.003228	0.003291
709	0.003398	0.00348	0.003473
710	0.003574	0.003682	0.003698
711	0.003744	0.003863	0.003941
712	0.003944	0.00405	0.00411
713	0.004161	0.00424	0.004238
714	0.004311	0.004374	0.004373
715	0.004411	0.004466	0.004512
716	0.00459	0.004641	0.004694
717	0.004842	0.004894	0.004916
718	0.005005	0.005044	0.005066
719	0.005064	0.005075	0.005131
720	0.005163	0.005171	0.005229
[LOG]
CHECKSUM-à