[HEADER]
Format	J&M ASCII Table
Comment	
Date	05/03/2026 17:00:37
Order	Y (evenX)
TechType	UV
NumPoints	411
FirstX	310
LastX	720
XType	nm
YType	Absorbance
ZType	s
NumSubFile	3
Matrix	Z vs X
[LOGIN]
Name=pcbob
[INSTRUMENT]
Name=TIDAS E Base UV/VI
Detector=MMS - ASPEN 97,5 kHz
Diodearray=256 Pixel
Serial#=36584
Calibrated=2011-07-01
Range=183.81-729.88 [nm] (F0)

SWVersion=v3.18.2 (build 0)[LOGIN]
Name=pcbob
[CONFIG]
ChannelName=Channel 1
ChannelType=Normalized
[PARAMETER]
It=400,00
Aver=5
Norm=3
Range=310,0-720,0 nm
Scan=Time
ScanTime=5,00 s
[TRIGGER]
Sweep=0
Scan=0
[DIO]
DigOut=0x0000
DigIn=0x0000
[DATA]
	00:00:00,000	00:00:02,000	00:00:04,000
310	0.598454	0.597934	0.597368
311	0.589464	0.588937	0.588374
312	0.580616	0.580093	0.57951
313	0.571828	0.571333	0.57072
314	0.563124	0.562691	0.562032
315	0.554512	0.554103	0.553426
316	0.54619	0.545685	0.545077
317	0.537881	0.537281	0.536737
318	0.529777	0.529081	0.528537
319	0.521673	0.52088	0.520337
320	0.513517	0.512788	0.512268
321	0.505354	0.504709	0.504216
322	0.497378	0.496821	0.496263
323	0.489478	0.489011	0.488351
324	0.481744	0.481307	0.480647
325	0.474155	0.473698	0.473125
326	0.466609	0.466124	0.465591
327	0.45914	0.458616	0.458032
328	0.451675	0.451131	0.45051
329	0.444225	0.443749	0.443154
330	0.436775	0.436368	0.435798
331	0.429457	0.429031	0.428427
332	0.42214	0.421693	0.421055
333	0.415228	0.414713	0.414149
334	0.408402	0.407809	0.407342
335	0.401619	0.401071	0.400605
336	0.394859	0.394423	0.393907
337	0.388179	0.387737	0.387246
338	0.381586	0.381008	0.380627
339	0.375056	0.374375	0.374055
340	0.368673	0.367971	0.367594
341	0.362288	0.361593	0.361157
342	0.355888	0.355402	0.354899
343	0.349489	0.349211	0.348641
344	0.343588	0.343184	0.34273
345	0.337714	0.337167	0.336839
346	0.331778	0.331301	0.330909
347	0.325824	0.32548	0.324967
348	0.319981	0.319658	0.319103
349	0.314213	0.313835	0.313291
350	0.308481	0.308065	0.307537
351	0.302796	0.302364	0.301862
352	0.297138	0.296697	0.296206
353	0.291558	0.29113	0.290607
354	0.285986	0.285569	0.285018
355	0.280505	0.28008	0.27955
356	0.275025	0.274592	0.274081
357	0.269634	0.269187	0.268692
358	0.264252	0.263791	0.263313
359	0.259062	0.258562	0.258112
360	0.253942	0.253394	0.252977
361	0.248823	0.248314	0.247888
362	0.243703	0.243303	0.242836
363	0.238658	0.238309	0.237805
364	0.233732	0.233344	0.232807
365	0.228854	0.22842	0.227864
366	0.22415	0.22365	0.223118
367	0.219448	0.218888	0.21838
368	0.214795	0.214309	0.213844
369	0.210142	0.20973	0.209308
370	0.205512	0.205115	0.204676
371	0.200886	0.200494	0.200029
372	0.196394	0.195995	0.195468
373	0.191959	0.191547	0.190943
374	0.187519	0.187106	0.18652
375	0.183074	0.18267	0.182186
376	0.178677	0.178278	0.177844
377	0.174365	0.173964	0.173487
378	0.170085	0.169677	0.16917
379	0.165945	0.165506	0.165016
380	0.16181	0.161342	0.160869
381	0.157906	0.157419	0.156998
382	0.154001	0.153496	0.153126
383	0.150034	0.149611	0.149228
384	0.146057	0.145732	0.145326
385	0.142141	0.141836	0.141449
386	0.138253	0.137932	0.137584
387	0.134563	0.134189	0.13386
388	0.131058	0.130599	0.130269
389	0.127565	0.127069	0.126728
390	0.124094	0.123652	0.12328
391	0.120603	0.120204	0.119808
392	0.117024	0.116615	0.116222
393	0.113449	0.11303	0.112642
394	0.110216	0.10977	0.109498
395	0.106982	0.106509	0.106354
396	0.103915	0.103484	0.103289
397	0.100879	0.100503	0.100239
398	0.097911	0.097569	0.097286
399	0.094974	0.094657	0.094379
400	0.092036	0.091729	0.091438
401	0.089095	0.088786	0.088465
402	0.086148	0.085831	0.085498
403	0.083191	0.082852	0.08254
404	0.080302	0.079959	0.079657
405	0.077715	0.077445	0.077104
406	0.075129	0.07493	0.074552
407	0.072632	0.072341	0.072007
408	0.070135	0.069751	0.069463
409	0.067511	0.067154	0.066878
410	0.064867	0.064555	0.064287
411	0.062173	0.061885	0.061621
412	0.059457	0.059182	0.05892
413	0.05685	0.056594	0.056344
414	0.054343	0.054109	0.053879
415	0.05178	0.051561	0.051324
416	0.049121	0.0489	0.048612
417	0.046504	0.046277	0.04596
418	0.044056	0.043804	0.043546
419	0.041622	0.041346	0.041146
420	0.039552	0.039283	0.039082
421	0.037483	0.03722	0.037018
422	0.035401	0.035265	0.034998
423	0.033317	0.033325	0.032984
424	0.031286	0.031273	0.030928
425	0.029277	0.029176	0.028854
426	0.027434	0.027274	0.026974
427	0.025723	0.025529	0.025249
428	0.024093	0.023892	0.023625
429	0.022585	0.02242	0.022157
430	0.021076	0.020935	0.020679
431	0.019564	0.019411	0.019168
432	0.018053	0.017888	0.017657
433	0.016564	0.016378	0.016134
434	0.015075	0.014868	0.01461
435	0.013674	0.013466	0.013262
436	0.012282	0.012074	0.011931
437	0.010839	0.010682	0.010524
438	0.009379	0.009291	0.009093
439	0.00808	0.007997	0.0078
440	0.006888	0.006768	0.006602
441	0.005715	0.005597	0.005451
442	0.004568	0.0045	0.004361
443	0.00345	0.003401	0.00327
444	0.002408	0.0023	0.002177
445	0.001378	0.001216	0.001102
446	0.000422	0.000253	0.000149
447	-0.000534	-0.00071	-0.000803
448	-0.001501	-0.001666	-0.001721
449	-0.002468	-0.002623	-0.002639
450	-0.003328	-0.003406	-0.003486
451	-0.004164	-0.004149	-0.004318
452	-0.004954	-0.004939	-0.005123
453	-0.00572	-0.005755	-0.005913
454	-0.006485	-0.006557	-0.006688
455	-0.007251	-0.007345	-0.007448
456	-0.007978	-0.008087	-0.008163
457	-0.008634	-0.008743	-0.008795
458	-0.009277	-0.009387	-0.009421
459	-0.009867	-0.009984	-0.010026
460	-0.010457	-0.010581	-0.01063
461	-0.011083	-0.01118	-0.011224
462	-0.01171	-0.011779	-0.011817
463	-0.012314	-0.012376	-0.012432
464	-0.012916	-0.012972	-0.01305
465	-0.013438	-0.013496	-0.01358
466	-0.013931	-0.013994	-0.014079
467	-0.014342	-0.014385	-0.014499
468	-0.014695	-0.014699	-0.014862
469	-0.015068	-0.015077	-0.015241
470	-0.015469	-0.015538	-0.015643
471	-0.01585	-0.015957	-0.016021
472	-0.016181	-0.016267	-0.016338
473	-0.016513	-0.016581	-0.016652
474	-0.016846	-0.016919	-0.016943
475	-0.01718	-0.017258	-0.017234
476	-0.017475	-0.017538	-0.017505
477	-0.01777	-0.017817	-0.017775
478	-0.018031	-0.018098	-0.018082
479	-0.018284	-0.018379	-0.018397
480	-0.018612	-0.018682	-0.0187
481	-0.018973	-0.018995	-0.018998
482	-0.019372	-0.019358	-0.019372
483	-0.019803	-0.019765	-0.019814
484	-0.020253	-0.020205	-0.02028
485	-0.020732	-0.020697	-0.020784
486	-0.021095	-0.021077	-0.021175
487	-0.021095	-0.021109	-0.021208
488	-0.021097	-0.021137	-0.021236
489	-0.021123	-0.02113	-0.021215
490	-0.021149	-0.021122	-0.021194
491	-0.021044	-0.021024	-0.021035
492	-0.020932	-0.020921	-0.020868
493	-0.020854	-0.020859	-0.020842
494	-0.020784	-0.020808	-0.020849
495	-0.02069	-0.02073	-0.020757
496	-0.020585	-0.020639	-0.020613
497	-0.020549	-0.020579	-0.020558
498	-0.020578	-0.020549	-0.020584
499	-0.020592	-0.020539	-0.020618
500	-0.020582	-0.020565	-0.020662
501	-0.020569	-0.020576	-0.020684
502	-0.020545	-0.020538	-0.020629
503	-0.020527	-0.020506	-0.02058
504	-0.020566	-0.020538	-0.020586
505	-0.020605	-0.02057	-0.020592
506	-0.020585	-0.020578	-0.020538
507	-0.02056	-0.020585	-0.020481
508	-0.020526	-0.020543	-0.020482
509	-0.020489	-0.02049	-0.020497
510	-0.020502	-0.020501	-0.020532
511	-0.020541	-0.020544	-0.020577
512	-0.020582	-0.020584	-0.020617
513	-0.020626	-0.020623	-0.020651
514	-0.020641	-0.020634	-0.020661
515	-0.020612	-0.020597	-0.020634
516	-0.020568	-0.020557	-0.020584
517	-0.02048	-0.020503	-0.020462
518	-0.020391	-0.020446	-0.020347
519	-0.020281	-0.020357	-0.020288
520	-0.020172	-0.020268	-0.020229
521	-0.020064	-0.020109	-0.020076
522	-0.019957	-0.019946	-0.019921
523	-0.019851	-0.019839	-0.019825
524	-0.019746	-0.019744	-0.01974
525	-0.019698	-0.01967	-0.019701
526	-0.019674	-0.019605	-0.019682
527	-0.019633	-0.019573	-0.019614
528	-0.019578	-0.019565	-0.019507
529	-0.019553	-0.019562	-0.019475
530	-0.019567	-0.019566	-0.019544
531	-0.019591	-0.019576	-0.019603
532	-0.019638	-0.0196	-0.019641
533	-0.019668	-0.019624	-0.019658
534	-0.019615	-0.019642	-0.019568
535	-0.019561	-0.019656	-0.01948
536	-0.019506	-0.019534	-0.019448
537	-0.01945	-0.019412	-0.019416
538	-0.019307	-0.019266	-0.019268
539	-0.019153	-0.019116	-0.019106
540	-0.019023	-0.019019	-0.018981
541	-0.0189	-0.018937	-0.018866
542	-0.018782	-0.018812	-0.018729
543	-0.018666	-0.018662	-0.018577
544	-0.018518	-0.018516	-0.018438
545	-0.018338	-0.018373	-0.018312
546	-0.018176	-0.018218	-0.018175
547	-0.018047	-0.018041	-0.01802
548	-0.017913	-0.017881	-0.017867
549	-0.017765	-0.017771	-0.01772
550	-0.017612	-0.017655	-0.01757
551	-0.017421	-0.01748	-0.017399
552	-0.017229	-0.017305	-0.017229
553	-0.0172	-0.017208	-0.017169
554	-0.017173	-0.017112	-0.017111
555	-0.017208	-0.017154	-0.01714
556	-0.017254	-0.017218	-0.017184
557	-0.017269	-0.017237	-0.017217
558	-0.017274	-0.017241	-0.017246
559	-0.017218	-0.017206	-0.017203
560	-0.017122	-0.017148	-0.017115
561	-0.017018	-0.017034	-0.017013
562	-0.016904	-0.016862	-0.016898
563	-0.016828	-0.016746	-0.016808
564	-0.016818	-0.016728	-0.016764
565	-0.016795	-0.016706	-0.016727
566	-0.016734	-0.016668	-0.016718
567	-0.016681	-0.016632	-0.016703
568	-0.016683	-0.01661	-0.016643
569	-0.016686	-0.016588	-0.016582
570	-0.016669	-0.016601	-0.016591
571	-0.016653	-0.016614	-0.0166
572	-0.016546	-0.01653	-0.016509
573	-0.016427	-0.016432	-0.016402
574	-0.016366	-0.016361	-0.016342
575	-0.016325	-0.016298	-0.016298
576	-0.016267	-0.016208	-0.016235
577	-0.016199	-0.016104	-0.016161
578	-0.016152	-0.01605	-0.016111
579	-0.016124	-0.016045	-0.016083
580	-0.016076	-0.016024	-0.016038
581	-0.015997	-0.015978	-0.015967
582	-0.015917	-0.015921	-0.015897
583	-0.015839	-0.015838	-0.01583
584	-0.015757	-0.015746	-0.015751
585	-0.01566	-0.015607	-0.015613
586	-0.015558	-0.015466	-0.015473
587	-0.015355	-0.015294	-0.0153
588	-0.015152	-0.015122	-0.015127
589	-0.015023	-0.014982	-0.014985
590	-0.0149	-0.014844	-0.014845
591	-0.014761	-0.014689	-0.0147
592	-0.014618	-0.014531	-0.014555
593	-0.014436	-0.014382	-0.014378
594	-0.014237	-0.014237	-0.014187
595	-0.014025	-0.014025	-0.013966
596	-0.013804	-0.013766	-0.013724
597	-0.013542	-0.013493	-0.013473
598	-0.013236	-0.013204	-0.013212
599	-0.012973	-0.012956	-0.012975
600	-0.012786	-0.012782	-0.01278
601	-0.012607	-0.012613	-0.012588
602	-0.012451	-0.012458	-0.012405
603	-0.012286	-0.012294	-0.012218
604	-0.012074	-0.012086	-0.011997
605	-0.011859	-0.011872	-0.011774
606	-0.011554	-0.011533	-0.011466
607	-0.011248	-0.011194	-0.011158
608	-0.011157	-0.011078	-0.011055
609	-0.011082	-0.010978	-0.010967
610	-0.01099	-0.010908	-0.010874
611	-0.010896	-0.010845	-0.010779
612	-0.010781	-0.010775	-0.010687
613	-0.010658	-0.010703	-0.010596
614	-0.010606	-0.010615	-0.010562
615	-0.0106	-0.010517	-0.010564
616	-0.0105	-0.010384	-0.010466
617	-0.010308	-0.010216	-0.01027
618	-0.010168	-0.010087	-0.010133
619	-0.010108	-0.010014	-0.010086
620	-0.010035	-0.009956	-0.010012
621	-0.009933	-0.009935	-0.00988
622	-0.009816	-0.009867	-0.009741
623	-0.009637	-0.009604	-0.009577
624	-0.009461	-0.009356	-0.009415
625	-0.009303	-0.009245	-0.009281
626	-0.009146	-0.009134	-0.009146
627	-0.008893	-0.008849	-0.008884
628	-0.008639	-0.008562	-0.008621
629	-0.008428	-0.008382	-0.008404
630	-0.008223	-0.008215	-0.008192
631	-0.008031	-0.008034	-0.008005
632	-0.007842	-0.007849	-0.007824
633	-0.007629	-0.007629	-0.007602
634	-0.007406	-0.007394	-0.007363
635	-0.007186	-0.007187	-0.007144
636	-0.006967	-0.006999	-0.006939
637	-0.006817	-0.006857	-0.006768
638	-0.006734	-0.00676	-0.006629
639	-0.0066	-0.006606	-0.006467
640	-0.006392	-0.006371	-0.00627
641	-0.006223	-0.006171	-0.006099
642	-0.006142	-0.006049	-0.005985
643	-0.006056	-0.005937	-0.005881
644	-0.005953	-0.005861	-0.005816
645	-0.005855	-0.005793	-0.005749
646	-0.005794	-0.005782	-0.00567
647	-0.005737	-0.005772	-0.005597
648	-0.005815	-0.005797	-0.005668
649	-0.005893	-0.005821	-0.005739
650	-0.005995	-0.005963	-0.005912
651	-0.006098	-0.006111	-0.006091
652	-0.006422	-0.00642	-0.006368
653	-0.006783	-0.006756	-0.006662
654	-0.007026	-0.006984	-0.006909
655	-0.007233	-0.007179	-0.007142
656	-0.007261	-0.007224	-0.007201
657	-0.007204	-0.007198	-0.007175
658	-0.006995	-0.006993	-0.006974
659	-0.00668	-0.006663	-0.00665
660	-0.006236	-0.006211	-0.006209
661	-0.005663	-0.005636	-0.005653
662	-0.00513	-0.005093	-0.005113
663	-0.004651	-0.004596	-0.004595
664	-0.004246	-0.00417	-0.004158
665	-0.003991	-0.003891	-0.003886
666	-0.003731	-0.003623	-0.003619
667	-0.00346	-0.003389	-0.003371
668	-0.003206	-0.003162	-0.003133
669	-0.003041	-0.002978	-0.002951
670	-0.002876	-0.002794	-0.002768
671	-0.002708	-0.002618	-0.002574
672	-0.002539	-0.002442	-0.00238
673	-0.002405	-0.002312	-0.002253
674	-0.00227	-0.002182	-0.002125
675	-0.002116	-0.002026	-0.00201
676	-0.00196	-0.001867	-0.001896
677	-0.001861	-0.001795	-0.001802
678	-0.001773	-0.001739	-0.001711
679	-0.001751	-0.001675	-0.001644
680	-0.001748	-0.001607	-0.001583
681	-0.001661	-0.001533	-0.001495
682	-0.001535	-0.001457	-0.001393
683	-0.00145	-0.001404	-0.001332
684	-0.001391	-0.001366	-0.001296
685	-0.001323	-0.001292	-0.001234
686	-0.001246	-0.001187	-0.001149
687	-0.001165	-0.001089	-0.001065
688	-0.001081	-0.000999	-0.00098
689	-0.000987	-0.000906	-0.000898
690	-0.000878	-0.000807	-0.00082
691	-0.000782	-0.000733	-0.000725
692	-0.000714	-0.000714	-0.000594
693	-0.000636	-0.000661	-0.000481
694	-0.000531	-0.000501	-0.000422
695	-0.000423	-0.000357	-0.000362
696	-0.000306	-0.000292	-0.000297
697	-0.000192	-0.000221	-0.000226
698	-0.0001	-0.000098	-0.0001
699	-0.000007	0.000025	0.000028
700	0.000104	0.000139	0.00021
701	0.000215	0.000253	0.000393
702	0.000288	0.000321	0.000397
703	0.00036	0.000388	0.000395
704	0.000542	0.000591	0.000615
705	0.000737	0.00081	0.000861
706	0.000866	0.000954	0.000998
707	0.000982	0.001084	0.001115
708	0.001163	0.001231	0.001279
709	0.001363	0.001382	0.001458
710	0.001553	0.001564	0.00164
711	0.001739	0.001759	0.001824
712	0.001951	0.001965	0.002021
713	0.002178	0.002178	0.002226
714	0.002379	0.002372	0.002416
715	0.002563	0.002553	0.002594
716	0.002746	0.002744	0.002769
717	0.002929	0.002943	0.00294
718	0.003027	0.003075	0.003072
719	0.003028	0.003129	0.003157
720	0.003096	0.003212	0.003254
[LOG]
CHECKSUMÇ!