[HEADER]
Format	J&M ASCII Table
Comment	
Date	26/03/2026 11:38:06
Order	Y (evenX)
TechType	UV
NumPoints	411
FirstX	310
LastX	720
XType	nm
YType	Absorbance
ZType	s
NumSubFile	3
Matrix	Z vs X
[LOGIN]
Name=pcbob
[INSTRUMENT]
Name=TIDAS E Base UV/VI
Detector=MMS - ASPEN 97,5 kHz
Diodearray=256 Pixel
Serial#=36584
Calibrated=2011-07-01
Range=183.81-729.88 [nm] (F0)

SWVersion=v3.18.2 (build 0)[LOGIN]
Name=pcbob
[CONFIG]
ChannelName=Channel 1
ChannelType=Normalized
[PARAMETER]
It=400,00
Aver=5
Norm=3
Range=310,0-720,0 nm
Scan=Time
ScanTime=5,00 s
[TRIGGER]
Sweep=0
Scan=0
[DIO]
DigOut=0x0000
DigIn=0x0000
[DATA]
	00:00:00,000	00:00:02,000	00:00:04,000
310	4.260418	4.173718	4.196777
311	4.244727	4.266468	4.266468
312	4.574969	4.582954	4.582954
313	4.76991	5.774568	5.774568
314	4.777619	8.177201	8.177201
315	5.361507	10	9.442603
316	7.7567	10	7.132946
317	10	10	5.116238
318	10	10	7.426123
319	10	10	9.736007
320	10	10	10
321	10	10	10
322	10	8.144367	8.356859
323	10	5.524349	6.036865
324	10	5.687137	6.181011
325	10	8.307448	8.501266
326	10	10	10
327	10	10	10
328	10	9.566919	10
329	10	7.125215	10
330	10	4.687833	10
331	10	7.12988	10
332	10	9.571926	10
333	10	10	7.960266
334	10	10	5.486983
335	8.243595	8.206339	4.419052
336	5.536324	5.441642	4.111937
337	4.245744	4.044212	4.055305
338	4.533065	4.169634	4.27766
339	5.455472	5.043642	5.195642
340	7.876108	7.683639	7.754676
341	9.673782	9.66674	9.673782
342	7.01272	6.948231	7.01272
343	4.351657	4.229722	4.351657
344	6.734978	6.664494	6.734978
345	9.396377	9.383347	9.396377
346	10	10	10
347	10	10	10
348	10	8.525388	8.608313
349	10	6.063342	6.284722
350	10	5.693972	4.760561
351	10	8.156363	4.318172
352	10	10	4.682167
353	10	10	7.448862
354	10	9.79689	9.782623
355	10	7.189964	6.992569
356	10	4.583037	4.202516
357	10	6.694177	6.461956
358	10	9.30147	9.252401
359	10	10	10
360	10	10	10
361	10	10	10
362	10	10	10
363	10	10	10
364	10	10	10
365	10	10	10
366	10	10	10
367	10	10	9.876585
368	10	10	7.089505
369	10	10	4.302425
370	10	10	4.177592
371	10	10	4.439566
372	10	10	6.291611
373	10	10	8.817574
374	8.467517	8.658242	8.701399
375	5.586319	6.135624	6.259919
376	3.797815	4.475601	4.592965
377	3.937149	4.337453	4.292507
378	4.576315	4.232418	4.576315
379	7.319128	4.266742	7.319128
380	9.940554	4.301196	10
381	7.308211	4.341258	10
382	4.675868	4.381319	10
383	6.537396	6.59617	10
384	9.170183	9.184269	10
385	10	10	10
386	10	10	10
387	10	10	10
388	10	10	10
389	10	9.023129	9.023129
390	10	6.220387	6.220387
391	10	4.431987	4.431987
392	10	7.235242	7.235242
393	10	9.964567	10
394	10	7.384399	10
395	10	4.804231	10
396	10	6.594717	10
397	10	9.175358	10
398	10	8.385445	10
399	10	6.01267	10
400	10	4.643126	8.663055
401	10	4.220629	6.064041
402	9.008045	4.920674	4.447151
403	6.163772	7.716893	4.664227
404	3.854063	9.473969	4.840967
405	3.922917	6.607353	4.838236
406	4.042257	3.797899	4.83289
407	6.818707	3.996954	4.68991
408	9.595158	4.19601	4.546929
409	7.956128	4.153514	6.686747
410	5.563359	4.069785	9.216248
411	6.473679	5.94376	10
412	8.86692	8.696647	10
413	8.571375	10	8.62538
414	5.858195	10	6.014764
415	5.11685	9.051661	4.353105
416	7.830604	6.441621	4.354233
417	10	4.878783	4.878783
418	10	7.489303	7.489303
419	10	10	10
420	10	10	10
421	10	10	10
422	7.923016	7.678904	7.923016
423	5.552957	5.030288	5.552957
424	4.779669	4.318505	4.548458
425	4.64325	4.379224	4.088609
426	5.971108	5.840171	5.451328
427	8.478586	8.429141	8.282304
428	8.984727	10	9.071583
429	6.402974	10	6.710695
430	4.443015	10	5.450675
431	4.528491	10	7.812029
432	4.618127	10	9.827067
433	4.760258	10	7.471846
434	4.902389	10	5.116624
435	7.068217	10	4.919119
436	9.423938	10	4.924082
437	10	10	6.701582
438	10	10	9.052838
439	10	8.41265	10
440	10	5.75452	10
441	8.783764	4.170838	10
442	6.015381	3.958351	10
443	4.808445	4.615598	10
444	7.577455	7.487466	10
445	10	10	10
446	10	10	10
447	10	10	10
448	7.752132	7.372375	10
449	5.431753	4.659987	10
450	6.884002	4.111693	7.886928
451	9.20494	4.061706	5.287297
452	10	5.861519	6.106257
453	10	8.625174	8.706476
454	10	10	10
455	10	10	10
456	10	10	9.14554
457	10	10	6.691214
458	10	9.507031	5.190481
459	10	6.969156	7.645398
460	9.88924	4.525883	10
461	7.178733	4.303131	10
462	4.468225	4.080379	10
463	4.163295	4.09918	7.467074
464	4.161863	4.148457	4.614583
465	6.15742	6.15742	3.938547
466	8.870667	8.870667	4.044699
467	10	10	5.692903
468	10	10	8.44059
469	10	10	10
470	10	10	10
471	10	10	10
472	10	10	10
473	10	10	9.661156
474	10	10	7.083205
475	10	10	4.505254
476	10	10	6.989638
477	10	10	9.568284
478	10	10	10
479	10	10	10
480	10	10	10
481	10	10	10
482	10	10	8.596035
483	10	10	5.976153
484	10	10	5.391496
485	10	10	8.012085
486	10	10	10
487	10	10	10
488	10	10	10
489	10	10	10
490	10	10	10
491	10	10	10
492	10	10	10
493	10	10	7.980289
494	10	10	5.468166
495	10	10	6.269115
496	10	10	8.781881
497	10	10	10
498	10	10	10
499	10	10	10
500	10	10	10
501	10	10	10
502	10	10	10
503	10	10	9.775335
504	10	10	7.178571
505	10	10	4.581806
506	10	10	6.892554
507	10	10	9.490059
508	7.67535	7.688403	7.652017
509	4.782845	4.812138	4.730478
510	5.727226	5.751217	5.684339
511	8.620598	8.628343	8.606752
512	10	10	10
513	10	10	10
514	10	10	10
515	10	10	10
516	10	10	10
517	10	10	10
518	10	10	10
519	10	10	10
520	10	10	10
521	7.484054	10	7.427343
522	4.889889	10	4.774705
523	4.208933	7.721308	4.237561
524	3.911348	4.986009	4.124321
525	3.989119	4.048275	4.211
526	4.230143	3.892352	4.384629
527	4.36955	3.895501	4.324118
528	4.429569	4.022924	4.080681
529	4.360333	4.030697	3.886235
530	4.117347	3.877627	3.757642
531	4.775058	4.623096	4.5345
532	7.61287	7.543443	7.502966
533	10	10	9.58914
534	10	10	7.002077
535	9.926768	9.930422	4.475705
536	7.096982	7.241819	4.233871
537	4.267197	4.553216	3.992037
538	6.495963	4.185135	4.010313
539	9.326559	4.093134	4.059535
540	10	6.191556	4.181838
541	10	8.973807	4.326957
542	8.130186	8.515676	4.231088
543	5.167705	6.163954	3.994392
544	5.173639	4.79313	4.069162
545	8.13714	4.399621	4.45426
546	10	5.172429	4.750109
547	10	7.919257	4.894904
548	9.342981	9.335353	5.573784
549	6.633545	6.594457	7.921061
550	4.543686	4.170902	9.700032
551	7.253977	4.205936	7.076075
552	9.964269	4.240971	4.452117
553	10	4.163356	7.00778
554	10	4.084237	9.632641
555	10	6.470679	10
556	10	9.258337	10
557	10	10	8.184642
558	10	10	5.711226
559	10	8.382886	4.631722
560	10	5.725701	4.448735
561	10	5.640513	5.640513
562	10	8.298614	8.298614
563	10	9.047546	10
564	10	6.401287	10
565	10	5.007647	10
566	10	7.654896	10
567	10	9.689764	10
568	10	6.971636	10
569	10	4.253507	10
570	7.374401	4.133011	7.374401
571	4.728453	4.032647	4.728453
572	6.693685	6.476903	6.693685
573	9.340547	9.297309	9.340547
574	10	8.13611	10
575	10	5.653753	10
576	8.372549	6.30605	8.580787
577	5.794558	8.789194	6.332658
578	5.858936	10	6.388798
579	8.437893	10	8.63777
580	10	10	10
581	10	10	10
582	10	10	10
583	10	10	10
584	10	10	9.593767
585	10	10	7.059219
586	10	10	4.749948
587	10	10	7.285374
588	10	10	9.8208
589	7.765351	10	7.555634
590	5.360748	10	4.925364
591	6.876339	10	6.583189
592	9.281775	10	9.214372
593	10	10	10
594	10	10	10
595	10	8.664677	8.469858
596	10	6.396358	5.8706
597	10	6.290959	5.749824
598	10	8.560065	8.349984
599	10	10	10
600	10	10	10
601	10	10	10
602	10	10	10
603	9.635321	9.602427	9.57852
604	7.126964	6.867825	6.67947
605	4.802053	4.249518	3.992438
606	7.311354	4.695858	6.89258
607	9.820655	5.1422	9.792721
608	7.52525	4.62652	7.337551
609	4.86001	4.03679	4.470163
610	6.57346	4.01681	4.09327
611	9.239704	4.120806	4.258305
612	10	4.198516	4.32356
613	10	4.26574	4.349012
614	8.587658	5.944239	5.991809
615	6.269503	8.656135	8.671897
616	6.290602	10	10
617	8.609631	10	10
618	10	10	10
619	10	10	10
620	9.176188	9.21876	10
621	6.40523	6.590997	10
622	4.715206	4.988308	9.449382
623	7.48729	7.61714	6.625803
624	10	10	4.330712
625	10	10	7.155357
626	10	10	9.980001
627	10	10	7.287688
628	10	10	4.556036
629	10	7.75754	4.334184
630	10	5.246745	4.412658
631	10	6.724607	6.537518
632	10	9.236498	9.192887
633	10	10	10
634	10	10	10
635	10	8.436317	10
636	10	5.825027	10
637	10	5.838313	10
638	10	8.450668	10
639	10	9.026165	10
640	10	6.632988	10
641	10	4.843777	9.180228
642	10	4.384802	6.554909
643	10	4.649811	4.521074
644	10	7.504174	4.602705
645	10	10	4.650146
646	10	10	4.459593
647	9.905036	9.899382	4.270814
648	7.076137	6.902066	4.133124
649	4.247239	3.904751	3.995435
650	6.751664	6.558276	6.69845
651	9.581801	9.556904	9.574951
652	10	10	10
653	10	10	10
654	10	8.117474	10
655	10	5.649812	10
656	10	6.511453	10
657	10	8.980197	10
658	8.61891	8.326006	8.381216
659	6.265771	5.473809	5.623088
660	4.845443	4.080019	5.625081
661	4.357017	4.143212	8.3845
662	5.24998	4.169777	10
663	8.093813	4.144615	10
664	10	4.209364	10
665	10	4.456897	10
666	9.295419	4.554868	9.279095
667	6.429515	4.194054	6.346795
668	4.497208	3.925975	4.369721
669	7.364456	4.134635	7.303396
670	10	4.546741	10
671	10	7.272954	10
672	10	9.999168	10
673	10	10	7.415105
674	10	10	4.82942
675	7.353751	10	4.542283
676	4.476004	10	4.456226
677	6.435848	10	4.351688
678	9.314863	10	4.243639
679	10	7.824694	4.217255
680	10	4.970052	4.216375
681	7.955423	4.050326	4.068134
682	4.969298	4.021649	3.852033
683	5.616859	3.981514	3.809711
684	8.604478	3.934001	3.879301
685	8.390369	3.988706	4.045694
686	5.369846	4.133008	4.296938
687	3.821548	4.36523	5.663795
688	4.012438	4.701313	8.348565
689	5.220007	4.851748	10
690	8.052391	4.705486	10
691	9.140783	4.472689	9.126169
692	6.390217	4.049408	6.328818
693	4.235114	3.731333	4.160743
694	3.956943	3.744872	3.976183
695	3.82279	3.771772	3.854213
696	4.390357	3.863777	4.037211
697	4.886075	3.948934	4.4839
698	4.739775	3.972915	7.286858
699	4.68188	3.999269	9.920925
700	7.294536	4.09732	7.453192
701	9.907192	4.195372	4.985458
702	10	6.90617	7.278926
703	10	9.713198	9.747753
704	10	7.346985	10
705	10	4.392056	10
706	10	3.934961	10
707	10	3.981462	10
708	10	6.226911	10
709	10	9.138199	10
710	8.093929	7.991184	10
711	5.386364	5.137669	10
712	4.563002	4.058727	8.192533
713	4.792993	3.97185	5.374612
714	6.327676	3.983737	5.825367
715	8.807781	4.06719	8.644707
716	10	4.074538	8.512984
717	10	4.011433	5.649414
718	10	4.071176	4.140306
719	10	4.275295	4.223034
720	10	5.490089	5.389511
[LOG]
CHECKSUMèq