[HEADER]
Format	J&M ASCII Table
Comment	
Date	26/03/2026 11:43:59
Order	Y (evenX)
TechType	UV
NumPoints	411
FirstX	310
LastX	720
XType	nm
YType	Absorbance
ZType	s
NumSubFile	3
Matrix	Z vs X
[LOGIN]
Name=pcbob
[INSTRUMENT]
Name=TIDAS E Base UV/VI
Detector=MMS - ASPEN 97,5 kHz
Diodearray=256 Pixel
Serial#=36584
Calibrated=2011-07-01
Range=183.81-729.88 [nm] (F0)

SWVersion=v3.18.2 (build 0)[LOGIN]
Name=pcbob
[CONFIG]
ChannelName=Channel 1
ChannelType=Normalized
[PARAMETER]
It=400,00
Aver=5
Norm=3
Range=310,0-720,0 nm
Scan=Time
ScanTime=5,00 s
[TRIGGER]
Sweep=0
Scan=0
[DIO]
DigOut=0x0000
DigIn=0x0000
[DATA]
	00:00:00,000	00:00:02,000	00:00:04,000
310	0.007317	0.007238	0.007191
311	0.006885	0.006826	0.006784
312	0.006442	0.006413	0.006367
313	0.006047	0.006017	0.00597
314	0.005718	0.005646	0.005601
315	0.00538	0.005285	0.005241
316	0.005013	0.004956	0.004911
317	0.004647	0.004624	0.004578
318	0.004289	0.004239	0.004208
319	0.003931	0.003854	0.003838
320	0.003473	0.0034	0.003384
321	0.003002	0.002938	0.002918
322	0.002556	0.002492	0.002457
323	0.002121	0.002054	0.001997
324	0.001704	0.001631	0.001572
325	0.001303	0.001221	0.001177
326	0.000909	0.000824	0.00079
327	0.000527	0.000452	0.000416
328	0.000152	0.00009	0.000049
329	-0.000191	-0.000226	-0.00028
330	-0.000534	-0.000543	-0.000609
331	-0.000822	-0.000806	-0.000879
332	-0.00111	-0.001069	-0.001148
333	-0.001393	-0.001366	-0.001427
334	-0.001675	-0.001671	-0.001707
335	-0.002013	-0.002024	-0.002036
336	-0.002381	-0.002404	-0.002391
337	-0.002733	-0.002779	-0.002757
338	-0.003067	-0.003149	-0.003136
339	-0.003416	-0.003531	-0.003518
340	-0.003798	-0.003939	-0.003911
341	-0.004187	-0.004347	-0.004308
342	-0.004618	-0.004758	-0.004742
343	-0.005049	-0.005169	-0.005176
344	-0.005581	-0.005642	-0.005631
345	-0.006119	-0.006119	-0.006087
346	-0.006616	-0.006627	-0.006597
347	-0.007101	-0.007144	-0.007122
348	-0.007625	-0.007693	-0.007664
349	-0.008175	-0.008264	-0.008217
350	-0.008744	-0.008822	-0.00877
351	-0.009339	-0.009364	-0.009325
352	-0.009939	-0.009931	-0.009908
353	-0.010553	-0.010572	-0.010574
354	-0.011167	-0.011208	-0.011234
355	-0.011782	-0.011788	-0.011824
356	-0.012398	-0.012367	-0.012415
357	-0.013102	-0.013066	-0.013044
358	-0.013816	-0.013778	-0.013678
359	-0.014404	-0.014377	-0.014309
360	-0.014946	-0.014934	-0.01494
361	-0.015526	-0.015542	-0.015565
362	-0.016135	-0.01619	-0.016184
363	-0.016734	-0.016791	-0.016766
364	-0.017318	-0.017318	-0.017289
365	-0.017915	-0.017888	-0.01785
366	-0.018562	-0.01862	-0.01855
367	-0.019207	-0.019343	-0.019246
368	-0.019823	-0.019905	-0.019849
369	-0.020439	-0.020467	-0.020453
370	-0.021041	-0.021052	-0.021051
371	-0.021642	-0.021641	-0.021647
372	-0.022194	-0.022194	-0.02221
373	-0.022726	-0.022731	-0.022759
374	-0.023253	-0.02326	-0.023292
375	-0.023776	-0.023782	-0.023812
376	-0.024273	-0.024271	-0.024306
377	-0.02472	-0.024704	-0.024755
378	-0.025154	-0.025129	-0.025196
379	-0.02553	-0.025522	-0.0256
380	-0.025908	-0.025916	-0.026005
381	-0.026389	-0.026375	-0.026437
382	-0.02687	-0.026835	-0.026868
383	-0.027167	-0.027186	-0.027185
384	-0.027433	-0.027519	-0.027483
385	-0.027649	-0.027734	-0.027715
386	-0.027843	-0.027895	-0.027918
387	-0.028035	-0.028077	-0.028095
388	-0.028225	-0.028281	-0.028246
389	-0.028355	-0.028407	-0.02836
390	-0.028372	-0.02839	-0.028406
391	-0.028407	-0.0284	-0.028468
392	-0.02853	-0.028537	-0.028606
393	-0.028653	-0.028674	-0.028745
394	-0.028834	-0.028901	-0.028947
395	-0.029014	-0.029128	-0.029148
396	-0.029056	-0.029117	-0.029167
397	-0.029072	-0.029062	-0.029152
398	-0.029033	-0.028998	-0.029099
399	-0.028969	-0.028931	-0.029028
400	-0.029018	-0.029017	-0.029072
401	-0.029176	-0.029248	-0.029225
402	-0.029353	-0.02946	-0.029401
403	-0.029567	-0.029634	-0.029621
404	-0.029732	-0.029767	-0.029782
405	-0.029679	-0.029715	-0.029686
406	-0.029628	-0.029663	-0.029592
407	-0.029612	-0.029648	-0.029602
408	-0.029597	-0.029633	-0.029611
409	-0.029711	-0.029719	-0.029703
410	-0.029848	-0.029821	-0.029808
411	-0.029875	-0.029854	-0.029852
412	-0.029854	-0.029855	-0.029867
413	-0.029924	-0.029936	-0.029951
414	-0.030076	-0.030089	-0.030098
415	-0.03025	-0.030286	-0.030297
416	-0.03046	-0.030562	-0.030587
417	-0.030671	-0.030807	-0.030835
418	-0.030884	-0.030924	-0.030914
419	-0.031088	-0.031037	-0.030991
420	-0.031073	-0.031051	-0.03103
421	-0.031058	-0.031065	-0.031068
422	-0.031086	-0.031116	-0.031098
423	-0.031119	-0.031172	-0.031126
424	-0.031168	-0.031188	-0.031159
425	-0.031223	-0.031189	-0.031194
426	-0.031174	-0.03115	-0.031183
427	-0.031043	-0.031079	-0.031134
428	-0.03083	-0.030905	-0.03097
429	-0.030491	-0.030572	-0.030629
430	-0.030158	-0.030233	-0.030283
431	-0.029846	-0.029874	-0.029919
432	-0.029541	-0.029528	-0.029567
433	-0.02932	-0.029342	-0.029369
434	-0.029099	-0.029155	-0.029171
435	-0.028932	-0.028975	-0.029057
436	-0.028771	-0.028795	-0.028951
437	-0.028605	-0.028657	-0.028797
438	-0.028437	-0.028532	-0.028629
439	-0.028243	-0.028331	-0.028409
440	-0.02803	-0.028079	-0.028156
441	-0.027824	-0.027853	-0.027932
442	-0.027627	-0.027661	-0.027746
443	-0.027443	-0.027475	-0.027563
444	-0.027296	-0.027304	-0.027387
445	-0.027139	-0.027131	-0.027208
446	-0.026906	-0.026939	-0.026998
447	-0.026674	-0.026747	-0.026788
448	-0.026489	-0.026539	-0.026582
449	-0.026306	-0.026331	-0.026376
450	-0.026089	-0.026108	-0.026184
451	-0.025864	-0.025881	-0.025995
452	-0.025627	-0.025684	-0.025761
453	-0.025383	-0.025502	-0.025504
454	-0.025134	-0.025254	-0.025262
455	-0.02488	-0.02494	-0.025035
456	-0.024649	-0.024668	-0.024799
457	-0.024457	-0.024475	-0.024547
458	-0.024249	-0.024277	-0.024301
459	-0.023972	-0.024064	-0.024083
460	-0.023699	-0.02385	-0.023866
461	-0.023519	-0.02364	-0.023666
462	-0.023338	-0.02343	-0.023465
463	-0.023164	-0.023254	-0.023305
464	-0.02299	-0.023083	-0.023151
465	-0.022806	-0.022915	-0.022958
466	-0.02262	-0.02275	-0.02275
467	-0.022361	-0.022482	-0.022477
468	-0.02205	-0.022142	-0.022157
469	-0.021779	-0.021876	-0.021899
470	-0.021559	-0.021708	-0.02172
471	-0.021315	-0.02149	-0.021499
472	-0.021009	-0.021144	-0.021168
473	-0.020726	-0.020827	-0.020868
474	-0.020595	-0.020703	-0.020767
475	-0.020464	-0.020579	-0.020665
476	-0.020235	-0.020364	-0.020424
477	-0.020004	-0.020147	-0.02018
478	-0.019793	-0.01992	-0.01996
479	-0.019586	-0.01969	-0.019744
480	-0.019443	-0.01955	-0.019614
481	-0.019331	-0.019452	-0.019524
482	-0.019207	-0.019305	-0.019384
483	-0.019074	-0.019117	-0.019201
484	-0.01899	-0.019017	-0.019089
485	-0.018984	-0.019058	-0.019089
486	-0.018915	-0.019013	-0.019022
487	-0.018645	-0.018699	-0.018742
488	-0.018378	-0.018387	-0.018468
489	-0.018124	-0.018097	-0.018247
490	-0.017871	-0.017806	-0.018026
491	-0.017582	-0.017534	-0.017664
492	-0.017291	-0.017262	-0.017296
493	-0.016987	-0.017038	-0.017042
494	-0.01668	-0.016826	-0.016816
495	-0.016423	-0.016594	-0.016586
496	-0.016191	-0.016351	-0.016355
497	-0.016005	-0.016138	-0.016187
498	-0.015862	-0.015955	-0.016078
499	-0.015668	-0.015734	-0.01589
500	-0.015387	-0.01545	-0.01557
501	-0.015106	-0.015172	-0.015274
502	-0.014827	-0.014915	-0.015059
503	-0.014556	-0.014663	-0.014846
504	-0.014364	-0.014476	-0.01465
505	-0.014172	-0.014289	-0.014453
506	-0.013923	-0.01402	-0.014165
507	-0.013671	-0.013747	-0.013872
508	-0.013442	-0.013524	-0.013668
509	-0.013218	-0.013314	-0.013486
510	-0.013031	-0.013124	-0.013268
511	-0.012863	-0.012944	-0.013031
512	-0.012716	-0.01277	-0.012844
513	-0.012587	-0.012601	-0.012703
514	-0.01242	-0.012422	-0.012531
515	-0.012195	-0.012226	-0.01231
516	-0.01198	-0.012036	-0.012116
517	-0.011798	-0.011861	-0.012005
518	-0.011625	-0.011691	-0.011896
519	-0.011517	-0.011556	-0.011791
520	-0.01141	-0.011421	-0.011685
521	-0.011262	-0.011305	-0.011488
522	-0.011112	-0.01119	-0.011288
523	-0.010967	-0.011044	-0.011155
524	-0.010822	-0.010893	-0.011036
525	-0.010695	-0.010786	-0.010899
526	-0.010576	-0.010699	-0.010754
527	-0.010495	-0.010583	-0.010649
528	-0.010443	-0.010445	-0.010577
529	-0.010332	-0.010299	-0.010477
530	-0.01014	-0.010143	-0.010341
531	-0.009935	-0.009958	-0.010163
532	-0.0097	-0.009699	-0.009884
533	-0.009477	-0.009468	-0.009633
534	-0.009326	-0.009378	-0.009533
535	-0.009177	-0.009288	-0.009433
536	-0.009093	-0.009178	-0.009302
537	-0.00901	-0.009068	-0.009171
538	-0.008816	-0.008891	-0.009005
539	-0.008608	-0.008706	-0.008834
540	-0.00846	-0.008576	-0.008725
541	-0.008332	-0.008463	-0.008636
542	-0.008151	-0.008248	-0.008429
543	-0.007941	-0.007973	-0.008153
544	-0.007788	-0.007789	-0.007975
545	-0.007692	-0.007695	-0.007896
546	-0.007576	-0.007591	-0.007789
547	-0.007428	-0.007471	-0.007635
548	-0.007296	-0.007358	-0.0075
549	-0.007211	-0.007269	-0.007421
550	-0.007113	-0.007163	-0.007327
551	-0.006913	-0.006928	-0.007108
552	-0.006713	-0.006693	-0.006889
553	-0.006549	-0.006536	-0.00674
554	-0.006386	-0.00638	-0.006592
555	-0.006285	-0.00632	-0.006517
556	-0.006196	-0.006274	-0.006453
557	-0.006166	-0.006261	-0.006419
558	-0.006158	-0.00626	-0.006396
559	-0.006063	-0.006135	-0.006283
560	-0.005912	-0.005929	-0.006112
561	-0.005769	-0.005772	-0.005952
562	-0.005632	-0.005668	-0.005803
563	-0.005522	-0.005574	-0.005688
564	-0.005459	-0.0055	-0.005634
565	-0.005376	-0.005405	-0.005569
566	-0.005225	-0.005246	-0.00547
567	-0.005087	-0.005103	-0.005371
568	-0.005049	-0.005083	-0.005277
569	-0.005011	-0.005064	-0.005184
570	-0.004936	-0.00498	-0.005108
571	-0.004862	-0.004895	-0.005032
572	-0.004752	-0.004791	-0.004939
573	-0.004638	-0.004683	-0.004843
574	-0.004556	-0.004591	-0.004763
575	-0.004484	-0.004505	-0.004689
576	-0.004385	-0.004379	-0.004569
577	-0.004271	-0.004228	-0.004421
578	-0.004122	-0.00409	-0.004273
579	-0.00394	-0.003963	-0.004125
580	-0.003784	-0.003838	-0.003997
581	-0.003666	-0.003716	-0.0039
582	-0.003543	-0.003594	-0.003785
583	-0.003407	-0.003472	-0.00362
584	-0.003262	-0.003336	-0.003452
585	-0.003068	-0.003127	-0.003264
586	-0.002878	-0.002921	-0.003079
587	-0.002754	-0.002821	-0.002951
588	-0.00263	-0.002721	-0.002822
589	-0.002504	-0.002573	-0.002709
590	-0.002378	-0.002422	-0.002596
591	-0.002211	-0.002242	-0.002442
592	-0.002035	-0.002054	-0.002278
593	-0.00189	-0.001916	-0.002107
594	-0.001759	-0.001798	-0.001932
595	-0.001676	-0.001719	-0.001843
596	-0.001626	-0.001668	-0.001812
597	-0.001525	-0.00157	-0.001737
598	-0.001366	-0.001422	-0.001612
599	-0.001236	-0.001305	-0.001505
600	-0.001157	-0.001243	-0.001426
601	-0.001078	-0.001172	-0.00134
602	-0.000997	-0.001076	-0.001232
603	-0.000914	-0.000973	-0.001122
604	-0.000816	-0.000829	-0.001003
605	-0.000717	-0.000688	-0.000884
606	-0.000594	-0.000627	-0.000791
607	-0.000471	-0.000565	-0.000698
608	-0.000348	-0.000426	-0.00057
609	-0.000225	-0.00028	-0.000439
610	-0.000118	-0.000184	-0.000373
611	-0.000014	-0.000098	-0.000322
612	0.000047	-0.000034	-0.000238
613	0.000091	0.000022	-0.000142
614	0.000173	0.000103	-0.000057
615	0.000279	0.000199	0.000021
616	0.000375	0.000313	0.000129
617	0.000459	0.000444	0.000269
618	0.000546	0.000554	0.000371
619	0.000636	0.000629	0.000419
620	0.000734	0.0007	0.000478
621	0.000849	0.000759	0.000563
622	0.000964	0.000838	0.000656
623	0.001081	0.000995	0.00078
624	0.001196	0.001143	0.000901
625	0.001298	0.001195	0.000999
626	0.0014	0.001246	0.001096
627	0.001479	0.001327	0.0012
628	0.001559	0.001408	0.001303
629	0.001642	0.001504	0.001374
630	0.001726	0.001601	0.001441
631	0.001775	0.001683	0.001496
632	0.001815	0.001761	0.001549
633	0.001925	0.001877	0.001659
634	0.002065	0.002009	0.001795
635	0.002186	0.002103	0.001886
636	0.002295	0.002172	0.001946
637	0.002364	0.002235	0.001993
638	0.002393	0.002292	0.002028
639	0.002437	0.002349	0.002083
640	0.002503	0.002406	0.00217
641	0.002587	0.002494	0.002283
642	0.002708	0.002652	0.002457
643	0.002823	0.002788	0.002607
644	0.002915	0.002842	0.002671
645	0.003014	0.002906	0.002752
646	0.00316	0.003041	0.002951
647	0.003301	0.003173	0.003142
648	0.003284	0.003198	0.003089
649	0.003267	0.003224	0.003035
650	0.003247	0.003225	0.003062
651	0.003227	0.003224	0.003094
652	0.003178	0.003163	0.003008
653	0.003125	0.003091	0.002901
654	0.003103	0.003031	0.002902
655	0.003092	0.002976	0.002937
656	0.003122	0.002992	0.002969
657	0.003172	0.003044	0.003001
658	0.003241	0.003125	0.00305
659	0.003323	0.003228	0.00311
660	0.00346	0.003383	0.003229
661	0.00365	0.00359	0.003405
662	0.003788	0.003717	0.00354
663	0.003853	0.003732	0.003613
664	0.00393	0.003777	0.003682
665	0.004032	0.003884	0.003741
666	0.004118	0.003993	0.003817
667	0.004153	0.00411	0.003943
668	0.004194	0.00421	0.004054
669	0.004272	0.004225	0.004089
670	0.004351	0.004247	0.004124
671	0.004443	0.004345	0.004166
672	0.004536	0.004442	0.004208
673	0.004551	0.004444	0.004201
674	0.004566	0.004446	0.004195
675	0.004594	0.004518	0.004291
676	0.004624	0.004595	0.004395
677	0.004696	0.004641	0.004458
678	0.004777	0.00468	0.004512
679	0.004823	0.004687	0.004507
680	0.004859	0.004684	0.004482
681	0.004904	0.004761	0.004556
682	0.004954	0.004875	0.004675
683	0.004979	0.004936	0.004733
684	0.004988	0.004964	0.004752
685	0.005034	0.005008	0.00479
686	0.005111	0.005067	0.004843
687	0.005159	0.00512	0.004902
688	0.005171	0.005166	0.004969
689	0.005214	0.00521	0.005028
690	0.005308	0.005251	0.005073
691	0.005394	0.005292	0.005121
692	0.005463	0.005332	0.005174
693	0.005518	0.005373	0.005214
694	0.00553	0.005419	0.005214
695	0.005559	0.005477	0.005243
696	0.005673	0.00559	0.005409
697	0.005772	0.005691	0.005552
698	0.005753	0.005685	0.005484
699	0.005736	0.005681	0.00542
700	0.005796	0.005743	0.005502
701	0.005856	0.005806	0.005583
702	0.005908	0.005892	0.005651
703	0.00596	0.005979	0.005718
704	0.006015	0.006018	0.00577
705	0.006072	0.006053	0.005821
706	0.006095	0.006019	0.00583
707	0.006112	0.00597	0.00583
708	0.006172	0.006036	0.005936
709	0.006245	0.006135	0.006074
710	0.006319	0.006248	0.006119
711	0.006394	0.006367	0.006125
712	0.00638	0.006351	0.006082
713	0.006316	0.00626	0.006012
714	0.006306	0.006251	0.006022
715	0.006336	0.006302	0.006088
716	0.00638	0.006343	0.006146
717	0.006439	0.006373	0.006195
718	0.006496	0.006426	0.006232
719	0.00655	0.006505	0.006256
720	0.006589	0.006536	0.006272
[LOG]
CHECKSUMù