[HEADER]
Format	J&M ASCII Table
Comment	
Date	02/04/2026 14:07:48
Order	Y (evenX)
TechType	UV
NumPoints	411
FirstX	310
LastX	720
XType	nm
YType	Absorbance
ZType	s
NumSubFile	3
Matrix	Z vs X
[LOGIN]
Name=pcbob
[INSTRUMENT]
Name=TIDAS E Base UV/VI
Detector=MMS - ASPEN 97,5 kHz
Diodearray=256 Pixel
Serial#=36584
Calibrated=2011-07-01
Range=183.81-729.88 [nm] (F0)

SWVersion=v3.18.2 (build 0)[LOGIN]
Name=pcbob
[CONFIG]
ChannelName=Channel 1
ChannelType=Normalized
[PARAMETER]
It=400,00
Aver=5
Norm=3
Range=310,0-720,0 nm
Scan=Time
ScanTime=5,00 s
[TRIGGER]
Sweep=0
Scan=0
[DIO]
DigOut=0x0000
DigIn=0x0000
[DATA]
	00:00:00,000	00:00:02,000	00:00:04,000
310	0.00878	0.008735	0.00871
311	0.008501	0.008456	0.008425
312	0.008241	0.008226	0.00818
313	0.007951	0.00795	0.007905
314	0.007618	0.007609	0.007589
315	0.007287	0.007274	0.00727
316	0.006962	0.006953	0.006941
317	0.006637	0.006634	0.006615
318	0.006301	0.006328	0.006306
319	0.005964	0.006022	0.005996
320	0.005609	0.005658	0.005641
321	0.005251	0.005286	0.00528
322	0.00496	0.004979	0.00495
323	0.004695	0.004698	0.004632
324	0.004414	0.004424	0.004342
325	0.004117	0.004156	0.004076
326	0.003841	0.003885	0.003822
327	0.003604	0.003611	0.003591
328	0.003333	0.003316	0.003329
329	0.002905	0.002922	0.002927
330	0.002477	0.002528	0.002525
331	0.002149	0.00219	0.002178
332	0.001821	0.001852	0.001831
333	0.001436	0.001475	0.001422
334	0.001038	0.001089	0.001001
335	0.000602	0.000651	0.000587
336	0.000147	0.000186	0.000178
337	-0.000316	-0.000277	-0.000272
338	-0.000788	-0.000737	-0.000767
339	-0.00124	-0.001187	-0.001244
340	-0.001646	-0.001615	-0.001677
341	-0.002077	-0.002059	-0.002123
342	-0.002683	-0.002622	-0.002657
343	-0.003288	-0.003185	-0.003191
344	-0.003744	-0.003681	-0.003733
345	-0.004192	-0.004172	-0.004275
346	-0.00477	-0.004747	-0.004839
347	-0.005386	-0.005346	-0.005409
348	-0.006073	-0.006031	-0.006092
349	-0.006806	-0.006773	-0.00685
350	-0.007544	-0.0075	-0.007581
351	-0.008286	-0.008206	-0.008277
352	-0.009034	-0.008932	-0.00899
353	-0.009797	-0.009715	-0.009753
354	-0.010556	-0.010494	-0.010511
355	-0.011281	-0.011239	-0.011215
356	-0.012005	-0.011984	-0.011919
357	-0.012781	-0.012749	-0.012724
358	-0.013562	-0.013517	-0.013538
359	-0.014318	-0.014248	-0.014264
360	-0.015066	-0.014965	-0.014957
361	-0.015798	-0.015729	-0.015727
362	-0.016519	-0.01653	-0.016558
363	-0.017284	-0.017318	-0.017366
364	-0.018119	-0.018084	-0.018137
365	-0.018972	-0.018878	-0.018929
366	-0.019892	-0.019778	-0.019797
367	-0.02081	-0.020678	-0.020666
368	-0.021663	-0.021573	-0.021574
369	-0.022515	-0.022468	-0.022483
370	-0.023426	-0.023358	-0.023386
371	-0.024345	-0.024246	-0.024288
372	-0.025213	-0.025104	-0.025144
373	-0.026059	-0.025949	-0.025981
374	-0.026864	-0.026765	-0.026782
375	-0.027633	-0.027558	-0.027552
376	-0.028386	-0.028338	-0.028334
377	-0.029108	-0.029095	-0.029138
378	-0.029854	-0.029854	-0.029939
379	-0.030703	-0.030617	-0.030729
380	-0.031549	-0.03138	-0.031517
381	-0.032287	-0.03218	-0.032247
382	-0.033025	-0.032979	-0.032977
383	-0.033703	-0.033665	-0.033641
384	-0.034371	-0.034333	-0.034295
385	-0.035051	-0.035001	-0.035001
386	-0.035738	-0.035669	-0.03573
387	-0.036399	-0.036332	-0.036393
388	-0.037035	-0.036989	-0.036995
389	-0.037664	-0.037632	-0.037611
390	-0.038277	-0.038248	-0.038253
391	-0.038895	-0.038868	-0.038892
392	-0.039532	-0.039508	-0.039508
393	-0.040169	-0.040149	-0.040124
394	-0.040838	-0.04078	-0.040783
395	-0.041507	-0.04141	-0.041442
396	-0.041985	-0.041883	-0.041878
397	-0.042428	-0.042327	-0.042274
398	-0.042858	-0.042769	-0.042748
399	-0.043283	-0.04321	-0.043258
400	-0.04381	-0.043751	-0.043797
401	-0.044434	-0.044387	-0.044365
402	-0.045044	-0.045014	-0.04496
403	-0.045627	-0.045623	-0.045605
404	-0.046195	-0.04621	-0.046225
405	-0.046692	-0.046697	-0.046733
406	-0.047191	-0.047183	-0.04724
407	-0.047768	-0.047637	-0.047713
408	-0.048345	-0.048091	-0.048187
409	-0.048885	-0.048725	-0.048764
410	-0.049418	-0.049389	-0.049358
411	-0.050042	-0.050013	-0.050025
412	-0.050707	-0.050619	-0.050725
413	-0.05131	-0.051206	-0.051311
414	-0.051857	-0.051775	-0.051795
415	-0.052481	-0.0524	-0.052354
416	-0.053239	-0.053124	-0.053044
417	-0.054006	-0.053875	-0.053771
418	-0.054813	-0.054737	-0.05465
419	-0.055607	-0.055583	-0.055511
420	-0.056093	-0.056021	-0.055941
421	-0.056579	-0.056459	-0.05637
422	-0.057031	-0.056952	-0.056901
423	-0.057478	-0.057452	-0.057445
424	-0.057969	-0.057929	-0.057949
425	-0.058478	-0.058397	-0.058438
426	-0.058833	-0.058738	-0.058802
427	-0.059064	-0.058976	-0.059068
428	-0.059221	-0.059149	-0.059241
429	-0.059263	-0.059221	-0.059272
430	-0.059351	-0.059334	-0.059329
431	-0.059586	-0.059581	-0.059474
432	-0.05983	-0.059833	-0.059639
433	-0.060177	-0.060154	-0.060071
434	-0.060524	-0.060476	-0.060503
435	-0.060804	-0.060735	-0.06073
436	-0.061078	-0.060988	-0.060937
437	-0.061343	-0.061289	-0.061259
438	-0.061605	-0.061605	-0.061617
439	-0.061878	-0.06188	-0.061908
440	-0.062158	-0.062127	-0.062154
441	-0.062364	-0.06231	-0.062327
442	-0.062475	-0.062408	-0.062409
443	-0.062612	-0.06254	-0.062524
444	-0.062817	-0.062753	-0.062725
445	-0.062997	-0.06294	-0.062905
446	-0.063002	-0.062945	-0.062938
447	-0.063007	-0.06295	-0.062972
448	-0.063011	-0.06294	-0.062955
449	-0.063015	-0.06293	-0.062936
450	-0.062942	-0.062865	-0.062863
451	-0.062851	-0.062786	-0.062777
452	-0.062827	-0.062759	-0.062773
453	-0.062836	-0.062759	-0.062811
454	-0.062839	-0.062749	-0.062811
455	-0.062834	-0.062731	-0.062774
456	-0.062812	-0.062715	-0.062735
457	-0.062761	-0.062703	-0.062696
458	-0.062726	-0.062698	-0.062668
459	-0.062761	-0.062719	-0.062684
460	-0.062796	-0.062741	-0.062703
461	-0.062829	-0.062779	-0.06279
462	-0.062862	-0.062817	-0.062878
463	-0.062898	-0.062875	-0.062911
464	-0.062934	-0.062935	-0.062937
465	-0.062863	-0.062874	-0.062876
466	-0.062752	-0.062769	-0.062783
467	-0.062578	-0.062565	-0.062579
468	-0.062359	-0.062292	-0.062297
469	-0.062121	-0.062042	-0.062026
470	-0.061859	-0.061823	-0.061769
471	-0.061617	-0.061599	-0.061528
472	-0.061429	-0.06136	-0.061328
473	-0.061234	-0.061128	-0.061129
474	-0.060992	-0.060938	-0.060947
475	-0.060749	-0.060748	-0.060765
476	-0.060536	-0.060548	-0.060554
477	-0.060324	-0.060348	-0.060342
478	-0.060131	-0.060115	-0.060131
479	-0.059942	-0.059874	-0.059922
480	-0.059749	-0.059624	-0.059715
481	-0.059556	-0.059371	-0.059509
482	-0.059511	-0.059338	-0.059449
483	-0.059597	-0.059496	-0.059516
484	-0.059689	-0.059656	-0.059616
485	-0.059789	-0.059819	-0.059766
486	-0.059774	-0.05984	-0.059782
487	-0.059398	-0.059418	-0.059376
488	-0.059002	-0.05898	-0.058952
489	-0.058428	-0.058387	-0.058354
490	-0.057855	-0.057795	-0.057756
491	-0.057377	-0.057311	-0.057269
492	-0.056905	-0.056833	-0.056788
493	-0.056481	-0.056416	-0.056418
494	-0.056069	-0.056014	-0.056074
495	-0.055724	-0.055665	-0.055715
496	-0.055415	-0.055345	-0.055348
497	-0.055159	-0.055085	-0.055075
498	-0.054955	-0.054882	-0.05489
499	-0.054696	-0.054638	-0.054665
500	-0.054347	-0.054322	-0.054374
501	-0.054034	-0.054022	-0.054079
502	-0.053839	-0.053775	-0.053772
503	-0.053632	-0.053524	-0.053471
504	-0.053291	-0.053228	-0.053217
505	-0.052949	-0.052933	-0.052963
506	-0.052594	-0.052538	-0.052546
507	-0.052237	-0.052138	-0.05212
508	-0.051845	-0.051767	-0.051739
509	-0.051444	-0.051403	-0.051368
510	-0.051118	-0.051096	-0.051036
511	-0.050831	-0.050817	-0.050723
512	-0.050507	-0.050476	-0.050387
513	-0.050151	-0.050077	-0.050029
514	-0.049777	-0.049695	-0.049675
515	-0.049372	-0.04934	-0.049329
516	-0.048966	-0.048962	-0.048959
517	-0.048555	-0.048515	-0.048518
518	-0.048147	-0.04807	-0.048083
519	-0.047763	-0.047648	-0.04769
520	-0.047379	-0.047225	-0.047297
521	-0.046992	-0.04688	-0.046935
522	-0.046605	-0.046538	-0.046573
523	-0.046236	-0.046199	-0.046185
524	-0.04587	-0.045862	-0.045792
525	-0.04554	-0.045502	-0.045455
526	-0.045226	-0.045132	-0.045143
527	-0.044945	-0.044864	-0.044884
528	-0.044692	-0.044677	-0.044667
529	-0.044442	-0.044437	-0.04442
530	-0.044196	-0.044126	-0.044135
531	-0.043958	-0.04384	-0.04388
532	-0.043736	-0.043615	-0.043701
533	-0.043495	-0.043377	-0.043493
534	-0.043154	-0.043069	-0.043139
535	-0.042814	-0.042762	-0.042787
536	-0.042537	-0.042504	-0.042482
537	-0.04226	-0.042245	-0.042177
538	-0.042031	-0.041994	-0.041968
539	-0.041809	-0.041744	-0.041769
540	-0.041575	-0.041483	-0.041538
541	-0.041338	-0.041219	-0.041298
542	-0.041036	-0.040943	-0.041005
543	-0.040698	-0.040659	-0.040682
544	-0.040381	-0.040355	-0.040361
545	-0.040086	-0.040031	-0.040041
546	-0.039741	-0.03966	-0.039677
547	-0.039312	-0.039207	-0.039239
548	-0.038903	-0.038796	-0.038826
549	-0.038559	-0.038513	-0.03849
550	-0.03821	-0.038216	-0.038151
551	-0.037826	-0.037812	-0.037788
552	-0.037442	-0.037407	-0.037426
553	-0.03709	-0.037061	-0.037046
554	-0.03674	-0.036716	-0.036665
555	-0.036336	-0.03631	-0.036269
556	-0.035923	-0.035894	-0.035871
557	-0.035543	-0.035499	-0.035492
558	-0.035174	-0.035113	-0.035121
559	-0.034779	-0.034727	-0.034738
560	-0.034367	-0.034342	-0.034348
561	-0.033993	-0.033975	-0.033973
562	-0.033661	-0.033626	-0.033615
563	-0.033404	-0.033356	-0.033337
564	-0.033279	-0.033226	-0.033203
565	-0.033159	-0.033108	-0.033078
566	-0.033053	-0.033029	-0.032986
567	-0.032968	-0.032964	-0.032911
568	-0.033054	-0.033015	-0.032966
569	-0.03314	-0.033067	-0.033022
570	-0.033194	-0.033118	-0.033122
571	-0.033247	-0.03317	-0.033222
572	-0.033221	-0.033156	-0.033202
573	-0.033183	-0.033133	-0.033165
574	-0.033135	-0.033093	-0.033124
575	-0.033082	-0.033048	-0.033081
576	-0.03305	-0.033028	-0.033057
577	-0.03303	-0.033023	-0.033043
578	-0.032949	-0.032948	-0.032965
579	-0.032809	-0.032808	-0.032827
580	-0.032662	-0.032654	-0.03267
581	-0.032503	-0.032478	-0.032485
582	-0.032276	-0.032237	-0.032233
583	-0.031874	-0.031825	-0.031803
584	-0.031459	-0.031401	-0.031371
585	-0.030974	-0.030915	-0.030923
586	-0.03049	-0.030431	-0.030473
587	-0.030015	-0.029982	-0.029985
588	-0.029539	-0.029533	-0.029497
589	-0.029044	-0.029026	-0.028986
590	-0.028548	-0.028516	-0.028474
591	-0.028123	-0.028103	-0.028095
592	-0.027714	-0.027711	-0.027746
593	-0.027335	-0.027331	-0.027349
594	-0.026968	-0.026956	-0.026931
595	-0.026589	-0.026572	-0.026535
596	-0.026202	-0.026181	-0.026153
597	-0.025805	-0.025773	-0.025742
598	-0.025397	-0.025345	-0.025299
599	-0.025004	-0.024959	-0.024906
600	-0.024636	-0.024645	-0.024602
601	-0.024273	-0.024309	-0.024281
602	-0.023925	-0.023907	-0.02391
603	-0.023572	-0.023509	-0.023534
604	-0.023199	-0.023135	-0.023136
605	-0.022819	-0.022755	-0.022734
606	-0.022285	-0.022233	-0.022218
607	-0.021752	-0.021712	-0.021703
608	-0.021317	-0.021273	-0.021245
609	-0.020889	-0.020841	-0.020791
610	-0.020542	-0.020514	-0.020467
611	-0.020213	-0.020209	-0.020171
612	-0.019816	-0.019794	-0.01978
613	-0.019393	-0.019336	-0.019352
614	-0.018993	-0.018944	-0.018952
615	-0.018609	-0.018595	-0.01857
616	-0.018199	-0.018186	-0.018172
617	-0.017762	-0.017718	-0.017758
618	-0.017362	-0.017312	-0.017377
619	-0.017016	-0.016999	-0.017044
620	-0.016674	-0.016671	-0.016703
621	-0.016345	-0.016309	-0.016344
622	-0.016009	-0.015946	-0.015985
623	-0.015647	-0.015585	-0.015624
624	-0.015291	-0.015227	-0.015266
625	-0.014997	-0.01491	-0.01494
626	-0.014704	-0.014592	-0.014615
627	-0.014386	-0.014304	-0.014301
628	-0.014069	-0.014016	-0.013988
629	-0.01376	-0.01373	-0.013696
630	-0.013453	-0.013444	-0.013406
631	-0.013176	-0.013161	-0.013132
632	-0.012907	-0.012879	-0.012863
633	-0.012641	-0.012607	-0.012601
634	-0.012375	-0.012339	-0.012343
635	-0.01218	-0.012138	-0.012121
636	-0.012033	-0.011982	-0.011923
637	-0.01181	-0.011769	-0.011677
638	-0.011514	-0.011499	-0.011384
639	-0.011189	-0.011186	-0.011084
640	-0.010822	-0.01081	-0.010776
641	-0.010492	-0.010461	-0.010476
642	-0.010246	-0.010172	-0.010191
643	-0.010003	-0.0099	-0.009921
644	-0.009775	-0.009689	-0.009706
645	-0.009546	-0.009475	-0.009486
646	-0.009311	-0.009246	-0.009235
647	-0.009081	-0.009022	-0.008991
648	-0.009028	-0.008954	-0.008962
649	-0.008974	-0.008887	-0.008933
650	-0.009386	-0.00931	-0.009336
651	-0.009827	-0.009762	-0.009765
652	-0.010475	-0.010453	-0.010436
653	-0.011159	-0.011185	-0.011149
654	-0.011707	-0.011715	-0.011663
655	-0.012212	-0.012183	-0.012115
656	-0.012193	-0.012142	-0.012112
657	-0.011921	-0.011856	-0.011889
658	-0.011446	-0.011377	-0.011432
659	-0.010827	-0.010762	-0.01081
660	-0.009861	-0.009807	-0.009853
661	-0.008549	-0.008511	-0.008558
662	-0.007357	-0.007316	-0.007361
663	-0.006335	-0.006264	-0.006301
664	-0.005432	-0.005353	-0.00539
665	-0.004771	-0.004732	-0.004781
666	-0.004185	-0.004176	-0.004234
667	-0.003828	-0.003821	-0.003878
668	-0.003478	-0.003481	-0.003529
669	-0.003158	-0.003213	-0.003217
670	-0.002847	-0.002948	-0.002913
671	-0.002637	-0.002716	-0.002693
672	-0.002427	-0.002484	-0.002473
673	-0.002248	-0.00228	-0.002227
674	-0.002068	-0.002076	-0.00198
675	-0.001926	-0.001934	-0.001839
676	-0.001787	-0.001797	-0.001708
677	-0.001625	-0.001584	-0.001574
678	-0.001458	-0.001357	-0.00144
679	-0.001289	-0.001171	-0.001228
680	-0.001118	-0.000997	-0.000991
681	-0.00095	-0.000851	-0.000821
682	-0.000783	-0.000717	-0.000682
683	-0.000617	-0.000573	-0.00055
684	-0.000451	-0.000423	-0.000423
685	-0.000249	-0.00024	-0.000251
686	-0.000014	-0.000029	-0.000039
687	0.000201	0.000153	0.00016
688	0.000393	0.000298	0.000344
689	0.00055	0.000477	0.000521
690	0.000648	0.000708	0.000684
691	0.000753	0.000903	0.000824
692	0.000875	0.001021	0.000912
693	0.001022	0.001145	0.001023
694	0.001246	0.001293	0.001205
695	0.001465	0.001447	0.001392
696	0.001655	0.001633	0.001607
697	0.001846	0.001816	0.001824
698	0.002033	0.001982	0.00207
699	0.002217	0.002147	0.00231
700	0.002336	0.002297	0.002405
701	0.002455	0.002448	0.0025
702	0.002648	0.002655	0.002726
703	0.002843	0.002864	0.002957
704	0.003015	0.003052	0.003123
705	0.003185	0.003238	0.003281
706	0.003407	0.003395	0.003468
707	0.00364	0.003547	0.00366
708	0.003779	0.00374	0.003811
709	0.00389	0.003946	0.003949
710	0.004125	0.004189	0.004172
711	0.004414	0.004447	0.00443
712	0.004634	0.004625	0.00465
713	0.004817	0.004758	0.00485
714	0.004976	0.004929	0.005029
715	0.005119	0.005126	0.005194
716	0.005321	0.005342	0.005406
717	0.005579	0.005575	0.005662
718	0.005853	0.005843	0.005916
719	0.006144	0.006152	0.006168
720	0.006399	0.006412	0.006414
[LOG]
CHECKSUM<