[HEADER]
Format	J&M ASCII Table
Comment	
Date	02/04/2026 14:09:51
Order	Y (evenX)
TechType	UV
NumPoints	411
FirstX	310
LastX	720
XType	nm
YType	Absorbance
ZType	s
NumSubFile	3
Matrix	Z vs X
[LOGIN]
Name=pcbob
[INSTRUMENT]
Name=TIDAS E Base UV/VI
Detector=MMS - ASPEN 97,5 kHz
Diodearray=256 Pixel
Serial#=36584
Calibrated=2011-07-01
Range=183.81-729.88 [nm] (F0)

SWVersion=v3.18.2 (build 0)[LOGIN]
Name=pcbob
[CONFIG]
ChannelName=Channel 1
ChannelType=Normalized
[PARAMETER]
It=400,00
Aver=5
Norm=3
Range=310,0-720,0 nm
Scan=Time
ScanTime=5,00 s
[TRIGGER]
Sweep=0
Scan=0
[DIO]
DigOut=0x0000
DigIn=0x0000
[DATA]
	00:00:00,000	00:00:02,000	00:00:04,000
310	0.009235	0.009441	0.010198
311	0.008935	0.009147	0.009876
312	0.008676	0.00887	0.009597
313	0.008385	0.00856	0.009299
314	0.008049	0.008204	0.008972
315	0.007708	0.007846	0.008631
316	0.007353	0.007481	0.00825
317	0.006996	0.007116	0.007869
318	0.006605	0.006757	0.007506
319	0.006214	0.006398	0.007144
320	0.005808	0.006009	0.006778
321	0.005401	0.005617	0.006411
322	0.005075	0.005294	0.006067
323	0.004782	0.004998	0.005731
324	0.004486	0.004696	0.005414
325	0.004186	0.004389	0.005112
326	0.003898	0.004102	0.004833
327	0.003631	0.003852	0.004593
328	0.003335	0.003567	0.004324
329	0.002904	0.003116	0.00392
330	0.002474	0.002666	0.003517
331	0.002091	0.002297	0.003136
332	0.001708	0.001928	0.002755
333	0.001263	0.001506	0.00231
334	0.000805	0.001071	0.001851
335	0.000323	0.00057	0.001368
336	-0.000172	0.000033	0.000874
337	-0.000649	-0.000462	0.000402
338	-0.001105	-0.000908	-0.000045
339	-0.001559	-0.001359	-0.000496
340	-0.00201	-0.001818	-0.000956
341	-0.002472	-0.00229	-0.001427
342	-0.003013	-0.002854	-0.001974
343	-0.003555	-0.003418	-0.002522
344	-0.004071	-0.003937	-0.003081
345	-0.004586	-0.004454	-0.003641
346	-0.005181	-0.005024	-0.004206
347	-0.005799	-0.00561	-0.004772
348	-0.006503	-0.006316	-0.005478
349	-0.007265	-0.007102	-0.006278
350	-0.008042	-0.007886	-0.007061
351	-0.008838	-0.008666	-0.007821
352	-0.00963	-0.009444	-0.008589
353	-0.010405	-0.010214	-0.009382
354	-0.011174	-0.010981	-0.010168
355	-0.011867	-0.011698	-0.010871
356	-0.012559	-0.012415	-0.011573
357	-0.013373	-0.013222	-0.012359
358	-0.014199	-0.014039	-0.013153
359	-0.014976	-0.014816	-0.013922
360	-0.015733	-0.015579	-0.014681
361	-0.016519	-0.016352	-0.015435
362	-0.017328	-0.017133	-0.016184
363	-0.018132	-0.017912	-0.016969
364	-0.018931	-0.01869	-0.01781
365	-0.019759	-0.019507	-0.018675
366	-0.020691	-0.020469	-0.019624
367	-0.021623	-0.02143	-0.020573
368	-0.022547	-0.022355	-0.021531
369	-0.02347	-0.023281	-0.022489
370	-0.024394	-0.024221	-0.023412
371	-0.025318	-0.025164	-0.024329
372	-0.026207	-0.026047	-0.025198
373	-0.027081	-0.026905	-0.026045
374	-0.027907	-0.027717	-0.026854
375	-0.028691	-0.028488	-0.02763
376	-0.029476	-0.029258	-0.028399
377	-0.030263	-0.030024	-0.029158
378	-0.031053	-0.030802	-0.029931
379	-0.031854	-0.031629	-0.030759
380	-0.032654	-0.032456	-0.031586
381	-0.03344	-0.033217	-0.032355
382	-0.034226	-0.033978	-0.033124
383	-0.034931	-0.034696	-0.033855
384	-0.035623	-0.035406	-0.03458
385	-0.036307	-0.036131	-0.03531
386	-0.036987	-0.036863	-0.036041
387	-0.037675	-0.03756	-0.036723
388	-0.038372	-0.038226	-0.037359
389	-0.039052	-0.0389	-0.038015
390	-0.039699	-0.03959	-0.038709
391	-0.040343	-0.040269	-0.039391
392	-0.040971	-0.040904	-0.040023
393	-0.041599	-0.041539	-0.040656
394	-0.04227	-0.04215	-0.041304
395	-0.042941	-0.042761	-0.041951
396	-0.043459	-0.043243	-0.042418
397	-0.043949	-0.043702	-0.042852
398	-0.044353	-0.044134	-0.043301
399	-0.044716	-0.044553	-0.043756
400	-0.045244	-0.045101	-0.044306
401	-0.045928	-0.045771	-0.044946
402	-0.046596	-0.046429	-0.045571
403	-0.047233	-0.047065	-0.046168
404	-0.047836	-0.047671	-0.046745
405	-0.048289	-0.048142	-0.047232
406	-0.048745	-0.048613	-0.04772
407	-0.049294	-0.049127	-0.048264
408	-0.049844	-0.049641	-0.048808
409	-0.050492	-0.050258	-0.049421
410	-0.051158	-0.050893	-0.050045
411	-0.051802	-0.051581	-0.050697
412	-0.052437	-0.052292	-0.051361
413	-0.053061	-0.052906	-0.051985
414	-0.053674	-0.053433	-0.052573
415	-0.054346	-0.054053	-0.053229
416	-0.055121	-0.054837	-0.054004
417	-0.055898	-0.055636	-0.054801
418	-0.056681	-0.056494	-0.055682
419	-0.057453	-0.057337	-0.056546
420	-0.057936	-0.057805	-0.05699
421	-0.058418	-0.058273	-0.057434
422	-0.058971	-0.058768	-0.057911
423	-0.059535	-0.059266	-0.058393
424	-0.060004	-0.059761	-0.058899
425	-0.060435	-0.060254	-0.059415
426	-0.060761	-0.060608	-0.059776
427	-0.061002	-0.06085	-0.060012
428	-0.061178	-0.061032	-0.060166
429	-0.061256	-0.061122	-0.060193
430	-0.061377	-0.061242	-0.060286
431	-0.061639	-0.06146	-0.060595
432	-0.061909	-0.061693	-0.060907
433	-0.062278	-0.062106	-0.061249
434	-0.062647	-0.062519	-0.061591
435	-0.062936	-0.062823	-0.061822
436	-0.063217	-0.063116	-0.062044
437	-0.063505	-0.063443	-0.062386
438	-0.063796	-0.063781	-0.062767
439	-0.06412	-0.064078	-0.063103
440	-0.064467	-0.064347	-0.063409
441	-0.064716	-0.064542	-0.063637
442	-0.064842	-0.064644	-0.063766
443	-0.064991	-0.064776	-0.063904
444	-0.065202	-0.064985	-0.064064
445	-0.065383	-0.065168	-0.06421
446	-0.065354	-0.065167	-0.064253
447	-0.065325	-0.065166	-0.064297
448	-0.065343	-0.065151	-0.064272
449	-0.065363	-0.065135	-0.064245
450	-0.065284	-0.065076	-0.064169
451	-0.065184	-0.065007	-0.064082
452	-0.065187	-0.064998	-0.064083
453	-0.065244	-0.065019	-0.06413
454	-0.065265	-0.065021	-0.064147
455	-0.065253	-0.065005	-0.064133
456	-0.065254	-0.064996	-0.064121
457	-0.065282	-0.064998	-0.064114
458	-0.065306	-0.065012	-0.064111
459	-0.065309	-0.065074	-0.064125
460	-0.065317	-0.065136	-0.064142
461	-0.065431	-0.065212	-0.064245
462	-0.065545	-0.065289	-0.064348
463	-0.065619	-0.065379	-0.06444
464	-0.065688	-0.065471	-0.064531
465	-0.065646	-0.065439	-0.064496
466	-0.065563	-0.065362	-0.064414
467	-0.065386	-0.065151	-0.064229
468	-0.065141	-0.064845	-0.06397
469	-0.064895	-0.064593	-0.063721
470	-0.064647	-0.064412	-0.063484
471	-0.064409	-0.06422	-0.063251
472	-0.064199	-0.063998	-0.063031
473	-0.063988	-0.063778	-0.062812
474	-0.063771	-0.063576	-0.062604
475	-0.063554	-0.063374	-0.062397
476	-0.063281	-0.063143	-0.062186
477	-0.063007	-0.062912	-0.061976
478	-0.062816	-0.062704	-0.061753
479	-0.062642	-0.062501	-0.061527
480	-0.062466	-0.062298	-0.06132
481	-0.06229	-0.062095	-0.061121
482	-0.06225	-0.062034	-0.061062
483	-0.062328	-0.062095	-0.061122
484	-0.06243	-0.062179	-0.06122
485	-0.062571	-0.062302	-0.061376
486	-0.062575	-0.06231	-0.0614
487	-0.062152	-0.061962	-0.061008
488	-0.061715	-0.061595	-0.060603
489	-0.061151	-0.061062	-0.060068
490	-0.060587	-0.060529	-0.059533
491	-0.060158	-0.060029	-0.059092
492	-0.059737	-0.05953	-0.058656
493	-0.059381	-0.059191	-0.058257
494	-0.059041	-0.058892	-0.057868
495	-0.058701	-0.058564	-0.057534
496	-0.058362	-0.058222	-0.057229
497	-0.058083	-0.057956	-0.056987
498	-0.057861	-0.05776	-0.056806
499	-0.057618	-0.057531	-0.056581
500	-0.057339	-0.057246	-0.05628
501	-0.057078	-0.056965	-0.055993
502	-0.056878	-0.0567	-0.05575
503	-0.056668	-0.056428	-0.055501
504	-0.05634	-0.056079	-0.055192
505	-0.056013	-0.05573	-0.054882
506	-0.05565	-0.05537	-0.054498
507	-0.055285	-0.05501	-0.054109
508	-0.054921	-0.054689	-0.053783
509	-0.054557	-0.054378	-0.053473
510	-0.05422	-0.054065	-0.053121
511	-0.053899	-0.053753	-0.052748
512	-0.053544	-0.053367	-0.052376
513	-0.053158	-0.052914	-0.052005
514	-0.052779	-0.052503	-0.05163
515	-0.052411	-0.052158	-0.051249
516	-0.052018	-0.0518	-0.050847
517	-0.051545	-0.051397	-0.050383
518	-0.051087	-0.050995	-0.049933
519	-0.050748	-0.050605	-0.049599
520	-0.050409	-0.050216	-0.049266
521	-0.049982	-0.049785	-0.048846
522	-0.049552	-0.049353	-0.048423
523	-0.049221	-0.048997	-0.048037
524	-0.04891	-0.048656	-0.047658
525	-0.048624	-0.048352	-0.04737
526	-0.048348	-0.048065	-0.047121
527	-0.04806	-0.047804	-0.046866
528	-0.047763	-0.047563	-0.046607
529	-0.047487	-0.047314	-0.046345
530	-0.047242	-0.047053	-0.046077
531	-0.047008	-0.046803	-0.045823
532	-0.046801	-0.046579	-0.045601
533	-0.046583	-0.046347	-0.045368
534	-0.046305	-0.04607	-0.045072
535	-0.046028	-0.045794	-0.044777
536	-0.045795	-0.045549	-0.044548
537	-0.045563	-0.045305	-0.044319
538	-0.045315	-0.045062	-0.044077
539	-0.045065	-0.044821	-0.043834
540	-0.044775	-0.044557	-0.043591
541	-0.044471	-0.044287	-0.043348
542	-0.044181	-0.044002	-0.043059
543	-0.043897	-0.043708	-0.042744
544	-0.04358	-0.043377	-0.042409
545	-0.04323	-0.043007	-0.042054
546	-0.04288	-0.042631	-0.041686
547	-0.042531	-0.042243	-0.041295
548	-0.042175	-0.041871	-0.040917
549	-0.041796	-0.041547	-0.040576
550	-0.041418	-0.041217	-0.040235
551	-0.041041	-0.04084	-0.03989
552	-0.040665	-0.040463	-0.039546
553	-0.040307	-0.04005	-0.039132
554	-0.039949	-0.039636	-0.038718
555	-0.0395	-0.039202	-0.038283
556	-0.039036	-0.038764	-0.037844
557	-0.038641	-0.038393	-0.037455
558	-0.038271	-0.038045	-0.037085
559	-0.037874	-0.03766	-0.036721
560	-0.03746	-0.037251	-0.036363
561	-0.03708	-0.036873	-0.03599
562	-0.036738	-0.036526	-0.035603
563	-0.036461	-0.036246	-0.035296
564	-0.036298	-0.036082	-0.035134
565	-0.036159	-0.035946	-0.034997
566	-0.036095	-0.035901	-0.034942
567	-0.036045	-0.035867	-0.034897
568	-0.036104	-0.035916	-0.034928
569	-0.036163	-0.035966	-0.03496
570	-0.036232	-0.03603	-0.035036
571	-0.036302	-0.036095	-0.035113
572	-0.036294	-0.036069	-0.035095
573	-0.036274	-0.036031	-0.035063
574	-0.036231	-0.036017	-0.035034
575	-0.036181	-0.036011	-0.035006
576	-0.03614	-0.03597	-0.034979
577	-0.036105	-0.035908	-0.034951
578	-0.036036	-0.035828	-0.034901
579	-0.035935	-0.035731	-0.03483
580	-0.035793	-0.035587	-0.034696
581	-0.03559	-0.035374	-0.034466
582	-0.035344	-0.035118	-0.034199
583	-0.034984	-0.034753	-0.033838
584	-0.034606	-0.034372	-0.033459
585	-0.034132	-0.033905	-0.032984
586	-0.033658	-0.033437	-0.03251
587	-0.033181	-0.032953	-0.032053
588	-0.032705	-0.032468	-0.031596
589	-0.0322	-0.031961	-0.031085
590	-0.031694	-0.031451	-0.030569
591	-0.031293	-0.031046	-0.030162
592	-0.030917	-0.030665	-0.029779
593	-0.030517	-0.030265	-0.029367
594	-0.030107	-0.029857	-0.028943
595	-0.029688	-0.029468	-0.028534
596	-0.029263	-0.029091	-0.028136
597	-0.028851	-0.02869	-0.027741
598	-0.028453	-0.028261	-0.027349
599	-0.028076	-0.027862	-0.026974
600	-0.027733	-0.027512	-0.026629
601	-0.027387	-0.027154	-0.02628
602	-0.02703	-0.026773	-0.025923
603	-0.026663	-0.026389	-0.025555
604	-0.026228	-0.025985	-0.025128
605	-0.025791	-0.025577	-0.024698
606	-0.02527	-0.025032	-0.024173
607	-0.02475	-0.024487	-0.023649
608	-0.024296	-0.024052	-0.023175
609	-0.023847	-0.023626	-0.022706
610	-0.023541	-0.023315	-0.022392
611	-0.023267	-0.023028	-0.022112
612	-0.022851	-0.022623	-0.021727
613	-0.02238	-0.022172	-0.0213
614	-0.022	-0.02179	-0.020905
615	-0.021679	-0.021451	-0.020529
616	-0.021302	-0.021049	-0.020113
617	-0.020871	-0.020583	-0.019658
618	-0.020471	-0.020195	-0.019266
619	-0.020118	-0.019921	-0.018968
620	-0.019771	-0.019619	-0.018646
621	-0.019435	-0.019251	-0.018269
622	-0.0191	-0.018886	-0.017899
623	-0.018765	-0.01853	-0.017551
624	-0.018428	-0.018175	-0.017209
625	-0.018073	-0.017837	-0.016916
626	-0.017717	-0.017499	-0.016622
627	-0.017433	-0.01723	-0.016303
628	-0.01715	-0.016962	-0.015984
629	-0.016872	-0.016677	-0.015729
630	-0.016595	-0.016389	-0.01548
631	-0.016299	-0.016061	-0.015162
632	-0.015999	-0.015722	-0.014826
633	-0.015754	-0.01548	-0.014553
634	-0.015532	-0.015281	-0.014309
635	-0.015344	-0.015086	-0.014119
636	-0.015178	-0.014894	-0.013966
637	-0.014957	-0.014677	-0.01377
638	-0.014679	-0.014433	-0.013532
639	-0.014364	-0.014144	-0.013237
640	-0.013993	-0.013791	-0.012858
641	-0.013654	-0.01346	-0.012514
642	-0.013385	-0.013181	-0.012246
643	-0.013119	-0.012909	-0.011985
644	-0.012866	-0.012665	-0.011752
645	-0.012617	-0.012419	-0.01152
646	-0.012405	-0.012166	-0.011289
647	-0.012198	-0.011921	-0.011063
648	-0.012139	-0.011896	-0.010982
649	-0.012079	-0.011872	-0.0109
650	-0.012459	-0.012248	-0.01134
651	-0.012867	-0.012649	-0.01181
652	-0.01351	-0.013319	-0.012441
653	-0.014194	-0.014035	-0.0131
654	-0.01471	-0.01454	-0.013627
655	-0.015174	-0.014979	-0.014113
656	-0.015159	-0.014969	-0.014099
657	-0.014913	-0.014743	-0.013842
658	-0.014437	-0.014264	-0.013341
659	-0.013799	-0.013609	-0.012667
660	-0.012826	-0.012634	-0.011674
661	-0.011518	-0.011341	-0.010364
662	-0.010314	-0.010146	-0.009179
663	-0.009256	-0.009088	-0.008171
664	-0.008349	-0.00819	-0.007294
665	-0.007747	-0.007615	-0.006682
666	-0.007212	-0.007092	-0.00613
667	-0.006882	-0.006729	-0.005761
668	-0.00655	-0.006369	-0.005401
669	-0.006205	-0.006023	-0.005088
670	-0.005868	-0.005684	-0.004783
671	-0.005628	-0.005429	-0.004566
672	-0.005388	-0.005173	-0.004349
673	-0.00518	-0.004994	-0.004092
674	-0.004971	-0.004814	-0.003835
675	-0.004869	-0.004656	-0.003695
676	-0.004775	-0.004499	-0.003564
677	-0.004614	-0.004353	-0.003451
678	-0.00444	-0.004209	-0.003341
679	-0.004264	-0.004026	-0.003136
680	-0.004088	-0.003831	-0.002902
681	-0.003898	-0.003713	-0.002768
682	-0.003702	-0.003631	-0.002682
683	-0.003546	-0.003476	-0.002561
684	-0.003414	-0.003273	-0.002417
685	-0.003274	-0.003081	-0.002222
686	-0.003126	-0.002899	-0.001981
687	-0.002963	-0.00272	-0.001777
688	-0.002784	-0.002546	-0.001615
689	-0.002609	-0.002408	-0.001485
690	-0.002442	-0.002331	-0.001406
691	-0.002295	-0.002212	-0.001291
692	-0.002195	-0.002003	-0.0011
693	-0.00208	-0.001806	-0.000924
694	-0.001917	-0.00165	-0.000795
695	-0.001748	-0.001488	-0.000656
696	-0.001556	-0.0013	-0.000475
697	-0.001362	-0.001116	-0.000293
698	-0.001158	-0.000956	-0.000108
699	-0.000955	-0.000796	0.000077
700	-0.000808	-0.000649	0.000248
701	-0.00066	-0.000501	0.000418
702	-0.000481	-0.000298	0.00058
703	-0.0003	-0.000093	0.000741
704	-0.000135	0.000056	0.000912
705	0.000028	0.000197	0.001084
706	0.000232	0.000382	0.001308
707	0.000444	0.000576	0.001544
708	0.000614	0.000756	0.001685
709	0.000771	0.000932	0.001798
710	0.000973	0.001173	0.002027
711	0.001194	0.00144	0.002304
712	0.00144	0.00166	0.00255
713	0.001701	0.001854	0.002777
714	0.001878	0.002011	0.002947
715	0.001994	0.002141	0.003077
716	0.002241	0.002392	0.003303
717	0.002608	0.002755	0.003618
718	0.002897	0.003069	0.003919
719	0.003094	0.003327	0.004203
720	0.003297	0.003566	0.004443
[LOG]
CHECKSUMË