[HEADER]
Format	J&M ASCII Table
Comment	
Date	26/03/2026 12:07:12
Order	Y (evenX)
TechType	UV
NumPoints	411
FirstX	310
LastX	720
XType	nm
YType	Absorbance
ZType	s
NumSubFile	3
Matrix	Z vs X
[LOGIN]
Name=pcbob
[INSTRUMENT]
Name=TIDAS E Base UV/VI
Detector=MMS - ASPEN 97,5 kHz
Diodearray=256 Pixel
Serial#=36584
Calibrated=2011-07-01
Range=183.81-729.88 [nm] (F0)

SWVersion=v3.18.2 (build 0)[LOGIN]
Name=pcbob
[CONFIG]
ChannelName=Channel 1
ChannelType=Normalized
[PARAMETER]
It=400,00
Aver=5
Norm=3
Range=310,0-720,0 nm
Scan=Time
ScanTime=5,00 s
[TRIGGER]
Sweep=0
Scan=0
[DIO]
DigOut=0x0000
DigIn=0x0000
[DATA]
	00:00:00,000	00:00:02,000	00:00:04,000
310	0.029941	0.029896	0.02976
311	0.028881	0.028829	0.02871
312	0.027829	0.02777	0.027672
313	0.026793	0.026739	0.026645
314	0.025779	0.025746	0.025636
315	0.024748	0.024724	0.024607
316	0.023665	0.023614	0.023512
317	0.022566	0.022492	0.022403
318	0.021227	0.02118	0.021075
319	0.019889	0.019868	0.019747
320	0.018433	0.01842	0.018299
321	0.016963	0.016954	0.016836
322	0.015511	0.015516	0.0154
323	0.014068	0.01409	0.013976
324	0.012804	0.012823	0.01272
325	0.011699	0.011697	0.011615
326	0.010633	0.010633	0.010561
327	0.009641	0.009684	0.009602
328	0.008688	0.008757	0.008666
329	0.007919	0.007937	0.007839
330	0.007151	0.007118	0.007012
331	0.006528	0.006494	0.006397
332	0.005905	0.005869	0.005783
333	0.005297	0.005258	0.005173
334	0.004691	0.00465	0.004565
335	0.004083	0.004052	0.003984
336	0.003473	0.00346	0.003417
337	0.002851	0.002839	0.002807
338	0.002214	0.002186	0.002149
339	0.00159	0.001543	0.00152
340	0.000996	0.000924	0.000961
341	0.000394	0.0003	0.000384
342	-0.000258	-0.00036	-0.000317
343	-0.00091	-0.00102	-0.001018
344	-0.001698	-0.001768	-0.00173
345	-0.002493	-0.002521	-0.002443
346	-0.003251	-0.003253	-0.003198
347	-0.003999	-0.003979	-0.003967
348	-0.004777	-0.004766	-0.004776
349	-0.005575	-0.005593	-0.005612
350	-0.006371	-0.00639	-0.006412
351	-0.007164	-0.007147	-0.007165
352	-0.00796	-0.007926	-0.007934
353	-0.008767	-0.008771	-0.008755
354	-0.00958	-0.009613	-0.009573
355	-0.010459	-0.010413	-0.010366
356	-0.011337	-0.011213	-0.01116
357	-0.012297	-0.012151	-0.012142
358	-0.013265	-0.013104	-0.013144
359	-0.014125	-0.013981	-0.014032
360	-0.014946	-0.01483	-0.014879
361	-0.015823	-0.015741	-0.015768
362	-0.016743	-0.016701	-0.016691
363	-0.01766	-0.017638	-0.017613
364	-0.018571	-0.018538	-0.018532
365	-0.019497	-0.01946	-0.019471
366	-0.020477	-0.02046	-0.020481
367	-0.021459	-0.021457	-0.021486
368	-0.022451	-0.022398	-0.0224
369	-0.023443	-0.02334	-0.023314
370	-0.024393	-0.024296	-0.024298
371	-0.025337	-0.025254	-0.025292
372	-0.026217	-0.026139	-0.026175
373	-0.027072	-0.026994	-0.027011
374	-0.027945	-0.027874	-0.027896
375	-0.028835	-0.028778	-0.028826
376	-0.029726	-0.029687	-0.029729
377	-0.030619	-0.030606	-0.030585
378	-0.031513	-0.03152	-0.031455
379	-0.032411	-0.032415	-0.032385
380	-0.033311	-0.03331	-0.033315
381	-0.03426	-0.034229	-0.034258
382	-0.035209	-0.035147	-0.035201
383	-0.036053	-0.035994	-0.036032
384	-0.03688	-0.036828	-0.036843
385	-0.037663	-0.037602	-0.037646
386	-0.038424	-0.038349	-0.038445
387	-0.039133	-0.039045	-0.039142
388	-0.039793	-0.039693	-0.039745
389	-0.04037	-0.040288	-0.040309
390	-0.040791	-0.040783	-0.0408
391	-0.041246	-0.041294	-0.041301
392	-0.041853	-0.041876	-0.041842
393	-0.04246	-0.04246	-0.042387
394	-0.043176	-0.043167	-0.043125
395	-0.043892	-0.043873	-0.043863
396	-0.044409	-0.04436	-0.044336
397	-0.04489	-0.044807	-0.044761
398	-0.04532	-0.045275	-0.045197
399	-0.045726	-0.045755	-0.045638
400	-0.046272	-0.046307	-0.0462
401	-0.046951	-0.046928	-0.046876
402	-0.047658	-0.047604	-0.047581
403	-0.048417	-0.048384	-0.048343
404	-0.049125	-0.049099	-0.04905
405	-0.0496	-0.049528	-0.049512
406	-0.050075	-0.049957	-0.049974
407	-0.050529	-0.050461	-0.050467
408	-0.050984	-0.050965	-0.050961
409	-0.051655	-0.051625	-0.051617
410	-0.052363	-0.052312	-0.052301
411	-0.052875	-0.052815	-0.05282
412	-0.053298	-0.053236	-0.053265
413	-0.053739	-0.05371	-0.053726
414	-0.054196	-0.054229	-0.054201
415	-0.054763	-0.054813	-0.054758
416	-0.055525	-0.055509	-0.05546
417	-0.056275	-0.056209	-0.056157
418	-0.056979	-0.056925	-0.056838
419	-0.057679	-0.057633	-0.057515
420	-0.058254	-0.058143	-0.058078
421	-0.058828	-0.058654	-0.058642
422	-0.059386	-0.059221	-0.059203
423	-0.059941	-0.059795	-0.059764
424	-0.060421	-0.060339	-0.060296
425	-0.060871	-0.06087	-0.060816
426	-0.061282	-0.061298	-0.061225
427	-0.061661	-0.061643	-0.061546
428	-0.061933	-0.061887	-0.061781
429	-0.062037	-0.061974	-0.061883
430	-0.062143	-0.062069	-0.061992
431	-0.062251	-0.062187	-0.062126
432	-0.062373	-0.062321	-0.062272
433	-0.062666	-0.062654	-0.06258
434	-0.062958	-0.062987	-0.062888
435	-0.063234	-0.063249	-0.063145
436	-0.063508	-0.063504	-0.063398
437	-0.06376	-0.063728	-0.063649
438	-0.064005	-0.063941	-0.0639
439	-0.064268	-0.064194	-0.064167
440	-0.064542	-0.064474	-0.064446
441	-0.064801	-0.064722	-0.064699
442	-0.065042	-0.064929	-0.06492
443	-0.065245	-0.065116	-0.065114
444	-0.065352	-0.065247	-0.065241
445	-0.065461	-0.065376	-0.065367
446	-0.065583	-0.065486	-0.065492
447	-0.065704	-0.065595	-0.065617
448	-0.065769	-0.065686	-0.065658
449	-0.065833	-0.065775	-0.065695
450	-0.06594	-0.065881	-0.06581
451	-0.066057	-0.065992	-0.065943
452	-0.066195	-0.066162	-0.066103
453	-0.066345	-0.066364	-0.066278
454	-0.066513	-0.066541	-0.066451
455	-0.066697	-0.066693	-0.066622
456	-0.066889	-0.06685	-0.066805
457	-0.067093	-0.067016	-0.06701
458	-0.067273	-0.067164	-0.067189
459	-0.067348	-0.067236	-0.067259
460	-0.067426	-0.067311	-0.06733
461	-0.067549	-0.067449	-0.067415
462	-0.067673	-0.067587	-0.067499
463	-0.06777	-0.067708	-0.067602
464	-0.067865	-0.067826	-0.067708
465	-0.067822	-0.067789	-0.067681
466	-0.06773	-0.067696	-0.067605
467	-0.06742	-0.067392	-0.067296
468	-0.066955	-0.066937	-0.066821
469	-0.066595	-0.066592	-0.066468
470	-0.066372	-0.066391	-0.066275
471	-0.066162	-0.066177	-0.066072
472	-0.065984	-0.065934	-0.065841
473	-0.065832	-0.065729	-0.065646
474	-0.065845	-0.065774	-0.065679
475	-0.065859	-0.06582	-0.065712
476	-0.065825	-0.065786	-0.065691
477	-0.06579	-0.06575	-0.06567
478	-0.065763	-0.065724	-0.065642
479	-0.065738	-0.065699	-0.065613
480	-0.065917	-0.065895	-0.065806
481	-0.066191	-0.066192	-0.0661
482	-0.066689	-0.066647	-0.066572
483	-0.067383	-0.067237	-0.067197
484	-0.068018	-0.067828	-0.067807
485	-0.068561	-0.06842	-0.068393
486	-0.068875	-0.068774	-0.068738
487	-0.068466	-0.068381	-0.068321
488	-0.068035	-0.06796	-0.067878
489	-0.067393	-0.067265	-0.067189
490	-0.066751	-0.066571	-0.066499
491	-0.066242	-0.066062	-0.066002
492	-0.06574	-0.065562	-0.065515
493	-0.065348	-0.065232	-0.065175
494	-0.064983	-0.064944	-0.064871
495	-0.064663	-0.064641	-0.064545
496	-0.064366	-0.064331	-0.064206
497	-0.064177	-0.064094	-0.063995
498	-0.06409	-0.063925	-0.063904
499	-0.063944	-0.063758	-0.063747
500	-0.063697	-0.063593	-0.06348
501	-0.063441	-0.063394	-0.063217
502	-0.063149	-0.063076	-0.062968
503	-0.062857	-0.062761	-0.062716
504	-0.062559	-0.06247	-0.062425
505	-0.062262	-0.062179	-0.062134
506	-0.061959	-0.061875	-0.061761
507	-0.061656	-0.06157	-0.061384
508	-0.061395	-0.061301	-0.061157
509	-0.061145	-0.06104	-0.060966
510	-0.060907	-0.060824	-0.060733
511	-0.060677	-0.060632	-0.060478
512	-0.060505	-0.060474	-0.060306
513	-0.060386	-0.060347	-0.060209
514	-0.060213	-0.060171	-0.060055
515	-0.05995	-0.059915	-0.05981
516	-0.059703	-0.059659	-0.059563
517	-0.059503	-0.059405	-0.059311
518	-0.059304	-0.059162	-0.05907
519	-0.059117	-0.059006	-0.058918
520	-0.05893	-0.05885	-0.058766
521	-0.05871	-0.058645	-0.058567
522	-0.05849	-0.058439	-0.058367
523	-0.058346	-0.058267	-0.058179
524	-0.058218	-0.058101	-0.057993
525	-0.058067	-0.057977	-0.057849
526	-0.057906	-0.05787	-0.057724
527	-0.057768	-0.057734	-0.05761
528	-0.057646	-0.057575	-0.057505
529	-0.057494	-0.057407	-0.057354
530	-0.057303	-0.057227	-0.057142
531	-0.05712	-0.057052	-0.056948
532	-0.056956	-0.05689	-0.056799
533	-0.056797	-0.056726	-0.056645
534	-0.056662	-0.056548	-0.056464
535	-0.056525	-0.056371	-0.056283
536	-0.056309	-0.056205	-0.056118
537	-0.056094	-0.056039	-0.055952
538	-0.055852	-0.05583	-0.0557
539	-0.055608	-0.055617	-0.055438
540	-0.05539	-0.055348	-0.055194
541	-0.05518	-0.05506	-0.054955
542	-0.054884	-0.054771	-0.054658
543	-0.054538	-0.054479	-0.054327
544	-0.054258	-0.054223	-0.054058
545	-0.054044	-0.054002	-0.05385
546	-0.053816	-0.053753	-0.053628
547	-0.053565	-0.053458	-0.053383
548	-0.053306	-0.053177	-0.053125
549	-0.053019	-0.052938	-0.052829
550	-0.052725	-0.052686	-0.05253
551	-0.052385	-0.052324	-0.052213
552	-0.052044	-0.051963	-0.051896
553	-0.051842	-0.051742	-0.051698
554	-0.051643	-0.051522	-0.051501
555	-0.051517	-0.051424	-0.051343
556	-0.051404	-0.051345	-0.05119
557	-0.05125	-0.051187	-0.051019
558	-0.051082	-0.051001	-0.050841
559	-0.050908	-0.050823	-0.050684
560	-0.050731	-0.050651	-0.05054
561	-0.050584	-0.050494	-0.050389
562	-0.050468	-0.050353	-0.050231
563	-0.050406	-0.050298	-0.050167
564	-0.05044	-0.050395	-0.050269
565	-0.050523	-0.050518	-0.050401
566	-0.050767	-0.050724	-0.050631
567	-0.051032	-0.050959	-0.050884
568	-0.051456	-0.051409	-0.051319
569	-0.051881	-0.051859	-0.051754
570	-0.052248	-0.052215	-0.052132
571	-0.052615	-0.052572	-0.052508
572	-0.052813	-0.052763	-0.052714
573	-0.052987	-0.052929	-0.052894
574	-0.053154	-0.053096	-0.05305
575	-0.053319	-0.053264	-0.053199
576	-0.053415	-0.053359	-0.053288
577	-0.053471	-0.05341	-0.053342
578	-0.053473	-0.053415	-0.053341
579	-0.053425	-0.053375	-0.053288
580	-0.053291	-0.053245	-0.053159
581	-0.053027	-0.052976	-0.052915
582	-0.052697	-0.052635	-0.052594
583	-0.052195	-0.052102	-0.052073
584	-0.051669	-0.051551	-0.051532
585	-0.051016	-0.050906	-0.050888
586	-0.050364	-0.050263	-0.050243
587	-0.049729	-0.049652	-0.049589
588	-0.049094	-0.049042	-0.048934
589	-0.048528	-0.048439	-0.048338
590	-0.047968	-0.047836	-0.047747
591	-0.047491	-0.047391	-0.047302
592	-0.047033	-0.046981	-0.04689
593	-0.046694	-0.046626	-0.046547
594	-0.046405	-0.046296	-0.046234
595	-0.046096	-0.045985	-0.045917
596	-0.045773	-0.045689	-0.045597
597	-0.045406	-0.045335	-0.045246
598	-0.044991	-0.044917	-0.044861
599	-0.044637	-0.044577	-0.044531
600	-0.04439	-0.044374	-0.044295
601	-0.04415	-0.044159	-0.044057
602	-0.043929	-0.043905	-0.04381
603	-0.043681	-0.043631	-0.043542
604	-0.043269	-0.043231	-0.043149
605	-0.042855	-0.042828	-0.042753
606	-0.042385	-0.042334	-0.042281
607	-0.041914	-0.04184	-0.041809
608	-0.041492	-0.041439	-0.04139
609	-0.041073	-0.041047	-0.040974
610	-0.040729	-0.040688	-0.04062
611	-0.0404	-0.040337	-0.040278
612	-0.040106	-0.040031	-0.039949
613	-0.039825	-0.039744	-0.039625
614	-0.039428	-0.039365	-0.039241
615	-0.038957	-0.038928	-0.038818
616	-0.038457	-0.038449	-0.038347
617	-0.03793	-0.037929	-0.037828
618	-0.037458	-0.037453	-0.037357
619	-0.037066	-0.037041	-0.036956
620	-0.036685	-0.036643	-0.036562
621	-0.036325	-0.036277	-0.036183
622	-0.03594	-0.035885	-0.035787
623	-0.03545	-0.035385	-0.035313
624	-0.034965	-0.034892	-0.034841
625	-0.034534	-0.034457	-0.034377
626	-0.034103	-0.034022	-0.033912
627	-0.033683	-0.033609	-0.03349
628	-0.033263	-0.033196	-0.033069
629	-0.032798	-0.03275	-0.032619
630	-0.032327	-0.0323	-0.032166
631	-0.031896	-0.031898	-0.031744
632	-0.031475	-0.031508	-0.03133
633	-0.031075	-0.031075	-0.030931
634	-0.030685	-0.030623	-0.030539
635	-0.030332	-0.030246	-0.030192
636	-0.030004	-0.029919	-0.029874
637	-0.029691	-0.029612	-0.029558
638	-0.029393	-0.029325	-0.029243
639	-0.029066	-0.029013	-0.028905
640	-0.028695	-0.028663	-0.028533
641	-0.028337	-0.028307	-0.028179
642	-0.028006	-0.027936	-0.027868
643	-0.027676	-0.027578	-0.027548
644	-0.02735	-0.027267	-0.0272
645	-0.027029	-0.026961	-0.026859
646	-0.026743	-0.026685	-0.026565
647	-0.026473	-0.026427	-0.026288
648	-0.026686	-0.02667	-0.026514
649	-0.026898	-0.026913	-0.026741
650	-0.02802	-0.028012	-0.027885
651	-0.029197	-0.029164	-0.029085
652	-0.03083	-0.030774	-0.030711
653	-0.032541	-0.032464	-0.032411
654	-0.033706	-0.033641	-0.033591
655	-0.034702	-0.03466	-0.034609
656	-0.034859	-0.034828	-0.034771
657	-0.034611	-0.034586	-0.03452
658	-0.03378	-0.033744	-0.033681
659	-0.032538	-0.032481	-0.032429
660	-0.030908	-0.030875	-0.030804
661	-0.028889	-0.028928	-0.028807
662	-0.027049	-0.027101	-0.026977
663	-0.025463	-0.025445	-0.025385
664	-0.024165	-0.024104	-0.024066
665	-0.023451	-0.023406	-0.023304
666	-0.022798	-0.022766	-0.022632
667	-0.022331	-0.022304	-0.022235
668	-0.021905	-0.021884	-0.021859
669	-0.021687	-0.021684	-0.021594
670	-0.021472	-0.021481	-0.021331
671	-0.021292	-0.021233	-0.021094
672	-0.021112	-0.020984	-0.020857
673	-0.020899	-0.020823	-0.020733
674	-0.020686	-0.020662	-0.020609
675	-0.020456	-0.020434	-0.020393
676	-0.020224	-0.0202	-0.020168
677	-0.020014	-0.019983	-0.019926
678	-0.019808	-0.019769	-0.019681
679	-0.019655	-0.019595	-0.019477
680	-0.019519	-0.019432	-0.019285
681	-0.019319	-0.019231	-0.019114
682	-0.019088	-0.019012	-0.018954
683	-0.018886	-0.018837	-0.018781
684	-0.018703	-0.018691	-0.0186
685	-0.018534	-0.018514	-0.018428
686	-0.018378	-0.018311	-0.018264
687	-0.018198	-0.018133	-0.018073
688	-0.01799	-0.017984	-0.01785
689	-0.017764	-0.017782	-0.017617
690	-0.017512	-0.017495	-0.017369
691	-0.017287	-0.017243	-0.017143
692	-0.017119	-0.017068	-0.016962
693	-0.016937	-0.016885	-0.016775
694	-0.01671	-0.016678	-0.016565
695	-0.016469	-0.016453	-0.016338
696	-0.016158	-0.016136	-0.016024
697	-0.015864	-0.015839	-0.015722
698	-0.015728	-0.015712	-0.015531
699	-0.015587	-0.015582	-0.015341
700	-0.015344	-0.015337	-0.015156
701	-0.015102	-0.015091	-0.014972
702	-0.014779	-0.014808	-0.014654
703	-0.014453	-0.014524	-0.014331
704	-0.014258	-0.014266	-0.014131
705	-0.014078	-0.014011	-0.013946
706	-0.013857	-0.0138	-0.013732
707	-0.013627	-0.013599	-0.013512
708	-0.013386	-0.013362	-0.013263
709	-0.013141	-0.013115	-0.013006
710	-0.012915	-0.012853	-0.012749
711	-0.012696	-0.012584	-0.012493
712	-0.012509	-0.012416	-0.012322
713	-0.01234	-0.012304	-0.0122
714	-0.01216	-0.01214	-0.012034
715	-0.011973	-0.011937	-0.011836
716	-0.011758	-0.011697	-0.0116
717	-0.011516	-0.011422	-0.011331
718	-0.01126	-0.011189	-0.011087
719	-0.010988	-0.011003	-0.010873
720	-0.010794	-0.010868	-0.010674
[LOG]
CHECKSUM#ù