[HEADER]
Format	J&M ASCII Table
Comment	
Date	02/04/2026 13:44:36
Order	Y (evenX)
TechType	UV
NumPoints	411
FirstX	310
LastX	720
XType	nm
YType	Absorbance
ZType	s
NumSubFile	3
Matrix	Z vs X
[LOGIN]
Name=pcbob
[INSTRUMENT]
Name=TIDAS E Base UV/VI
Detector=MMS - ASPEN 97,5 kHz
Diodearray=256 Pixel
Serial#=36584
Calibrated=2011-07-01
Range=183.81-729.88 [nm] (F0)

SWVersion=v3.18.2 (build 0)[LOGIN]
Name=pcbob
[CONFIG]
ChannelName=Channel 1
ChannelType=Normalized
[PARAMETER]
It=400,00
Aver=5
Norm=3
Range=310,0-720,0 nm
Scan=Time
ScanTime=5,00 s
[TRIGGER]
Sweep=0
Scan=0
[DIO]
DigOut=0x0000
DigIn=0x0000
[DATA]
	00:00:00,000	00:00:02,000	00:00:04,000
310	0.004063	0.004084	0.004034
311	0.003907	0.003941	0.003884
312	0.003765	0.003817	0.003769
313	0.003596	0.003658	0.003612
314	0.003388	0.003451	0.003395
315	0.003206	0.003267	0.003205
316	0.0031	0.003158	0.003095
317	0.002994	0.003046	0.002984
318	0.002878	0.002895	0.002855
319	0.002762	0.002745	0.002726
320	0.002621	0.002614	0.002594
321	0.002477	0.002486	0.002462
322	0.002317	0.002323	0.002314
323	0.002152	0.002145	0.002161
324	0.001964	0.001978	0.001986
325	0.001757	0.001819	0.001793
326	0.001547	0.001636	0.001579
327	0.001329	0.001408	0.001329
328	0.001096	0.001162	0.001069
329	0.000786	0.000835	0.000765
330	0.000476	0.000509	0.000461
331	0.000271	0.000265	0.000236
332	0.000065	0.00002	0.000011
333	-0.000198	-0.000238	-0.000259
334	-0.000473	-0.000499	-0.000538
335	-0.000738	-0.000756	-0.000794
336	-0.000998	-0.001011	-0.001039
337	-0.001308	-0.001306	-0.001316
338	-0.001675	-0.001644	-0.00163
339	-0.002042	-0.001993	-0.001976
340	-0.002408	-0.002369	-0.002401
341	-0.002793	-0.00276	-0.002837
342	-0.003321	-0.003262	-0.003346
343	-0.00385	-0.003763	-0.003855
344	-0.004317	-0.004247	-0.004299
345	-0.00478	-0.00473	-0.00474
346	-0.005285	-0.005202	-0.005236
347	-0.005802	-0.005671	-0.005747
348	-0.006317	-0.006196	-0.006248
349	-0.006832	-0.00676	-0.006743
350	-0.00733	-0.007291	-0.007251
351	-0.007808	-0.007777	-0.00778
352	-0.008306	-0.008279	-0.00831
353	-0.008864	-0.008826	-0.008846
354	-0.00942	-0.009372	-0.009382
355	-0.009941	-0.009906	-0.009928
356	-0.010462	-0.010441	-0.010474
357	-0.01106	-0.011083	-0.011089
358	-0.011666	-0.011736	-0.01171
359	-0.012296	-0.01233	-0.012309
360	-0.012935	-0.012902	-0.012899
361	-0.013526	-0.013484	-0.013481
362	-0.014081	-0.014074	-0.014058
363	-0.014631	-0.014628	-0.014599
364	-0.015174	-0.015124	-0.015081
365	-0.015708	-0.015624	-0.015575
366	-0.016212	-0.016135	-0.016109
367	-0.016713	-0.016644	-0.016639
368	-0.017161	-0.017108	-0.017083
369	-0.017609	-0.017573	-0.017528
370	-0.018026	-0.017958	-0.017957
371	-0.018438	-0.018332	-0.018384
372	-0.018836	-0.018784	-0.018834
373	-0.019227	-0.01927	-0.019294
374	-0.019611	-0.019667	-0.019691
375	-0.019989	-0.019986	-0.020033
376	-0.020367	-0.020319	-0.020378
377	-0.020742	-0.020678	-0.020727
378	-0.021122	-0.021044	-0.021077
379	-0.021522	-0.021444	-0.021431
380	-0.021919	-0.021841	-0.021784
381	-0.022184	-0.022132	-0.022102
382	-0.022448	-0.022423	-0.022419
383	-0.022661	-0.022592	-0.02262
384	-0.022866	-0.02274	-0.0228
385	-0.02301	-0.022899	-0.022958
386	-0.023127	-0.023064	-0.023107
387	-0.023218	-0.02318	-0.023225
388	-0.023286	-0.023251	-0.023314
389	-0.023313	-0.023287	-0.02334
390	-0.023265	-0.023256	-0.023251
391	-0.023244	-0.023248	-0.023198
392	-0.023341	-0.023341	-0.023311
393	-0.023438	-0.023433	-0.023422
394	-0.023507	-0.023489	-0.023461
395	-0.023575	-0.023544	-0.023499
396	-0.02357	-0.02354	-0.023504
397	-0.023552	-0.023524	-0.023503
398	-0.023546	-0.023493	-0.02348
399	-0.023544	-0.023454	-0.023446
400	-0.023633	-0.023574	-0.023545
401	-0.023806	-0.023843	-0.023768
402	-0.023973	-0.024045	-0.023955
403	-0.024126	-0.024123	-0.024076
404	-0.024249	-0.024185	-0.024173
405	-0.02424	-0.024184	-0.024172
406	-0.024231	-0.024182	-0.024171
407	-0.024238	-0.024155	-0.0242
408	-0.024245	-0.024127	-0.024229
409	-0.024191	-0.02408	-0.024191
410	-0.024126	-0.024029	-0.02414
411	-0.024182	-0.024119	-0.024207
412	-0.024293	-0.024273	-0.024326
413	-0.024367	-0.024343	-0.024389
414	-0.024406	-0.024337	-0.0244
415	-0.024497	-0.024383	-0.02445
416	-0.024679	-0.024517	-0.024567
417	-0.02486	-0.024665	-0.024705
418	-0.02504	-0.024866	-0.024928
419	-0.025212	-0.025059	-0.025142
420	-0.025178	-0.025039	-0.025144
421	-0.025145	-0.025019	-0.025146
422	-0.025228	-0.025094	-0.025196
423	-0.025328	-0.025184	-0.025253
424	-0.025422	-0.02529	-0.025332
425	-0.025514	-0.025403	-0.025419
426	-0.025503	-0.025417	-0.02541
427	-0.025408	-0.025353	-0.025324
428	-0.025262	-0.025218	-0.02521
429	-0.025035	-0.024975	-0.025054
430	-0.024825	-0.024748	-0.024888
431	-0.02467	-0.024569	-0.024692
432	-0.024509	-0.024393	-0.0245
433	-0.024276	-0.024248	-0.024349
434	-0.024044	-0.024102	-0.024198
435	-0.023828	-0.023841	-0.023966
436	-0.023614	-0.023569	-0.023728
437	-0.0235	-0.023422	-0.023527
438	-0.02342	-0.023316	-0.02334
439	-0.023222	-0.023157	-0.023145
440	-0.022946	-0.022963	-0.022947
441	-0.022673	-0.022729	-0.0227
442	-0.022406	-0.022447	-0.022392
443	-0.022184	-0.022208	-0.022139
444	-0.022079	-0.022082	-0.022029
445	-0.021968	-0.021949	-0.021916
446	-0.021814	-0.021775	-0.021783
447	-0.02166	-0.021602	-0.02165
448	-0.021581	-0.021532	-0.021586
449	-0.021505	-0.021465	-0.021523
450	-0.021411	-0.021344	-0.021402
451	-0.021315	-0.02121	-0.021269
452	-0.02126	-0.021142	-0.02121
453	-0.021227	-0.021108	-0.021191
454	-0.021146	-0.021056	-0.021113
455	-0.021018	-0.020987	-0.020978
456	-0.020878	-0.02088	-0.020847
457	-0.020715	-0.020703	-0.020726
458	-0.020569	-0.020538	-0.020604
459	-0.020486	-0.020422	-0.020472
460	-0.020402	-0.020306	-0.020342
461	-0.020264	-0.020198	-0.02024
462	-0.020126	-0.02009	-0.020138
463	-0.020014	-0.019948	-0.02001
464	-0.019906	-0.019801	-0.019879
465	-0.01968	-0.019594	-0.019658
466	-0.019411	-0.019365	-0.019405
467	-0.019135	-0.019109	-0.019142
468	-0.018853	-0.018835	-0.018873
469	-0.018638	-0.018618	-0.018653
470	-0.018509	-0.018473	-0.018496
471	-0.01834	-0.018295	-0.018301
472	-0.018069	-0.018032	-0.018006
473	-0.017812	-0.017782	-0.017734
474	-0.017652	-0.017612	-0.017608
475	-0.017492	-0.017443	-0.017481
476	-0.017385	-0.017361	-0.017348
477	-0.017279	-0.01728	-0.017215
478	-0.017183	-0.017159	-0.017144
479	-0.017088	-0.01703	-0.017086
480	-0.017082	-0.016994	-0.017061
481	-0.017117	-0.017001	-0.017052
482	-0.017075	-0.01696	-0.016989
483	-0.016966	-0.016878	-0.016881
484	-0.016909	-0.016842	-0.016828
485	-0.016934	-0.016879	-0.016863
486	-0.016918	-0.016861	-0.01685
487	-0.016771	-0.016675	-0.016688
488	-0.016623	-0.016498	-0.016532
489	-0.016457	-0.016412	-0.016432
490	-0.016292	-0.016326	-0.016332
491	-0.01614	-0.016213	-0.016175
492	-0.015989	-0.016098	-0.016016
493	-0.01584	-0.015877	-0.015862
494	-0.015691	-0.015631	-0.015708
495	-0.015488	-0.015378	-0.015502
496	-0.015258	-0.01512	-0.015269
497	-0.015036	-0.014906	-0.015027
498	-0.014824	-0.014732	-0.014776
499	-0.014588	-0.014514	-0.014521
500	-0.014312	-0.014222	-0.014259
501	-0.014058	-0.013959	-0.014011
502	-0.013877	-0.013794	-0.013803
503	-0.013691	-0.013624	-0.013596
504	-0.01346	-0.013396	-0.013393
505	-0.013229	-0.013167	-0.013191
506	-0.013038	-0.012936	-0.012978
507	-0.012851	-0.012705	-0.012764
508	-0.012647	-0.012547	-0.012595
509	-0.01244	-0.012407	-0.012438
510	-0.012325	-0.012324	-0.012349
511	-0.012256	-0.01227	-0.012295
512	-0.01215	-0.012134	-0.012168
513	-0.012008	-0.011925	-0.011975
514	-0.011895	-0.011787	-0.011838
515	-0.011827	-0.011764	-0.011792
516	-0.011755	-0.011732	-0.011737
517	-0.011668	-0.01167	-0.011657
518	-0.011587	-0.011612	-0.011586
519	-0.011548	-0.011583	-0.011592
520	-0.01151	-0.011554	-0.011598
521	-0.011499	-0.011501	-0.011548
522	-0.011489	-0.011447	-0.011496
523	-0.011406	-0.011376	-0.011422
524	-0.011309	-0.011302	-0.011343
525	-0.011239	-0.01121	-0.011253
526	-0.011182	-0.011112	-0.011159
527	-0.011147	-0.011058	-0.011108
528	-0.011131	-0.011039	-0.011091
529	-0.011095	-0.010996	-0.011046
530	-0.011036	-0.010921	-0.010961
531	-0.010952	-0.010825	-0.010865
532	-0.010809	-0.010679	-0.010741
533	-0.010646	-0.010529	-0.010603
534	-0.010377	-0.01036	-0.010394
535	-0.010112	-0.01019	-0.010186
536	-0.009998	-0.009991	-0.010004
537	-0.009885	-0.009792	-0.009823
538	-0.009689	-0.009597	-0.009658
539	-0.009483	-0.009403	-0.009495
540	-0.009315	-0.009258	-0.009347
541	-0.00916	-0.009128	-0.009205
542	-0.009004	-0.00897	-0.009038
543	-0.008846	-0.008794	-0.008858
544	-0.008734	-0.008659	-0.008707
545	-0.008667	-0.008563	-0.008585
546	-0.008569	-0.008455	-0.00847
547	-0.00842	-0.008325	-0.008368
548	-0.00828	-0.008204	-0.00827
549	-0.008167	-0.008109	-0.008187
550	-0.008061	-0.008017	-0.008102
551	-0.008011	-0.007944	-0.008005
552	-0.007961	-0.007871	-0.007909
553	-0.007902	-0.007791	-0.007812
554	-0.007843	-0.00771	-0.007716
555	-0.00773	-0.007645	-0.00764
556	-0.007608	-0.007584	-0.007567
557	-0.007604	-0.007563	-0.007571
558	-0.007643	-0.007556	-0.007603
559	-0.007653	-0.007553	-0.007605
560	-0.007643	-0.007552	-0.007587
561	-0.007603	-0.007529	-0.007546
562	-0.007529	-0.007482	-0.007482
563	-0.007499	-0.007457	-0.007457
564	-0.007548	-0.007474	-0.007504
565	-0.007562	-0.007468	-0.007523
566	-0.007458	-0.007391	-0.007451
567	-0.007364	-0.007321	-0.007382
568	-0.007341	-0.007305	-0.007339
569	-0.007318	-0.00729	-0.007296
570	-0.007244	-0.0072	-0.007228
571	-0.00717	-0.00711	-0.00716
572	-0.007029	-0.006984	-0.007041
573	-0.00688	-0.006853	-0.006915
574	-0.006753	-0.006704	-0.006746
575	-0.006635	-0.006549	-0.006562
576	-0.006486	-0.0064	-0.006403
577	-0.006319	-0.006256	-0.006258
578	-0.006139	-0.006087	-0.006099
579	-0.005947	-0.005896	-0.005927
580	-0.00578	-0.005731	-0.005773
581	-0.005652	-0.005608	-0.005646
582	-0.00552	-0.00549	-0.005525
583	-0.00538	-0.005387	-0.005418
584	-0.005236	-0.005268	-0.005294
585	-0.005076	-0.005061	-0.005085
586	-0.004919	-0.004859	-0.004881
587	-0.004815	-0.004759	-0.004773
588	-0.00471	-0.004659	-0.004665
589	-0.004565	-0.004485	-0.004517
590	-0.004415	-0.004306	-0.004366
591	-0.004313	-0.004235	-0.004277
592	-0.004222	-0.00419	-0.004201
593	-0.004111	-0.004096	-0.004094
594	-0.003992	-0.003982	-0.003974
595	-0.003906	-0.00388	-0.003882
596	-0.003843	-0.003786	-0.00381
597	-0.003798	-0.003736	-0.003743
598	-0.003775	-0.003733	-0.003683
599	-0.003758	-0.003739	-0.003662
600	-0.003752	-0.003763	-0.00371
601	-0.003732	-0.003762	-0.00373
602	-0.003672	-0.003692	-0.003673
603	-0.003624	-0.003631	-0.003628
604	-0.003648	-0.00363	-0.003661
605	-0.003668	-0.003627	-0.00369
606	-0.003597	-0.003587	-0.00362
607	-0.003526	-0.003547	-0.003549
608	-0.003522	-0.003505	-0.003527
609	-0.003524	-0.003463	-0.00351
610	-0.003524	-0.003478	-0.003506
611	-0.003524	-0.003504	-0.003505
612	-0.00347	-0.003453	-0.003481
613	-0.003394	-0.003371	-0.003447
614	-0.003356	-0.003335	-0.003398
615	-0.003343	-0.003327	-0.003339
616	-0.00331	-0.003304	-0.003296
617	-0.003257	-0.003266	-0.003269
618	-0.003207	-0.003213	-0.003227
619	-0.003159	-0.003139	-0.003163
620	-0.003097	-0.003057	-0.003092
621	-0.003002	-0.002958	-0.003004
622	-0.002915	-0.002868	-0.002924
623	-0.00286	-0.002814	-0.00288
624	-0.002797	-0.002752	-0.002826
625	-0.002657	-0.002614	-0.002683
626	-0.002517	-0.002475	-0.00254
627	-0.002446	-0.002372	-0.002484
628	-0.002375	-0.002268	-0.002429
629	-0.002396	-0.002252	-0.002375
630	-0.002428	-0.002246	-0.002321
631	-0.002313	-0.002167	-0.00221
632	-0.002159	-0.002068	-0.002084
633	-0.002042	-0.001991	-0.001985
634	-0.00194	-0.001923	-0.001897
635	-0.001898	-0.001858	-0.001852
636	-0.001895	-0.001795	-0.001836
637	-0.0018	-0.001697	-0.001739
638	-0.001615	-0.001563	-0.001559
639	-0.001471	-0.001438	-0.001412
640	-0.001386	-0.001327	-0.001311
641	-0.001301	-0.001238	-0.001225
642	-0.001217	-0.001198	-0.001172
643	-0.001141	-0.00115	-0.001127
644	-0.001088	-0.001078	-0.001116
645	-0.001034	-0.001005	-0.001091
646	-0.000976	-0.000928	-0.000973
647	-0.000917	-0.000854	-0.000859
648	-0.000861	-0.000822	-0.000846
649	-0.000805	-0.00079	-0.000834
650	-0.000763	-0.000756	-0.000742
651	-0.000721	-0.00072	-0.000645
652	-0.000647	-0.000634	-0.000588
653	-0.000568	-0.000538	-0.000537
654	-0.000531	-0.000508	-0.000507
655	-0.000506	-0.000498	-0.000484
656	-0.000478	-0.000486	-0.000494
657	-0.000448	-0.000472	-0.000519
658	-0.000478	-0.000474	-0.000551
659	-0.000551	-0.000486	-0.000587
660	-0.000577	-0.000512	-0.000602
661	-0.000558	-0.000554	-0.000598
662	-0.000563	-0.000583	-0.000612
663	-0.000603	-0.000592	-0.000654
664	-0.000636	-0.000607	-0.000689
665	-0.000651	-0.000633	-0.000711
666	-0.000665	-0.000667	-0.000729
667	-0.000674	-0.000721	-0.000733
668	-0.00068	-0.000755	-0.000734
669	-0.000674	-0.000677	-0.000715
670	-0.000663	-0.000604	-0.000692
671	-0.000606	-0.000582	-0.000605
672	-0.000549	-0.000559	-0.000518
673	-0.000545	-0.000546	-0.000554
674	-0.000542	-0.000532	-0.000591
675	-0.00055	-0.000524	-0.000575
676	-0.00056	-0.000515	-0.000554
677	-0.00055	-0.000539	-0.000582
678	-0.000536	-0.000568	-0.000619
679	-0.000522	-0.000541	-0.000569
680	-0.000508	-0.000496	-0.000491
681	-0.000474	-0.000448	-0.000432
682	-0.000432	-0.000397	-0.000382
683	-0.000381	-0.000355	-0.000318
684	-0.000325	-0.000317	-0.000247
685	-0.00024	-0.000229	-0.0002
686	-0.00013	-0.000098	-0.000175
687	-0.000022	0.000008	-0.000099
688	0.000082	0.000083	0.000036
689	0.000146	0.000141	0.00012
690	0.000146	0.000173	0.000122
691	0.000155	0.000193	0.000127
692	0.000184	0.000185	0.000135
693	0.000228	0.000211	0.000162
694	0.000318	0.00034	0.00025
695	0.000407	0.000454	0.000338
696	0.00049	0.000492	0.000431
697	0.000571	0.000531	0.00052
698	0.000635	0.000585	0.000574
699	0.000699	0.000641	0.000628
700	0.000735	0.000732	0.000663
701	0.000771	0.000824	0.000699
702	0.000773	0.000844	0.000763
703	0.000773	0.00086	0.000828
704	0.000846	0.000892	0.000861
705	0.000927	0.000924	0.000892
706	0.000962	0.000978	0.000915
707	0.000987	0.001035	0.000938
708	0.000985	0.001045	0.000985
709	0.000976	0.001041	0.00104
710	0.001062	0.001093	0.001085
711	0.001189	0.001168	0.001125
712	0.001233	0.001208	0.001164
713	0.001232	0.001228	0.001203
714	0.001226	0.001224	0.001201
715	0.001218	0.001202	0.001168
716	0.00126	0.001257	0.001207
717	0.001348	0.001384	0.001314
718	0.001389	0.001443	0.001387
719	0.001375	0.001421	0.001418
720	0.001351	0.001415	0.001408
[LOG]
CHECKSUM"ã