[HEADER]
Format	J&M ASCII Table
Comment	
Date	26/03/2026 12:09:02
Order	Y (evenX)
TechType	UV
NumPoints	411
FirstX	310
LastX	720
XType	nm
YType	Absorbance
ZType	s
NumSubFile	3
Matrix	Z vs X
[LOGIN]
Name=pcbob
[INSTRUMENT]
Name=TIDAS E Base UV/VI
Detector=MMS - ASPEN 97,5 kHz
Diodearray=256 Pixel
Serial#=36584
Calibrated=2011-07-01
Range=183.81-729.88 [nm] (F0)

SWVersion=v3.18.2 (build 0)[LOGIN]
Name=pcbob
[CONFIG]
ChannelName=Channel 1
ChannelType=Normalized
[PARAMETER]
It=400,00
Aver=5
Norm=3
Range=310,0-720,0 nm
Scan=Time
ScanTime=5,00 s
[TRIGGER]
Sweep=0
Scan=0
[DIO]
DigOut=0x0000
DigIn=0x0000
[DATA]
	00:00:00,000	00:00:02,000	00:00:04,000
310	0.030422	0.030378	0.030306
311	0.029374	0.029351	0.029263
312	0.028329	0.028329	0.028229
313	0.027298	0.027307	0.027212
314	0.026286	0.026285	0.02622
315	0.025249	0.02524	0.025195
316	0.024138	0.024121	0.024069
317	0.02301	0.022985	0.022925
318	0.021618	0.021594	0.021524
319	0.020227	0.020202	0.020123
320	0.018682	0.018663	0.01859
321	0.017117	0.017104	0.01704
322	0.015613	0.015606	0.015537
323	0.014135	0.014134	0.014054
324	0.012834	0.012841	0.012767
325	0.011691	0.011707	0.011656
326	0.010616	0.010651	0.010608
327	0.009664	0.009738	0.009679
328	0.00874	0.008842	0.008769
329	0.00795	0.008019	0.007948
330	0.00716	0.007197	0.007127
331	0.006532	0.006545	0.006512
332	0.005903	0.005894	0.005897
333	0.005263	0.005272	0.005269
334	0.00462	0.004656	0.004637
335	0.003998	0.00404	0.004024
336	0.003387	0.003424	0.003421
337	0.002761	0.002794	0.002813
338	0.002118	0.002151	0.002201
339	0.001477	0.001515	0.001588
340	0.000839	0.0009	0.000972
341	0.0002	0.000279	0.00035
342	-0.000448	-0.000377	-0.000315
343	-0.001096	-0.001033	-0.00098
344	-0.001856	-0.001789	-0.001741
345	-0.002623	-0.002551	-0.002508
346	-0.003351	-0.003334	-0.003272
347	-0.004068	-0.004123	-0.004035
348	-0.004868	-0.004911	-0.004839
349	-0.005725	-0.005698	-0.005672
350	-0.006528	-0.006469	-0.006461
351	-0.007259	-0.00722	-0.007191
352	-0.008021	-0.007991	-0.007955
353	-0.008876	-0.008826	-0.008821
354	-0.009726	-0.009656	-0.00968
355	-0.010523	-0.010438	-0.010462
356	-0.011321	-0.011219	-0.011244
357	-0.012274	-0.012174	-0.012207
358	-0.013245	-0.013147	-0.013189
359	-0.014146	-0.014061	-0.01406
360	-0.015022	-0.014953	-0.01489
361	-0.015929	-0.015862	-0.015778
362	-0.016861	-0.016784	-0.016712
363	-0.017793	-0.017709	-0.017639
364	-0.018724	-0.01864	-0.018557
365	-0.019669	-0.019587	-0.019507
366	-0.020665	-0.020594	-0.02058
367	-0.02166	-0.0216	-0.021646
368	-0.022615	-0.022559	-0.022582
369	-0.02357	-0.023519	-0.023518
370	-0.024539	-0.024487	-0.024491
371	-0.025511	-0.025457	-0.025471
372	-0.026416	-0.02636	-0.026363
373	-0.027294	-0.027234	-0.027219
374	-0.028186	-0.028117	-0.028093
375	-0.029091	-0.029008	-0.028983
376	-0.029994	-0.029905	-0.029882
377	-0.030894	-0.030814	-0.030795
378	-0.0318	-0.031725	-0.031714
379	-0.03273	-0.03264	-0.032659
380	-0.033661	-0.033556	-0.033604
381	-0.034611	-0.034508	-0.034539
382	-0.035561	-0.035459	-0.035473
383	-0.036409	-0.036322	-0.036325
384	-0.037239	-0.037171	-0.037162
385	-0.038048	-0.037995	-0.037966
386	-0.038845	-0.038808	-0.038755
387	-0.039563	-0.039529	-0.039472
388	-0.040206	-0.040163	-0.040121
389	-0.040789	-0.040754	-0.040724
390	-0.041262	-0.041266	-0.04124
391	-0.041754	-0.041794	-0.041765
392	-0.042336	-0.04239	-0.042331
393	-0.04292	-0.042989	-0.0429
394	-0.043699	-0.04371	-0.04367
395	-0.044478	-0.044431	-0.044439
396	-0.04496	-0.044899	-0.044923
397	-0.045388	-0.045322	-0.045355
398	-0.045821	-0.045772	-0.045813
399	-0.046255	-0.046236	-0.046282
400	-0.046828	-0.0468	-0.046844
401	-0.047531	-0.04746	-0.047494
402	-0.048241	-0.048159	-0.048181
403	-0.048965	-0.048931	-0.048938
404	-0.049646	-0.049646	-0.049644
405	-0.050132	-0.050104	-0.05012
406	-0.050618	-0.050563	-0.050595
407	-0.051108	-0.051106	-0.051078
408	-0.051599	-0.051648	-0.05156
409	-0.052177	-0.052282	-0.05223
410	-0.05277	-0.052932	-0.052932
411	-0.053325	-0.053471	-0.053476
412	-0.053864	-0.053961	-0.053947
413	-0.054366	-0.054425	-0.054399
414	-0.054834	-0.054864	-0.054833
415	-0.0554	-0.055402	-0.055393
416	-0.056138	-0.056114	-0.056172
417	-0.056859	-0.05682	-0.056924
418	-0.057511	-0.057503	-0.057565
419	-0.05816	-0.058181	-0.058203
420	-0.058741	-0.05875	-0.058764
421	-0.059322	-0.059318	-0.059325
422	-0.05992	-0.059854	-0.059932
423	-0.06052	-0.060385	-0.060546
424	-0.061042	-0.060914	-0.061077
425	-0.061534	-0.061443	-0.061575
426	-0.061958	-0.061911	-0.061993
427	-0.062327	-0.062331	-0.062347
428	-0.062576	-0.062608	-0.062587
429	-0.062638	-0.062665	-0.062651
430	-0.062726	-0.062745	-0.062744
431	-0.062903	-0.062902	-0.062935
432	-0.063086	-0.063072	-0.063136
433	-0.063361	-0.063402	-0.063462
434	-0.063636	-0.063732	-0.063787
435	-0.063892	-0.063946	-0.063998
436	-0.064145	-0.064149	-0.064199
437	-0.064422	-0.064392	-0.064494
438	-0.064706	-0.064648	-0.064821
439	-0.064986	-0.064919	-0.065109
440	-0.065264	-0.065201	-0.065371
441	-0.065509	-0.065468	-0.0656
442	-0.065712	-0.065715	-0.065788
443	-0.065895	-0.065929	-0.065961
444	-0.066026	-0.066059	-0.066092
445	-0.066156	-0.066192	-0.066221
446	-0.066269	-0.066352	-0.066341
447	-0.066382	-0.066512	-0.06646
448	-0.066417	-0.066545	-0.066553
449	-0.06645	-0.066574	-0.066645
450	-0.066614	-0.066689	-0.066784
451	-0.066808	-0.066824	-0.066935
452	-0.066974	-0.066957	-0.06708
453	-0.067126	-0.067088	-0.067223
454	-0.067276	-0.067283	-0.067402
455	-0.067426	-0.06754	-0.067618
456	-0.067604	-0.067765	-0.067821
457	-0.067836	-0.067928	-0.067999
458	-0.068039	-0.068078	-0.068161
459	-0.068118	-0.068174	-0.068257
460	-0.068199	-0.068271	-0.068355
461	-0.06831	-0.068395	-0.06849
462	-0.068422	-0.068519	-0.068626
463	-0.068552	-0.068602	-0.068723
464	-0.068685	-0.068681	-0.068816
465	-0.068632	-0.068653	-0.06879
466	-0.068512	-0.068588	-0.068722
467	-0.068202	-0.068276	-0.068424
468	-0.067755	-0.067786	-0.067963
469	-0.067403	-0.067431	-0.067606
470	-0.067178	-0.06725	-0.067387
471	-0.066964	-0.067072	-0.067179
472	-0.066781	-0.0669	-0.067
473	-0.066624	-0.066749	-0.066846
474	-0.066637	-0.066744	-0.066856
475	-0.066651	-0.066738	-0.066867
476	-0.066627	-0.066716	-0.066844
477	-0.066603	-0.066694	-0.06682
478	-0.066583	-0.066667	-0.066805
479	-0.066564	-0.06664	-0.066792
480	-0.066773	-0.06686	-0.06699
481	-0.067088	-0.067194	-0.067284
482	-0.067565	-0.067662	-0.067754
483	-0.068183	-0.068246	-0.068376
484	-0.068792	-0.068828	-0.068982
485	-0.06939	-0.069405	-0.069563
486	-0.069734	-0.069751	-0.069906
487	-0.069282	-0.069369	-0.069502
488	-0.068814	-0.068962	-0.069077
489	-0.068196	-0.068316	-0.068451
490	-0.067579	-0.067669	-0.067825
491	-0.067105	-0.067182	-0.067322
492	-0.066639	-0.066703	-0.066826
493	-0.066253	-0.066352	-0.066455
494	-0.065887	-0.066031	-0.066115
495	-0.065589	-0.065724	-0.065818
496	-0.065326	-0.065423	-0.065544
497	-0.065131	-0.065204	-0.065353
498	-0.065	-0.065061	-0.06524
499	-0.064837	-0.064901	-0.06508
500	-0.064623	-0.06471	-0.06484
501	-0.064385	-0.06449	-0.064595
502	-0.064066	-0.064168	-0.064338
503	-0.06375	-0.063849	-0.064075
504	-0.063473	-0.063555	-0.06376
505	-0.063197	-0.063262	-0.063445
506	-0.062861	-0.062945	-0.063097
507	-0.062522	-0.062627	-0.062747
508	-0.062272	-0.062392	-0.06251
509	-0.062043	-0.062178	-0.062302
510	-0.061813	-0.061934	-0.062078
511	-0.061583	-0.061676	-0.061846
512	-0.061422	-0.061509	-0.061667
513	-0.061325	-0.061424	-0.061536
514	-0.061162	-0.061266	-0.061369
515	-0.060894	-0.060991	-0.061143
516	-0.060637	-0.060726	-0.060914
517	-0.060413	-0.06049	-0.060669
518	-0.060191	-0.06026	-0.060432
519	-0.059986	-0.060084	-0.060253
520	-0.059781	-0.059908	-0.060075
521	-0.059614	-0.059711	-0.059871
522	-0.059448	-0.059514	-0.059666
523	-0.059287	-0.059355	-0.059493
524	-0.059126	-0.059203	-0.059326
525	-0.059001	-0.059093	-0.059216
526	-0.058892	-0.059002	-0.05913
527	-0.058781	-0.058881	-0.059031
528	-0.058671	-0.058737	-0.058922
529	-0.058502	-0.058572	-0.05878
530	-0.058256	-0.058379	-0.058593
531	-0.058057	-0.058196	-0.058413
532	-0.057971	-0.058039	-0.058249
533	-0.057867	-0.057874	-0.058081
534	-0.057673	-0.05767	-0.057895
535	-0.057479	-0.057468	-0.05771
536	-0.057268	-0.057319	-0.057526
537	-0.057057	-0.05717	-0.057342
538	-0.056821	-0.056935	-0.057077
539	-0.056583	-0.05669	-0.056802
540	-0.056341	-0.056429	-0.056546
541	-0.056098	-0.056163	-0.056296
542	-0.055807	-0.05587	-0.056006
543	-0.055488	-0.055561	-0.055692
544	-0.0552	-0.055297	-0.055433
545	-0.054942	-0.055079	-0.055228
546	-0.054695	-0.054835	-0.054984
547	-0.054467	-0.054549	-0.054674
548	-0.05422	-0.054268	-0.054386
549	-0.053912	-0.054002	-0.054172
550	-0.053605	-0.053729	-0.053943
551	-0.053312	-0.053411	-0.053598
552	-0.053018	-0.053092	-0.053254
553	-0.052796	-0.052862	-0.053036
554	-0.052575	-0.052634	-0.05282
555	-0.052404	-0.052506	-0.052672
556	-0.052241	-0.052395	-0.052536
557	-0.052092	-0.052215	-0.052391
558	-0.051947	-0.052012	-0.052244
559	-0.051813	-0.051845	-0.052068
560	-0.051686	-0.051701	-0.051874
561	-0.051537	-0.051558	-0.0517
562	-0.051366	-0.051417	-0.051547
563	-0.051285	-0.051361	-0.051494
564	-0.051363	-0.051456	-0.051617
565	-0.051476	-0.051585	-0.051758
566	-0.051701	-0.051823	-0.051958
567	-0.051954	-0.05208	-0.052181
568	-0.052416	-0.052476	-0.052584
569	-0.052878	-0.052873	-0.052988
570	-0.053226	-0.053232	-0.053353
571	-0.053572	-0.053592	-0.053717
572	-0.053747	-0.053798	-0.053891
573	-0.053896	-0.053981	-0.054037
574	-0.054049	-0.054136	-0.054211
575	-0.054203	-0.054281	-0.054393
576	-0.054305	-0.054351	-0.054481
577	-0.054376	-0.054376	-0.054514
578	-0.054381	-0.054377	-0.0545
579	-0.054324	-0.054356	-0.054441
580	-0.054173	-0.054223	-0.054291
581	-0.053878	-0.05392	-0.054004
582	-0.053527	-0.053555	-0.053658
583	-0.053029	-0.053031	-0.053158
584	-0.052508	-0.052488	-0.052633
585	-0.051858	-0.051854	-0.051972
586	-0.05121	-0.051219	-0.051314
587	-0.050586	-0.050593	-0.050713
588	-0.049961	-0.049966	-0.050113
589	-0.049331	-0.049374	-0.049513
590	-0.0487	-0.048784	-0.048913
591	-0.048298	-0.048337	-0.048458
592	-0.047948	-0.047922	-0.048036
593	-0.047603	-0.047571	-0.047668
594	-0.047261	-0.047246	-0.047324
595	-0.046926	-0.046938	-0.047019
596	-0.046597	-0.04664	-0.046741
597	-0.046239	-0.046295	-0.046405
598	-0.045851	-0.045897	-0.046005
599	-0.045525	-0.045568	-0.045673
600	-0.045305	-0.045357	-0.045459
601	-0.045083	-0.045143	-0.045241
602	-0.044852	-0.044916	-0.045012
603	-0.044597	-0.044665	-0.044761
604	-0.044202	-0.044272	-0.04438
605	-0.043805	-0.043877	-0.043993
606	-0.043349	-0.043426	-0.04346
607	-0.042892	-0.042976	-0.042927
608	-0.04245	-0.042537	-0.042544
609	-0.04201	-0.042099	-0.042174
610	-0.041686	-0.041767	-0.041857
611	-0.041387	-0.041457	-0.041551
612	-0.041078	-0.041158	-0.041241
613	-0.040765	-0.040862	-0.040929
614	-0.040386	-0.040466	-0.04055
615	-0.039965	-0.040005	-0.04013
616	-0.039494	-0.039519	-0.03966
617	-0.038975	-0.039007	-0.039142
618	-0.038513	-0.038564	-0.038697
619	-0.03814	-0.038223	-0.03836
620	-0.037765	-0.037867	-0.038008
621	-0.037388	-0.037472	-0.03762
622	-0.036989	-0.03706	-0.037211
623	-0.036501	-0.036578	-0.036715
624	-0.036018	-0.036103	-0.036225
625	-0.035583	-0.035692	-0.035801
626	-0.035147	-0.035281	-0.035376
627	-0.034664	-0.034816	-0.034945
628	-0.034181	-0.03435	-0.034514
629	-0.033752	-0.033868	-0.03406
630	-0.03333	-0.033384	-0.033603
631	-0.032919	-0.033	-0.033208
632	-0.032511	-0.032641	-0.032828
633	-0.032102	-0.032239	-0.032404
634	-0.031693	-0.031816	-0.031959
635	-0.031374	-0.031475	-0.031594
636	-0.031116	-0.031187	-0.031283
637	-0.030819	-0.030878	-0.030986
638	-0.030485	-0.030548	-0.030704
639	-0.030113	-0.030206	-0.030382
640	-0.029685	-0.029844	-0.03
641	-0.029286	-0.029471	-0.029618
642	-0.028951	-0.029075	-0.029235
643	-0.028628	-0.0287	-0.028862
644	-0.028352	-0.028399	-0.028525
645	-0.028072	-0.0281	-0.028194
646	-0.027775	-0.027815	-0.027905
647	-0.027494	-0.027546	-0.027633
648	-0.027673	-0.027743	-0.027845
649	-0.027852	-0.027939	-0.028056
650	-0.02897	-0.029054	-0.029133
651	-0.030145	-0.030224	-0.030264
652	-0.031743	-0.0318	-0.031846
653	-0.033415	-0.033446	-0.033506
654	-0.03459	-0.034599	-0.034651
655	-0.035611	-0.035598	-0.035637
656	-0.035762	-0.035773	-0.035792
657	-0.035493	-0.035549	-0.035547
658	-0.034662	-0.034736	-0.034744
659	-0.033436	-0.033508	-0.03355
660	-0.031831	-0.03189	-0.031971
661	-0.02985	-0.029881	-0.030005
662	-0.02805	-0.028063	-0.028206
663	-0.026508	-0.026516	-0.026641
664	-0.025227	-0.025234	-0.025349
665	-0.024478	-0.024491	-0.024613
666	-0.023802	-0.02383	-0.023955
667	-0.023352	-0.023416	-0.023539
668	-0.022938	-0.023034	-0.023167
669	-0.022717	-0.022814	-0.023027
670	-0.022496	-0.022597	-0.022873
671	-0.02228	-0.022428	-0.022571
672	-0.022064	-0.02226	-0.02227
673	-0.021911	-0.022051	-0.022154
674	-0.021759	-0.021842	-0.022037
675	-0.021533	-0.021584	-0.021729
676	-0.021301	-0.02132	-0.021405
677	-0.021049	-0.021114	-0.021193
678	-0.020793	-0.020919	-0.021003
679	-0.020638	-0.020766	-0.02087
680	-0.020514	-0.020625	-0.020754
681	-0.020357	-0.020405	-0.020568
682	-0.020185	-0.020147	-0.02035
683	-0.019973	-0.01996	-0.020153
684	-0.019736	-0.019819	-0.01997
685	-0.019526	-0.019647	-0.019805
686	-0.01934	-0.019449	-0.019657
687	-0.019148	-0.019252	-0.019458
688	-0.018947	-0.019057	-0.019199
689	-0.018742	-0.018846	-0.018958
690	-0.01853	-0.018609	-0.018747
691	-0.018318	-0.018385	-0.018535
692	-0.018105	-0.018187	-0.018323
693	-0.017893	-0.017975	-0.018111
694	-0.017681	-0.017716	-0.0179
695	-0.017454	-0.01746	-0.017668
696	-0.017153	-0.017225	-0.017331
697	-0.016864	-0.016992	-0.017012
698	-0.016689	-0.016787	-0.016844
699	-0.016511	-0.016579	-0.016675
700	-0.01627	-0.016328	-0.016429
701	-0.016029	-0.016077	-0.016183
702	-0.01576	-0.015796	-0.015931
703	-0.01549	-0.015513	-0.01568
704	-0.015263	-0.01531	-0.015452
705	-0.01504	-0.015115	-0.015227
706	-0.014765	-0.014877	-0.014984
707	-0.01448	-0.014631	-0.014738
708	-0.014253	-0.014382	-0.014513
709	-0.014044	-0.014131	-0.014294
710	-0.013846	-0.01393	-0.014089
711	-0.013652	-0.01375	-0.013891
712	-0.013443	-0.013556	-0.013718
713	-0.013225	-0.013354	-0.013559
714	-0.013055	-0.013147	-0.01335
715	-0.012921	-0.012936	-0.013105
716	-0.012689	-0.012726	-0.012853
717	-0.012367	-0.012517	-0.012594
718	-0.01212	-0.012285	-0.01236
719	-0.011963	-0.012025	-0.012155
720	-0.011822	-0.011843	-0.011997
[LOG]
CHECKSUM%q