[HEADER]
Format	J&M ASCII Table
Comment	
Date	26/03/2026 11:34:04
Order	Y (evenX)
TechType	UV
NumPoints	411
FirstX	310
LastX	720
XType	nm
YType	Absorbance
ZType	s
NumSubFile	3
Matrix	Z vs X
[LOGIN]
Name=pcbob
[INSTRUMENT]
Name=TIDAS E Base UV/VI
Detector=MMS - ASPEN 97,5 kHz
Diodearray=256 Pixel
Serial#=36584
Calibrated=2011-07-01
Range=183.81-729.88 [nm] (F0)

SWVersion=v3.18.2 (build 0)[LOGIN]
Name=pcbob
[CONFIG]
ChannelName=Channel 1
ChannelType=Normalized
[PARAMETER]
It=400,00
Aver=5
Norm=3
Range=310,0-720,0 nm
Scan=Time
ScanTime=5,00 s
[TRIGGER]
Sweep=0
Scan=0
[DIO]
DigOut=0x0000
DigIn=0x0000
[DATA]
	00:00:00,000	00:00:02,000	00:00:04,000
310	0.000161	0.000197	0.000151
311	0.000145	0.000183	0.000161
312	0.000117	0.000177	0.000164
313	0.000087	0.000153	0.000143
314	0.000052	0.000104	0.000089
315	0.000018	0.000056	0.000045
316	-0.000018	0.00001	0.000032
317	-0.00005	-0.000032	0.000018
318	-0.000038	-0.000027	-0.000033
319	-0.000025	-0.000021	-0.000084
320	-0.000043	-0.000054	-0.000078
321	-0.000066	-0.000092	-0.000065
322	-0.00009	-0.000088	-0.00008
323	-0.000113	-0.000066	-0.000107
324	-0.000113	-0.000059	-0.000114
325	-0.000091	-0.000064	-0.000103
326	-0.000103	-0.00009	-0.000114
327	-0.000174	-0.000156	-0.000165
328	-0.000238	-0.000215	-0.000218
329	-0.000271	-0.000242	-0.000276
330	-0.000304	-0.000269	-0.000334
331	-0.000314	-0.000274	-0.000326
332	-0.000324	-0.00028	-0.000318
333	-0.00033	-0.000276	-0.000276
334	-0.000336	-0.00027	-0.000226
335	-0.00036	-0.000284	-0.000257
336	-0.000394	-0.000309	-0.000332
337	-0.000414	-0.000338	-0.000365
338	-0.000417	-0.000372	-0.000353
339	-0.000415	-0.000388	-0.000346
340	-0.000401	-0.000364	-0.000353
341	-0.00039	-0.000346	-0.000363
342	-0.000394	-0.000376	-0.000396
343	-0.000399	-0.000406	-0.000428
344	-0.000436	-0.000437	-0.000458
345	-0.000475	-0.000468	-0.000487
346	-0.000487	-0.000479	-0.00051
347	-0.00049	-0.000484	-0.00053
348	-0.000518	-0.000512	-0.00053
349	-0.000565	-0.000556	-0.000516
350	-0.000593	-0.000566	-0.000522
351	-0.000598	-0.000529	-0.000556
352	-0.000596	-0.000508	-0.000572
353	-0.000576	-0.000531	-0.000533
354	-0.000557	-0.000545	-0.000495
355	-0.000554	-0.00046	-0.000479
356	-0.000552	-0.000374	-0.000463
357	-0.000577	-0.00044	-0.000527
358	-0.000605	-0.000521	-0.000598
359	-0.000616	-0.00057	-0.000591
360	-0.000621	-0.000607	-0.000556
361	-0.000672	-0.000649	-0.000601
362	-0.000758	-0.000696	-0.00071
363	-0.000819	-0.000701	-0.000773
364	-0.00084	-0.00064	-0.000763
365	-0.000865	-0.000613	-0.000761
366	-0.000901	-0.000711	-0.000791
367	-0.000934	-0.000805	-0.000818
368	-0.000875	-0.000802	-0.000786
369	-0.000815	-0.000799	-0.000754
370	-0.000841	-0.000778	-0.000768
371	-0.00088	-0.000754	-0.000789
372	-0.000836	-0.000723	-0.000762
373	-0.000756	-0.00069	-0.000714
374	-0.000727	-0.0007	-0.000694
375	-0.000744	-0.000746	-0.000697
376	-0.000759	-0.000765	-0.00071
377	-0.000769	-0.000734	-0.000741
378	-0.000775	-0.000712	-0.000765
379	-0.000757	-0.000726	-0.000765
380	-0.000741	-0.00074	-0.000766
381	-0.000839	-0.000808	-0.000805
382	-0.000937	-0.000875	-0.000844
383	-0.000974	-0.000935	-0.000905
384	-0.001	-0.000994	-0.000969
385	-0.00105	-0.001037	-0.001027
386	-0.001112	-0.001073	-0.001082
387	-0.001137	-0.001099	-0.001108
388	-0.001128	-0.001116	-0.001108
389	-0.001103	-0.001085	-0.001076
390	-0.001047	-0.000965	-0.000987
391	-0.000995	-0.000867	-0.000911
392	-0.000965	-0.000866	-0.000899
393	-0.000936	-0.000866	-0.000888
394	-0.000978	-0.000911	-0.000954
395	-0.001019	-0.000957	-0.001021
396	-0.000994	-0.000988	-0.000998
397	-0.000957	-0.001017	-0.000958
398	-0.000981	-0.001012	-0.000956
399	-0.001033	-0.000991	-0.000973
400	-0.001077	-0.001003	-0.00099
401	-0.001114	-0.001047	-0.001009
402	-0.001151	-0.001088	-0.001016
403	-0.001192	-0.001122	-0.001004
404	-0.001229	-0.001148	-0.001007
405	-0.001254	-0.001137	-0.001081
406	-0.001279	-0.001128	-0.001152
407	-0.001282	-0.001147	-0.001112
408	-0.001285	-0.001166	-0.001072
409	-0.001312	-0.001267	-0.001176
410	-0.001343	-0.001382	-0.001306
411	-0.001333	-0.001346	-0.001339
412	-0.001304	-0.001243	-0.001328
413	-0.001275	-0.001217	-0.001259
414	-0.001245	-0.001261	-0.001137
415	-0.001255	-0.001279	-0.001099
416	-0.001334	-0.001249	-0.001208
417	-0.001371	-0.001205	-0.001272
418	-0.001238	-0.001106	-0.001158
419	-0.001111	-0.001013	-0.001046
420	-0.001135	-0.001086	-0.001017
421	-0.001159	-0.001159	-0.000987
422	-0.001237	-0.001233	-0.001112
423	-0.001322	-0.001308	-0.001259
424	-0.001334	-0.001325	-0.001315
425	-0.001318	-0.001319	-0.001335
426	-0.00137	-0.001353	-0.0014
427	-0.001478	-0.00142	-0.0015
428	-0.001555	-0.001486	-0.001556
429	-0.001582	-0.001553	-0.001543
430	-0.001592	-0.001595	-0.001528
431	-0.00154	-0.001558	-0.00151
432	-0.001496	-0.001529	-0.001496
433	-0.001538	-0.001585	-0.001548
434	-0.001579	-0.001641	-0.0016
435	-0.001586	-0.001612	-0.001614
436	-0.00159	-0.001574	-0.001624
437	-0.001564	-0.001526	-0.001587
438	-0.001528	-0.001475	-0.001535
439	-0.001497	-0.001459	-0.001527
440	-0.001469	-0.001468	-0.001549
441	-0.00147	-0.001457	-0.001534
442	-0.001506	-0.001422	-0.00147
443	-0.001522	-0.001401	-0.001428
444	-0.001485	-0.001417	-0.001444
445	-0.001455	-0.001437	-0.001461
446	-0.001473	-0.001485	-0.001488
447	-0.00149	-0.001533	-0.001516
448	-0.001487	-0.001549	-0.001521
449	-0.001484	-0.001563	-0.001526
450	-0.001551	-0.001577	-0.001556
451	-0.001636	-0.001591	-0.001592
452	-0.001691	-0.001665	-0.001646
453	-0.00173	-0.001771	-0.00171
454	-0.001759	-0.001816	-0.001754
455	-0.001775	-0.001801	-0.001779
456	-0.001809	-0.001797	-0.001807
457	-0.001872	-0.001813	-0.001841
458	-0.001927	-0.001836	-0.001874
459	-0.001948	-0.001884	-0.001903
460	-0.001969	-0.001931	-0.001931
461	-0.001986	-0.001952	-0.001944
462	-0.002003	-0.001972	-0.001956
463	-0.002007	-0.001961	-0.001974
464	-0.002009	-0.001946	-0.001992
465	-0.002009	-0.001944	-0.002007
466	-0.002009	-0.001946	-0.00202
467	-0.001946	-0.001917	-0.001961
468	-0.001839	-0.001867	-0.00185
469	-0.001794	-0.001829	-0.001798
470	-0.001832	-0.001807	-0.001823
471	-0.001831	-0.001757	-0.001813
472	-0.001727	-0.001632	-0.001716
473	-0.001642	-0.001539	-0.001642
474	-0.001681	-0.001661	-0.001716
475	-0.00172	-0.001784	-0.00179
476	-0.001684	-0.001761	-0.001727
477	-0.001647	-0.001736	-0.001662
478	-0.001641	-0.001688	-0.001643
479	-0.00164	-0.001636	-0.001633
480	-0.001733	-0.001697	-0.001677
481	-0.001868	-0.00181	-0.001746
482	-0.001918	-0.001873	-0.001804
483	-0.001894	-0.001894	-0.00185
484	-0.001899	-0.001918	-0.001911
485	-0.001952	-0.001948	-0.001995
486	-0.001984	-0.001962	-0.002034
487	-0.00195	-0.001928	-0.001936
488	-0.001925	-0.001903	-0.001855
489	-0.001991	-0.001975	-0.001946
490	-0.002057	-0.002047	-0.002036
491	-0.002032	-0.002081	-0.002087
492	-0.002001	-0.002112	-0.002135
493	-0.002011	-0.002104	-0.002137
494	-0.00203	-0.002085	-0.002129
495	-0.002014	-0.002082	-0.002096
496	-0.00198	-0.002088	-0.00205
497	-0.002017	-0.002083	-0.002052
498	-0.002119	-0.002067	-0.002101
499	-0.002172	-0.002055	-0.002111
500	-0.002139	-0.002049	-0.002056
501	-0.002097	-0.002036	-0.002005
502	-0.002027	-0.001997	-0.001969
503	-0.001959	-0.001963	-0.001936
504	-0.001925	-0.001976	-0.001939
505	-0.001891	-0.001989	-0.001942
506	-0.001827	-0.001887	-0.001808
507	-0.00176	-0.001779	-0.001665
508	-0.001784	-0.001792	-0.001706
509	-0.001829	-0.001835	-0.00179
510	-0.001861	-0.001858	-0.001843
511	-0.001885	-0.00187	-0.001879
512	-0.001906	-0.001907	-0.001932
513	-0.001925	-0.001966	-0.002
514	-0.001947	-0.001988	-0.00202
515	-0.001978	-0.001952	-0.001963
516	-0.00199	-0.001916	-0.001919
517	-0.001946	-0.001879	-0.001912
518	-0.00191	-0.001855	-0.001915
519	-0.001947	-0.001944	-0.002005
520	-0.001985	-0.002033	-0.002094
521	-0.002007	-0.002055	-0.00207
522	-0.002029	-0.002075	-0.002042
523	-0.002052	-0.002066	-0.00205
524	-0.002076	-0.002052	-0.002063
525	-0.002082	-0.002066	-0.002078
526	-0.00208	-0.002093	-0.002093
527	-0.002122	-0.002156	-0.002138
528	-0.002199	-0.002249	-0.002208
529	-0.00223	-0.002284	-0.002258
530	-0.002201	-0.002241	-0.002282
531	-0.002178	-0.002195	-0.002282
532	-0.002167	-0.002141	-0.002225
533	-0.002154	-0.002099	-0.002178
534	-0.002126	-0.002118	-0.002179
535	-0.002099	-0.002137	-0.00218
536	-0.002076	-0.002141	-0.002188
537	-0.002053	-0.002144	-0.002195
538	-0.002064	-0.002085	-0.002113
539	-0.002079	-0.00202	-0.002021
540	-0.002059	-0.002066	-0.002049
541	-0.002028	-0.002148	-0.002114
542	-0.00199	-0.002103	-0.002081
543	-0.001949	-0.001983	-0.001991
544	-0.001936	-0.001931	-0.001939
545	-0.001952	-0.001944	-0.001926
546	-0.001958	-0.001952	-0.001912
547	-0.001946	-0.001949	-0.001895
548	-0.001952	-0.001959	-0.001896
549	-0.00201	-0.002008	-0.001952
550	-0.002051	-0.002047	-0.001998
551	-0.001964	-0.002001	-0.00196
552	-0.001878	-0.001956	-0.001923
553	-0.001918	-0.00199	-0.001948
554	-0.001959	-0.002025	-0.001973
555	-0.001958	-0.002	-0.001964
556	-0.001951	-0.001966	-0.001949
557	-0.001992	-0.001996	-0.001994
558	-0.002051	-0.00205	-0.00206
559	-0.002079	-0.002081	-0.002109
560	-0.002085	-0.002099	-0.002146
561	-0.002111	-0.002114	-0.002157
562	-0.002156	-0.002126	-0.00214
563	-0.002185	-0.002149	-0.002148
564	-0.002184	-0.002193	-0.002198
565	-0.002192	-0.002236	-0.002242
566	-0.002231	-0.002279	-0.002264
567	-0.002268	-0.002315	-0.002286
568	-0.00228	-0.002295	-0.002312
569	-0.002291	-0.002276	-0.002339
570	-0.002298	-0.002302	-0.002286
571	-0.002305	-0.002329	-0.002233
572	-0.002315	-0.002306	-0.002253
573	-0.002325	-0.002277	-0.002284
574	-0.002333	-0.002279	-0.002303
575	-0.002341	-0.002292	-0.002319
576	-0.002307	-0.00226	-0.002293
577	-0.00225	-0.002202	-0.002242
578	-0.002185	-0.002143	-0.00218
579	-0.002113	-0.002082	-0.002108
580	-0.002062	-0.002049	-0.002056
581	-0.002043	-0.002058	-0.002035
582	-0.002022	-0.00206	-0.00202
583	-0.001995	-0.002043	-0.002019
584	-0.001969	-0.002019	-0.002014
585	-0.001948	-0.00196	-0.001984
586	-0.00193	-0.001903	-0.001956
587	-0.001968	-0.001913	-0.001965
588	-0.002007	-0.001922	-0.001973
589	-0.001989	-0.001939	-0.001967
590	-0.001966	-0.001956	-0.00196
591	-0.001938	-0.001945	-0.001914
592	-0.001909	-0.001927	-0.001859
593	-0.001893	-0.001894	-0.001862
594	-0.001881	-0.001853	-0.001889
595	-0.001886	-0.00187	-0.001917
596	-0.001902	-0.001927	-0.001946
597	-0.001912	-0.001952	-0.001956
598	-0.001915	-0.001944	-0.001944
599	-0.00194	-0.001959	-0.001945
600	-0.002005	-0.002014	-0.001971
601	-0.00205	-0.002058	-0.002001
602	-0.00204	-0.002068	-0.002044
603	-0.002034	-0.00207	-0.002086
604	-0.00205	-0.002028	-0.002117
605	-0.002067	-0.00199	-0.002148
606	-0.002104	-0.002073	-0.002174
607	-0.002141	-0.002155	-0.0022
608	-0.002121	-0.002151	-0.002173
609	-0.002097	-0.002139	-0.002142
610	-0.002098	-0.002138	-0.002132
611	-0.002106	-0.002138	-0.002125
612	-0.002139	-0.002178	-0.002184
613	-0.002182	-0.002234	-0.002269
614	-0.002212	-0.002259	-0.002289
615	-0.002233	-0.002264	-0.002267
616	-0.002221	-0.002247	-0.002249
617	-0.002178	-0.002208	-0.002235
618	-0.002179	-0.002207	-0.002243
619	-0.002248	-0.00226	-0.002285
620	-0.002309	-0.00229	-0.002307
621	-0.00235	-0.002265	-0.002283
622	-0.002376	-0.002246	-0.00226
623	-0.002338	-0.002248	-0.002243
624	-0.002306	-0.002251	-0.002229
625	-0.002324	-0.002272	-0.002253
626	-0.002342	-0.002292	-0.002277
627	-0.002279	-0.00224	-0.002273
628	-0.002216	-0.002187	-0.002268
629	-0.002172	-0.002114	-0.002199
630	-0.002131	-0.002037	-0.002122
631	-0.002123	-0.002117	-0.00214
632	-0.002124	-0.002236	-0.002182
633	-0.0021	-0.002209	-0.002142
634	-0.002066	-0.002118	-0.002066
635	-0.002078	-0.002097	-0.002049
636	-0.002122	-0.002122	-0.002072
637	-0.002124	-0.002122	-0.002101
638	-0.002087	-0.002097	-0.002136
639	-0.002055	-0.002075	-0.00213
640	-0.002033	-0.002057	-0.002066
641	-0.002011	-0.002033	-0.002011
642	-0.001989	-0.001996	-0.001976
643	-0.001976	-0.001977	-0.001969
644	-0.001997	-0.002019	-0.002059
645	-0.002011	-0.002046	-0.002122
646	-0.001982	-0.001971	-0.001999
647	-0.001953	-0.001899	-0.001881
648	-0.001953	-0.001901	-0.001896
649	-0.001953	-0.001904	-0.001912
650	-0.00193	-0.001926	-0.001938
651	-0.001904	-0.001949	-0.001965
652	-0.001955	-0.001992	-0.001977
653	-0.002018	-0.002039	-0.001986
654	-0.002017	-0.002033	-0.001984
655	-0.001997	-0.00201	-0.001977
656	-0.002001	-0.002013	-0.002004
657	-0.002018	-0.002028	-0.002048
658	-0.002027	-0.002059	-0.002085
659	-0.002031	-0.0021	-0.002118
660	-0.002037	-0.002101	-0.002125
661	-0.002044	-0.002062	-0.002105
662	-0.002083	-0.002085	-0.002142
663	-0.00217	-0.002195	-0.002262
664	-0.002233	-0.002279	-0.002345
665	-0.00225	-0.002309	-0.002355
666	-0.002256	-0.002334	-0.002368
667	-0.002227	-0.002342	-0.002396
668	-0.002211	-0.002348	-0.002417
669	-0.002267	-0.002351	-0.002411
670	-0.002319	-0.002354	-0.002403
671	-0.002332	-0.002352	-0.002377
672	-0.002345	-0.00235	-0.00235
673	-0.002385	-0.002398	-0.002403
674	-0.002425	-0.002445	-0.002455
675	-0.002364	-0.002392	-0.002457
676	-0.002294	-0.002329	-0.002455
677	-0.002318	-0.002342	-0.002431
678	-0.00236	-0.002369	-0.002403
679	-0.002407	-0.002401	-0.00242
680	-0.002455	-0.002433	-0.00245
681	-0.002443	-0.002379	-0.002434
682	-0.002404	-0.002284	-0.002398
683	-0.00239	-0.00229	-0.002411
684	-0.002392	-0.00236	-0.002457
685	-0.002408	-0.002417	-0.002473
686	-0.002435	-0.002463	-0.002465
687	-0.002454	-0.002469	-0.002468
688	-0.002462	-0.002428	-0.002484
689	-0.002437	-0.002393	-0.002491
690	-0.002357	-0.002364	-0.002484
691	-0.002321	-0.00236	-0.002473
692	-0.002383	-0.002406	-0.002451
693	-0.00243	-0.00243	-0.002436
694	-0.00243	-0.002383	-0.002439
695	-0.002416	-0.002335	-0.002428
696	-0.002336	-0.002284	-0.002353
697	-0.002264	-0.002244	-0.00229
698	-0.002263	-0.002314	-0.002325
699	-0.002261	-0.00238	-0.002359
700	-0.002246	-0.002342	-0.002331
701	-0.002231	-0.002303	-0.002303
702	-0.002187	-0.002283	-0.002245
703	-0.002141	-0.002264	-0.002186
704	-0.002119	-0.002243	-0.002163
705	-0.002099	-0.00222	-0.002143
706	-0.002093	-0.002181	-0.002164
707	-0.00209	-0.002138	-0.002193
708	-0.002079	-0.002105	-0.002167
709	-0.002065	-0.002076	-0.002124
710	-0.002074	-0.002085	-0.00211
711	-0.002091	-0.00211	-0.002109
712	-0.002136	-0.002164	-0.002146
713	-0.002197	-0.002233	-0.002204
714	-0.00222	-0.002257	-0.002227
715	-0.002213	-0.002248	-0.002223
716	-0.002151	-0.002195	-0.002191
717	-0.002036	-0.0021	-0.002132
718	-0.001983	-0.002056	-0.002088
719	-0.002001	-0.002072	-0.002062
720	-0.002041	-0.002102	-0.002078
[LOG]
CHECKSUMµÄ