[HEADER]
Format	J&M ASCII Table
Comment	
Date	26/03/2026 11:41:44
Order	Y (evenX)
TechType	UV
NumPoints	411
FirstX	310
LastX	720
XType	nm
YType	Absorbance
ZType	s
NumSubFile	3
Matrix	Z vs X
[LOGIN]
Name=pcbob
[INSTRUMENT]
Name=TIDAS E Base UV/VI
Detector=MMS - ASPEN 97,5 kHz
Diodearray=256 Pixel
Serial#=36584
Calibrated=2011-07-01
Range=183.81-729.88 [nm] (F0)

SWVersion=v3.18.2 (build 0)[LOGIN]
Name=pcbob
[CONFIG]
ChannelName=Channel 1
ChannelType=Normalized
[PARAMETER]
It=400,00
Aver=5
Norm=3
Range=310,0-720,0 nm
Scan=Time
ScanTime=5,00 s
[TRIGGER]
Sweep=0
Scan=0
[DIO]
DigOut=0x0000
DigIn=0x0000
[DATA]
	00:00:00,000	00:00:02,000	00:00:04,000
310	0.006727	0.006723	0.006641
311	0.006329	0.006315	0.006237
312	0.005927	0.00592	0.005843
313	0.005525	0.00553	0.005459
314	0.005125	0.005148	0.005087
315	0.004744	0.004775	0.004723
316	0.004423	0.004432	0.004381
317	0.004097	0.004085	0.004035
318	0.003706	0.003694	0.003628
319	0.003315	0.003304	0.003222
320	0.00289	0.002881	0.00281
321	0.00246	0.002454	0.002398
322	0.002009	0.002032	0.001957
323	0.001549	0.001611	0.001504
324	0.001137	0.001176	0.001074
325	0.000766	0.000728	0.000663
326	0.000369	0.00031	0.000264
327	-0.000078	-0.000054	-0.000113
328	-0.000502	-0.00041	-0.00048
329	-0.00082	-0.000725	-0.000805
330	-0.001139	-0.001041	-0.00113
331	-0.0014	-0.001326	-0.001397
332	-0.001661	-0.001612	-0.001664
333	-0.001954	-0.001907	-0.001946
334	-0.002252	-0.002204	-0.002233
335	-0.002559	-0.002506	-0.002542
336	-0.002869	-0.002809	-0.002863
337	-0.003207	-0.003148	-0.003201
338	-0.003578	-0.003525	-0.003559
339	-0.003954	-0.003901	-0.003924
340	-0.004346	-0.004275	-0.004305
341	-0.004741	-0.00466	-0.004693
342	-0.005156	-0.005125	-0.005119
343	-0.005572	-0.005591	-0.005545
344	-0.006044	-0.006035	-0.006031
345	-0.00652	-0.006477	-0.006521
346	-0.007067	-0.006986	-0.007053
347	-0.007635	-0.007515	-0.007597
348	-0.008193	-0.008077	-0.008167
349	-0.008744	-0.008663	-0.008753
350	-0.009302	-0.009229	-0.009294
351	-0.009867	-0.009769	-0.009775
352	-0.010439	-0.010326	-0.010286
353	-0.011032	-0.010932	-0.010887
354	-0.011622	-0.011533	-0.011487
355	-0.012181	-0.012071	-0.012071
356	-0.01274	-0.01261	-0.012655
357	-0.013407	-0.013294	-0.013343
358	-0.014086	-0.013993	-0.014042
359	-0.014682	-0.014609	-0.014656
360	-0.015248	-0.015193	-0.015241
361	-0.015844	-0.015799	-0.015843
362	-0.016462	-0.016422	-0.016459
363	-0.017073	-0.017023	-0.017054
364	-0.017672	-0.017587	-0.017616
365	-0.018274	-0.018167	-0.018196
366	-0.018883	-0.018802	-0.018841
367	-0.019491	-0.019435	-0.01948
368	-0.020069	-0.020001	-0.020007
369	-0.020647	-0.020568	-0.020534
370	-0.02124	-0.021126	-0.021094
371	-0.021836	-0.021684	-0.021657
372	-0.022335	-0.022206	-0.022208
373	-0.022793	-0.022712	-0.022752
374	-0.023294	-0.02323	-0.023269
375	-0.023832	-0.023758	-0.02376
376	-0.024332	-0.024236	-0.024226
377	-0.024762	-0.024627	-0.024645
378	-0.025188	-0.025021	-0.025066
379	-0.02559	-0.025423	-0.025488
380	-0.025993	-0.025826	-0.025911
381	-0.026419	-0.026304	-0.026334
382	-0.026844	-0.026782	-0.026757
383	-0.02718	-0.027105	-0.027102
384	-0.027501	-0.027402	-0.027433
385	-0.027695	-0.027625	-0.027628
386	-0.027831	-0.027814	-0.027759
387	-0.027999	-0.027976	-0.027914
388	-0.028197	-0.02811	-0.028091
389	-0.028301	-0.028177	-0.028196
390	-0.028227	-0.028119	-0.028164
391	-0.028196	-0.028098	-0.028164
392	-0.028353	-0.028248	-0.028307
393	-0.028511	-0.028398	-0.028449
394	-0.028701	-0.028555	-0.028587
395	-0.028891	-0.028712	-0.028725
396	-0.028901	-0.028718	-0.028801
397	-0.028878	-0.028698	-0.028866
398	-0.028833	-0.028677	-0.028824
399	-0.028779	-0.028656	-0.02873
400	-0.028818	-0.028714	-0.028775
401	-0.028947	-0.028847	-0.028951
402	-0.029116	-0.02901	-0.02911
403	-0.029361	-0.029233	-0.029239
404	-0.029542	-0.029401	-0.029344
405	-0.029439	-0.029327	-0.029341
406	-0.029338	-0.029254	-0.029336
407	-0.029373	-0.029224	-0.029274
408	-0.029408	-0.029194	-0.029211
409	-0.02951	-0.029307	-0.029297
410	-0.029623	-0.029444	-0.029409
411	-0.029636	-0.029488	-0.029457
412	-0.029604	-0.029491	-0.029477
413	-0.029654	-0.029548	-0.029542
414	-0.029777	-0.029655	-0.029649
415	-0.029942	-0.02981	-0.029799
416	-0.030178	-0.030046	-0.030021
417	-0.030384	-0.030249	-0.030218
418	-0.03047	-0.030315	-0.030312
419	-0.030553	-0.03038	-0.030403
420	-0.030547	-0.030402	-0.030431
421	-0.03054	-0.030425	-0.030458
422	-0.030637	-0.030494	-0.030525
423	-0.030748	-0.03057	-0.030598
424	-0.030752	-0.030597	-0.030618
425	-0.030714	-0.030604	-0.030618
426	-0.030677	-0.030558	-0.030544
427	-0.030641	-0.030469	-0.030412
428	-0.030476	-0.030284	-0.030206
429	-0.030112	-0.029951	-0.029888
430	-0.029752	-0.029619	-0.029574
431	-0.029404	-0.029293	-0.029274
432	-0.029066	-0.028975	-0.028981
433	-0.028857	-0.02876	-0.028779
434	-0.028648	-0.028544	-0.028578
435	-0.02852	-0.028368	-0.0284
436	-0.028399	-0.028194	-0.028224
437	-0.028233	-0.028028	-0.028055
438	-0.028051	-0.027863	-0.027887
439	-0.027815	-0.027644	-0.027651
440	-0.027541	-0.027389	-0.027369
441	-0.027306	-0.027156	-0.027107
442	-0.02712	-0.026951	-0.026871
443	-0.026913	-0.026741	-0.026651
444	-0.026652	-0.026518	-0.026472
445	-0.026406	-0.026302	-0.026289
446	-0.026271	-0.026133	-0.026081
447	-0.026135	-0.025963	-0.025873
448	-0.025839	-0.025669	-0.025623
449	-0.025538	-0.025372	-0.025372
450	-0.025322	-0.025172	-0.025175
451	-0.025127	-0.024994	-0.024992
452	-0.024916	-0.024798	-0.0248
453	-0.024697	-0.024593	-0.024604
454	-0.024478	-0.024369	-0.024382
455	-0.024257	-0.024127	-0.024135
456	-0.024029	-0.023882	-0.023893
457	-0.023787	-0.023633	-0.023665
458	-0.023547	-0.023395	-0.023437
459	-0.023316	-0.023201	-0.023211
460	-0.023087	-0.023005	-0.022985
461	-0.022922	-0.022791	-0.022759
462	-0.022756	-0.022576	-0.022533
463	-0.022573	-0.022387	-0.022368
464	-0.022388	-0.022201	-0.02221
465	-0.022193	-0.022025	-0.02202
466	-0.021994	-0.021853	-0.021819
467	-0.021692	-0.021574	-0.021501
468	-0.021317	-0.02122	-0.0211
469	-0.021024	-0.020898	-0.020809
470	-0.020841	-0.020617	-0.020664
471	-0.020603	-0.020332	-0.020438
472	-0.020227	-0.020035	-0.020005
473	-0.019884	-0.019753	-0.019618
474	-0.019753	-0.019567	-0.01953
475	-0.019621	-0.019381	-0.019442
476	-0.019405	-0.01917	-0.019181
477	-0.019187	-0.018957	-0.018918
478	-0.01894	-0.018706	-0.018712
479	-0.018688	-0.018447	-0.018519
480	-0.018585	-0.018345	-0.018411
481	-0.01855	-0.018316	-0.018343
482	-0.018444	-0.018213	-0.018221
483	-0.018274	-0.018047	-0.018053
484	-0.018191	-0.017965	-0.017976
485	-0.018244	-0.018015	-0.018044
486	-0.018202	-0.017989	-0.018019
487	-0.01786	-0.017727	-0.017704
488	-0.017528	-0.017462	-0.017393
489	-0.017286	-0.017169	-0.01711
490	-0.017044	-0.016876	-0.016828
491	-0.016754	-0.016577	-0.01652
492	-0.016461	-0.016278	-0.01621
493	-0.016158	-0.015985	-0.015936
494	-0.015852	-0.015694	-0.01567
495	-0.015556	-0.015391	-0.015403
496	-0.015265	-0.015082	-0.015135
497	-0.015045	-0.014835	-0.014915
498	-0.014892	-0.014646	-0.01474
499	-0.014702	-0.014436	-0.014541
500	-0.014451	-0.014191	-0.0143
501	-0.014198	-0.013945	-0.014043
502	-0.013936	-0.013695	-0.013728
503	-0.013672	-0.013444	-0.013423
504	-0.013386	-0.013178	-0.01322
505	-0.013099	-0.012913	-0.013017
506	-0.012822	-0.012643	-0.012663
507	-0.012547	-0.012372	-0.012299
508	-0.012341	-0.012176	-0.012113
509	-0.012152	-0.011997	-0.01197
510	-0.011951	-0.011797	-0.011774
511	-0.011743	-0.011585	-0.01155
512	-0.011579	-0.01142	-0.011376
513	-0.011454	-0.011299	-0.011245
514	-0.011297	-0.011136	-0.011095
515	-0.011088	-0.010909	-0.010916
516	-0.010884	-0.010694	-0.010722
517	-0.010699	-0.01052	-0.010479
518	-0.010521	-0.010354	-0.010255
519	-0.010411	-0.010246	-0.010189
520	-0.010302	-0.010139	-0.010123
521	-0.010184	-0.00996	-0.009956
522	-0.010065	-0.009779	-0.009787
523	-0.009907	-0.009651	-0.009684
524	-0.00974	-0.009533	-0.009594
525	-0.009615	-0.009423	-0.009482
526	-0.009508	-0.009317	-0.009362
527	-0.009451	-0.009248	-0.009281
528	-0.009433	-0.00921	-0.009231
529	-0.009347	-0.009115	-0.009128
530	-0.00917	-0.008945	-0.008953
531	-0.008966	-0.008759	-0.008752
532	-0.008694	-0.008537	-0.00849
533	-0.008444	-0.008329	-0.008252
534	-0.008309	-0.008191	-0.008139
535	-0.008174	-0.008053	-0.008024
536	-0.008038	-0.007915	-0.007856
537	-0.007902	-0.007778	-0.007689
538	-0.007702	-0.007535	-0.007462
539	-0.007495	-0.00728	-0.007229
540	-0.007357	-0.007162	-0.007117
541	-0.007239	-0.007086	-0.007042
542	-0.007036	-0.006867	-0.006877
543	-0.006783	-0.006563	-0.00666
544	-0.006584	-0.006359	-0.006463
545	-0.006441	-0.006256	-0.006288
546	-0.006306	-0.006145	-0.006134
547	-0.006187	-0.006022	-0.006014
548	-0.006074	-0.005889	-0.005892
549	-0.005977	-0.005726	-0.005761
550	-0.005864	-0.005561	-0.005621
551	-0.005624	-0.005371	-0.005412
552	-0.005383	-0.005182	-0.005202
553	-0.00528	-0.005047	-0.005103
554	-0.005178	-0.004912	-0.005004
555	-0.005114	-0.004843	-0.004915
556	-0.005057	-0.004784	-0.004827
557	-0.004994	-0.004743	-0.004752
558	-0.004929	-0.004708	-0.00468
559	-0.004836	-0.004621	-0.004583
560	-0.004723	-0.0045	-0.004469
561	-0.004616	-0.0044	-0.004376
562	-0.004514	-0.004324	-0.004303
563	-0.004437	-0.004255	-0.004243
564	-0.004404	-0.004202	-0.004207
565	-0.004353	-0.004132	-0.004159
566	-0.00424	-0.004007	-0.004075
567	-0.004138	-0.003894	-0.003998
568	-0.004121	-0.00388	-0.003974
569	-0.004105	-0.003866	-0.003951
570	-0.004034	-0.003825	-0.003866
571	-0.003963	-0.003783	-0.00378
572	-0.003865	-0.003693	-0.003677
573	-0.003764	-0.003596	-0.003571
574	-0.00369	-0.003512	-0.003489
575	-0.003625	-0.003432	-0.003414
576	-0.003521	-0.003313	-0.003297
577	-0.003395	-0.003172	-0.003157
578	-0.003255	-0.003031	-0.003014
579	-0.003102	-0.002892	-0.00287
580	-0.002955	-0.002766	-0.002736
581	-0.002817	-0.00266	-0.002616
582	-0.002678	-0.002542	-0.002482
583	-0.002535	-0.002389	-0.002312
584	-0.002382	-0.002224	-0.002143
585	-0.002181	-0.001987	-0.001977
586	-0.001981	-0.001755	-0.001811
587	-0.001819	-0.001632	-0.001642
588	-0.001657	-0.001509	-0.001473
589	-0.001514	-0.001338	-0.001298
590	-0.001371	-0.001164	-0.001122
591	-0.00119	-0.00101	-0.000962
592	-0.001	-0.000861	-0.000804
593	-0.000864	-0.000697	-0.000653
594	-0.000751	-0.000527	-0.000505
595	-0.000665	-0.000412	-0.000403
596	-0.000598	-0.000335	-0.000334
597	-0.000494	-0.000233	-0.000245
598	-0.000349	-0.000104	-0.000135
599	-0.000239	-0.000003	-0.000042
600	-0.000186	0.000047	0.000021
601	-0.000129	0.000101	0.00009
602	-0.000056	0.000164	0.000175
603	0.000021	0.000236	0.000265
604	0.000131	0.000365	0.000385
605	0.000241	0.000492	0.000502
606	0.000364	0.000586	0.000572
607	0.000486	0.00068	0.000641
608	0.000599	0.0008	0.0008
609	0.000711	0.000922	0.000965
610	0.000838	0.001006	0.001072
611	0.000968	0.001082	0.001166
612	0.00104	0.001167	0.001205
613	0.001088	0.001256	0.001221
614	0.00114	0.001347	0.001304
615	0.001195	0.00144	0.00143
616	0.001286	0.001539	0.00156
617	0.001413	0.001645	0.001694
618	0.001525	0.001748	0.001802
619	0.001615	0.001846	0.001873
620	0.001702	0.001935	0.001932
621	0.001783	0.002	0.001965
622	0.001884	0.002081	0.002033
623	0.002064	0.002224	0.002251
624	0.002235	0.002367	0.002456
625	0.002326	0.002501	0.002536
626	0.002416	0.002635	0.002616
627	0.002475	0.002668	0.002695
628	0.002535	0.0027	0.002774
629	0.002663	0.002852	0.002906
630	0.0028	0.003018	0.003044
631	0.002886	0.003106	0.003128
632	0.002959	0.003173	0.003197
633	0.003063	0.003253	0.003303
634	0.003181	0.003339	0.003423
635	0.003268	0.003448	0.003543
636	0.003333	0.003573	0.003663
637	0.003427	0.003693	0.003737
638	0.00355	0.00381	0.003768
639	0.003637	0.003876	0.003806
640	0.003673	0.003866	0.003854
641	0.003744	0.003917	0.003935
642	0.003892	0.004099	0.004086
643	0.004029	0.004263	0.004225
644	0.004123	0.004361	0.004314
645	0.004224	0.004467	0.00441
646	0.004372	0.004624	0.004558
647	0.004514	0.004775	0.004701
648	0.004495	0.004763	0.004699
649	0.004476	0.004751	0.004696
650	0.004421	0.004697	0.004634
651	0.004365	0.00464	0.004569
652	0.004269	0.004498	0.004465
653	0.004167	0.004342	0.004355
654	0.00407	0.004239	0.004284
655	0.003974	0.004154	0.004227
656	0.003992	0.004171	0.004238
657	0.004065	0.004236	0.004283
658	0.00414	0.004329	0.004367
659	0.004217	0.004442	0.004478
660	0.004395	0.004607	0.00465
661	0.004674	0.004825	0.004883
662	0.004847	0.004983	0.005055
663	0.00487	0.005057	0.005142
664	0.004931	0.005152	0.005233
665	0.005065	0.005291	0.005335
666	0.005187	0.005406	0.00544
667	0.005269	0.005447	0.005558
668	0.005343	0.005493	0.005659
669	0.005372	0.005557	0.005675
670	0.005408	0.005625	0.005697
671	0.005512	0.005725	0.005787
672	0.005616	0.005825	0.005877
673	0.005571	0.005771	0.005844
674	0.005527	0.005717	0.00581
675	0.0056	0.005799	0.005854
676	0.005684	0.005894	0.005906
677	0.005714	0.005941	0.005942
678	0.005734	0.00598	0.005976
679	0.005763	0.005996	0.006009
680	0.005795	0.006006	0.006041
681	0.00586	0.006048	0.0061
682	0.00594	0.006105	0.00617
683	0.006031	0.006206	0.006255
684	0.006128	0.006334	0.00635
685	0.006204	0.006414	0.006432
686	0.006263	0.006449	0.006501
687	0.006299	0.006492	0.006571
688	0.006309	0.006544	0.006642
689	0.00636	0.00662	0.006709
690	0.006478	0.006733	0.006769
691	0.006575	0.006813	0.006836
692	0.006625	0.006818	0.006916
693	0.006669	0.006848	0.006976
694	0.006694	0.006953	0.006972
695	0.006737	0.007054	0.006989
696	0.006866	0.00713	0.007108
697	0.006984	0.007201	0.00722
698	0.007001	0.007227	0.007273
699	0.007021	0.007253	0.007326
700	0.00711	0.007286	0.007378
701	0.0072	0.007319	0.00743
702	0.007293	0.007481	0.007483
703	0.007387	0.007648	0.007537
704	0.007475	0.007722	0.00763
705	0.007562	0.007785	0.007729
706	0.007517	0.007773	0.007747
707	0.007446	0.007745	0.00775
708	0.007558	0.007855	0.007824
709	0.007725	0.008007	0.007921
710	0.007803	0.008033	0.007978
711	0.007842	0.008007	0.008018
712	0.007801	0.007987	0.007989
713	0.007714	0.00797	0.007923
714	0.00772	0.007967	0.007952
715	0.007792	0.007973	0.00805
716	0.007849	0.008006	0.008096
717	0.00789	0.008063	0.008095
718	0.007917	0.008114	0.008131
719	0.007926	0.008159	0.008213
720	0.007959	0.008192	0.008273
[LOG]
CHECKSUM¿