[HEADER]
Format	J&M ASCII Table
Comment	
Date	02/04/2026 13:48:27
Order	Y (evenX)
TechType	UV
NumPoints	411
FirstX	310
LastX	720
XType	nm
YType	Absorbance
ZType	s
NumSubFile	3
Matrix	Z vs X
[LOGIN]
Name=pcbob
[INSTRUMENT]
Name=TIDAS E Base UV/VI
Detector=MMS - ASPEN 97,5 kHz
Diodearray=256 Pixel
Serial#=36584
Calibrated=2011-07-01
Range=183.81-729.88 [nm] (F0)

SWVersion=v3.18.2 (build 0)[LOGIN]
Name=pcbob
[CONFIG]
ChannelName=Channel 1
ChannelType=Normalized
[PARAMETER]
It=400,00
Aver=5
Norm=3
Range=310,0-720,0 nm
Scan=Time
ScanTime=5,00 s
[TRIGGER]
Sweep=0
Scan=0
[DIO]
DigOut=0x0000
DigIn=0x0000
[DATA]
	00:00:00,000	00:00:02,000	00:00:04,000
310	0.004393	0.004533	0.004632
311	0.004214	0.004362	0.004433
312	0.00407	0.004233	0.004256
313	0.003896	0.004061	0.004064
314	0.003682	0.003827	0.003851
315	0.003478	0.003614	0.003656
316	0.003311	0.003465	0.003521
317	0.003146	0.003316	0.003388
318	0.003025	0.00319	0.003283
319	0.002904	0.003063	0.003179
320	0.002739	0.002901	0.002999
321	0.002569	0.002736	0.002809
322	0.002378	0.002542	0.002605
323	0.002178	0.002337	0.002395
324	0.001968	0.002133	0.002182
325	0.001749	0.00193	0.001965
326	0.001523	0.00171	0.001749
327	0.001284	0.001458	0.001533
328	0.001031	0.001189	0.001295
329	0.000717	0.000846	0.000954
330	0.000402	0.000503	0.000613
331	0.000158	0.000267	0.00034
332	-0.000086	0.000032	0.000067
333	-0.000375	-0.000255	-0.000217
334	-0.000673	-0.000552	-0.000504
335	-0.000972	-0.000852	-0.000776
336	-0.001271	-0.001154	-0.00104
337	-0.001596	-0.001497	-0.001365
338	-0.00195	-0.001886	-0.001757
339	-0.00232	-0.002269	-0.002157
340	-0.002727	-0.002636	-0.002575
341	-0.003152	-0.003029	-0.003006
342	-0.003706	-0.0036	-0.003524
343	-0.00426	-0.004172	-0.004043
344	-0.004726	-0.004605	-0.004469
345	-0.005186	-0.00503	-0.00489
346	-0.005688	-0.005529	-0.005388
347	-0.006201	-0.006049	-0.005908
348	-0.006743	-0.006592	-0.006445
349	-0.007304	-0.007151	-0.006994
350	-0.007836	-0.007672	-0.007535
351	-0.008331	-0.008141	-0.008065
352	-0.008839	-0.008641	-0.008607
353	-0.00939	-0.009237	-0.009185
354	-0.00994	-0.009828	-0.009758
355	-0.010479	-0.010371	-0.010283
356	-0.011018	-0.010915	-0.010809
357	-0.011679	-0.011517	-0.011466
358	-0.012354	-0.012125	-0.012138
359	-0.012973	-0.012755	-0.012772
360	-0.013571	-0.013392	-0.013394
361	-0.014131	-0.013974	-0.013957
362	-0.014662	-0.014513	-0.014475
363	-0.015196	-0.015048	-0.014998
364	-0.015737	-0.015576	-0.015529
365	-0.01628	-0.016096	-0.016052
366	-0.016831	-0.016588	-0.016549
367	-0.01738	-0.017082	-0.017046
368	-0.01785	-0.017605	-0.017554
369	-0.018321	-0.018128	-0.018061
370	-0.018794	-0.018601	-0.018506
371	-0.019266	-0.019066	-0.018941
372	-0.019697	-0.01953	-0.019394
373	-0.020111	-0.019992	-0.019856
374	-0.020506	-0.020375	-0.020265
375	-0.020886	-0.020689	-0.020628
376	-0.021264	-0.021045	-0.021001
377	-0.021642	-0.021476	-0.021391
378	-0.022023	-0.021899	-0.021779
379	-0.022421	-0.022289	-0.022163
380	-0.022817	-0.022676	-0.022544
381	-0.023126	-0.02294	-0.022843
382	-0.023435	-0.023205	-0.023141
383	-0.023667	-0.023423	-0.02334
384	-0.023887	-0.023634	-0.023522
385	-0.024034	-0.023795	-0.023697
386	-0.024149	-0.023933	-0.023868
387	-0.024258	-0.024037	-0.023994
388	-0.024363	-0.02411	-0.024079
389	-0.024435	-0.024168	-0.024135
390	-0.024446	-0.0242	-0.024139
391	-0.02447	-0.024253	-0.024166
392	-0.02455	-0.024403	-0.024295
393	-0.024631	-0.024553	-0.024425
394	-0.024763	-0.024615	-0.024531
395	-0.024895	-0.024676	-0.024638
396	-0.024917	-0.024724	-0.024664
397	-0.02492	-0.024769	-0.024675
398	-0.024919	-0.024731	-0.024654
399	-0.024917	-0.024653	-0.024617
400	-0.025031	-0.024761	-0.024702
401	-0.025254	-0.025042	-0.024902
402	-0.025438	-0.025252	-0.02508
403	-0.025547	-0.02533	-0.025214
404	-0.025641	-0.025396	-0.025333
405	-0.025665	-0.025405	-0.025389
406	-0.025689	-0.025413	-0.025443
407	-0.025653	-0.025394	-0.025413
408	-0.025617	-0.025376	-0.025383
409	-0.025604	-0.025357	-0.025343
410	-0.025595	-0.025338	-0.025302
411	-0.025702	-0.02549	-0.025388
412	-0.025862	-0.025719	-0.025532
413	-0.025938	-0.025823	-0.025626
414	-0.025938	-0.025816	-0.025676
415	-0.026015	-0.025887	-0.025788
416	-0.026225	-0.026095	-0.026007
417	-0.02644	-0.026308	-0.026234
418	-0.026674	-0.026543	-0.026489
419	-0.026899	-0.026768	-0.026734
420	-0.026909	-0.026739	-0.02674
421	-0.026919	-0.026711	-0.026746
422	-0.027005	-0.026748	-0.026756
423	-0.027102	-0.026796	-0.026768
424	-0.027205	-0.026895	-0.026859
425	-0.02731	-0.027015	-0.026981
426	-0.027304	-0.027046	-0.027025
427	-0.027209	-0.027006	-0.027004
428	-0.027065	-0.026896	-0.026875
429	-0.026848	-0.026678	-0.026579
430	-0.026637	-0.026462	-0.026315
431	-0.026445	-0.026253	-0.026161
432	-0.026254	-0.026047	-0.026005
433	-0.026079	-0.025873	-0.025815
434	-0.025904	-0.025699	-0.025625
435	-0.025689	-0.025459	-0.025447
436	-0.02547	-0.025213	-0.02527
437	-0.025356	-0.02509	-0.025103
438	-0.025274	-0.025007	-0.02494
439	-0.025102	-0.024847	-0.024764
440	-0.024868	-0.024635	-0.02458
441	-0.024642	-0.024444	-0.024409
442	-0.024427	-0.024279	-0.024257
443	-0.024248	-0.024125	-0.024115
444	-0.024163	-0.023998	-0.023998
445	-0.024073	-0.023873	-0.023878
446	-0.023944	-0.023761	-0.023737
447	-0.023816	-0.023649	-0.023596
448	-0.023731	-0.023535	-0.023514
449	-0.023647	-0.02342	-0.023434
450	-0.023537	-0.023295	-0.023315
451	-0.02342	-0.023167	-0.023187
452	-0.023343	-0.023104	-0.023099
453	-0.023288	-0.023076	-0.02303
454	-0.023186	-0.023021	-0.022971
455	-0.023037	-0.022938	-0.022921
456	-0.022895	-0.022813	-0.022822
457	-0.022763	-0.022609	-0.022633
458	-0.022646	-0.02243	-0.02246
459	-0.022588	-0.022355	-0.022353
460	-0.022526	-0.022277	-0.022245
461	-0.022359	-0.022128	-0.022101
462	-0.022191	-0.021978	-0.021957
463	-0.022105	-0.021901	-0.021883
464	-0.022028	-0.021834	-0.021817
465	-0.021887	-0.021678	-0.021657
466	-0.021722	-0.02149	-0.021463
467	-0.021495	-0.021277	-0.021248
468	-0.021226	-0.021047	-0.021019
469	-0.021006	-0.020856	-0.020834
470	-0.020852	-0.020719	-0.020707
471	-0.02069	-0.020551	-0.02054
472	-0.020508	-0.020305	-0.020272
473	-0.020334	-0.020072	-0.02003
474	-0.02021	-0.019915	-0.019954
475	-0.020086	-0.019758	-0.019877
476	-0.019944	-0.019663	-0.019767
477	-0.019802	-0.01957	-0.019655
478	-0.019762	-0.019524	-0.019567
479	-0.019742	-0.019489	-0.019484
480	-0.019673	-0.019454	-0.019424
481	-0.019581	-0.01942	-0.019375
482	-0.019465	-0.019345	-0.019297
483	-0.019328	-0.019233	-0.019193
484	-0.019271	-0.019166	-0.019117
485	-0.019341	-0.019168	-0.019084
486	-0.01934	-0.019129	-0.01903
487	-0.01912	-0.018962	-0.018905
488	-0.018913	-0.018802	-0.018784
489	-0.018841	-0.018715	-0.018692
490	-0.01877	-0.018628	-0.018599
491	-0.018577	-0.018471	-0.018439
492	-0.018378	-0.01831	-0.018276
493	-0.018199	-0.018119	-0.018111
494	-0.018025	-0.01792	-0.017945
495	-0.017816	-0.017661	-0.017713
496	-0.017589	-0.017371	-0.017447
497	-0.017383	-0.017168	-0.017239
498	-0.017198	-0.017046	-0.017086
499	-0.016991	-0.016882	-0.01688
500	-0.016746	-0.016649	-0.016584
501	-0.01651	-0.01642	-0.016325
502	-0.016304	-0.016205	-0.016189
503	-0.016099	-0.015992	-0.016045
504	-0.015904	-0.015812	-0.015824
505	-0.01571	-0.015632	-0.015604
506	-0.015545	-0.015392	-0.015361
507	-0.015382	-0.015149	-0.015118
508	-0.015278	-0.015023	-0.015037
509	-0.015188	-0.014927	-0.014995
510	-0.015072	-0.014836	-0.014889
511	-0.014945	-0.014746	-0.01475
512	-0.014819	-0.01464	-0.014623
513	-0.014694	-0.014519	-0.014506
514	-0.014601	-0.014435	-0.014415
515	-0.014558	-0.014411	-0.014366
516	-0.014509	-0.014365	-0.014308
517	-0.014441	-0.014253	-0.014221
518	-0.014377	-0.014154	-0.014145
519	-0.014358	-0.014167	-0.01416
520	-0.014338	-0.01418	-0.014175
521	-0.014274	-0.014096	-0.014178
522	-0.014208	-0.014009	-0.014182
523	-0.014123	-0.013919	-0.014049
524	-0.014034	-0.013828	-0.013888
525	-0.013949	-0.013755	-0.013772
526	-0.013865	-0.013691	-0.013675
527	-0.013787	-0.013628	-0.013613
528	-0.013714	-0.013566	-0.013576
529	-0.013636	-0.013504	-0.013512
530	-0.013551	-0.01344	-0.01341
531	-0.013458	-0.013349	-0.013297
532	-0.013343	-0.01319	-0.013159
533	-0.01321	-0.013019	-0.013008
534	-0.012986	-0.01278	-0.012792
535	-0.012763	-0.012545	-0.012577
536	-0.012594	-0.012419	-0.012434
537	-0.012426	-0.012293	-0.01229
538	-0.012275	-0.012133	-0.012079
539	-0.012127	-0.011969	-0.01186
540	-0.011978	-0.011814	-0.01172
541	-0.011829	-0.011662	-0.011604
542	-0.011675	-0.01152	-0.011514
543	-0.011517	-0.011384	-0.011437
544	-0.011402	-0.011267	-0.011326
545	-0.011328	-0.011168	-0.01118
546	-0.011236	-0.011056	-0.011041
547	-0.011115	-0.010922	-0.010911
548	-0.011008	-0.010813	-0.010806
549	-0.010948	-0.010782	-0.010779
550	-0.010882	-0.010745	-0.010743
551	-0.010764	-0.010656	-0.010641
552	-0.010646	-0.010568	-0.01054
553	-0.01051	-0.010413	-0.010396
554	-0.010375	-0.010257	-0.010252
555	-0.010326	-0.010208	-0.010196
556	-0.010291	-0.010176	-0.010155
557	-0.010298	-0.010205	-0.010153
558	-0.010319	-0.010254	-0.010165
559	-0.010313	-0.010217	-0.010129
560	-0.010288	-0.010124	-0.010062
561	-0.010223	-0.010025	-0.009995
562	-0.010115	-0.009921	-0.00993
563	-0.010047	-0.009874	-0.009881
564	-0.010052	-0.009928	-0.009863
565	-0.010039	-0.009945	-0.009831
566	-0.009972	-0.00984	-0.009755
567	-0.009899	-0.009732	-0.009676
568	-0.009791	-0.009595	-0.009583
569	-0.009683	-0.009459	-0.009489
570	-0.009597	-0.009412	-0.009392
571	-0.009511	-0.009366	-0.009294
572	-0.009348	-0.00922	-0.009137
573	-0.009173	-0.00906	-0.00897
574	-0.009027	-0.008899	-0.008819
575	-0.00889	-0.008738	-0.008673
576	-0.008736	-0.008589	-0.008538
577	-0.008572	-0.008445	-0.008411
578	-0.008418	-0.008288	-0.008262
579	-0.008272	-0.008116	-0.008093
580	-0.008135	-0.007962	-0.007945
581	-0.008011	-0.007835	-0.007831
582	-0.007889	-0.007728	-0.007727
583	-0.007772	-0.007671	-0.007651
584	-0.007654	-0.007592	-0.007559
585	-0.007529	-0.007395	-0.007382
586	-0.007405	-0.007205	-0.007209
587	-0.007298	-0.007142	-0.007122
588	-0.007192	-0.007079	-0.007035
589	-0.007112	-0.006965	-0.006919
590	-0.007034	-0.006846	-0.006799
591	-0.006956	-0.006746	-0.006737
592	-0.006878	-0.00665	-0.006688
593	-0.006759	-0.006549	-0.006568
594	-0.006622	-0.006447	-0.006417
595	-0.006514	-0.006348	-0.006291
596	-0.006425	-0.00625	-0.006182
597	-0.006347	-0.006169	-0.006113
598	-0.00628	-0.006106	-0.006087
599	-0.006242	-0.006069	-0.006075
600	-0.006252	-0.006077	-0.006083
601	-0.006253	-0.006083	-0.006093
602	-0.00623	-0.006082	-0.006109
603	-0.006207	-0.006078	-0.006117
604	-0.006191	-0.006052	-0.00608
605	-0.006174	-0.006025	-0.006042
606	-0.006112	-0.005958	-0.005965
607	-0.006051	-0.00589	-0.005888
608	-0.006021	-0.005885	-0.005862
609	-0.005993	-0.005884	-0.00584
610	-0.006015	-0.005896	-0.005853
611	-0.006049	-0.005911	-0.005873
612	-0.005984	-0.005848	-0.005842
613	-0.005879	-0.005753	-0.00579
614	-0.00581	-0.005698	-0.005739
615	-0.005764	-0.005668	-0.005688
616	-0.005732	-0.005635	-0.005639
617	-0.005714	-0.005599	-0.00559
618	-0.005698	-0.005564	-0.005548
619	-0.005684	-0.00553	-0.005515
620	-0.005645	-0.005481	-0.00546
621	-0.005545	-0.005394	-0.005349
622	-0.005458	-0.00532	-0.005255
623	-0.005421	-0.005301	-0.005233
624	-0.005377	-0.005272	-0.005203
625	-0.00527	-0.005151	-0.005096
626	-0.005163	-0.00503	-0.004989
627	-0.005056	-0.004929	-0.004938
628	-0.004949	-0.004827	-0.004888
629	-0.004927	-0.004784	-0.004824
630	-0.004915	-0.004747	-0.004757
631	-0.004826	-0.004648	-0.004668
632	-0.004717	-0.004533	-0.004573
633	-0.00465	-0.00448	-0.004499
634	-0.004602	-0.004454	-0.004436
635	-0.004619	-0.004473	-0.004442
636	-0.004679	-0.004522	-0.004495
637	-0.004614	-0.004455	-0.004418
638	-0.004425	-0.004273	-0.004212
639	-0.004263	-0.004129	-0.004058
640	-0.004139	-0.004039	-0.003979
641	-0.004042	-0.003956	-0.003912
642	-0.004008	-0.003886	-0.003872
643	-0.003964	-0.003826	-0.003818
644	-0.003886	-0.003797	-0.003711
645	-0.00381	-0.00376	-0.00361
646	-0.003741	-0.003658	-0.003559
647	-0.003671	-0.003557	-0.003507
648	-0.003578	-0.003485	-0.003431
649	-0.003485	-0.003413	-0.003355
650	-0.003441	-0.003331	-0.003291
651	-0.003399	-0.003249	-0.003227
652	-0.003271	-0.003117	-0.00312
653	-0.003128	-0.002976	-0.003006
654	-0.003059	-0.002931	-0.002935
655	-0.003011	-0.002918	-0.002877
656	-0.002987	-0.002905	-0.002843
657	-0.002974	-0.002892	-0.002821
658	-0.002997	-0.002918	-0.002877
659	-0.003046	-0.002971	-0.002987
660	-0.003104	-0.003026	-0.003048
661	-0.00317	-0.003085	-0.00306
662	-0.003236	-0.003152	-0.003105
663	-0.003301	-0.003232	-0.003199
664	-0.003353	-0.003283	-0.003269
665	-0.003376	-0.003276	-0.003287
666	-0.003411	-0.003287	-0.003299
667	-0.003481	-0.003353	-0.003293
668	-0.003521	-0.003387	-0.00328
669	-0.003405	-0.003253	-0.003231
670	-0.003297	-0.003129	-0.003185
671	-0.003281	-0.003115	-0.003169
672	-0.003266	-0.003101	-0.003152
673	-0.003288	-0.003106	-0.003128
674	-0.003311	-0.003111	-0.003103
675	-0.003256	-0.003118	-0.003108
676	-0.003194	-0.003126	-0.003115
677	-0.003237	-0.003127	-0.00315
678	-0.0033	-0.003127	-0.00319
679	-0.00325	-0.003065	-0.003116
680	-0.003165	-0.002985	-0.003005
681	-0.003113	-0.002973	-0.002949
682	-0.003075	-0.002994	-0.002919
683	-0.003044	-0.002957	-0.002881
684	-0.003016	-0.002884	-0.002837
685	-0.002978	-0.002835	-0.00282
686	-0.002932	-0.002809	-0.002824
687	-0.002866	-0.002754	-0.002766
688	-0.002777	-0.002665	-0.002633
689	-0.002723	-0.002599	-0.002534
690	-0.002727	-0.002571	-0.002491
691	-0.00271	-0.002552	-0.002459
692	-0.002645	-0.002552	-0.002454
693	-0.00257	-0.002528	-0.002433
694	-0.002465	-0.002428	-0.002368
695	-0.00238	-0.002331	-0.002306
696	-0.002392	-0.002248	-0.002262
697	-0.002391	-0.00217	-0.002217
698	-0.002284	-0.002131	-0.002162
699	-0.00218	-0.002093	-0.002109
700	-0.002162	-0.002094	-0.002085
701	-0.002144	-0.002094	-0.002062
702	-0.002122	-0.002019	-0.001979
703	-0.0021	-0.001941	-0.001893
704	-0.00204	-0.001904	-0.001878
705	-0.001975	-0.00187	-0.001871
706	-0.001945	-0.001802	-0.001854
707	-0.001923	-0.001726	-0.001834
708	-0.001945	-0.001702	-0.001805
709	-0.001979	-0.001693	-0.001772
710	-0.001863	-0.001636	-0.001685
711	-0.001684	-0.001558	-0.001575
712	-0.001614	-0.001556	-0.001564
713	-0.001606	-0.001597	-0.001607
714	-0.001626	-0.00161	-0.0016
715	-0.001666	-0.001604	-0.001559
716	-0.001697	-0.001579	-0.001518
717	-0.001721	-0.001539	-0.00148
718	-0.001693	-0.001502	-0.001457
719	-0.001606	-0.001469	-0.001453
720	-0.001562	-0.001474	-0.001457
[LOG]
CHECKSUMnò