[HEADER]
Format	J&M ASCII Table
Comment	
Date	26/03/2026 11:54:04
Order	Y (evenX)
TechType	UV
NumPoints	411
FirstX	310
LastX	720
XType	nm
YType	Absorbance
ZType	s
NumSubFile	3
Matrix	Z vs X
[LOGIN]
Name=pcbob
[INSTRUMENT]
Name=TIDAS E Base UV/VI
Detector=MMS - ASPEN 97,5 kHz
Diodearray=256 Pixel
Serial#=36584
Calibrated=2011-07-01
Range=183.81-729.88 [nm] (F0)

SWVersion=v3.18.2 (build 0)[LOGIN]
Name=pcbob
[CONFIG]
ChannelName=Channel 1
ChannelType=Normalized
[PARAMETER]
It=400,00
Aver=5
Norm=3
Range=310,0-720,0 nm
Scan=Time
ScanTime=5,00 s
[TRIGGER]
Sweep=0
Scan=0
[DIO]
DigOut=0x0000
DigIn=0x0000
[DATA]
	00:00:00,000	00:00:02,000	00:00:04,000
310	0.017039	0.016954	0.016902
311	0.016257	0.016179	0.016121
312	0.015482	0.015427	0.015343
313	0.014739	0.014699	0.014576
314	0.01404	0.014005	0.013824
315	0.013308	0.013276	0.013067
316	0.012475	0.012443	0.012293
317	0.011637	0.011606	0.011513
318	0.010738	0.010708	0.010649
319	0.009838	0.00981	0.009785
320	0.008848	0.008825	0.008793
321	0.007845	0.007829	0.007785
322	0.006912	0.006902	0.006849
323	0.006008	0.006003	0.005942
324	0.005178	0.005167	0.005107
325	0.004415	0.004389	0.004337
326	0.003707	0.003667	0.003621
327	0.003097	0.003049	0.003005
328	0.002498	0.002447	0.002402
329	0.001949	0.00192	0.001855
330	0.001399	0.001393	0.001309
331	0.000984	0.000966	0.000929
332	0.00057	0.00054	0.000548
333	0.000166	0.000134	0.000132
334	-0.000235	-0.000267	-0.000291
335	-0.000693	-0.000687	-0.000715
336	-0.00118	-0.001117	-0.001141
337	-0.001617	-0.001541	-0.001564
338	-0.001998	-0.00196	-0.001983
339	-0.002399	-0.002391	-0.002409
340	-0.002847	-0.002855	-0.002849
341	-0.003302	-0.003323	-0.003302
342	-0.003803	-0.003829	-0.003842
343	-0.004304	-0.004334	-0.004381
344	-0.004913	-0.004908	-0.00493
345	-0.005528	-0.005486	-0.005479
346	-0.006144	-0.006085	-0.006108
347	-0.006762	-0.006691	-0.006761
348	-0.007389	-0.007334	-0.007428
349	-0.008022	-0.008002	-0.008103
350	-0.008668	-0.008658	-0.008739
351	-0.009331	-0.0093	-0.009323
352	-0.010016	-0.00997	-0.009946
353	-0.010763	-0.010725	-0.010686
354	-0.011505	-0.011476	-0.011425
355	-0.01219	-0.012165	-0.01215
356	-0.012874	-0.012854	-0.012875
357	-0.013701	-0.013672	-0.013698
358	-0.014543	-0.014503	-0.014531
359	-0.015348	-0.01531	-0.015351
360	-0.016139	-0.016107	-0.016166
361	-0.016981	-0.016954	-0.016995
362	-0.017864	-0.017839	-0.017835
363	-0.018697	-0.018675	-0.018654
364	-0.019453	-0.019434	-0.019442
365	-0.020251	-0.020232	-0.020269
366	-0.021201	-0.021172	-0.021238
367	-0.022148	-0.022108	-0.022202
368	-0.023044	-0.022971	-0.023044
369	-0.023939	-0.023834	-0.023887
370	-0.024837	-0.02475	-0.024793
371	-0.025735	-0.025674	-0.025709
372	-0.026561	-0.026538	-0.026549
373	-0.027357	-0.027377	-0.027356
374	-0.028184	-0.028206	-0.028189
375	-0.029039	-0.029025	-0.029045
376	-0.029887	-0.029861	-0.029906
377	-0.030724	-0.030726	-0.030772
378	-0.031568	-0.031584	-0.031635
379	-0.032441	-0.032414	-0.03248
380	-0.033314	-0.033245	-0.033325
381	-0.034217	-0.034142	-0.034189
382	-0.035121	-0.03504	-0.035053
383	-0.035884	-0.035852	-0.035844
384	-0.036623	-0.03665	-0.036623
385	-0.03734	-0.037363	-0.037329
386	-0.038046	-0.038036	-0.038002
387	-0.038674	-0.03864	-0.038619
388	-0.039227	-0.039178	-0.039184
389	-0.039737	-0.039695	-0.039703
390	-0.040168	-0.040172	-0.040137
391	-0.040609	-0.040648	-0.040579
392	-0.041096	-0.041117	-0.041058
393	-0.041584	-0.041589	-0.041539
394	-0.042206	-0.042228	-0.042168
395	-0.042829	-0.042867	-0.042797
396	-0.04323	-0.043286	-0.043201
397	-0.043592	-0.043665	-0.043565
398	-0.04392	-0.043983	-0.043877
399	-0.044233	-0.044271	-0.044164
400	-0.044657	-0.044665	-0.044596
401	-0.045185	-0.045158	-0.045164
402	-0.045726	-0.045679	-0.04573
403	-0.04629	-0.046251	-0.046289
404	-0.046807	-0.046768	-0.0468
405	-0.04711	-0.047042	-0.047099
406	-0.047414	-0.047318	-0.047398
407	-0.04771	-0.047686	-0.047758
408	-0.048006	-0.048054	-0.048119
409	-0.048477	-0.048493	-0.048559
410	-0.048976	-0.048944	-0.049014
411	-0.049319	-0.049286	-0.04933
412	-0.049592	-0.049577	-0.049584
413	-0.049865	-0.049846	-0.049838
414	-0.050138	-0.050095	-0.050092
415	-0.050496	-0.050459	-0.050454
416	-0.051006	-0.051024	-0.051006
417	-0.051489	-0.051552	-0.051523
418	-0.051865	-0.051933	-0.051902
419	-0.052237	-0.052309	-0.052276
420	-0.052486	-0.052559	-0.052534
421	-0.052736	-0.052809	-0.052793
422	-0.053056	-0.053065	-0.053086
423	-0.053387	-0.053321	-0.053385
424	-0.053567	-0.053531	-0.053602
425	-0.053688	-0.053722	-0.053785
426	-0.053749	-0.053836	-0.053872
427	-0.053761	-0.05389	-0.053882
428	-0.053681	-0.053824	-0.053797
429	-0.053459	-0.053576	-0.053567
430	-0.053267	-0.053356	-0.053354
431	-0.053173	-0.053226	-0.053198
432	-0.053083	-0.053104	-0.053052
433	-0.053044	-0.053088	-0.053034
434	-0.053005	-0.053073	-0.053017
435	-0.05291	-0.052983	-0.052956
436	-0.05281	-0.052886	-0.052892
437	-0.052684	-0.052742	-0.052732
438	-0.05255	-0.052582	-0.052542
439	-0.05247	-0.052465	-0.052438
440	-0.052426	-0.052376	-0.052393
441	-0.052333	-0.052291	-0.052305
442	-0.052177	-0.052211	-0.052161
443	-0.051999	-0.052075	-0.051992
444	-0.051762	-0.051795	-0.051759
445	-0.051526	-0.051529	-0.051532
446	-0.0513	-0.051353	-0.051353
447	-0.051073	-0.051177	-0.051173
448	-0.050848	-0.050931	-0.05095
449	-0.050623	-0.050682	-0.050724
450	-0.050377	-0.05044	-0.050469
451	-0.050126	-0.0502	-0.050207
452	-0.049924	-0.050018	-0.050007
453	-0.049749	-0.049868	-0.049838
454	-0.049592	-0.049723	-0.049683
455	-0.049453	-0.049585	-0.049541
456	-0.049303	-0.049417	-0.04939
457	-0.049134	-0.049195	-0.049221
458	-0.04895	-0.048971	-0.049026
459	-0.048703	-0.048738	-0.048726
460	-0.048455	-0.048504	-0.048428
461	-0.048187	-0.04823	-0.048149
462	-0.047919	-0.047957	-0.04787
463	-0.047682	-0.047702	-0.047651
464	-0.047448	-0.04745	-0.047439
465	-0.047099	-0.047106	-0.047111
466	-0.046709	-0.046731	-0.04674
467	-0.046187	-0.046208	-0.04624
468	-0.045571	-0.045581	-0.045646
469	-0.045016	-0.045028	-0.045113
470	-0.044542	-0.044573	-0.04466
471	-0.044064	-0.044107	-0.044189
472	-0.043575	-0.043617	-0.043674
473	-0.043108	-0.043157	-0.04319
474	-0.042791	-0.042904	-0.042909
475	-0.042474	-0.042651	-0.042629
476	-0.04215	-0.042297	-0.042306
477	-0.041826	-0.041942	-0.041983
478	-0.041495	-0.041566	-0.041642
479	-0.041162	-0.041186	-0.041299
480	-0.040983	-0.041018	-0.041093
481	-0.040876	-0.040949	-0.040951
482	-0.04092	-0.040998	-0.040975
483	-0.041094	-0.04115	-0.041144
484	-0.041216	-0.041277	-0.041279
485	-0.041254	-0.041367	-0.041364
486	-0.04117	-0.041309	-0.041304
487	-0.040702	-0.040785	-0.040794
488	-0.040209	-0.040242	-0.040262
489	-0.039483	-0.039517	-0.039528
490	-0.038756	-0.038792	-0.038793
491	-0.038146	-0.038191	-0.038199
492	-0.037541	-0.037596	-0.037613
493	-0.036942	-0.037025	-0.037026
494	-0.036345	-0.036461	-0.036439
495	-0.035813	-0.035944	-0.035917
496	-0.035316	-0.035451	-0.035429
497	-0.034877	-0.035025	-0.034999
498	-0.034494	-0.03466	-0.034623
499	-0.034115	-0.034282	-0.034231
500	-0.03374	-0.033879	-0.03381
501	-0.033338	-0.033461	-0.033378
502	-0.032843	-0.032992	-0.032912
503	-0.032356	-0.032522	-0.032451
504	-0.031943	-0.03204	-0.032054
505	-0.03153	-0.031558	-0.031656
506	-0.031058	-0.031063	-0.03114
507	-0.030583	-0.030567	-0.030617
508	-0.030156	-0.030144	-0.0302
509	-0.029741	-0.029738	-0.02981
510	-0.029397	-0.029403	-0.029462
511	-0.029089	-0.029104	-0.029136
512	-0.028752	-0.028806	-0.028827
513	-0.02839	-0.028511	-0.028533
514	-0.028043	-0.028185	-0.028206
515	-0.027721	-0.027809	-0.027824
516	-0.027388	-0.027433	-0.027441
517	-0.027017	-0.027051	-0.027055
518	-0.026651	-0.026679	-0.026684
519	-0.026316	-0.026381	-0.026433
520	-0.025981	-0.026084	-0.026183
521	-0.025719	-0.025811	-0.025887
522	-0.02546	-0.025539	-0.025591
523	-0.02518	-0.025249	-0.025288
524	-0.024896	-0.024956	-0.024984
525	-0.024645	-0.024696	-0.024704
526	-0.024408	-0.02445	-0.024436
527	-0.024187	-0.024252	-0.024217
528	-0.023978	-0.024092	-0.024037
529	-0.023722	-0.023842	-0.0238
530	-0.023403	-0.023471	-0.023487
531	-0.023078	-0.023117	-0.023162
532	-0.022742	-0.022799	-0.022808
533	-0.022409	-0.02248	-0.022467
534	-0.022096	-0.022152	-0.022201
535	-0.021784	-0.021826	-0.021934
536	-0.021495	-0.021587	-0.021655
537	-0.021207	-0.021349	-0.021376
538	-0.020933	-0.021041	-0.021024
539	-0.020661	-0.020724	-0.020664
540	-0.020372	-0.02046	-0.020404
541	-0.020077	-0.020211	-0.020174
542	-0.019774	-0.019898	-0.019894
543	-0.019467	-0.019548	-0.019583
544	-0.01918	-0.019235	-0.019284
545	-0.018913	-0.01896	-0.018997
546	-0.018635	-0.018679	-0.018709
547	-0.01834	-0.018386	-0.018418
548	-0.018044	-0.018098	-0.018122
549	-0.017747	-0.017822	-0.01781
550	-0.017439	-0.017531	-0.017489
551	-0.017044	-0.017126	-0.017103
552	-0.016649	-0.016721	-0.016717
553	-0.016407	-0.016487	-0.016463
554	-0.016166	-0.016255	-0.016211
555	-0.015997	-0.016107	-0.01611
556	-0.01584	-0.015973	-0.016035
557	-0.015679	-0.015801	-0.015846
558	-0.015515	-0.015615	-0.015617
559	-0.01532	-0.0154	-0.015404
560	-0.015105	-0.015166	-0.015202
561	-0.014891	-0.014958	-0.01501
562	-0.014679	-0.014778	-0.01483
563	-0.014551	-0.014658	-0.014711
564	-0.01457	-0.014642	-0.014703
565	-0.014587	-0.014643	-0.014695
566	-0.014592	-0.014696	-0.014685
567	-0.01461	-0.014752	-0.014692
568	-0.014726	-0.014839	-0.01483
569	-0.014842	-0.014925	-0.014968
570	-0.014955	-0.015009	-0.015047
571	-0.015067	-0.015094	-0.015126
572	-0.015018	-0.01509	-0.015095
573	-0.014944	-0.015073	-0.015048
574	-0.014956	-0.015062	-0.01504
575	-0.014997	-0.015053	-0.015046
576	-0.014935	-0.014971	-0.014977
577	-0.014812	-0.014845	-0.014865
578	-0.014664	-0.014697	-0.014738
579	-0.014492	-0.014526	-0.014596
580	-0.014294	-0.014324	-0.014404
581	-0.014057	-0.014073	-0.014137
582	-0.013782	-0.013793	-0.013833
583	-0.013408	-0.013432	-0.013436
584	-0.013027	-0.013066	-0.013044
585	-0.01261	-0.012666	-0.012684
586	-0.012192	-0.012264	-0.012321
587	-0.011775	-0.011832	-0.011906
588	-0.011358	-0.011399	-0.011491
589	-0.010933	-0.011002	-0.011072
590	-0.010508	-0.010607	-0.010653
591	-0.010173	-0.010277	-0.010296
592	-0.00986	-0.009962	-0.009952
593	-0.009561	-0.009643	-0.009643
594	-0.009268	-0.009323	-0.009349
595	-0.00902	-0.009066	-0.00909
596	-0.008806	-0.008854	-0.008857
597	-0.008542	-0.008598	-0.008595
598	-0.008226	-0.008293	-0.008302
599	-0.007967	-0.008033	-0.008058
600	-0.007806	-0.007852	-0.007899
601	-0.007648	-0.007685	-0.007746
602	-0.007497	-0.007561	-0.007609
603	-0.007332	-0.007415	-0.007455
604	-0.007087	-0.007145	-0.007195
605	-0.006842	-0.006874	-0.006936
606	-0.006598	-0.006605	-0.006679
607	-0.006355	-0.006337	-0.006422
608	-0.006099	-0.006119	-0.006167
609	-0.005841	-0.005904	-0.005912
610	-0.005631	-0.005687	-0.005684
611	-0.005432	-0.005468	-0.005463
612	-0.005217	-0.005264	-0.005279
613	-0.004996	-0.005066	-0.00511
614	-0.004771	-0.004858	-0.004904
615	-0.004543	-0.004644	-0.004674
616	-0.004281	-0.004393	-0.004405
617	-0.003985	-0.004105	-0.004097
618	-0.003723	-0.003833	-0.003812
619	-0.00351	-0.003584	-0.003559
620	-0.003287	-0.003341	-0.003327
621	-0.003042	-0.00311	-0.003144
622	-0.002795	-0.002874	-0.002939
623	-0.002538	-0.002618	-0.002647
624	-0.00228	-0.002364	-0.002361
625	-0.00202	-0.002129	-0.002129
626	-0.00176	-0.001894	-0.001898
627	-0.001472	-0.001621	-0.001634
628	-0.001184	-0.001347	-0.00137
629	-0.00092	-0.001058	-0.001056
630	-0.00066	-0.000767	-0.000737
631	-0.000447	-0.000534	-0.000514
632	-0.000247	-0.000315	-0.000317
633	-0.000002	-0.000062	-0.000069
634	0.000262	0.000206	0.000201
635	0.000502	0.000437	0.000427
636	0.000726	0.000644	0.000623
637	0.000935	0.00084	0.000828
638	0.00113	0.001025	0.00104
639	0.001339	0.001229	0.001251
640	0.001568	0.001459	0.001461
641	0.001798	0.001705	0.001674
642	0.002029	0.001986	0.001898
643	0.002251	0.00224	0.002113
644	0.00244	0.002401	0.0023
645	0.002629	0.002566	0.002488
646	0.002811	0.002758	0.00269
647	0.002984	0.002942	0.002882
648	0.00292	0.002861	0.002806
649	0.002856	0.00278	0.00273
650	0.002445	0.002405	0.00237
651	0.002013	0.002011	0.001993
652	0.00136	0.00135	0.001331
653	0.000669	0.000642	0.000619
654	0.000259	0.000204	0.000185
655	-0.000062	-0.000151	-0.000162
656	-0.000099	-0.00019	-0.000205
657	0.000002	-0.000078	-0.0001
658	0.000327	0.000281	0.00023
659	0.000809	0.000813	0.000718
660	0.001466	0.001487	0.001384
661	0.002296	0.002304	0.002227
662	0.003033	0.003023	0.002975
663	0.003636	0.003601	0.003588
664	0.004184	0.004123	0.004135
665	0.004619	0.004527	0.00455
666	0.004997	0.004883	0.004908
667	0.005203	0.005092	0.005095
668	0.005387	0.005283	0.005273
669	0.005467	0.005381	0.005406
670	0.005553	0.005485	0.005542
671	0.005726	0.005653	0.005707
672	0.005898	0.00582	0.005872
673	0.005966	0.005864	0.005891
674	0.006033	0.005909	0.005911
675	0.00622	0.006047	0.006019
676	0.006418	0.006193	0.006134
677	0.006479	0.006342	0.006309
678	0.006514	0.006492	0.006494
679	0.006595	0.006611	0.006547
680	0.006691	0.006719	0.006557
681	0.006866	0.006838	0.006696
682	0.007078	0.006962	0.006895
683	0.00725	0.007099	0.007048
684	0.007397	0.007245	0.007174
685	0.007524	0.007405	0.007295
686	0.007635	0.007576	0.007414
687	0.007751	0.007709	0.00755
688	0.007872	0.007799	0.007708
689	0.007995	0.007918	0.007869
690	0.008123	0.008084	0.008035
691	0.008256	0.008237	0.008185
692	0.008403	0.008357	0.008297
693	0.008548	0.008482	0.008415
694	0.008687	0.008624	0.008554
695	0.008844	0.008774	0.008713
696	0.009084	0.008963	0.008967
697	0.009306	0.009145	0.009203
698	0.009354	0.009261	0.009284
699	0.009407	0.009379	0.009367
700	0.009582	0.009557	0.009523
701	0.009757	0.009735	0.009679
702	0.009951	0.009882	0.00987
703	0.010146	0.010027	0.010062
704	0.010269	0.010209	0.010214
705	0.010384	0.010395	0.010361
706	0.010501	0.010453	0.010463
707	0.010618	0.010485	0.010556
708	0.010753	0.010619	0.010687
709	0.010892	0.010783	0.010829
710	0.010993	0.010906	0.010938
711	0.011077	0.011013	0.011034
712	0.011145	0.011086	0.011085
713	0.011202	0.01114	0.011112
714	0.01126	0.011207	0.011179
715	0.011319	0.011282	0.011277
716	0.011453	0.011397	0.011385
717	0.011658	0.011551	0.011504
718	0.011783	0.011674	0.011608
719	0.011815	0.011763	0.011693
720	0.011896	0.011852	0.011791
[LOG]
CHECKSUM×