[HEADER]
Format	J&M ASCII Table
Comment	
Date	26/03/2026 11:35:55
Order	Y (evenX)
TechType	UV
NumPoints	411
FirstX	310
LastX	720
XType	nm
YType	Absorbance
ZType	s
NumSubFile	3
Matrix	Z vs X
[LOGIN]
Name=pcbob
[INSTRUMENT]
Name=TIDAS E Base UV/VI
Detector=MMS - ASPEN 97,5 kHz
Diodearray=256 Pixel
Serial#=36584
Calibrated=2011-07-01
Range=183.81-729.88 [nm] (F0)

SWVersion=v3.18.2 (build 0)[LOGIN]
Name=pcbob
[CONFIG]
ChannelName=Channel 1
ChannelType=Normalized
[PARAMETER]
It=400,00
Aver=5
Norm=3
Range=310,0-720,0 nm
Scan=Time
ScanTime=5,00 s
[TRIGGER]
Sweep=0
Scan=0
[DIO]
DigOut=0x0000
DigIn=0x0000
[DATA]
	00:00:00,000	00:00:02,000	00:00:04,000
310	0.000183	0.000168	0.000195
311	0.000166	0.00015	0.000192
312	0.000127	0.00014	0.000169
313	0.000069	0.000101	0.000116
314	-0.000013	0.000023	0.000022
315	-0.000079	-0.000038	-0.00005
316	-0.00009	-0.000046	-0.000052
317	-0.000102	-0.000054	-0.000056
318	-0.00013	-0.000065	-0.000093
319	-0.000159	-0.000075	-0.00013
320	-0.000172	-0.000093	-0.000136
321	-0.000183	-0.000112	-0.000138
322	-0.000182	-0.000106	-0.000135
323	-0.000176	-0.00009	-0.00013
324	-0.000179	-0.000102	-0.000134
325	-0.000189	-0.000139	-0.000148
326	-0.000216	-0.000195	-0.000191
327	-0.000274	-0.000285	-0.000285
328	-0.000331	-0.00036	-0.00037
329	-0.000389	-0.000367	-0.000416
330	-0.000448	-0.000373	-0.000462
331	-0.00046	-0.000399	-0.000428
332	-0.000472	-0.000425	-0.000393
333	-0.000483	-0.000405	-0.000423
334	-0.000494	-0.000376	-0.000466
335	-0.000523	-0.000414	-0.000463
336	-0.000561	-0.000489	-0.000434
337	-0.000574	-0.000531	-0.000442
338	-0.000561	-0.000536	-0.00049
339	-0.000561	-0.000539	-0.000524
340	-0.000593	-0.000535	-0.000526
341	-0.000623	-0.000538	-0.000536
342	-0.000635	-0.000583	-0.000597
343	-0.000647	-0.000627	-0.000657
344	-0.000655	-0.000655	-0.000676
345	-0.000662	-0.000681	-0.000693
346	-0.000704	-0.000687	-0.000715
347	-0.000756	-0.000686	-0.000738
348	-0.000832	-0.000738	-0.000788
349	-0.000924	-0.000824	-0.000855
350	-0.000934	-0.000857	-0.00086
351	-0.000835	-0.000816	-0.00078
352	-0.000755	-0.000779	-0.000725
353	-0.000735	-0.000757	-0.000742
354	-0.000714	-0.000732	-0.000754
355	-0.00068	-0.00066	-0.000718
356	-0.000645	-0.000589	-0.000681
357	-0.000719	-0.000673	-0.000733
358	-0.000804	-0.000775	-0.000795
359	-0.000847	-0.000809	-0.000844
360	-0.000876	-0.00082	-0.000888
361	-0.000937	-0.000873	-0.00094
362	-0.001025	-0.000959	-0.000996
363	-0.001058	-0.001007	-0.001024
364	-0.001005	-0.000993	-0.001006
365	-0.000985	-0.000994	-0.000998
366	-0.001085	-0.001045	-0.001027
367	-0.001179	-0.001094	-0.001053
368	-0.001153	-0.001082	-0.001027
369	-0.001126	-0.001071	-0.001001
370	-0.001151	-0.001082	-0.001019
371	-0.001184	-0.001098	-0.001042
372	-0.001164	-0.001065	-0.001011
373	-0.001121	-0.001013	-0.000957
374	-0.001085	-0.000994	-0.000964
375	-0.001054	-0.001006	-0.001026
376	-0.001049	-0.001025	-0.001059
377	-0.001089	-0.001057	-0.001044
378	-0.00112	-0.00108	-0.00104
379	-0.001109	-0.001066	-0.001083
380	-0.0011	-0.001054	-0.001127
381	-0.001155	-0.001176	-0.001205
382	-0.00121	-0.001298	-0.001282
383	-0.001306	-0.001338	-0.001342
384	-0.001408	-0.001364	-0.0014
385	-0.00146	-0.001409	-0.001434
386	-0.001489	-0.001463	-0.001458
387	-0.001491	-0.001485	-0.001471
388	-0.001469	-0.001479	-0.001473
389	-0.001437	-0.001438	-0.001449
390	-0.001387	-0.001333	-0.001378
391	-0.001351	-0.001251	-0.001319
392	-0.00138	-0.001267	-0.001315
393	-0.001408	-0.001284	-0.001311
394	-0.001403	-0.001323	-0.001343
395	-0.001398	-0.001363	-0.001375
396	-0.001365	-0.00133	-0.001344
397	-0.001328	-0.001284	-0.0013
398	-0.001377	-0.001316	-0.001314
399	-0.001468	-0.001384	-0.001355
400	-0.001525	-0.00146	-0.001419
401	-0.00155	-0.001543	-0.001505
402	-0.001572	-0.001592	-0.001551
403	-0.001587	-0.001575	-0.001522
404	-0.001607	-0.001565	-0.001503
405	-0.001652	-0.001583	-0.001527
406	-0.001696	-0.001601	-0.001552
407	-0.0017	-0.001601	-0.001617
408	-0.001703	-0.001601	-0.001682
409	-0.00175	-0.001716	-0.001773
410	-0.001805	-0.001851	-0.00187
411	-0.001791	-0.001829	-0.001854
412	-0.001746	-0.001736	-0.001788
413	-0.001722	-0.001706	-0.001757
414	-0.001716	-0.001734	-0.001757
415	-0.001719	-0.001755	-0.001767
416	-0.001739	-0.001765	-0.001795
417	-0.001739	-0.001748	-0.001793
418	-0.001662	-0.001623	-0.001673
419	-0.001591	-0.001504	-0.00156
420	-0.001652	-0.001564	-0.001605
421	-0.001713	-0.001624	-0.00165
422	-0.001765	-0.001674	-0.001733
423	-0.001814	-0.001723	-0.001821
424	-0.00185	-0.001732	-0.00185
425	-0.00188	-0.001726	-0.001856
426	-0.001938	-0.001813	-0.001938
427	-0.002019	-0.001976	-0.002082
428	-0.002093	-0.002075	-0.002169
429	-0.002155	-0.002076	-0.002169
430	-0.002201	-0.002068	-0.002169
431	-0.002196	-0.00203	-0.002167
432	-0.002192	-0.002001	-0.002167
433	-0.0022	-0.002093	-0.002195
434	-0.002209	-0.002186	-0.002223
435	-0.002241	-0.002197	-0.002265
436	-0.002276	-0.002201	-0.002309
437	-0.002217	-0.00212	-0.002265
438	-0.002128	-0.002012	-0.002191
439	-0.002107	-0.001996	-0.002147
440	-0.002132	-0.002041	-0.002122
441	-0.002135	-0.002048	-0.002118
442	-0.002109	-0.002008	-0.002142
443	-0.00209	-0.001972	-0.002152
444	-0.002083	-0.001949	-0.002127
445	-0.002084	-0.001937	-0.002107
446	-0.002136	-0.002005	-0.002126
447	-0.002187	-0.002073	-0.002145
448	-0.002179	-0.002081	-0.00218
449	-0.002168	-0.002087	-0.002216
450	-0.002194	-0.002124	-0.002251
451	-0.002229	-0.002169	-0.002286
452	-0.002295	-0.002233	-0.002344
453	-0.002376	-0.002307	-0.002415
454	-0.002437	-0.002355	-0.002469
455	-0.002478	-0.002379	-0.002506
456	-0.002522	-0.002419	-0.002548
457	-0.002572	-0.002489	-0.002602
458	-0.002619	-0.002549	-0.002654
459	-0.002651	-0.00257	-0.002698
460	-0.002682	-0.00259	-0.00274
461	-0.002685	-0.002589	-0.002718
462	-0.002688	-0.002588	-0.002695
463	-0.002714	-0.002656	-0.002727
464	-0.002743	-0.002734	-0.002766
465	-0.002721	-0.002698	-0.002735
466	-0.002681	-0.002621	-0.002678
467	-0.002623	-0.00257	-0.002643
468	-0.002553	-0.002536	-0.002622
469	-0.002544	-0.002517	-0.002636
470	-0.002615	-0.002516	-0.002696
471	-0.002629	-0.002497	-0.002696
472	-0.0025	-0.00243	-0.002547
473	-0.002394	-0.002374	-0.002423
474	-0.002448	-0.002391	-0.002475
475	-0.002502	-0.002408	-0.002527
476	-0.002469	-0.002431	-0.002497
477	-0.002435	-0.002455	-0.002465
478	-0.002432	-0.002396	-0.00248
479	-0.002436	-0.00232	-0.002505
480	-0.002474	-0.002368	-0.002541
481	-0.002527	-0.002473	-0.002582
482	-0.002575	-0.002533	-0.002623
483	-0.002619	-0.002552	-0.002663
484	-0.002669	-0.002609	-0.002703
485	-0.00273	-0.002726	-0.002744
486	-0.002763	-0.002797	-0.002775
487	-0.002712	-0.002723	-0.002772
488	-0.002672	-0.002664	-0.002779
489	-0.002738	-0.002744	-0.002877
490	-0.002804	-0.002823	-0.002975
491	-0.002869	-0.002873	-0.00301
492	-0.002933	-0.002921	-0.003042
493	-0.002937	-0.002929	-0.003072
494	-0.002926	-0.002928	-0.003101
495	-0.002925	-0.002919	-0.003082
496	-0.002929	-0.002906	-0.003038
497	-0.002949	-0.002878	-0.003016
498	-0.002983	-0.002836	-0.003016
499	-0.002982	-0.002803	-0.003002
500	-0.002919	-0.002785	-0.002967
501	-0.002863	-0.00276	-0.002934
502	-0.002827	-0.002712	-0.00291
503	-0.00279	-0.002666	-0.002886
504	-0.002755	-0.002651	-0.002863
505	-0.00272	-0.002636	-0.00284
506	-0.002683	-0.00254	-0.00276
507	-0.002646	-0.00244	-0.002676
508	-0.002641	-0.002475	-0.002709
509	-0.002644	-0.002544	-0.002769
510	-0.002682	-0.002575	-0.002777
511	-0.002739	-0.002587	-0.002759
512	-0.002769	-0.002622	-0.002776
513	-0.002777	-0.00268	-0.002826
514	-0.002784	-0.002713	-0.002865
515	-0.002792	-0.002707	-0.002887
516	-0.002791	-0.002692	-0.002895
517	-0.002764	-0.002654	-0.002864
518	-0.002743	-0.002627	-0.002838
519	-0.002768	-0.002697	-0.002859
520	-0.002794	-0.002767	-0.002879
521	-0.00285	-0.002807	-0.00297
522	-0.002908	-0.002846	-0.003063
523	-0.002938	-0.002842	-0.00303
524	-0.002963	-0.002829	-0.002973
525	-0.002974	-0.002848	-0.002999
526	-0.002979	-0.002882	-0.003063
527	-0.00301	-0.002961	-0.003118
528	-0.003063	-0.003076	-0.003168
529	-0.00309	-0.003131	-0.003201
530	-0.003082	-0.003105	-0.003211
531	-0.003062	-0.003072	-0.003198
532	-0.003011	-0.003024	-0.003126
533	-0.002966	-0.002976	-0.003067
534	-0.00295	-0.002931	-0.003079
535	-0.002935	-0.002887	-0.003092
536	-0.002958	-0.002887	-0.003125
537	-0.002981	-0.002886	-0.003158
538	-0.002932	-0.002868	-0.003087
539	-0.002875	-0.002847	-0.003004
540	-0.002922	-0.002854	-0.003035
541	-0.003002	-0.002869	-0.003102
542	-0.002964	-0.002847	-0.003047
543	-0.002856	-0.002803	-0.002922
544	-0.002807	-0.002781	-0.002871
545	-0.002816	-0.002782	-0.002892
546	-0.002833	-0.002768	-0.002902
547	-0.002864	-0.002729	-0.002896
548	-0.002887	-0.002707	-0.002897
549	-0.002888	-0.002743	-0.002921
550	-0.002883	-0.00277	-0.002938
551	-0.002834	-0.002726	-0.002895
552	-0.002786	-0.002682	-0.002852
553	-0.00279	-0.002695	-0.002867
554	-0.002795	-0.002709	-0.002883
555	-0.00282	-0.002738	-0.002915
556	-0.002849	-0.002769	-0.00295
557	-0.0029	-0.002851	-0.002992
558	-0.00296	-0.002952	-0.003036
559	-0.003014	-0.002992	-0.003074
560	-0.003064	-0.002993	-0.003107
561	-0.00307	-0.003005	-0.003142
562	-0.00303	-0.003027	-0.003181
563	-0.003037	-0.003041	-0.0032
564	-0.003126	-0.003039	-0.003185
565	-0.003196	-0.003044	-0.003182
566	-0.003203	-0.003076	-0.00322
567	-0.00321	-0.003109	-0.003256
568	-0.003221	-0.003153	-0.003279
569	-0.003232	-0.003197	-0.003301
570	-0.003214	-0.003175	-0.003297
571	-0.003195	-0.003152	-0.003293
572	-0.003206	-0.003145	-0.003293
573	-0.003222	-0.003141	-0.003293
574	-0.00321	-0.003148	-0.003281
575	-0.003189	-0.003159	-0.003266
576	-0.003146	-0.003104	-0.00323
577	-0.00309	-0.003009	-0.003182
578	-0.003033	-0.00295	-0.003111
579	-0.002975	-0.002924	-0.00302
580	-0.002937	-0.002906	-0.002973
581	-0.002929	-0.002899	-0.002996
582	-0.002913	-0.002877	-0.003
583	-0.00288	-0.002817	-0.002954
584	-0.002843	-0.002764	-0.002907
585	-0.002791	-0.002748	-0.002858
586	-0.002743	-0.002732	-0.002813
587	-0.002758	-0.002723	-0.002849
588	-0.002774	-0.002714	-0.002885
589	-0.002807	-0.002715	-0.002875
590	-0.002841	-0.002716	-0.002861
591	-0.002819	-0.002679	-0.002834
592	-0.002784	-0.002634	-0.002804
593	-0.00275	-0.002619	-0.002772
594	-0.002716	-0.002616	-0.002739
595	-0.002712	-0.002623	-0.002752
596	-0.002729	-0.002637	-0.002795
597	-0.002739	-0.002645	-0.002821
598	-0.002741	-0.002647	-0.002828
599	-0.002771	-0.002674	-0.002842
600	-0.002849	-0.002746	-0.002868
601	-0.002907	-0.002802	-0.002911
602	-0.002907	-0.002816	-0.003002
603	-0.002909	-0.002829	-0.003071
604	-0.002929	-0.002846	-0.003016
605	-0.002951	-0.002864	-0.002965
606	-0.003016	-0.00292	-0.003034
607	-0.003082	-0.002976	-0.003102
608	-0.003035	-0.002958	-0.003113
609	-0.00298	-0.002935	-0.00312
610	-0.003024	-0.002987	-0.00314
611	-0.00309	-0.003056	-0.003164
612	-0.00311	-0.003089	-0.003187
613	-0.003111	-0.003108	-0.00321
614	-0.00314	-0.003123	-0.00324
615	-0.003187	-0.003136	-0.003275
616	-0.00319	-0.003133	-0.003266
617	-0.003148	-0.003114	-0.003215
618	-0.003165	-0.00313	-0.003214
619	-0.003269	-0.003199	-0.003287
620	-0.003328	-0.003246	-0.003349
621	-0.00328	-0.003237	-0.003383
622	-0.003245	-0.003233	-0.003403
623	-0.003265	-0.003247	-0.003363
624	-0.003284	-0.00326	-0.003331
625	-0.003298	-0.003264	-0.003379
626	-0.003312	-0.003267	-0.003426
627	-0.003289	-0.003239	-0.003373
628	-0.003265	-0.00321	-0.003319
629	-0.00319	-0.003134	-0.003268
630	-0.003108	-0.003052	-0.003218
631	-0.003112	-0.003088	-0.00324
632	-0.003138	-0.003154	-0.003281
633	-0.003075	-0.003106	-0.003242
634	-0.002973	-0.003009	-0.003168
635	-0.002963	-0.002979	-0.003168
636	-0.003014	-0.002993	-0.00322
637	-0.003036	-0.002992	-0.003221
638	-0.00303	-0.002975	-0.003172
639	-0.003009	-0.002945	-0.003121
640	-0.002967	-0.002896	-0.003065
641	-0.002938	-0.002867	-0.003026
642	-0.002936	-0.002882	-0.003023
643	-0.002926	-0.002889	-0.003025
644	-0.002889	-0.002869	-0.00305
645	-0.002853	-0.002849	-0.003061
646	-0.002834	-0.002829	-0.002985
647	-0.002815	-0.002809	-0.002911
648	-0.002826	-0.002776	-0.002901
649	-0.002837	-0.002742	-0.002892
650	-0.002816	-0.002757	-0.00288
651	-0.002793	-0.002775	-0.002867
652	-0.002813	-0.00278	-0.002854
653	-0.00284	-0.002781	-0.002839
654	-0.002813	-0.00277	-0.002855
655	-0.00277	-0.002755	-0.00288
656	-0.002773	-0.002779	-0.002905
657	-0.002798	-0.002822	-0.00293
658	-0.002868	-0.002895	-0.002971
659	-0.002969	-0.002987	-0.003022
660	-0.003001	-0.003011	-0.003036
661	-0.002965	-0.002966	-0.003011
662	-0.003016	-0.002999	-0.003074
663	-0.00319	-0.003142	-0.00326
664	-0.003308	-0.003244	-0.003394
665	-0.00331	-0.003264	-0.003423
666	-0.0033	-0.003272	-0.003438
667	-0.003247	-0.003245	-0.003408
668	-0.00321	-0.003228	-0.003384
669	-0.003252	-0.003255	-0.003385
670	-0.00329	-0.003278	-0.003386
671	-0.003284	-0.003257	-0.003378
672	-0.003278	-0.003237	-0.00337
673	-0.003355	-0.003327	-0.003423
674	-0.003433	-0.003416	-0.003476
675	-0.003433	-0.003404	-0.00347
676	-0.003426	-0.003382	-0.003458
677	-0.003417	-0.003349	-0.003465
678	-0.003407	-0.003314	-0.003475
679	-0.003445	-0.003365	-0.003502
680	-0.003497	-0.003442	-0.003535
681	-0.003447	-0.003425	-0.003504
682	-0.003349	-0.003365	-0.003444
683	-0.003348	-0.003366	-0.003462
684	-0.00341	-0.003405	-0.003529
685	-0.003447	-0.003423	-0.003575
686	-0.003461	-0.003422	-0.003602
687	-0.003464	-0.003405	-0.003575
688	-0.003454	-0.003369	-0.003483
689	-0.003434	-0.003334	-0.003425
690	-0.003395	-0.003301	-0.00342
691	-0.003364	-0.003296	-0.003439
692	-0.00335	-0.003357	-0.003511
693	-0.003342	-0.0034	-0.003548
694	-0.003351	-0.003384	-0.003477
695	-0.003344	-0.003345	-0.003408
696	-0.003253	-0.003199	-0.003343
697	-0.003178	-0.003076	-0.003293
698	-0.003257	-0.003166	-0.003386
699	-0.003332	-0.00325	-0.003473
700	-0.003268	-0.003192	-0.003418
701	-0.003205	-0.003134	-0.003363
702	-0.003178	-0.003071	-0.00331
703	-0.003152	-0.003008	-0.003258
704	-0.003118	-0.003013	-0.003257
705	-0.003083	-0.003026	-0.003263
706	-0.003104	-0.003022	-0.003226
707	-0.003137	-0.003014	-0.003182
708	-0.003092	-0.003001	-0.003168
709	-0.003023	-0.002986	-0.003164
710	-0.002992	-0.00297	-0.003135
711	-0.002976	-0.002954	-0.003095
712	-0.003043	-0.002998	-0.003128
713	-0.003155	-0.003076	-0.0032
714	-0.003194	-0.003088	-0.003236
715	-0.003179	-0.003053	-0.003245
716	-0.003125	-0.003025	-0.003221
717	-0.003035	-0.003004	-0.003165
718	-0.003001	-0.00299	-0.003154
719	-0.003031	-0.002984	-0.003197
720	-0.00307	-0.003002	-0.003252
[LOG]
CHECKSUM/R