[HEADER]
Format	J&M ASCII Table
Comment	
Date	26/03/2026 12:01:39
Order	Y (evenX)
TechType	UV
NumPoints	411
FirstX	310
LastX	720
XType	nm
YType	Absorbance
ZType	s
NumSubFile	3
Matrix	Z vs X
[LOGIN]
Name=pcbob
[INSTRUMENT]
Name=TIDAS E Base UV/VI
Detector=MMS - ASPEN 97,5 kHz
Diodearray=256 Pixel
Serial#=36584
Calibrated=2011-07-01
Range=183.81-729.88 [nm] (F0)

SWVersion=v3.18.2 (build 0)[LOGIN]
Name=pcbob
[CONFIG]
ChannelName=Channel 1
ChannelType=Normalized
[PARAMETER]
It=400,00
Aver=5
Norm=3
Range=310,0-720,0 nm
Scan=Time
ScanTime=5,00 s
[TRIGGER]
Sweep=0
Scan=0
[DIO]
DigOut=0x0000
DigIn=0x0000
[DATA]
	00:00:00,000	00:00:02,000	00:00:04,000
310	0.024686	0.024604	0.024496
311	0.023782	0.023709	0.023607
312	0.022872	0.022847	0.022733
313	0.021998	0.021987	0.021863
314	0.021174	0.021131	0.020999
315	0.020317	0.02025	0.02012
316	0.019354	0.019289	0.019191
317	0.018381	0.018318	0.01825
318	0.017254	0.017191	0.017121
319	0.016126	0.016064	0.015992
320	0.014883	0.014842	0.014763
321	0.013624	0.013608	0.01352
322	0.012416	0.012426	0.012334
323	0.011228	0.011267	0.011171
324	0.010186	0.010224	0.010127
325	0.009273	0.009285	0.009189
326	0.008403	0.008401	0.008305
327	0.007611	0.007618	0.007519
328	0.006836	0.006851	0.006754
329	0.006138	0.006159	0.006086
330	0.00544	0.005467	0.005419
331	0.004901	0.004938	0.004858
332	0.004362	0.00441	0.004298
333	0.003835	0.003877	0.003767
334	0.003309	0.003344	0.003242
335	0.002764	0.002799	0.002713
336	0.002208	0.002247	0.002181
337	0.001639	0.001667	0.001616
338	0.001055	0.001054	0.001014
339	0.00048	0.000466	0.000427
340	-0.000073	-0.000063	-0.000127
341	-0.000637	-0.000604	-0.000686
342	-0.001277	-0.001222	-0.001284
343	-0.001918	-0.00184	-0.001881
344	-0.002642	-0.002515	-0.002581
345	-0.00337	-0.003193	-0.003288
346	-0.004011	-0.003905	-0.00397
347	-0.004627	-0.004627	-0.004646
348	-0.00534	-0.005365	-0.005357
349	-0.006117	-0.006115	-0.006093
350	-0.00687	-0.006838	-0.006825
351	-0.00759	-0.007526	-0.007551
352	-0.008326	-0.008245	-0.008293
353	-0.009114	-0.009057	-0.009085
354	-0.009903	-0.009866	-0.00988
355	-0.010707	-0.010634	-0.010697
356	-0.011511	-0.011402	-0.011514
357	-0.012414	-0.01234	-0.012397
358	-0.013328	-0.013297	-0.013286
359	-0.014173	-0.014127	-0.014112
360	-0.014994	-0.014911	-0.014916
361	-0.015835	-0.015749	-0.015783
362	-0.016691	-0.016629	-0.0167
363	-0.017544	-0.017497	-0.017579
364	-0.018392	-0.018344	-0.0184
365	-0.019274	-0.01922	-0.019251
366	-0.020276	-0.020199	-0.02021
367	-0.021273	-0.021174	-0.021167
368	-0.022167	-0.022073	-0.02209
369	-0.02306	-0.022971	-0.023014
370	-0.024026	-0.023953	-0.023986
371	-0.025003	-0.024948	-0.024965
372	-0.025913	-0.025854	-0.025868
373	-0.026794	-0.026722	-0.026737
374	-0.027703	-0.027631	-0.027628
375	-0.028637	-0.028577	-0.028536
376	-0.029557	-0.029505	-0.029442
377	-0.030453	-0.030403	-0.030344
378	-0.031335	-0.031288	-0.031244
379	-0.03216	-0.032121	-0.032135
380	-0.032988	-0.032956	-0.033028
381	-0.033929	-0.033892	-0.03394
382	-0.034869	-0.034829	-0.034853
383	-0.03571	-0.035657	-0.035673
384	-0.036533	-0.036466	-0.036477
385	-0.037309	-0.037244	-0.037235
386	-0.038062	-0.038006	-0.037971
387	-0.038739	-0.038697	-0.038662
388	-0.039345	-0.03932	-0.039309
389	-0.039922	-0.039907	-0.039909
390	-0.040445	-0.040425	-0.040421
391	-0.040985	-0.040957	-0.040958
392	-0.041604	-0.041547	-0.041608
393	-0.042224	-0.04214	-0.042258
394	-0.042971	-0.042926	-0.042968
395	-0.043719	-0.043713	-0.043678
396	-0.044304	-0.044226	-0.044194
397	-0.044861	-0.044691	-0.044675
398	-0.045301	-0.045126	-0.045132
399	-0.045687	-0.045546	-0.045577
400	-0.046224	-0.046089	-0.046143
401	-0.046905	-0.046748	-0.046823
402	-0.047587	-0.047433	-0.0475
403	-0.048272	-0.048165	-0.048171
404	-0.048916	-0.048847	-0.048813
405	-0.04938	-0.0493	-0.049326
406	-0.049844	-0.049753	-0.049838
407	-0.050342	-0.050191	-0.050287
408	-0.050839	-0.050629	-0.050737
409	-0.051484	-0.051311	-0.051342
410	-0.052154	-0.052034	-0.051975
411	-0.052648	-0.05256	-0.052472
412	-0.053062	-0.052998	-0.052908
413	-0.053502	-0.053483	-0.0534
414	-0.053965	-0.05401	-0.053943
415	-0.054534	-0.054603	-0.054555
416	-0.055288	-0.055313	-0.055288
417	-0.056035	-0.056011	-0.056008
418	-0.05675	-0.056663	-0.056673
419	-0.057457	-0.05731	-0.057333
420	-0.05796	-0.057828	-0.057864
421	-0.058462	-0.058345	-0.058396
422	-0.059031	-0.05892	-0.058922
423	-0.059609	-0.059502	-0.059448
424	-0.060076	-0.05994	-0.059898
425	-0.060499	-0.06032	-0.060317
426	-0.060826	-0.060638	-0.060677
427	-0.061078	-0.060907	-0.060988
428	-0.061236	-0.061096	-0.061187
429	-0.061252	-0.061164	-0.061215
430	-0.061289	-0.061235	-0.061243
431	-0.061397	-0.061313	-0.061273
432	-0.061511	-0.061403	-0.061321
433	-0.061701	-0.061649	-0.061591
434	-0.061891	-0.061896	-0.061861
435	-0.062081	-0.062028	-0.062041
436	-0.062271	-0.062149	-0.062213
437	-0.062449	-0.062334	-0.062403
438	-0.062625	-0.062539	-0.062599
439	-0.062854	-0.062758	-0.062784
440	-0.063119	-0.062985	-0.06296
441	-0.063316	-0.063178	-0.063122
442	-0.063426	-0.063327	-0.063265
443	-0.063523	-0.063448	-0.063389
444	-0.063589	-0.063495	-0.063463
445	-0.063645	-0.06354	-0.063528
446	-0.063629	-0.06357	-0.063521
447	-0.063614	-0.063601	-0.063515
448	-0.06362	-0.063566	-0.063508
449	-0.063626	-0.063529	-0.063501
450	-0.063625	-0.0635	-0.063473
451	-0.063622	-0.063473	-0.063441
452	-0.06362	-0.063493	-0.063461
453	-0.063617	-0.063538	-0.06351
454	-0.063634	-0.063557	-0.06355
455	-0.06367	-0.063551	-0.063581
456	-0.063715	-0.063575	-0.063611
457	-0.063777	-0.063657	-0.063639
458	-0.063818	-0.063711	-0.063654
459	-0.063766	-0.063648	-0.063615
460	-0.063714	-0.063588	-0.063575
461	-0.063662	-0.06357	-0.063518
462	-0.06361	-0.063551	-0.06346
463	-0.063587	-0.063518	-0.063431
464	-0.063567	-0.063483	-0.063406
465	-0.063405	-0.063305	-0.06326
466	-0.063191	-0.063075	-0.06307
467	-0.062767	-0.062651	-0.062646
468	-0.062194	-0.062087	-0.062054
469	-0.061729	-0.061638	-0.061583
470	-0.061405	-0.06134	-0.06127
471	-0.06106	-0.061004	-0.060946
472	-0.060658	-0.060572	-0.060592
473	-0.060293	-0.060184	-0.060261
474	-0.060167	-0.060088	-0.060085
475	-0.06004	-0.059991	-0.059909
476	-0.059888	-0.059805	-0.059758
477	-0.059735	-0.059617	-0.059607
478	-0.059554	-0.059413	-0.059389
479	-0.059367	-0.059205	-0.059159
480	-0.059297	-0.059192	-0.059139
481	-0.059282	-0.059269	-0.059217
482	-0.059507	-0.059509	-0.059457
483	-0.059941	-0.05989	-0.059838
484	-0.06033	-0.060244	-0.060197
485	-0.060649	-0.060555	-0.060525
486	-0.060759	-0.060659	-0.060642
487	-0.060209	-0.060108	-0.0601
488	-0.059635	-0.059531	-0.05953
489	-0.058824	-0.058703	-0.05869
490	-0.058013	-0.057876	-0.05785
491	-0.057373	-0.057242	-0.057222
492	-0.056743	-0.056619	-0.056604
493	-0.05625	-0.056116	-0.056118
494	-0.055791	-0.055642	-0.055663
495	-0.055276	-0.05514	-0.055157
496	-0.054732	-0.054625	-0.054624
497	-0.054332	-0.054244	-0.05423
498	-0.054067	-0.05399	-0.053967
499	-0.053787	-0.053707	-0.053677
500	-0.05348	-0.053377	-0.053342
501	-0.053141	-0.053025	-0.052985
502	-0.052693	-0.052603	-0.05255
503	-0.052251	-0.052183	-0.052119
504	-0.051868	-0.051776	-0.051736
505	-0.051485	-0.051369	-0.051354
506	-0.051001	-0.050913	-0.05088
507	-0.050511	-0.050454	-0.050402
508	-0.050108	-0.050062	-0.050041
509	-0.049725	-0.049686	-0.049708
510	-0.049379	-0.049363	-0.049349
511	-0.049051	-0.049068	-0.048976
512	-0.048753	-0.048753	-0.048646
513	-0.048483	-0.048421	-0.048355
514	-0.048168	-0.048079	-0.04803
515	-0.047782	-0.04772	-0.04765
516	-0.0474	-0.04734	-0.047262
517	-0.047034	-0.046893	-0.046849
518	-0.046669	-0.046462	-0.046445
519	-0.046301	-0.046159	-0.046107
520	-0.045934	-0.045855	-0.04577
521	-0.045615	-0.045484	-0.045482
522	-0.045297	-0.04511	-0.045196
523	-0.044968	-0.044781	-0.044844
524	-0.044637	-0.04446	-0.044479
525	-0.044358	-0.044175	-0.044161
526	-0.044103	-0.043906	-0.043863
527	-0.043826	-0.043685	-0.04362
528	-0.043531	-0.043503	-0.043419
529	-0.043208	-0.043217	-0.043128
530	-0.042848	-0.042794	-0.042718
531	-0.042488	-0.042404	-0.042323
532	-0.042128	-0.042095	-0.041967
533	-0.041785	-0.041779	-0.041625
534	-0.041527	-0.041427	-0.04136
535	-0.041268	-0.041078	-0.041094
536	-0.040958	-0.04081	-0.040796
537	-0.040649	-0.040542	-0.040498
538	-0.040354	-0.04025	-0.040189
539	-0.04006	-0.039956	-0.039879
540	-0.039794	-0.039698	-0.039644
541	-0.039535	-0.039452	-0.039431
542	-0.039219	-0.039106	-0.039076
543	-0.038869	-0.038702	-0.038637
544	-0.038473	-0.038304	-0.038229
545	-0.038029	-0.037915	-0.037851
546	-0.037605	-0.037533	-0.037479
547	-0.037216	-0.037167	-0.037119
548	-0.036841	-0.036806	-0.03676
549	-0.036511	-0.036462	-0.036405
550	-0.036176	-0.036111	-0.036046
551	-0.035794	-0.035708	-0.035649
552	-0.035412	-0.035305	-0.035251
553	-0.035128	-0.035001	-0.034986
554	-0.034846	-0.034698	-0.034723
555	-0.034596	-0.03446	-0.034484
556	-0.034352	-0.034233	-0.03425
557	-0.03407	-0.033971	-0.033953
558	-0.033775	-0.033697	-0.033635
559	-0.033465	-0.033412	-0.033326
560	-0.033147	-0.03312	-0.033022
561	-0.032899	-0.032857	-0.032767
562	-0.032724	-0.032625	-0.032563
563	-0.032585	-0.032461	-0.032416
564	-0.032508	-0.032416	-0.03237
565	-0.032465	-0.032394	-0.032351
566	-0.032532	-0.032443	-0.032418
567	-0.032626	-0.03252	-0.032515
568	-0.032922	-0.0328	-0.032838
569	-0.033218	-0.03308	-0.033162
570	-0.033436	-0.033311	-0.033365
571	-0.033653	-0.033541	-0.033567
572	-0.033715	-0.033614	-0.033612
573	-0.033754	-0.033663	-0.033634
574	-0.033832	-0.033736	-0.033717
575	-0.033924	-0.033817	-0.033819
576	-0.033906	-0.033808	-0.03382
577	-0.033825	-0.033746	-0.033762
578	-0.03372	-0.033664	-0.033668
579	-0.033592	-0.033563	-0.033539
580	-0.0334	-0.033387	-0.033351
581	-0.033108	-0.033098	-0.033071
582	-0.032762	-0.032741	-0.032721
583	-0.032271	-0.032207	-0.032188
584	-0.031764	-0.031668	-0.031648
585	-0.031173	-0.031104	-0.031067
586	-0.030582	-0.030538	-0.030488
587	-0.029979	-0.029958	-0.02992
588	-0.029377	-0.029377	-0.029352
589	-0.028799	-0.028796	-0.02877
590	-0.028224	-0.028216	-0.028186
591	-0.027775	-0.027734	-0.027703
592	-0.027354	-0.027275	-0.027243
593	-0.026966	-0.026898	-0.026871
594	-0.026593	-0.026556	-0.026537
595	-0.026263	-0.026238	-0.026229
596	-0.025963	-0.025938	-0.025938
597	-0.025633	-0.025592	-0.025584
598	-0.025268	-0.025196	-0.02516
599	-0.024943	-0.024851	-0.024792
600	-0.024687	-0.024593	-0.024521
601	-0.024424	-0.024339	-0.024256
602	-0.024139	-0.024094	-0.024011
603	-0.023841	-0.023826	-0.023745
604	-0.023462	-0.023416	-0.023352
605	-0.023079	-0.023005	-0.022958
606	-0.022613	-0.022546	-0.022534
607	-0.022146	-0.022088	-0.02211
608	-0.021693	-0.02164	-0.021626
609	-0.021242	-0.021192	-0.021137
610	-0.020918	-0.02088	-0.020816
611	-0.020623	-0.020596	-0.020532
612	-0.020305	-0.020264	-0.020202
613	-0.019978	-0.019912	-0.019853
614	-0.019613	-0.019544	-0.019525
615	-0.019225	-0.019166	-0.01921
616	-0.018784	-0.018718	-0.018776
617	-0.018294	-0.018201	-0.018225
618	-0.017868	-0.017764	-0.017765
619	-0.017539	-0.017446	-0.017441
620	-0.017207	-0.017124	-0.017118
621	-0.016867	-0.016789	-0.016798
622	-0.016502	-0.016431	-0.016447
623	-0.016035	-0.015975	-0.015962
624	-0.015579	-0.01553	-0.015492
625	-0.015228	-0.015192	-0.015171
626	-0.014877	-0.014855	-0.014851
627	-0.014528	-0.014522	-0.014496
628	-0.014179	-0.014189	-0.014141
629	-0.013794	-0.013747	-0.013737
630	-0.013404	-0.013292	-0.013326
631	-0.013052	-0.012946	-0.012973
632	-0.012709	-0.012629	-0.012635
633	-0.01239	-0.012315	-0.012319
634	-0.01208	-0.012003	-0.012013
635	-0.011808	-0.011718	-0.011715
636	-0.01156	-0.011451	-0.011422
637	-0.011314	-0.011226	-0.011197
638	-0.01107	-0.011043	-0.01104
639	-0.010794	-0.010784	-0.0108
640	-0.01047	-0.010415	-0.010439
641	-0.010143	-0.010045	-0.010064
642	-0.009805	-0.009675	-0.009656
643	-0.00949	-0.009341	-0.009295
644	-0.009257	-0.009139	-0.009103
645	-0.009025	-0.00893	-0.008906
646	-0.008803	-0.008669	-0.008671
647	-0.008591	-0.008423	-0.008447
648	-0.008654	-0.008598	-0.008521
649	-0.008718	-0.008773	-0.008595
650	-0.009491	-0.009503	-0.009388
651	-0.010307	-0.010268	-0.010226
652	-0.011515	-0.011468	-0.011446
653	-0.012791	-0.012744	-0.012732
654	-0.013665	-0.013614	-0.013608
655	-0.014415	-0.014357	-0.014356
656	-0.01447	-0.014466	-0.01443
657	-0.014189	-0.014268	-0.01418
658	-0.01356	-0.013654	-0.013566
659	-0.012687	-0.012748	-0.012695
660	-0.011468	-0.011511	-0.011474
661	-0.009905	-0.009943	-0.009902
662	-0.008517	-0.00856	-0.008481
663	-0.007379	-0.007437	-0.007274
664	-0.006393	-0.006473	-0.006284
665	-0.005717	-0.005832	-0.005735
666	-0.005118	-0.005251	-0.005213
667	-0.004753	-0.004852	-0.004777
668	-0.004418	-0.00448	-0.004378
669	-0.004235	-0.004249	-0.004163
670	-0.004047	-0.004019	-0.003951
671	-0.003803	-0.003802	-0.003776
672	-0.003559	-0.003585	-0.0036
673	-0.003479	-0.003468	-0.003486
674	-0.003399	-0.003351	-0.003371
675	-0.003217	-0.003119	-0.003179
676	-0.003025	-0.002877	-0.00298
677	-0.002808	-0.002715	-0.002755
678	-0.002585	-0.002568	-0.002525
679	-0.002438	-0.002448	-0.002364
680	-0.002314	-0.002337	-0.002225
681	-0.002158	-0.002172	-0.002048
682	-0.001987	-0.001983	-0.001853
683	-0.001788	-0.001806	-0.001692
684	-0.001572	-0.001636	-0.001553
685	-0.001411	-0.001474	-0.001407
686	-0.001299	-0.001321	-0.001255
687	-0.001164	-0.001158	-0.00109
688	-0.001004	-0.000986	-0.000906
689	-0.000802	-0.000793	-0.000703
690	-0.000531	-0.000569	-0.000469
691	-0.000295	-0.000336	-0.000251
692	-0.000133	-0.000083	-0.000071
693	0.00004	0.000142	0.000109
694	0.000253	0.000281	0.00029
695	0.00047	0.000438	0.000483
696	0.000706	0.000679	0.000729
697	0.000931	0.00091	0.000968
698	0.00106	0.00105	0.001137
699	0.001192	0.001194	0.001307
700	0.00141	0.001473	0.001525
701	0.001627	0.001752	0.001743
702	0.001866	0.001916	0.001951
703	0.002106	0.002075	0.002159
704	0.00232	0.002281	0.002343
705	0.002531	0.002492	0.002525
706	0.002705	0.002718	0.002723
707	0.002872	0.002947	0.002925
708	0.003105	0.003127	0.003137
709	0.003357	0.003293	0.003351
710	0.003536	0.003469	0.00353
711	0.003684	0.003649	0.003695
712	0.00379	0.003763	0.003835
713	0.003874	0.003838	0.003963
714	0.003999	0.003943	0.004079
715	0.004153	0.004069	0.004187
716	0.004349	0.004254	0.004329
717	0.004583	0.004494	0.004505
718	0.004771	0.004685	0.004699
719	0.004904	0.004821	0.004914
720	0.005019	0.004949	0.005115
[LOG]
CHECKSUM߰