[HEADER]
Format	J&M ASCII Table
Comment	
Date	02/04/2026 13:51:36
Order	Y (evenX)
TechType	UV
NumPoints	411
FirstX	310
LastX	720
XType	nm
YType	Absorbance
ZType	s
NumSubFile	3
Matrix	Z vs X
[LOGIN]
Name=pcbob
[INSTRUMENT]
Name=TIDAS E Base UV/VI
Detector=MMS - ASPEN 97,5 kHz
Diodearray=256 Pixel
Serial#=36584
Calibrated=2011-07-01
Range=183.81-729.88 [nm] (F0)

SWVersion=v3.18.2 (build 0)[LOGIN]
Name=pcbob
[CONFIG]
ChannelName=Channel 1
ChannelType=Normalized
[PARAMETER]
It=400,00
Aver=5
Norm=3
Range=310,0-720,0 nm
Scan=Time
ScanTime=5,00 s
[TRIGGER]
Sweep=0
Scan=0
[DIO]
DigOut=0x0000
DigIn=0x0000
[DATA]
	00:00:00,000	00:00:02,000	00:00:04,000
310	0.002203	0.002319	0.00208
311	0.001961	0.002086	0.001855
312	0.00172	0.001886	0.001664
313	0.001483	0.001652	0.00144
314	0.001251	0.001373	0.001169
315	0.001026	0.001122	0.000915
316	0.00082	0.000963	0.000717
317	0.000618	0.000803	0.000524
318	0.000482	0.000646	0.000407
319	0.000346	0.000489	0.00029
320	0.000203	0.000331	0.000141
321	0.000058	0.000173	-0.000014
322	-0.000099	0.000024	-0.000172
323	-0.000262	-0.000122	-0.000331
324	-0.000446	-0.000313	-0.000521
325	-0.00065	-0.000546	-0.000737
326	-0.000852	-0.000764	-0.00095
327	-0.00105	-0.000955	-0.00116
328	-0.001266	-0.001165	-0.00138
329	-0.001561	-0.001463	-0.001654
330	-0.001856	-0.001762	-0.001927
331	-0.002065	-0.001995	-0.002134
332	-0.002274	-0.002228	-0.002341
333	-0.0025	-0.002424	-0.002582
334	-0.00273	-0.002613	-0.00283
335	-0.002978	-0.00284	-0.003075
336	-0.003236	-0.003089	-0.003318
337	-0.003549	-0.003405	-0.003613
338	-0.003923	-0.003796	-0.003965
339	-0.004304	-0.004201	-0.004346
340	-0.004703	-0.004639	-0.004793
341	-0.005118	-0.005082	-0.005251
342	-0.005651	-0.005563	-0.005784
343	-0.006185	-0.006044	-0.006316
344	-0.006654	-0.006486	-0.00671
345	-0.007118	-0.006925	-0.007096
346	-0.007649	-0.007474	-0.00765
347	-0.008198	-0.008055	-0.008255
348	-0.00879	-0.008642	-0.008865
349	-0.009411	-0.009233	-0.009478
350	-0.010027	-0.009826	-0.010073
351	-0.010636	-0.010423	-0.010645
352	-0.011249	-0.011036	-0.011244
353	-0.011872	-0.011696	-0.011925
354	-0.012497	-0.012354	-0.012599
355	-0.013147	-0.012977	-0.013189
356	-0.013798	-0.013601	-0.013779
357	-0.01454	-0.014385	-0.014566
358	-0.015292	-0.015187	-0.015373
359	-0.016063	-0.01596	-0.016143
360	-0.016843	-0.016723	-0.0169
361	-0.017589	-0.017482	-0.017656
362	-0.01831	-0.018238	-0.018413
363	-0.019021	-0.018956	-0.019132
364	-0.019716	-0.019615	-0.019792
365	-0.020428	-0.020289	-0.020472
366	-0.021203	-0.021016	-0.021227
367	-0.021974	-0.021744	-0.02198
368	-0.022658	-0.022478	-0.022686
369	-0.023341	-0.023212	-0.023393
370	-0.024047	-0.023952	-0.024138
371	-0.024756	-0.024693	-0.024889
372	-0.025506	-0.025424	-0.025596
373	-0.026272	-0.026151	-0.026284
374	-0.026965	-0.026831	-0.026971
375	-0.027594	-0.02747	-0.027658
376	-0.028239	-0.02812	-0.028338
377	-0.028913	-0.028791	-0.029007
378	-0.029602	-0.029481	-0.029684
379	-0.030353	-0.03025	-0.030402
380	-0.031101	-0.031016	-0.031118
381	-0.03173	-0.031637	-0.031766
382	-0.032359	-0.032257	-0.032414
383	-0.032916	-0.03281	-0.032966
384	-0.033459	-0.03335	-0.0335
385	-0.033953	-0.03383	-0.034015
386	-0.034423	-0.034281	-0.03452
387	-0.034828	-0.034686	-0.034924
388	-0.035171	-0.03505	-0.035234
389	-0.035518	-0.035403	-0.035556
390	-0.035869	-0.035736	-0.035899
391	-0.036217	-0.036069	-0.036256
392	-0.036551	-0.036405	-0.036674
393	-0.036886	-0.036741	-0.037091
394	-0.037299	-0.037151	-0.037435
395	-0.037711	-0.037561	-0.037778
396	-0.037918	-0.037776	-0.037986
397	-0.038087	-0.037956	-0.038168
398	-0.038271	-0.038151	-0.038369
399	-0.038462	-0.038353	-0.038579
400	-0.038732	-0.038626	-0.038851
401	-0.039078	-0.038967	-0.039183
402	-0.03943	-0.039315	-0.03954
403	-0.039796	-0.039676	-0.039947
404	-0.040126	-0.039994	-0.040299
405	-0.040295	-0.040124	-0.040413
406	-0.040463	-0.040254	-0.040525
407	-0.040581	-0.040376	-0.040587
408	-0.040699	-0.040497	-0.040648
409	-0.040739	-0.04057	-0.040741
410	-0.040766	-0.040635	-0.04084
411	-0.040909	-0.040774	-0.041019
412	-0.041103	-0.040947	-0.041234
413	-0.041225	-0.04106	-0.041347
414	-0.041285	-0.04112	-0.041368
415	-0.041427	-0.041273	-0.041516
416	-0.041715	-0.041589	-0.041887
417	-0.042022	-0.041914	-0.042252
418	-0.042403	-0.042278	-0.042591
419	-0.042773	-0.04263	-0.042919
420	-0.042868	-0.04268	-0.042966
421	-0.042963	-0.04273	-0.043012
422	-0.043096	-0.042897	-0.043156
423	-0.043234	-0.04308	-0.043312
424	-0.043403	-0.043283	-0.043488
425	-0.043584	-0.043493	-0.043671
426	-0.043599	-0.043508	-0.043689
427	-0.043481	-0.043364	-0.043575
428	-0.043277	-0.043129	-0.043367
429	-0.04294	-0.042751	-0.043012
430	-0.042627	-0.042418	-0.042691
431	-0.042395	-0.042231	-0.042476
432	-0.042174	-0.04205	-0.042269
433	-0.042106	-0.041947	-0.042158
434	-0.042038	-0.041844	-0.042047
435	-0.041846	-0.04166	-0.041886
436	-0.041641	-0.041469	-0.041721
437	-0.041423	-0.04127	-0.041537
438	-0.041201	-0.04107	-0.041347
439	-0.040994	-0.040862	-0.04112
440	-0.040798	-0.040651	-0.040868
441	-0.040579	-0.040406	-0.040612
442	-0.040333	-0.040118	-0.040351
443	-0.040096	-0.039873	-0.040119
444	-0.039886	-0.039736	-0.039959
445	-0.03967	-0.039577	-0.039783
446	-0.03941	-0.039256	-0.039485
447	-0.03915	-0.038935	-0.039188
448	-0.038902	-0.038712	-0.038944
449	-0.038654	-0.038492	-0.038701
450	-0.03837	-0.038216	-0.038431
451	-0.038076	-0.037927	-0.038155
452	-0.037847	-0.037721	-0.037938
453	-0.037651	-0.037558	-0.037753
454	-0.03745	-0.037355	-0.037549
455	-0.037246	-0.037111	-0.037327
456	-0.037023	-0.036863	-0.037095
457	-0.036767	-0.036607	-0.036842
458	-0.036503	-0.036353	-0.036581
459	-0.036208	-0.036107	-0.036291
460	-0.035913	-0.035858	-0.036002
461	-0.035609	-0.035543	-0.035754
462	-0.035305	-0.035227	-0.035507
463	-0.03504	-0.034924	-0.035235
464	-0.034781	-0.034622	-0.03496
465	-0.034401	-0.034262	-0.034581
466	-0.033978	-0.033882	-0.034164
467	-0.033512	-0.0334	-0.033647
468	-0.033015	-0.032846	-0.033058
469	-0.03255	-0.032356	-0.03255
470	-0.032129	-0.03195	-0.032147
471	-0.031709	-0.03154	-0.031749
472	-0.031292	-0.03112	-0.031363
473	-0.03088	-0.030716	-0.030986
474	-0.030503	-0.030406	-0.030671
475	-0.030126	-0.030097	-0.030356
476	-0.029852	-0.029743	-0.030026
477	-0.02958	-0.029389	-0.029695
478	-0.02931	-0.029155	-0.029443
479	-0.02904	-0.028945	-0.029206
480	-0.028848	-0.028726	-0.029057
481	-0.028692	-0.028503	-0.028949
482	-0.028533	-0.02835	-0.028797
483	-0.028371	-0.028257	-0.028609
484	-0.028277	-0.028202	-0.028483
485	-0.028286	-0.028209	-0.028455
486	-0.028203	-0.028122	-0.028338
487	-0.027831	-0.027741	-0.027942
488	-0.027447	-0.027351	-0.02754
489	-0.026953	-0.026883	-0.027076
490	-0.026459	-0.026416	-0.026612
491	-0.025954	-0.025891	-0.026103
492	-0.025448	-0.025364	-0.025591
493	-0.025027	-0.024952	-0.02517
494	-0.024625	-0.024569	-0.024771
495	-0.02419	-0.024139	-0.024341
496	-0.023736	-0.023685	-0.023895
497	-0.023342	-0.02329	-0.023502
498	-0.023006	-0.022952	-0.023158
499	-0.022661	-0.022569	-0.022799
500	-0.0223	-0.022112	-0.022415
501	-0.021929	-0.021683	-0.02203
502	-0.021521	-0.02135	-0.02164
503	-0.021119	-0.021017	-0.021261
504	-0.020781	-0.020672	-0.02099
505	-0.020444	-0.020328	-0.020719
506	-0.020056	-0.01994	-0.020289
507	-0.019665	-0.019549	-0.019851
508	-0.019327	-0.019219	-0.019512
509	-0.019002	-0.018904	-0.019199
510	-0.018742	-0.018635	-0.01891
511	-0.018514	-0.018388	-0.018635
512	-0.018276	-0.018135	-0.01836
513	-0.01803	-0.017876	-0.018086
514	-0.017797	-0.017653	-0.01787
515	-0.017585	-0.01749	-0.017744
516	-0.017359	-0.017301	-0.01758
517	-0.017088	-0.017038	-0.017293
518	-0.016828	-0.016784	-0.017018
519	-0.016655	-0.016611	-0.016841
520	-0.016483	-0.016439	-0.016664
521	-0.016277	-0.016175	-0.016412
522	-0.016071	-0.015909	-0.016157
523	-0.015846	-0.015693	-0.015953
524	-0.015618	-0.015488	-0.015759
525	-0.015376	-0.015261	-0.015537
526	-0.015128	-0.015025	-0.015302
527	-0.014915	-0.014823	-0.015122
528	-0.014729	-0.014646	-0.014982
529	-0.014527	-0.01443	-0.014805
530	-0.014306	-0.014162	-0.014576
531	-0.014075	-0.01391	-0.014323
532	-0.01382	-0.013699	-0.014016
533	-0.013553	-0.013464	-0.01371
534	-0.013216	-0.013104	-0.013407
535	-0.012879	-0.012746	-0.013104
536	-0.012529	-0.012461	-0.01278
537	-0.012179	-0.012177	-0.012456
538	-0.011896	-0.011899	-0.012161
539	-0.011621	-0.011621	-0.011868
540	-0.011385	-0.011347	-0.011619
541	-0.011161	-0.011073	-0.011383
542	-0.010895	-0.010793	-0.011111
543	-0.010604	-0.010509	-0.010818
544	-0.01034	-0.010262	-0.010547
545	-0.010102	-0.010054	-0.010298
546	-0.00987	-0.009829	-0.010053
547	-0.009648	-0.009577	-0.009813
548	-0.00942	-0.009326	-0.009575
549	-0.009177	-0.00908	-0.009342
550	-0.008934	-0.008842	-0.009114
551	-0.008691	-0.008662	-0.008917
552	-0.008447	-0.008483	-0.008721
553	-0.008262	-0.008232	-0.008506
554	-0.008078	-0.007979	-0.008292
555	-0.007856	-0.007763	-0.008053
556	-0.007628	-0.007552	-0.00781
557	-0.007474	-0.007418	-0.007694
558	-0.007347	-0.007312	-0.007624
559	-0.007206	-0.007183	-0.007477
560	-0.007055	-0.00704	-0.00728
561	-0.006897	-0.006867	-0.007101
562	-0.006729	-0.006663	-0.00694
563	-0.006608	-0.006525	-0.006834
564	-0.006569	-0.006503	-0.006825
565	-0.006526	-0.006462	-0.006787
566	-0.006467	-0.00636	-0.006652
567	-0.00641	-0.006264	-0.006529
568	-0.006369	-0.006217	-0.0065
569	-0.006328	-0.006171	-0.00647
570	-0.006244	-0.00612	-0.006418
571	-0.006159	-0.00607	-0.006366
572	-0.006061	-0.005982	-0.00625
573	-0.005961	-0.00589	-0.006125
574	-0.005795	-0.005733	-0.005984
575	-0.005608	-0.005555	-0.005839
576	-0.005432	-0.005385	-0.005677
577	-0.005262	-0.00522	-0.005505
578	-0.0051	-0.005047	-0.005332
579	-0.004946	-0.004867	-0.005157
580	-0.004776	-0.004673	-0.004971
581	-0.004582	-0.004459	-0.004767
582	-0.004364	-0.004239	-0.004553
583	-0.004079	-0.004001	-0.004316
584	-0.003787	-0.003748	-0.004061
585	-0.003457	-0.003415	-0.003711
586	-0.003129	-0.003081	-0.003365
587	-0.002864	-0.002751	-0.003089
588	-0.002599	-0.002421	-0.002812
589	-0.002311	-0.002167	-0.002537
590	-0.002023	-0.001918	-0.002262
591	-0.001783	-0.001706	-0.002034
592	-0.001554	-0.001502	-0.001817
593	-0.001346	-0.001291	-0.001601
594	-0.001145	-0.001077	-0.001386
595	-0.000946	-0.000885	-0.00118
596	-0.000746	-0.000708	-0.000982
597	-0.000566	-0.000541	-0.000803
598	-0.000406	-0.000385	-0.000646
599	-0.000277	-0.000233	-0.000499
600	-0.000201	-0.00009	-0.000368
601	-0.000096	0.000051	-0.000237
602	0.000094	0.000186	-0.000103
603	0.000275	0.000319	0.000031
604	0.000396	0.000442	0.000168
605	0.00052	0.000568	0.000308
606	0.000713	0.000774	0.000513
607	0.000907	0.000979	0.000719
608	0.001106	0.001144	0.000905
609	0.001306	0.001307	0.001089
610	0.001396	0.001434	0.001186
611	0.001461	0.001554	0.001263
612	0.001598	0.001703	0.001409
613	0.001762	0.001863	0.001583
614	0.001961	0.002036	0.001772
615	0.002182	0.002218	0.001971
616	0.00237	0.002412	0.002155
617	0.002524	0.002618	0.002325
618	0.00269	0.002808	0.002486
619	0.002871	0.002974	0.002633
620	0.003043	0.003149	0.002792
621	0.003197	0.003346	0.002979
622	0.003361	0.00354	0.00317
623	0.00357	0.003722	0.00338
624	0.003784	0.003912	0.003594
625	0.004038	0.004169	0.003845
626	0.004293	0.004425	0.004095
627	0.004427	0.004552	0.0042
628	0.00456	0.004677	0.004303
629	0.004719	0.004824	0.004474
630	0.004882	0.004975	0.004653
631	0.005043	0.005121	0.004831
632	0.005203	0.005267	0.005009
633	0.005377	0.005424	0.005182
634	0.005557	0.005586	0.005354
635	0.005737	0.005739	0.005502
636	0.005917	0.005885	0.005634
637	0.006095	0.006085	0.005814
638	0.006271	0.006337	0.006042
639	0.006473	0.006578	0.006273
640	0.006713	0.006802	0.006507
641	0.006929	0.007007	0.006716
642	0.007092	0.007171	0.006866
643	0.007256	0.007327	0.007015
644	0.007421	0.007454	0.007158
645	0.007578	0.007585	0.007301
646	0.007684	0.007748	0.00744
647	0.007786	0.007904	0.007575
648	0.007758	0.007897	0.007565
649	0.007731	0.007889	0.007556
650	0.007611	0.007773	0.007403
651	0.007486	0.007649	0.007242
652	0.007301	0.00746	0.007087
653	0.007106	0.00726	0.006934
654	0.006945	0.007085	0.006772
655	0.006795	0.006917	0.006608
656	0.006831	0.006943	0.006635
657	0.006958	0.007063	0.006756
658	0.007125	0.007216	0.006898
659	0.007321	0.007392	0.007055
660	0.007607	0.007655	0.007327
661	0.007986	0.008006	0.007713
662	0.00832	0.008349	0.008086
663	0.008593	0.008681	0.008439
664	0.008838	0.008958	0.008726
665	0.009027	0.009122	0.008878
666	0.009197	0.009279	0.00902
667	0.009311	0.009419	0.009134
668	0.009436	0.009559	0.009251
669	0.009618	0.009696	0.009381
670	0.009791	0.009831	0.00951
671	0.009869	0.009944	0.00963
672	0.009947	0.010058	0.009751
673	0.01005	0.010182	0.009828
674	0.010154	0.010307	0.009905
675	0.010224	0.010329	0.010023
676	0.010292	0.010343	0.010143
677	0.01038	0.010443	0.010238
678	0.010473	0.01056	0.010328
679	0.010556	0.01068	0.010427
680	0.010635	0.010801	0.01053
681	0.01076	0.010902	0.010646
682	0.010907	0.010994	0.010768
683	0.011076	0.011112	0.010907
684	0.01126	0.011249	0.011056
685	0.011401	0.011402	0.01118
686	0.011505	0.01157	0.011281
687	0.011646	0.011741	0.011412
688	0.011832	0.011916	0.011578
689	0.011972	0.012043	0.011706
690	0.012038	0.012094	0.011772
691	0.012115	0.012161	0.011871
692	0.012214	0.012266	0.012042
693	0.012325	0.012372	0.012186
694	0.01247	0.012479	0.012244
695	0.012611	0.012595	0.012324
696	0.012731	0.012753	0.01251
697	0.012847	0.012907	0.012682
698	0.01292	0.013012	0.012741
699	0.012994	0.013117	0.012799
700	0.013113	0.013189	0.012852
701	0.013232	0.013262	0.012905
702	0.01332	0.01337	0.013046
703	0.013407	0.013478	0.01319
704	0.013546	0.013605	0.013283
705	0.013692	0.013735	0.013371
706	0.0138	0.013817	0.013448
707	0.013901	0.013891	0.013524
708	0.013944	0.013974	0.013599
709	0.013969	0.01406	0.013673
710	0.014068	0.014191	0.013801
711	0.0142	0.014343	0.013951
712	0.01429	0.014401	0.014012
713	0.014357	0.014406	0.014022
714	0.014431	0.014415	0.014052
715	0.01451	0.014425	0.014098
716	0.014601	0.014523	0.014184
717	0.014702	0.014702	0.014306
718	0.014778	0.014833	0.014434
719	0.014822	0.014906	0.014569
720	0.014895	0.014988	0.014673
[LOG]
CHECKSUM2