[HEADER]
Format	J&M ASCII Table
Comment	
Date	02/04/2026 13:46:12
Order	Y (evenX)
TechType	UV
NumPoints	411
FirstX	310
LastX	720
XType	nm
YType	Absorbance
ZType	s
NumSubFile	3
Matrix	Z vs X
[LOGIN]
Name=pcbob
[INSTRUMENT]
Name=TIDAS E Base UV/VI
Detector=MMS - ASPEN 97,5 kHz
Diodearray=256 Pixel
Serial#=36584
Calibrated=2011-07-01
Range=183.81-729.88 [nm] (F0)

SWVersion=v3.18.2 (build 0)[LOGIN]
Name=pcbob
[CONFIG]
ChannelName=Channel 1
ChannelType=Normalized
[PARAMETER]
It=400,00
Aver=5
Norm=3
Range=310,0-720,0 nm
Scan=Time
ScanTime=5,00 s
[TRIGGER]
Sweep=0
Scan=0
[DIO]
DigOut=0x0000
DigIn=0x0000
[DATA]
	00:00:00,000	00:00:02,000	00:00:04,000
310	0.003924	0.004068	0.003986
311	0.00374	0.003879	0.003835
312	0.00359	0.003704	0.003736
313	0.003421	0.003521	0.003576
314	0.003226	0.003325	0.003334
315	0.003049	0.003139	0.003114
316	0.002928	0.002982	0.002967
317	0.002806	0.002826	0.002819
318	0.002662	0.002676	0.002672
319	0.002519	0.002526	0.002524
320	0.00235	0.002388	0.002355
321	0.002178	0.002251	0.002183
322	0.002006	0.002065	0.002018
323	0.001833	0.00186	0.001857
324	0.001624	0.001656	0.001664
325	0.001384	0.001453	0.001443
326	0.001151	0.001236	0.001211
327	0.000931	0.000994	0.000958
328	0.000692	0.000735	0.00069
329	0.000367	0.000398	0.000348
330	0.000041	0.000062	0.000006
331	-0.00021	-0.0002	-0.000208
332	-0.000461	-0.000462	-0.000422
333	-0.000735	-0.000722	-0.000724
334	-0.001013	-0.000982	-0.001044
335	-0.001297	-0.001256	-0.001325
336	-0.001583	-0.001537	-0.001585
337	-0.001908	-0.001854	-0.001895
338	-0.002277	-0.00221	-0.00226
339	-0.002664	-0.002592	-0.002644
340	-0.003095	-0.003033	-0.003072
341	-0.003539	-0.003483	-0.003511
342	-0.004073	-0.004002	-0.004018
343	-0.004607	-0.004521	-0.004526
344	-0.005077	-0.00503	-0.005025
345	-0.005544	-0.005539	-0.005523
346	-0.006049	-0.00603	-0.006017
347	-0.006566	-0.006517	-0.00651
348	-0.007093	-0.00704	-0.007021
349	-0.007626	-0.007589	-0.007545
350	-0.008137	-0.008115	-0.008064
351	-0.008618	-0.008611	-0.008576
352	-0.009118	-0.009116	-0.009102
353	-0.009677	-0.009648	-0.009674
354	-0.010236	-0.010181	-0.010245
355	-0.010804	-0.010731	-0.010799
356	-0.011371	-0.01128	-0.011353
357	-0.01202	-0.01195	-0.011995
358	-0.012678	-0.012632	-0.012646
359	-0.013295	-0.013269	-0.013255
360	-0.013897	-0.013889	-0.013848
361	-0.014471	-0.014455	-0.014423
362	-0.015024	-0.01498	-0.014982
363	-0.015572	-0.015516	-0.015528
364	-0.016113	-0.016068	-0.016051
365	-0.016657	-0.016616	-0.016579
366	-0.017214	-0.017149	-0.017127
367	-0.017765	-0.01768	-0.01767
368	-0.018209	-0.018172	-0.018131
369	-0.018652	-0.018663	-0.018591
370	-0.019111	-0.019074	-0.019015
371	-0.019572	-0.019473	-0.019433
372	-0.020013	-0.019897	-0.019887
373	-0.020446	-0.020333	-0.020355
374	-0.020815	-0.020702	-0.020742
375	-0.021126	-0.021012	-0.021058
376	-0.021474	-0.02137	-0.021407
377	-0.021887	-0.021811	-0.021814
378	-0.022298	-0.022245	-0.02222
379	-0.022699	-0.02265	-0.022619
380	-0.023098	-0.023052	-0.023016
381	-0.023396	-0.023332	-0.02334
382	-0.023694	-0.023612	-0.023665
383	-0.02389	-0.023828	-0.023854
384	-0.024068	-0.024034	-0.02402
385	-0.024223	-0.024198	-0.024193
386	-0.024366	-0.024343	-0.024368
387	-0.024483	-0.024452	-0.024497
388	-0.024576	-0.024527	-0.024581
389	-0.024625	-0.024582	-0.024622
390	-0.024596	-0.024601	-0.024581
391	-0.024589	-0.024625	-0.024558
392	-0.024679	-0.024671	-0.024612
393	-0.02477	-0.024718	-0.024667
394	-0.024865	-0.02479	-0.024795
395	-0.024959	-0.024862	-0.024922
396	-0.024985	-0.024902	-0.02494
397	-0.024999	-0.024937	-0.024938
398	-0.024976	-0.024945	-0.024913
399	-0.024936	-0.024941	-0.024877
400	-0.025045	-0.025059	-0.025006
401	-0.025295	-0.025294	-0.02529
402	-0.025495	-0.025479	-0.025499
403	-0.025602	-0.025572	-0.025568
404	-0.025689	-0.025644	-0.025628
405	-0.025686	-0.025621	-0.02565
406	-0.025684	-0.025599	-0.025671
407	-0.025716	-0.025602	-0.025675
408	-0.025747	-0.025605	-0.025678
409	-0.025728	-0.025566	-0.025688
410	-0.025699	-0.02552	-0.0257
411	-0.025795	-0.025651	-0.025774
412	-0.025946	-0.025862	-0.025877
413	-0.026022	-0.025964	-0.025943
414	-0.02603	-0.025967	-0.025977
415	-0.026099	-0.026033	-0.026062
416	-0.026273	-0.02621	-0.026236
417	-0.026458	-0.026395	-0.026418
418	-0.026688	-0.026613	-0.02663
419	-0.026909	-0.026824	-0.026834
420	-0.026888	-0.026864	-0.026851
421	-0.026867	-0.026904	-0.026868
422	-0.026926	-0.026917	-0.026938
423	-0.026996	-0.026926	-0.027015
424	-0.027098	-0.026998	-0.027094
425	-0.027214	-0.027094	-0.027172
426	-0.027247	-0.027111	-0.027172
427	-0.027213	-0.027063	-0.027109
428	-0.02707	-0.026927	-0.026968
429	-0.026756	-0.026654	-0.026707
430	-0.026477	-0.026411	-0.026472
431	-0.026308	-0.026271	-0.026323
432	-0.026139	-0.026127	-0.026169
433	-0.025974	-0.025949	-0.025939
434	-0.025809	-0.02577	-0.025709
435	-0.025589	-0.025535	-0.025479
436	-0.025364	-0.025295	-0.025248
437	-0.025208	-0.025151	-0.025129
438	-0.025074	-0.025038	-0.025045
439	-0.024877	-0.024849	-0.024851
440	-0.024638	-0.02461	-0.024582
441	-0.024423	-0.024392	-0.024345
442	-0.02424	-0.0242	-0.024147
443	-0.02408	-0.024017	-0.023982
444	-0.023977	-0.02386	-0.023898
445	-0.023868	-0.023707	-0.023806
446	-0.023715	-0.02358	-0.023659
447	-0.023563	-0.023454	-0.023513
448	-0.023496	-0.023358	-0.023414
449	-0.023431	-0.023263	-0.023317
450	-0.023279	-0.023147	-0.023176
451	-0.023107	-0.023027	-0.023025
452	-0.02306	-0.022963	-0.022972
453	-0.023078	-0.022928	-0.022969
454	-0.023052	-0.022873	-0.022922
455	-0.022982	-0.022799	-0.022831
456	-0.022862	-0.022692	-0.022706
457	-0.022646	-0.022524	-0.022519
458	-0.022455	-0.022365	-0.022353
459	-0.022367	-0.022247	-0.022274
460	-0.022277	-0.022128	-0.022193
461	-0.022137	-0.021982	-0.02206
462	-0.021998	-0.021836	-0.021928
463	-0.021896	-0.021742	-0.021821
464	-0.0218	-0.021655	-0.021717
465	-0.021599	-0.021494	-0.021542
466	-0.021359	-0.021307	-0.021342
467	-0.021117	-0.021044	-0.021097
468	-0.020875	-0.020725	-0.020818
469	-0.020666	-0.02049	-0.020598
470	-0.020503	-0.020364	-0.020453
471	-0.020325	-0.020205	-0.020279
472	-0.020108	-0.019963	-0.02003
473	-0.0199	-0.019739	-0.019794
474	-0.019749	-0.019637	-0.019638
475	-0.019598	-0.019534	-0.019482
476	-0.019458	-0.019413	-0.019377
477	-0.019319	-0.019291	-0.019274
478	-0.019262	-0.019205	-0.019193
479	-0.019222	-0.019127	-0.019116
480	-0.01918	-0.019063	-0.019057
481	-0.019139	-0.019007	-0.019005
482	-0.019071	-0.018944	-0.018946
483	-0.018981	-0.018876	-0.018882
484	-0.018921	-0.01884	-0.018847
485	-0.018906	-0.018857	-0.018857
486	-0.018863	-0.018831	-0.018827
487	-0.018729	-0.018671	-0.018669
488	-0.018596	-0.018516	-0.018516
489	-0.018465	-0.018415	-0.01841
490	-0.018334	-0.018314	-0.018305
491	-0.018154	-0.018106	-0.018129
492	-0.017971	-0.017892	-0.01795
493	-0.017816	-0.017749	-0.017732
494	-0.017668	-0.017624	-0.017505
495	-0.017458	-0.017408	-0.017284
496	-0.017218	-0.017145	-0.017067
497	-0.017002	-0.016915	-0.016868
498	-0.016811	-0.016714	-0.016686
499	-0.016606	-0.016488	-0.016471
500	-0.016378	-0.01622	-0.016201
501	-0.016158	-0.015957	-0.015954
502	-0.015965	-0.01571	-0.015784
503	-0.015765	-0.01547	-0.015609
504	-0.015509	-0.0153	-0.015389
505	-0.015252	-0.01513	-0.015168
506	-0.015043	-0.014912	-0.014929
507	-0.014836	-0.014691	-0.014689
508	-0.014677	-0.01453	-0.014548
509	-0.014531	-0.014384	-0.01443
510	-0.014406	-0.014248	-0.014311
511	-0.014293	-0.014116	-0.014191
512	-0.014185	-0.014006	-0.014073
513	-0.014082	-0.013915	-0.013956
514	-0.013992	-0.013835	-0.013859
515	-0.013925	-0.01377	-0.013792
516	-0.013853	-0.013696	-0.013731
517	-0.013761	-0.013591	-0.013688
518	-0.013681	-0.013494	-0.013644
519	-0.013689	-0.013461	-0.013588
520	-0.013697	-0.013427	-0.013531
521	-0.013653	-0.013413	-0.013483
522	-0.013608	-0.0134	-0.013435
523	-0.013511	-0.01333	-0.013364
524	-0.013405	-0.013249	-0.013287
525	-0.01333	-0.013174	-0.013209
526	-0.013268	-0.013102	-0.01313
527	-0.013226	-0.013037	-0.013075
528	-0.013197	-0.012977	-0.013041
529	-0.013141	-0.012905	-0.012991
530	-0.013048	-0.012817	-0.01292
531	-0.012917	-0.012725	-0.01283
532	-0.012696	-0.012624	-0.01269
533	-0.012486	-0.012503	-0.012535
534	-0.012331	-0.012275	-0.012298
535	-0.012174	-0.012048	-0.012062
536	-0.011969	-0.011846	-0.011858
537	-0.011764	-0.011644	-0.011654
538	-0.011615	-0.011509	-0.011513
539	-0.011472	-0.011382	-0.011379
540	-0.01131	-0.01122	-0.011244
541	-0.011141	-0.011046	-0.011107
542	-0.010983	-0.010878	-0.010949
543	-0.010831	-0.010715	-0.010779
544	-0.010691	-0.010567	-0.010648
545	-0.010564	-0.010435	-0.010556
546	-0.010458	-0.010319	-0.010445
547	-0.010386	-0.01023	-0.010304
548	-0.010308	-0.010149	-0.010175
549	-0.010211	-0.010092	-0.010084
550	-0.010113	-0.010033	-0.009998
551	-0.010011	-0.009956	-0.009945
552	-0.009908	-0.009879	-0.009891
553	-0.009821	-0.009748	-0.009757
554	-0.009735	-0.009617	-0.009622
555	-0.009669	-0.009512	-0.009553
556	-0.009607	-0.009412	-0.009495
557	-0.009599	-0.009462	-0.009494
558	-0.00961	-0.009566	-0.009514
559	-0.009589	-0.009551	-0.009509
560	-0.009546	-0.009459	-0.009487
561	-0.009491	-0.009359	-0.009427
562	-0.009421	-0.009252	-0.009326
563	-0.009392	-0.009199	-0.009272
564	-0.009438	-0.009239	-0.009301
565	-0.009456	-0.009254	-0.009308
566	-0.009387	-0.009187	-0.009244
567	-0.009315	-0.00912	-0.009177
568	-0.009229	-0.009066	-0.009093
569	-0.009142	-0.009011	-0.009008
570	-0.009048	-0.008929	-0.008938
571	-0.008953	-0.008846	-0.008868
572	-0.008853	-0.008718	-0.008747
573	-0.008753	-0.008583	-0.008618
574	-0.008593	-0.008434	-0.008464
575	-0.008412	-0.00828	-0.008302
576	-0.008251	-0.008143	-0.008145
577	-0.008101	-0.008014	-0.007991
578	-0.007951	-0.007867	-0.007829
579	-0.0078	-0.007703	-0.007657
580	-0.00764	-0.007554	-0.007502
581	-0.007467	-0.007429	-0.007375
582	-0.00732	-0.007297	-0.007256
583	-0.007243	-0.007147	-0.007163
584	-0.007148	-0.006995	-0.007055
585	-0.00696	-0.006832	-0.006876
586	-0.006775	-0.006672	-0.006699
587	-0.006655	-0.006572	-0.006585
588	-0.006535	-0.006473	-0.006471
589	-0.006408	-0.006335	-0.006344
590	-0.00628	-0.006194	-0.006215
591	-0.006204	-0.006085	-0.006112
592	-0.006138	-0.005984	-0.006014
593	-0.00603	-0.005878	-0.0059
594	-0.005903	-0.005771	-0.005779
595	-0.005804	-0.005682	-0.005695
596	-0.005725	-0.005607	-0.005636
597	-0.005666	-0.005558	-0.005569
598	-0.005628	-0.005537	-0.005494
599	-0.005616	-0.00552	-0.005462
600	-0.005647	-0.00551	-0.005505
601	-0.005659	-0.005503	-0.005529
602	-0.005615	-0.005503	-0.005496
603	-0.005576	-0.005499	-0.005464
604	-0.005568	-0.005471	-0.005441
605	-0.005558	-0.005441	-0.005417
606	-0.005476	-0.005351	-0.005365
607	-0.005393	-0.005261	-0.005313
608	-0.00538	-0.005217	-0.005277
609	-0.005372	-0.005176	-0.005243
610	-0.005393	-0.005209	-0.005257
611	-0.005421	-0.005256	-0.005282
612	-0.005374	-0.005215	-0.00525
613	-0.005297	-0.005137	-0.005197
614	-0.005242	-0.005074	-0.005151
615	-0.005201	-0.005021	-0.005109
616	-0.005162	-0.004995	-0.005067
617	-0.005125	-0.004997	-0.005024
618	-0.005072	-0.004992	-0.004991
619	-0.004994	-0.004977	-0.004975
620	-0.00493	-0.004939	-0.004942
621	-0.004901	-0.004847	-0.004872
622	-0.004865	-0.004755	-0.004798
623	-0.004803	-0.004663	-0.004705
624	-0.004735	-0.004572	-0.004611
625	-0.004605	-0.004489	-0.004505
626	-0.004475	-0.004406	-0.004399
627	-0.004382	-0.004298	-0.004305
628	-0.00429	-0.00419	-0.004212
629	-0.004243	-0.004128	-0.004153
630	-0.004201	-0.004072	-0.004099
631	-0.004135	-0.004006	-0.00401
632	-0.004063	-0.003938	-0.003911
633	-0.003975	-0.003856	-0.003805
634	-0.00388	-0.003768	-0.003696
635	-0.00385	-0.003726	-0.003692
636	-0.003862	-0.003715	-0.003758
637	-0.003796	-0.003626	-0.003694
638	-0.003652	-0.003459	-0.003501
639	-0.003513	-0.003322	-0.003332
640	-0.003382	-0.003228	-0.003197
641	-0.003272	-0.003144	-0.003099
642	-0.003208	-0.003083	-0.003081
643	-0.003145	-0.003021	-0.003051
644	-0.003084	-0.002953	-0.002977
645	-0.003022	-0.002881	-0.002901
646	-0.002952	-0.002787	-0.002816
647	-0.002883	-0.002694	-0.002732
648	-0.002833	-0.00263	-0.002684
649	-0.002784	-0.002566	-0.002637
650	-0.00272	-0.002562	-0.002601
651	-0.002656	-0.002562	-0.002567
652	-0.002572	-0.002475	-0.002487
653	-0.002485	-0.002373	-0.0024
654	-0.002456	-0.002341	-0.002384
655	-0.002446	-0.002331	-0.002391
656	-0.002405	-0.002317	-0.002354
657	-0.002351	-0.002301	-0.002296
658	-0.002378	-0.00233	-0.00231
659	-0.002463	-0.00239	-0.002374
660	-0.002493	-0.002398	-0.002399
661	-0.002468	-0.002353	-0.002385
662	-0.002488	-0.002358	-0.002407
663	-0.002571	-0.002433	-0.00248
664	-0.002631	-0.002488	-0.002522
665	-0.002642	-0.0025	-0.002497
666	-0.002654	-0.002527	-0.002508
667	-0.002666	-0.002603	-0.002627
668	-0.002665	-0.002641	-0.002702
669	-0.002593	-0.002486	-0.002547
670	-0.002526	-0.002344	-0.002402
671	-0.002513	-0.002349	-0.002371
672	-0.002499	-0.002355	-0.002339
673	-0.00247	-0.002335	-0.002329
674	-0.00244	-0.002315	-0.002319
675	-0.002447	-0.002297	-0.00233
676	-0.002458	-0.00228	-0.002343
677	-0.002494	-0.002347	-0.002376
678	-0.002534	-0.00243	-0.002414
679	-0.00246	-0.002352	-0.002353
680	-0.002351	-0.002225	-0.002261
681	-0.0023	-0.002142	-0.002212
682	-0.002276	-0.002079	-0.002183
683	-0.002238	-0.002018	-0.002132
684	-0.002191	-0.001958	-0.002067
685	-0.002116	-0.001914	-0.001984
686	-0.002017	-0.001883	-0.001888
687	-0.001933	-0.001806	-0.001823
688	-0.001868	-0.001673	-0.001796
689	-0.001813	-0.00162	-0.001774
690	-0.001776	-0.001694	-0.00176
691	-0.001754	-0.001719	-0.001732
692	-0.001768	-0.001636	-0.001676
693	-0.001753	-0.001562	-0.001618
694	-0.001646	-0.001515	-0.001555
695	-0.001545	-0.001469	-0.001491
696	-0.001471	-0.001427	-0.00142
697	-0.001401	-0.001379	-0.001348
698	-0.001369	-0.001292	-0.001268
699	-0.001338	-0.001204	-0.001188
700	-0.001321	-0.001135	-0.001132
701	-0.001305	-0.001065	-0.001075
702	-0.001236	-0.001058	-0.001054
703	-0.001165	-0.001054	-0.001033
704	-0.00112	-0.000965	-0.001013
705	-0.001078	-0.000867	-0.000992
706	-0.00099	-0.00082	-0.000911
707	-0.000892	-0.000783	-0.000818
708	-0.000882	-0.000771	-0.000812
709	-0.000899	-0.000767	-0.000832
710	-0.000835	-0.000723	-0.000759
711	-0.000737	-0.000662	-0.000647
712	-0.000698	-0.000609	-0.000624
713	-0.000692	-0.000559	-0.000651
714	-0.000684	-0.000559	-0.000625
715	-0.000673	-0.000594	-0.000563
716	-0.000641	-0.000597	-0.000548
717	-0.000589	-0.00057	-0.000579
718	-0.000557	-0.000543	-0.000554
719	-0.000546	-0.000516	-0.000462
720	-0.000539	-0.0005	-0.000423
[LOG]
CHECKSUMmç