[HEADER]
Format	J&M ASCII Table
Comment	
Date	26/03/2026 12:04:57
Order	Y (evenX)
TechType	UV
NumPoints	411
FirstX	310
LastX	720
XType	nm
YType	Absorbance
ZType	s
NumSubFile	3
Matrix	Z vs X
[LOGIN]
Name=pcbob
[INSTRUMENT]
Name=TIDAS E Base UV/VI
Detector=MMS - ASPEN 97,5 kHz
Diodearray=256 Pixel
Serial#=36584
Calibrated=2011-07-01
Range=183.81-729.88 [nm] (F0)

SWVersion=v3.18.2 (build 0)[LOGIN]
Name=pcbob
[CONFIG]
ChannelName=Channel 1
ChannelType=Normalized
[PARAMETER]
It=400,00
Aver=5
Norm=3
Range=310,0-720,0 nm
Scan=Time
ScanTime=5,00 s
[TRIGGER]
Sweep=0
Scan=0
[DIO]
DigOut=0x0000
DigIn=0x0000
[DATA]
	00:00:00,000	00:00:02,000	00:00:04,000
310	0.029091	0.028981	0.028754
311	0.02797	0.02786	0.02763
312	0.026855	0.026718	0.026497
313	0.025751	0.025594	0.02539
314	0.024663	0.024496	0.024321
315	0.02358	0.023412	0.023261
316	0.022516	0.022369	0.022229
317	0.02145	0.021323	0.021193
318	0.020348	0.02023	0.020091
319	0.019246	0.019136	0.01899
320	0.018011	0.017911	0.017765
321	0.016758	0.016669	0.016524
322	0.01548	0.015387	0.015261
323	0.014191	0.01409	0.01399
324	0.012983	0.012873	0.012775
325	0.011845	0.011728	0.01161
326	0.010745	0.010625	0.010514
327	0.009717	0.009599	0.009543
328	0.008718	0.008606	0.008585
329	0.007853	0.007759	0.007686
330	0.006987	0.006911	0.006787
331	0.006355	0.006308	0.006178
332	0.005724	0.005705	0.005569
333	0.005119	0.005085	0.004976
334	0.00452	0.004462	0.004386
335	0.003935	0.003868	0.0038
336	0.003358	0.00329	0.003215
337	0.002734	0.002678	0.002614
338	0.00206	0.002027	0.001996
339	0.001414	0.001385	0.001373
340	0.000834	0.000765	0.000739
341	0.000242	0.000139	0.000099
342	-0.000437	-0.000525	-0.000575
343	-0.001116	-0.001188	-0.001249
344	-0.001837	-0.001925	-0.001954
345	-0.00256	-0.002666	-0.00266
346	-0.003334	-0.003427	-0.003443
347	-0.004123	-0.004194	-0.004249
348	-0.004917	-0.004993	-0.005048
349	-0.005712	-0.005813	-0.005843
350	-0.006487	-0.006594	-0.006628
351	-0.007233	-0.007321	-0.007399
352	-0.008009	-0.008073	-0.008187
353	-0.008872	-0.008903	-0.009024
354	-0.009731	-0.009731	-0.009856
355	-0.010533	-0.010531	-0.010629
356	-0.011335	-0.01133	-0.011401
357	-0.012249	-0.012312	-0.012338
358	-0.013175	-0.013314	-0.013292
359	-0.014084	-0.014184	-0.014188
360	-0.014986	-0.015007	-0.015061
361	-0.015919	-0.015906	-0.015966
362	-0.016874	-0.016864	-0.016895
363	-0.017791	-0.017796	-0.017796
364	-0.018646	-0.018688	-0.018653
365	-0.01953	-0.019606	-0.019546
366	-0.02052	-0.020617	-0.02057
367	-0.021507	-0.021623	-0.02159
368	-0.022431	-0.022516	-0.022516
369	-0.023355	-0.023409	-0.023443
370	-0.024283	-0.024339	-0.02439
371	-0.025212	-0.025273	-0.025339
372	-0.026116	-0.026174	-0.026222
373	-0.027009	-0.027061	-0.027076
374	-0.027888	-0.027945	-0.02794
375	-0.028756	-0.028827	-0.028813
376	-0.029628	-0.0297	-0.029717
377	-0.030509	-0.030557	-0.030675
378	-0.031393	-0.031416	-0.031613
379	-0.032291	-0.032286	-0.032467
380	-0.033189	-0.033158	-0.033322
381	-0.034118	-0.034125	-0.034223
382	-0.035047	-0.035091	-0.035125
383	-0.03588	-0.035913	-0.035926
384	-0.036695	-0.03671	-0.036709
385	-0.037427	-0.037496	-0.037505
386	-0.038121	-0.038277	-0.038306
387	-0.038792	-0.038958	-0.039017
388	-0.039442	-0.039545	-0.039644
389	-0.040038	-0.040101	-0.040212
390	-0.040536	-0.040598	-0.040669
391	-0.041049	-0.041099	-0.041143
392	-0.04163	-0.041618	-0.041699
393	-0.042213	-0.04214	-0.042258
394	-0.042925	-0.042914	-0.043009
395	-0.043637	-0.043689	-0.043759
396	-0.044143	-0.04418	-0.044214
397	-0.044611	-0.04462	-0.044617
398	-0.045034	-0.045041	-0.045044
399	-0.045436	-0.045453	-0.045483
400	-0.045992	-0.04598	-0.046038
401	-0.046693	-0.046615	-0.046701
402	-0.047385	-0.047294	-0.04737
403	-0.048057	-0.048057	-0.048048
404	-0.048688	-0.048752	-0.048692
405	-0.049133	-0.049147	-0.049186
406	-0.049578	-0.049545	-0.04968
407	-0.050052	-0.050069	-0.050166
408	-0.050526	-0.050594	-0.050651
409	-0.051219	-0.051274	-0.051328
410	-0.05195	-0.051981	-0.052038
411	-0.052485	-0.052482	-0.052538
412	-0.052931	-0.052892	-0.052945
413	-0.053394	-0.053373	-0.053414
414	-0.053871	-0.053918	-0.053941
415	-0.054427	-0.054515	-0.054539
416	-0.055122	-0.055202	-0.055259
417	-0.055815	-0.055889	-0.055969
418	-0.0565	-0.056575	-0.056634
419	-0.05718	-0.057255	-0.057294
420	-0.05773	-0.057752	-0.057802
421	-0.058279	-0.058249	-0.05831
422	-0.058864	-0.058857	-0.058884
423	-0.059454	-0.05948	-0.059467
424	-0.059985	-0.05998	-0.059967
425	-0.060491	-0.060432	-0.060434
426	-0.06089	-0.060818	-0.060843
427	-0.061201	-0.061153	-0.061205
428	-0.061425	-0.061391	-0.061463
429	-0.061511	-0.061477	-0.06156
430	-0.061608	-0.06158	-0.061665
431	-0.061744	-0.061735	-0.061797
432	-0.061888	-0.0619	-0.061943
433	-0.062152	-0.062193	-0.062264
434	-0.062416	-0.062487	-0.062585
435	-0.062703	-0.062742	-0.062841
436	-0.062992	-0.062992	-0.063091
437	-0.063248	-0.063226	-0.063288
438	-0.063494	-0.063454	-0.063469
439	-0.063749	-0.063721	-0.063744
440	-0.064008	-0.064014	-0.064082
441	-0.064242	-0.064277	-0.064357
442	-0.064443	-0.064503	-0.06455
443	-0.064628	-0.064701	-0.064721
444	-0.064772	-0.064828	-0.064838
445	-0.064914	-0.064948	-0.064952
446	-0.065043	-0.065014	-0.06505
447	-0.065173	-0.06508	-0.065147
448	-0.065219	-0.065212	-0.06526
449	-0.065262	-0.065346	-0.065373
450	-0.065319	-0.065451	-0.065461
451	-0.06538	-0.06555	-0.065544
452	-0.065531	-0.065667	-0.065685
453	-0.065728	-0.065793	-0.065857
454	-0.065939	-0.065952	-0.066015
455	-0.066162	-0.066141	-0.066162
456	-0.066358	-0.066326	-0.066308
457	-0.066502	-0.066501	-0.066453
458	-0.066632	-0.066658	-0.0666
459	-0.066708	-0.066739	-0.066753
460	-0.066785	-0.066821	-0.066904
461	-0.0669	-0.066926	-0.067001
462	-0.067015	-0.067031	-0.067097
463	-0.067097	-0.067132	-0.067186
464	-0.067174	-0.067233	-0.067274
465	-0.067121	-0.067176	-0.067227
466	-0.067021	-0.067061	-0.067132
467	-0.06672	-0.066769	-0.066837
468	-0.066277	-0.066351	-0.066399
469	-0.065931	-0.066	-0.066052
470	-0.065711	-0.065738	-0.065826
471	-0.0655	-0.065506	-0.065605
472	-0.065309	-0.065349	-0.065399
473	-0.065143	-0.065213	-0.065224
474	-0.065135	-0.065222	-0.065249
475	-0.065127	-0.065231	-0.065274
476	-0.065122	-0.065234	-0.065256
477	-0.065117	-0.065238	-0.065237
478	-0.065106	-0.065196	-0.065215
479	-0.065093	-0.065145	-0.065193
480	-0.06531	-0.065334	-0.065402
481	-0.065632	-0.065634	-0.06572
482	-0.066097	-0.066107	-0.066185
483	-0.066684	-0.06673	-0.066779
484	-0.067255	-0.067327	-0.067347
485	-0.067799	-0.067885	-0.067875
486	-0.068116	-0.068199	-0.068176
487	-0.067721	-0.067747	-0.067764
488	-0.067303	-0.06728	-0.067332
489	-0.066662	-0.066679	-0.066706
490	-0.066021	-0.066078	-0.06608
491	-0.065459	-0.065506	-0.065496
492	-0.064902	-0.064936	-0.064915
493	-0.064543	-0.064601	-0.064558
494	-0.064233	-0.064323	-0.064254
495	-0.063928	-0.064012	-0.063961
496	-0.063626	-0.063684	-0.063674
497	-0.063416	-0.063457	-0.063443
498	-0.063293	-0.063323	-0.063264
499	-0.063128	-0.063157	-0.063095
500	-0.06289	-0.062936	-0.062943
501	-0.062652	-0.062705	-0.062757
502	-0.062413	-0.062439	-0.062456
503	-0.062168	-0.062172	-0.06216
504	-0.061848	-0.061892	-0.061906
505	-0.061527	-0.061612	-0.061651
506	-0.061214	-0.061287	-0.061328
507	-0.060902	-0.06096	-0.061001
508	-0.060674	-0.060712	-0.06077
509	-0.060466	-0.060483	-0.060561
510	-0.060234	-0.060278	-0.06033
511	-0.05999	-0.060086	-0.060088
512	-0.059799	-0.059909	-0.059904
513	-0.059656	-0.059745	-0.059773
514	-0.059483	-0.059555	-0.059602
515	-0.059261	-0.059322	-0.059365
516	-0.059044	-0.059087	-0.059122
517	-0.058837	-0.058839	-0.058858
518	-0.058633	-0.0586	-0.058608
519	-0.058446	-0.058436	-0.058475
520	-0.058259	-0.058271	-0.058341
521	-0.058047	-0.058062	-0.058145
522	-0.057834	-0.057851	-0.057947
523	-0.05764	-0.057675	-0.05774
524	-0.057451	-0.057506	-0.057532
525	-0.057304	-0.057327	-0.057386
526	-0.057177	-0.057144	-0.057269
527	-0.057066	-0.057025	-0.057156
528	-0.056969	-0.056957	-0.057046
529	-0.056835	-0.056838	-0.056887
530	-0.05665	-0.056652	-0.056662
531	-0.056458	-0.056473	-0.05645
532	-0.056244	-0.056314	-0.056271
533	-0.056039	-0.056148	-0.056099
534	-0.05588	-0.055949	-0.055971
535	-0.055722	-0.055751	-0.055842
536	-0.05558	-0.055599	-0.055661
537	-0.055438	-0.055447	-0.055479
538	-0.055154	-0.055158	-0.055229
539	-0.054855	-0.054852	-0.054971
540	-0.054575	-0.054624	-0.054719
541	-0.054302	-0.05442	-0.054469
542	-0.054029	-0.05414	-0.05417
543	-0.053756	-0.053817	-0.053842
544	-0.053523	-0.05355	-0.053573
545	-0.053328	-0.053338	-0.053362
546	-0.053101	-0.053113	-0.053145
547	-0.05282	-0.052862	-0.052919
548	-0.052556	-0.052616	-0.052684
549	-0.052343	-0.052385	-0.052419
550	-0.052107	-0.05214	-0.052139
551	-0.051696	-0.05179	-0.051749
552	-0.051286	-0.05144	-0.051359
553	-0.051109	-0.051224	-0.051193
554	-0.050936	-0.051011	-0.051029
555	-0.050785	-0.050866	-0.05089
556	-0.050637	-0.050733	-0.050755
557	-0.050465	-0.050535	-0.050577
558	-0.050283	-0.050313	-0.050383
559	-0.050109	-0.050129	-0.050202
560	-0.04994	-0.04997	-0.050031
561	-0.049795	-0.049821	-0.049884
562	-0.049676	-0.049684	-0.049763
563	-0.049623	-0.049626	-0.049703
564	-0.049688	-0.04971	-0.049751
565	-0.049792	-0.049819	-0.049837
566	-0.050016	-0.050009	-0.050049
567	-0.050264	-0.050232	-0.050286
568	-0.050693	-0.050701	-0.050725
569	-0.051122	-0.05117	-0.051164
570	-0.051466	-0.051494	-0.051502
571	-0.051808	-0.051816	-0.051838
572	-0.052006	-0.052042	-0.052026
573	-0.052182	-0.052253	-0.052192
574	-0.052329	-0.052379	-0.052382
575	-0.052466	-0.052478	-0.052579
576	-0.052565	-0.052565	-0.052668
577	-0.052642	-0.052645	-0.052694
578	-0.052627	-0.052653	-0.052697
579	-0.052524	-0.052591	-0.052677
580	-0.052369	-0.052454	-0.052553
581	-0.052135	-0.0522	-0.052267
582	-0.051821	-0.051869	-0.051913
583	-0.051299	-0.051338	-0.05138
584	-0.050765	-0.050793	-0.050836
585	-0.050167	-0.050181	-0.050231
586	-0.049568	-0.049568	-0.049626
587	-0.048946	-0.048948	-0.049009
588	-0.048325	-0.048327	-0.048391
589	-0.047726	-0.04776	-0.047802
590	-0.047129	-0.047198	-0.047214
591	-0.046691	-0.046765	-0.046746
592	-0.04629	-0.046362	-0.046304
593	-0.045941	-0.045996	-0.045967
594	-0.045614	-0.045646	-0.045675
595	-0.045296	-0.045337	-0.045375
596	-0.044982	-0.045059	-0.04507
597	-0.044624	-0.04471	-0.044718
598	-0.044215	-0.044286	-0.044315
599	-0.043864	-0.043941	-0.043976
600	-0.043615	-0.043732	-0.043752
601	-0.043373	-0.043506	-0.043519
602	-0.043155	-0.043225	-0.043264
603	-0.042908	-0.042925	-0.042989
604	-0.042495	-0.042511	-0.0426
605	-0.04208	-0.042096	-0.042207
606	-0.041609	-0.04164	-0.04172
607	-0.041137	-0.041184	-0.041234
608	-0.040709	-0.040748	-0.040811
609	-0.040284	-0.040313	-0.040394
610	-0.039953	-0.039958	-0.040053
611	-0.039642	-0.039621	-0.039727
612	-0.039288	-0.039277	-0.039397
613	-0.038917	-0.038931	-0.039064
614	-0.03853	-0.038557	-0.038675
615	-0.038131	-0.038164	-0.03825
616	-0.037667	-0.037715	-0.037772
617	-0.037138	-0.037209	-0.037242
618	-0.036658	-0.036737	-0.036763
619	-0.036254	-0.036317	-0.03636
620	-0.035862	-0.035912	-0.03597
621	-0.035503	-0.035545	-0.03561
622	-0.035113	-0.035157	-0.035223
623	-0.034603	-0.034684	-0.034728
624	-0.034102	-0.034213	-0.034243
625	-0.033688	-0.033774	-0.033857
626	-0.033273	-0.033334	-0.033472
627	-0.032879	-0.032927	-0.033012
628	-0.032485	-0.03252	-0.032551
629	-0.032058	-0.032072	-0.032121
630	-0.031627	-0.03162	-0.031694
631	-0.031189	-0.031215	-0.031283
632	-0.030748	-0.030822	-0.030877
633	-0.030331	-0.030422	-0.030461
634	-0.029925	-0.030019	-0.030041
635	-0.029568	-0.029666	-0.029668
636	-0.029244	-0.029347	-0.029326
637	-0.028937	-0.029033	-0.029034
638	-0.028648	-0.028725	-0.028792
639	-0.02835	-0.028394	-0.028488
640	-0.028038	-0.028029	-0.028092
641	-0.027692	-0.027665	-0.027708
642	-0.027271	-0.027304	-0.027352
643	-0.026873	-0.02695	-0.027002
644	-0.02656	-0.026619	-0.026673
645	-0.026249	-0.026299	-0.026359
646	-0.025951	-0.026058	-0.026147
647	-0.025672	-0.02583	-0.025946
648	-0.025922	-0.026012	-0.026073
649	-0.026172	-0.026193	-0.0262
650	-0.027267	-0.027314	-0.027321
651	-0.028414	-0.028492	-0.028503
652	-0.030068	-0.030094	-0.030136
653	-0.031809	-0.031768	-0.031848
654	-0.032986	-0.032953	-0.033034
655	-0.033986	-0.033985	-0.034057
656	-0.034117	-0.034137	-0.034203
657	-0.033827	-0.033864	-0.033927
658	-0.032983	-0.033024	-0.033087
659	-0.03175	-0.031785	-0.03185
660	-0.030121	-0.030164	-0.03024
661	-0.028098	-0.02816	-0.028259
662	-0.026262	-0.026309	-0.026427
663	-0.024689	-0.024674	-0.024805
664	-0.023374	-0.023349	-0.023471
665	-0.022585	-0.022654	-0.022723
666	-0.021889	-0.022023	-0.022047
667	-0.021482	-0.021585	-0.021593
668	-0.021099	-0.021175	-0.021175
669	-0.020843	-0.02091	-0.020941
670	-0.020591	-0.020651	-0.02071
671	-0.020369	-0.020454	-0.020515
672	-0.020148	-0.020256	-0.02032
673	-0.020029	-0.02009	-0.020135
674	-0.01991	-0.019924	-0.01995
675	-0.019612	-0.019668	-0.019685
676	-0.019298	-0.019405	-0.019412
677	-0.019107	-0.019198	-0.019276
678	-0.018938	-0.019001	-0.019166
679	-0.018797	-0.018851	-0.018978
680	-0.018664	-0.018716	-0.018765
681	-0.01845	-0.018499	-0.018538
682	-0.018198	-0.018244	-0.018303
683	-0.017995	-0.018038	-0.018104
684	-0.017824	-0.017862	-0.017929
685	-0.017659	-0.017717	-0.017776
686	-0.017499	-0.017599	-0.017643
687	-0.017317	-0.017437	-0.017478
688	-0.017111	-0.017224	-0.017275
689	-0.016904	-0.016982	-0.017052
690	-0.016695	-0.016692	-0.016798
691	-0.016486	-0.016441	-0.016567
692	-0.016279	-0.016271	-0.016388
693	-0.016068	-0.016098	-0.01619
694	-0.015843	-0.015915	-0.015933
695	-0.015606	-0.015716	-0.015679
696	-0.015305	-0.015443	-0.015434
697	-0.01502	-0.015178	-0.015198
698	-0.014869	-0.014973	-0.015032
699	-0.014716	-0.014769	-0.014863
700	-0.01451	-0.014568	-0.01461
701	-0.014303	-0.014367	-0.014358
702	-0.013956	-0.01406	-0.014076
703	-0.013603	-0.013748	-0.013793
704	-0.013404	-0.013514	-0.013581
705	-0.013223	-0.013289	-0.013377
706	-0.013031	-0.013105	-0.013163
707	-0.012836	-0.012928	-0.012948
708	-0.012572	-0.012679	-0.012702
709	-0.012287	-0.012407	-0.012445
710	-0.012053	-0.012142	-0.012235
711	-0.011839	-0.011879	-0.012043
712	-0.011708	-0.011715	-0.011867
713	-0.011623	-0.011606	-0.011701
714	-0.011457	-0.011447	-0.011502
715	-0.011232	-0.011251	-0.01128
716	-0.010979	-0.011009	-0.011053
717	-0.0107	-0.010725	-0.01082
718	-0.01046	-0.010491	-0.010573
719	-0.010267	-0.010318	-0.010309
720	-0.010088	-0.010156	-0.010099
[LOG]
CHECKSUM›