[HEADER]
Format	J&M ASCII Table
Comment	
Date	03/03/2026 21:04:01
Order	Y (evenX)
TechType	UV
NumPoints	411
FirstX	310
LastX	720
XType	nm
YType	Absorbance
ZType	s
NumSubFile	3
Matrix	Z vs X
[LOGIN]
Name=pcbob
[INSTRUMENT]
Name=TIDAS E Base UV/VI
Detector=MMS - ASPEN 97,5 kHz
Diodearray=256 Pixel
Serial#=36584
Calibrated=2011-07-01
Range=183.81-729.88 [nm] (F0)

SWVersion=v3.18.2 (build 0)[LOGIN]
Name=pcbob
[CONFIG]
ChannelName=Channel 1
ChannelType=Normalized
[PARAMETER]
It=400,00
Aver=5
Norm=3
Range=310,0-720,0 nm
Scan=Time
ScanTime=5,00 s
[TRIGGER]
Sweep=0
Scan=0
[DIO]
DigOut=0x0000
DigIn=0x0000
[DATA]
	00:00:00,000	00:00:02,000	00:00:04,000
310	0.002096	0.00209	0.001955
311	0.002026	0.001999	0.001883
312	0.001962	0.001898	0.001807
313	0.001896	0.001817	0.001732
314	0.001828	0.001763	0.001659
315	0.001747	0.001687	0.001575
316	0.001626	0.001543	0.001453
317	0.001507	0.001402	0.001332
318	0.001409	0.001301	0.001236
319	0.001312	0.001201	0.00114
320	0.001238	0.001164	0.001061
321	0.001168	0.001136	0.000985
322	0.001082	0.00106	0.000892
323	0.000989	0.000964	0.000792
324	0.000908	0.000866	0.000707
325	0.000837	0.000765	0.000635
326	0.000766	0.000682	0.000556
327	0.000696	0.00063	0.000462
328	0.000629	0.000574	0.000377
329	0.00057	0.000502	0.000336
330	0.000511	0.00043	0.000296
331	0.000414	0.000324	0.000209
332	0.000317	0.000219	0.000122
333	0.00026	0.000155	0.000032
334	0.000212	0.0001	-0.000059
335	0.000114	0.000014	-0.000156
336	-0.000012	-0.000088	-0.000258
337	-0.000083	-0.000153	-0.000318
338	-0.000093	-0.000176	-0.000333
339	-0.000133	-0.000221	-0.000361
340	-0.000245	-0.000317	-0.000421
341	-0.000343	-0.000408	-0.000476
342	-0.000349	-0.000462	-0.000495
343	-0.000355	-0.000516	-0.000514
344	-0.000426	-0.000566	-0.000608
345	-0.0005	-0.000616	-0.000707
346	-0.000592	-0.000687	-0.000785
347	-0.00069	-0.000765	-0.000857
348	-0.000746	-0.000781	-0.000903
349	-0.000775	-0.000756	-0.000931
350	-0.000823	-0.000797	-0.000973
351	-0.000898	-0.000926	-0.001033
352	-0.000943	-0.001015	-0.001069
353	-0.000898	-0.000983	-0.001034
354	-0.00086	-0.000951	-0.001008
355	-0.000895	-0.000933	-0.001083
356	-0.00093	-0.000915	-0.001157
357	-0.000974	-0.000994	-0.001158
358	-0.001019	-0.001082	-0.001152
359	-0.001046	-0.001122	-0.001162
360	-0.001066	-0.001144	-0.001177
361	-0.001116	-0.001206	-0.001227
362	-0.001189	-0.0013	-0.001305
363	-0.001255	-0.001365	-0.001384
364	-0.001311	-0.001383	-0.001464
365	-0.001347	-0.0014	-0.001519
366	-0.001309	-0.001413	-0.001478
367	-0.001277	-0.001427	-0.001444
368	-0.001399	-0.001459	-0.001554
369	-0.00152	-0.001491	-0.001663
370	-0.001518	-0.001525	-0.001681
371	-0.001499	-0.001558	-0.001685
372	-0.001557	-0.00161	-0.001731
373	-0.001647	-0.00167	-0.001794
374	-0.001692	-0.001725	-0.001865
375	-0.001697	-0.001776	-0.001941
376	-0.00171	-0.001818	-0.001997
377	-0.001736	-0.001844	-0.002016
378	-0.001763	-0.001871	-0.002042
379	-0.001794	-0.001907	-0.002093
380	-0.001824	-0.001943	-0.002141
381	-0.001782	-0.00196	-0.002074
382	-0.00174	-0.001976	-0.002006
383	-0.001811	-0.002058	-0.00213
384	-0.001901	-0.00215	-0.002286
385	-0.002032	-0.002223	-0.002351
386	-0.002183	-0.002286	-0.002375
387	-0.002263	-0.002348	-0.002448
388	-0.002276	-0.002408	-0.002566
389	-0.002306	-0.002444	-0.002648
390	-0.002365	-0.002435	-0.002664
391	-0.002433	-0.002443	-0.002694
392	-0.002544	-0.002522	-0.002795
393	-0.002653	-0.0026	-0.002893
394	-0.002577	-0.002625	-0.002839
395	-0.002501	-0.002649	-0.002785
396	-0.002599	-0.002658	-0.00284
397	-0.002729	-0.002664	-0.002914
398	-0.002683	-0.002647	-0.002886
399	-0.002554	-0.002619	-0.00281
400	-0.002519	-0.002635	-0.002827
401	-0.002572	-0.002692	-0.002932
402	-0.002607	-0.002745	-0.003001
403	-0.002611	-0.00279	-0.003005
404	-0.002639	-0.00284	-0.003023
405	-0.002782	-0.002913	-0.003106
406	-0.002921	-0.002985	-0.003189
407	-0.002894	-0.002943	-0.003223
408	-0.002866	-0.002901	-0.003258
409	-0.002879	-0.002916	-0.003271
410	-0.002898	-0.002942	-0.00328
411	-0.00298	-0.003038	-0.003335
412	-0.00309	-0.003166	-0.003411
413	-0.003171	-0.003263	-0.003494
414	-0.003228	-0.003334	-0.003584
415	-0.003261	-0.003376	-0.003657
416	-0.003256	-0.003367	-0.003701
417	-0.003261	-0.00337	-0.003741
418	-0.003302	-0.003416	-0.003763
419	-0.003348	-0.003464	-0.003789
420	-0.003502	-0.003558	-0.003884
421	-0.003656	-0.003652	-0.003979
422	-0.003697	-0.003741	-0.004062
423	-0.003722	-0.003831	-0.004144
424	-0.003736	-0.00387	-0.004154
425	-0.003745	-0.003889	-0.004137
426	-0.003753	-0.003923	-0.004161
427	-0.00376	-0.003971	-0.004217
428	-0.003777	-0.004015	-0.004277
429	-0.00381	-0.004055	-0.004345
430	-0.00386	-0.0041	-0.004413
431	-0.003967	-0.004163	-0.004482
432	-0.004077	-0.00423	-0.004555
433	-0.004221	-0.004356	-0.004664
434	-0.004364	-0.004482	-0.004773
435	-0.004335	-0.004446	-0.004759
436	-0.00429	-0.004394	-0.004733
437	-0.004331	-0.00445	-0.004762
438	-0.004399	-0.004539	-0.004809
439	-0.004464	-0.004595	-0.004863
440	-0.004526	-0.004627	-0.004922
441	-0.004548	-0.004652	-0.004946
442	-0.00452	-0.004668	-0.004925
443	-0.004531	-0.004696	-0.004954
444	-0.004642	-0.004755	-0.005113
445	-0.004747	-0.00482	-0.005253
446	-0.004801	-0.004928	-0.005271
447	-0.004856	-0.005037	-0.005289
448	-0.004961	-0.00512	-0.005396
449	-0.005068	-0.005203	-0.005506
450	-0.00509	-0.005216	-0.005588
451	-0.005093	-0.005212	-0.005663
452	-0.005189	-0.005292	-0.005714
453	-0.005334	-0.005414	-0.005752
454	-0.005408	-0.005509	-0.005826
455	-0.005413	-0.005578	-0.005933
456	-0.00542	-0.00563	-0.006011
457	-0.005432	-0.00565	-0.006035
458	-0.00546	-0.005679	-0.006067
459	-0.00556	-0.005742	-0.006129
460	-0.005656	-0.005805	-0.00619
461	-0.00567	-0.005864	-0.006224
462	-0.005683	-0.005923	-0.006259
463	-0.005759	-0.006007	-0.006327
464	-0.005841	-0.006095	-0.0064
465	-0.005889	-0.006114	-0.006443
466	-0.005924	-0.006108	-0.006474
467	-0.005921	-0.006134	-0.006493
468	-0.00589	-0.006184	-0.006503
469	-0.005906	-0.006244	-0.006569
470	-0.005984	-0.00632	-0.006709
471	-0.006076	-0.006384	-0.006819
472	-0.006207	-0.006419	-0.006852
473	-0.006335	-0.006464	-0.00689
474	-0.00644	-0.006572	-0.006961
475	-0.006544	-0.00668	-0.007031
476	-0.006494	-0.006681	-0.007047
477	-0.006441	-0.00668	-0.007061
478	-0.00643	-0.006664	-0.007114
479	-0.006427	-0.006645	-0.007175
480	-0.006473	-0.006663	-0.007211
481	-0.006541	-0.006699	-0.007236
482	-0.006559	-0.006704	-0.007201
483	-0.006535	-0.006684	-0.007113
484	-0.00654	-0.006682	-0.007082
485	-0.00659	-0.006709	-0.00714
486	-0.006623	-0.006728	-0.007183
487	-0.006602	-0.006723	-0.007179
488	-0.006593	-0.006737	-0.007192
489	-0.006691	-0.006921	-0.007367
490	-0.00679	-0.007105	-0.007542
491	-0.006888	-0.007137	-0.007575
492	-0.006986	-0.00716	-0.007601
493	-0.007003	-0.007221	-0.007649
494	-0.007001	-0.007291	-0.007702
495	-0.007016	-0.007317	-0.007731
496	-0.007042	-0.007318	-0.007746
497	-0.007104	-0.007343	-0.007791
498	-0.0072	-0.00739	-0.007864
499	-0.007283	-0.00744	-0.007928
500	-0.007343	-0.007497	-0.007979
501	-0.007378	-0.007544	-0.008015
502	-0.00733	-0.007554	-0.008001
503	-0.007285	-0.007561	-0.007988
504	-0.007261	-0.007522	-0.007988
505	-0.007238	-0.007484	-0.007988
506	-0.00731	-0.007507	-0.008016
507	-0.007389	-0.007534	-0.008047
508	-0.00736	-0.007539	-0.008049
509	-0.007304	-0.007538	-0.008043
510	-0.007338	-0.007598	-0.008056
511	-0.007416	-0.007689	-0.008078
512	-0.007443	-0.007727	-0.008086
513	-0.007423	-0.007716	-0.008081
514	-0.007419	-0.007687	-0.00808
515	-0.007439	-0.007632	-0.008087
516	-0.007469	-0.007616	-0.008113
517	-0.007529	-0.007723	-0.008199
518	-0.007583	-0.007825	-0.008277
519	-0.00758	-0.00788	-0.008292
520	-0.007577	-0.007936	-0.008308
521	-0.007649	-0.007944	-0.008356
522	-0.007723	-0.00795	-0.008404
523	-0.007747	-0.007924	-0.008433
524	-0.007762	-0.007891	-0.008458
525	-0.007749	-0.007907	-0.008476
526	-0.007724	-0.007945	-0.008491
527	-0.007745	-0.00796	-0.008495
528	-0.007802	-0.007958	-0.00849
529	-0.007874	-0.007989	-0.008524
530	-0.007969	-0.008065	-0.008608
531	-0.008037	-0.00813	-0.008673
532	-0.00804	-0.008168	-0.008689
533	-0.008023	-0.00819	-0.008687
534	-0.007903	-0.008129	-0.008589
535	-0.007786	-0.008069	-0.008494
536	-0.007786	-0.008073	-0.008536
537	-0.007785	-0.008077	-0.008578
538	-0.007743	-0.008052	-0.008542
539	-0.007696	-0.008023	-0.008496
540	-0.007708	-0.007995	-0.008497
541	-0.007738	-0.007966	-0.008512
542	-0.00776	-0.007995	-0.008522
543	-0.007778	-0.008058	-0.00853
544	-0.007808	-0.008117	-0.008583
545	-0.007851	-0.00817	-0.008681
546	-0.007874	-0.00819	-0.008725
547	-0.007863	-0.008154	-0.008677
548	-0.007859	-0.008129	-0.008643
549	-0.007874	-0.008138	-0.00865
550	-0.00789	-0.008147	-0.008659
551	-0.007911	-0.008149	-0.008682
552	-0.007933	-0.008151	-0.008705
553	-0.007915	-0.008137	-0.008647
554	-0.007897	-0.008122	-0.008588
555	-0.00781	-0.008071	-0.008535
556	-0.007712	-0.008014	-0.008484
557	-0.00772	-0.007988	-0.008456
558	-0.007766	-0.007972	-0.008436
559	-0.00782	-0.008028	-0.008477
560	-0.00788	-0.008129	-0.008558
561	-0.007888	-0.008153	-0.008607
562	-0.00784	-0.008092	-0.008623
563	-0.007806	-0.008053	-0.008621
564	-0.007798	-0.008052	-0.008592
565	-0.007788	-0.008044	-0.008561
566	-0.007766	-0.008014	-0.008528
567	-0.007735	-0.007974	-0.008483
568	-0.007622	-0.007857	-0.008349
569	-0.007509	-0.007739	-0.008214
570	-0.007473	-0.007684	-0.008204
571	-0.007438	-0.007629	-0.008195
572	-0.007442	-0.007644	-0.008128
573	-0.007451	-0.00767	-0.008052
574	-0.007394	-0.007628	-0.008001
575	-0.007315	-0.007564	-0.007958
576	-0.007256	-0.00751	-0.00793
577	-0.007207	-0.007463	-0.00791
578	-0.007187	-0.007441	-0.007888
579	-0.007194	-0.007445	-0.007866
580	-0.007203	-0.007442	-0.007858
581	-0.007214	-0.007429	-0.007874
582	-0.007238	-0.007442	-0.007903
583	-0.007296	-0.007528	-0.007968
584	-0.007334	-0.007593	-0.008014
585	-0.007268	-0.007551	-0.007957
586	-0.007207	-0.007511	-0.007905
587	-0.00724	-0.007512	-0.007954
588	-0.007274	-0.007512	-0.008003
589	-0.007303	-0.00756	-0.008021
590	-0.007332	-0.007612	-0.008037
591	-0.007343	-0.007618	-0.008041
592	-0.00735	-0.007614	-0.008043
593	-0.007369	-0.007639	-0.00807
594	-0.007393	-0.007676	-0.008108
595	-0.007407	-0.007673	-0.008134
596	-0.007414	-0.00764	-0.008154
597	-0.007452	-0.007646	-0.008171
598	-0.007523	-0.007697	-0.008186
599	-0.007561	-0.007734	-0.008201
600	-0.007542	-0.007749	-0.008216
601	-0.007544	-0.007781	-0.008248
602	-0.007605	-0.007858	-0.008326
603	-0.007652	-0.007914	-0.008388
604	-0.007615	-0.007835	-0.008353
605	-0.007582	-0.007763	-0.008319
606	-0.007658	-0.007841	-0.008354
607	-0.007734	-0.007918	-0.008389
608	-0.007774	-0.008024	-0.008484
609	-0.007811	-0.008132	-0.008583
610	-0.007825	-0.00813	-0.00857
611	-0.007835	-0.008104	-0.008534
612	-0.00785	-0.008126	-0.008544
613	-0.007865	-0.008168	-0.008573
614	-0.007886	-0.008208	-0.008629
615	-0.007911	-0.008247	-0.008704
616	-0.007942	-0.008277	-0.008755
617	-0.007979	-0.008296	-0.008783
618	-0.007981	-0.0083	-0.008801
619	-0.00793	-0.008281	-0.008802
620	-0.007921	-0.008288	-0.008811
621	-0.008008	-0.008359	-0.008836
622	-0.008073	-0.008408	-0.008856
623	-0.008041	-0.008368	-0.008858
624	-0.008025	-0.008341	-0.00887
625	-0.008164	-0.008439	-0.00897
626	-0.008303	-0.008538	-0.00907
627	-0.008351	-0.008594	-0.009099
628	-0.008399	-0.00865	-0.009127
629	-0.008398	-0.008692	-0.00918
630	-0.008392	-0.008733	-0.009236
631	-0.008428	-0.008761	-0.009265
632	-0.008476	-0.008785	-0.009288
633	-0.00848	-0.008772	-0.009245
634	-0.008464	-0.008741	-0.009174
635	-0.00852	-0.008781	-0.009238
636	-0.008626	-0.008868	-0.009391
637	-0.008651	-0.008886	-0.009426
638	-0.008598	-0.008835	-0.009343
639	-0.008564	-0.008802	-0.009306
640	-0.008557	-0.008795	-0.009337
641	-0.008565	-0.008804	-0.009363
642	-0.008607	-0.00885	-0.009379
643	-0.00866	-0.008901	-0.009399
644	-0.00875	-0.008969	-0.009435
645	-0.008828	-0.009031	-0.009467
646	-0.008817	-0.009053	-0.00947
647	-0.008804	-0.009071	-0.009472
648	-0.00874	-0.008989	-0.009438
649	-0.008676	-0.008906	-0.009404
650	-0.008455	-0.00867	-0.009164
651	-0.008224	-0.008423	-0.00891
652	-0.008056	-0.008283	-0.008727
653	-0.007899	-0.00816	-0.008555
654	-0.00775	-0.008026	-0.0084
655	-0.007603	-0.007888	-0.00825
656	-0.007598	-0.007851	-0.008204
657	-0.00766	-0.007862	-0.00821
658	-0.007766	-0.007953	-0.008308
659	-0.007904	-0.008101	-0.00847
660	-0.008013	-0.008247	-0.008636
661	-0.008095	-0.008391	-0.008805
662	-0.008228	-0.008553	-0.008971
663	-0.008432	-0.00874	-0.009132
664	-0.008587	-0.00889	-0.009269
665	-0.008645	-0.008964	-0.009361
666	-0.008717	-0.009043	-0.009451
667	-0.008829	-0.009133	-0.009539
668	-0.008914	-0.009196	-0.009609
669	-0.008855	-0.009124	-0.009588
670	-0.008799	-0.009058	-0.009566
671	-0.008785	-0.009057	-0.009542
672	-0.008771	-0.009056	-0.009518
673	-0.008757	-0.009038	-0.009531
674	-0.008743	-0.00902	-0.009543
675	-0.008747	-0.009001	-0.009588
676	-0.008753	-0.008983	-0.009635
677	-0.008732	-0.008965	-0.009568
678	-0.008706	-0.008947	-0.00948
679	-0.008687	-0.00893	-0.009436
680	-0.008671	-0.008915	-0.009406
681	-0.00867	-0.008922	-0.009395
682	-0.008676	-0.008941	-0.009391
683	-0.008612	-0.008913	-0.009349
684	-0.008503	-0.008855	-0.009282
685	-0.008468	-0.008825	-0.009261
686	-0.008497	-0.00882	-0.009282
687	-0.008472	-0.008783	-0.009282
688	-0.008383	-0.00871	-0.009258
689	-0.008381	-0.008699	-0.009272
690	-0.008517	-0.008788	-0.009347
691	-0.008601	-0.008859	-0.009406
692	-0.008567	-0.008893	-0.00943
693	-0.008564	-0.00892	-0.009451
694	-0.00866	-0.008932	-0.009467
695	-0.008735	-0.008937	-0.009467
696	-0.008711	-0.008914	-0.009395
697	-0.008695	-0.008898	-0.009339
698	-0.008749	-0.008947	-0.009418
699	-0.008799	-0.008994	-0.009492
700	-0.008728	-0.008952	-0.009451
701	-0.008658	-0.00891	-0.00941
702	-0.008648	-0.008909	-0.009426
703	-0.008641	-0.008911	-0.009443
704	-0.00868	-0.00891	-0.009438
705	-0.008724	-0.00891	-0.009431
706	-0.008725	-0.00895	-0.00947
707	-0.008717	-0.008997	-0.009518
708	-0.008704	-0.009013	-0.009525
709	-0.008689	-0.009021	-0.009519
710	-0.008654	-0.008999	-0.009484
711	-0.008609	-0.008966	-0.009436
712	-0.008619	-0.008933	-0.009433
713	-0.008659	-0.0089	-0.009455
714	-0.008627	-0.008863	-0.00941
715	-0.008541	-0.008825	-0.009318
716	-0.008527	-0.008828	-0.009277
717	-0.008579	-0.008871	-0.009284
718	-0.008591	-0.00889	-0.00926
719	-0.008556	-0.008883	-0.0092
720	-0.008534	-0.008877	-0.009167
[LOG]
CHECKSUMæë