[HEADER]
Format	J&M ASCII Table
Comment	
Date	03/03/2026 19:23:59
Order	Y (evenX)
TechType	UV
NumPoints	411
FirstX	310
LastX	720
XType	nm
YType	Absorbance
ZType	s
NumSubFile	3
Matrix	Z vs X
[LOGIN]
Name=pcbob
[INSTRUMENT]
Name=TIDAS E Base UV/VI
Detector=MMS - ASPEN 97,5 kHz
Diodearray=256 Pixel
Serial#=36584
Calibrated=2011-07-01
Range=183.81-729.88 [nm] (F0)

SWVersion=v3.18.2 (build 0)[LOGIN]
Name=pcbob
[CONFIG]
ChannelName=Channel 1
ChannelType=Normalized
[PARAMETER]
It=400,00
Aver=5
Norm=3
Range=310,0-720,0 nm
Scan=Time
ScanTime=5,00 s
[TRIGGER]
Sweep=0
Scan=0
[DIO]
DigOut=0x0000
DigIn=0x0000
[DATA]
	00:00:00,000	00:00:02,000	00:00:04,000
310	0.000118	0.000148	0.000195
311	0.000113	0.000125	0.000162
312	0.000098	0.000104	0.00011
313	0.000084	0.000089	0.00008
314	0.00007	0.000083	0.000082
315	0.000059	0.000086	0.000087
316	0.000055	0.000116	0.000101
317	0.000052	0.000142	0.000114
318	0.000059	0.000101	0.000113
319	0.000067	0.00006	0.000112
320	0.000053	0.000062	0.000111
321	0.000038	0.000069	0.000111
322	0.000041	0.000088	0.000106
323	0.000051	0.000113	0.000099
324	0.00005	0.000112	0.000091
325	0.000037	0.000086	0.000081
326	0.000016	0.000069	0.000064
327	-0.000019	0.000068	0.000034
328	-0.000045	0.000062	0.000014
329	-0.00003	0.000039	0.000044
330	-0.000015	0.000015	0.000075
331	-0.000002	-0.000026	0.000064
332	0.000011	-0.000067	0.000054
333	-0.000008	-0.000056	0.000022
334	-0.000033	-0.000033	-0.000015
335	-0.000046	-0.000021	-0.000015
336	-0.000053	-0.000014	0.000005
337	-0.000051	-0.000018	-0.000001
338	-0.00004	-0.000033	-0.000036
339	-0.000042	-0.000055	-0.000077
340	-0.000076	-0.000094	-0.000136
341	-0.000108	-0.00012	-0.000182
342	-0.000127	-0.000064	-0.000148
343	-0.000146	-0.000007	-0.000113
344	-0.000117	-0.000083	-0.000117
345	-0.000086	-0.000166	-0.000124
346	-0.0001	-0.000169	-0.000111
347	-0.000128	-0.000147	-0.000093
348	-0.000156	-0.000134	-0.000108
349	-0.000184	-0.000127	-0.000145
350	-0.000193	-0.000129	-0.000155
351	-0.000174	-0.000143	-0.000129
352	-0.000185	-0.000171	-0.000132
353	-0.000285	-0.000236	-0.000223
354	-0.000375	-0.000295	-0.000304
355	-0.000355	-0.000269	-0.000272
356	-0.000334	-0.000244	-0.00024
357	-0.000304	-0.000218	-0.000259
358	-0.000273	-0.000192	-0.000283
359	-0.000262	-0.000186	-0.000242
360	-0.000258	-0.000187	-0.000176
361	-0.000272	-0.000221	-0.000143
362	-0.0003	-0.000281	-0.000135
363	-0.00034	-0.000318	-0.000144
364	-0.000398	-0.000321	-0.000181
365	-0.000438	-0.000326	-0.000224
366	-0.000411	-0.000345	-0.000288
367	-0.000388	-0.000364	-0.000349
368	-0.000431	-0.000394	-0.000342
369	-0.000475	-0.000423	-0.000334
370	-0.000418	-0.000361	-0.000295
371	-0.000347	-0.000286	-0.000251
372	-0.000371	-0.000318	-0.000282
373	-0.000436	-0.000396	-0.000346
374	-0.000466	-0.000417	-0.000396
375	-0.000464	-0.00039	-0.000434
376	-0.000472	-0.000391	-0.000463
377	-0.000497	-0.000445	-0.000477
378	-0.000515	-0.000481	-0.000482
379	-0.000502	-0.00045	-0.000452
380	-0.000489	-0.000421	-0.000424
381	-0.00053	-0.000499	-0.000451
382	-0.00057	-0.000578	-0.000478
383	-0.000585	-0.000584	-0.000463
384	-0.000596	-0.000578	-0.000441
385	-0.000583	-0.000554	-0.00044
386	-0.000558	-0.00052	-0.000449
387	-0.000542	-0.000504	-0.000454
388	-0.000532	-0.000502	-0.000456
389	-0.000541	-0.000508	-0.000461
390	-0.000585	-0.000528	-0.000472
391	-0.000612	-0.000547	-0.000479
392	-0.000559	-0.000566	-0.000466
393	-0.000509	-0.000585	-0.000454
394	-0.000606	-0.000628	-0.000538
395	-0.000703	-0.000672	-0.000621
396	-0.000681	-0.000648	-0.000582
397	-0.000637	-0.000611	-0.00052
398	-0.000654	-0.000628	-0.000528
399	-0.000699	-0.00067	-0.000569
400	-0.000737	-0.000685	-0.0006
401	-0.00077	-0.000674	-0.000622
402	-0.000795	-0.000662	-0.000648
403	-0.000807	-0.000647	-0.000682
404	-0.00081	-0.000635	-0.00071
405	-0.000774	-0.000639	-0.000712
406	-0.000739	-0.000643	-0.000712
407	-0.000748	-0.000615	-0.000646
408	-0.000758	-0.000588	-0.000581
409	-0.000757	-0.000576	-0.000555
410	-0.000754	-0.000567	-0.000537
411	-0.000779	-0.000629	-0.000578
412	-0.000816	-0.000723	-0.000645
413	-0.000867	-0.000796	-0.00068
414	-0.000931	-0.000848	-0.000685
415	-0.000962	-0.000865	-0.000709
416	-0.000933	-0.000819	-0.000763
417	-0.000907	-0.000775	-0.00079
418	-0.000898	-0.000744	-0.000703
419	-0.000889	-0.000718	-0.000622
420	-0.000913	-0.000834	-0.000693
421	-0.000937	-0.000949	-0.000763
422	-0.000933	-0.00092	-0.000792
423	-0.000927	-0.00087	-0.000814
424	-0.00096	-0.000857	-0.000843
425	-0.001009	-0.000859	-0.000875
426	-0.001023	-0.00088	-0.000871
427	-0.001009	-0.000916	-0.000839
428	-0.000988	-0.000932	-0.000836
429	-0.000959	-0.000916	-0.000878
430	-0.00094	-0.0009	-0.000904
431	-0.000954	-0.000882	-0.000881
432	-0.000969	-0.000869	-0.000859
433	-0.001002	-0.000925	-0.000854
434	-0.001035	-0.000981	-0.000848
435	-0.001021	-0.000962	-0.000872
436	-0.001001	-0.000936	-0.000898
437	-0.001019	-0.000939	-0.000903
438	-0.001048	-0.000951	-0.000901
439	-0.001033	-0.000927	-0.000877
440	-0.000987	-0.000879	-0.000837
441	-0.000976	-0.00087	-0.000834
442	-0.00101	-0.00091	-0.000879
443	-0.001039	-0.000952	-0.00092
444	-0.001059	-0.001	-0.000952
445	-0.001083	-0.001043	-0.000983
446	-0.001135	-0.001054	-0.001016
447	-0.001188	-0.001066	-0.001048
448	-0.001168	-0.001089	-0.001028
449	-0.001147	-0.001112	-0.001007
450	-0.001113	-0.001082	-0.000992
451	-0.001077	-0.00104	-0.000978
452	-0.001094	-0.001023	-0.00098
453	-0.001138	-0.001019	-0.00099
454	-0.001186	-0.001048	-0.001011
455	-0.001237	-0.001108	-0.001042
456	-0.00124	-0.001124	-0.001036
457	-0.001152	-0.001056	-0.000961
458	-0.001081	-0.001002	-0.000906
459	-0.001083	-0.001008	-0.00094
460	-0.001089	-0.001016	-0.000974
461	-0.001171	-0.001066	-0.001022
462	-0.001252	-0.001116	-0.001069
463	-0.00124	-0.001073	-0.001035
464	-0.001216	-0.001019	-0.000991
465	-0.001209	-0.001038	-0.001015
466	-0.001208	-0.001082	-0.001063
467	-0.001235	-0.001133	-0.001096
468	-0.001282	-0.001189	-0.001119
469	-0.00132	-0.001229	-0.001137
470	-0.001344	-0.00125	-0.001149
471	-0.001361	-0.001268	-0.001157
472	-0.001357	-0.001279	-0.001155
473	-0.001358	-0.001289	-0.001159
474	-0.001394	-0.001294	-0.001198
475	-0.001429	-0.001299	-0.001238
476	-0.00137	-0.001245	-0.001152
477	-0.001308	-0.00119	-0.001064
478	-0.001288	-0.001199	-0.001084
479	-0.001276	-0.00122	-0.001126
480	-0.001274	-0.001234	-0.001141
481	-0.001276	-0.001247	-0.001142
482	-0.00128	-0.001227	-0.001162
483	-0.001287	-0.001181	-0.001196
484	-0.001294	-0.001169	-0.00121
485	-0.001304	-0.001209	-0.001192
486	-0.001302	-0.001232	-0.001176
487	-0.001265	-0.001199	-0.001162
488	-0.00124	-0.001176	-0.001154
489	-0.001329	-0.001263	-0.001193
490	-0.001418	-0.001349	-0.001232
491	-0.001391	-0.001323	-0.001222
492	-0.001358	-0.00129	-0.001209
493	-0.001332	-0.001274	-0.0012
494	-0.001308	-0.001262	-0.001192
495	-0.001318	-0.00127	-0.001192
496	-0.001345	-0.00129	-0.001196
497	-0.001344	-0.0013	-0.001184
498	-0.001316	-0.001302	-0.001156
499	-0.001313	-0.001307	-0.00115
500	-0.001354	-0.001318	-0.001181
501	-0.001388	-0.001316	-0.001188
502	-0.001404	-0.001271	-0.00111
503	-0.001421	-0.001232	-0.001047
504	-0.001442	-0.001268	-0.001132
505	-0.001462	-0.001304	-0.001217
506	-0.001485	-0.001372	-0.001276
507	-0.001508	-0.001442	-0.001334
508	-0.001519	-0.001417	-0.001318
509	-0.001528	-0.00137	-0.001283
510	-0.001481	-0.001339	-0.00126
511	-0.001407	-0.001316	-0.001241
512	-0.001364	-0.001282	-0.001229
513	-0.001349	-0.001239	-0.001222
514	-0.001365	-0.001243	-0.001228
515	-0.001431	-0.001324	-0.001254
516	-0.001481	-0.001382	-0.001271
517	-0.001482	-0.001371	-0.00126
518	-0.001484	-0.001366	-0.001253
519	-0.0015	-0.001408	-0.001281
520	-0.001516	-0.00145	-0.001309
521	-0.001524	-0.00141	-0.001326
522	-0.001531	-0.001368	-0.001343
523	-0.001466	-0.001339	-0.001261
524	-0.001385	-0.001313	-0.00116
525	-0.001344	-0.001278	-0.001097
526	-0.001321	-0.001238	-0.001051
527	-0.001346	-0.001244	-0.001079
528	-0.001408	-0.001286	-0.001166
529	-0.001453	-0.001317	-0.001218
530	-0.001473	-0.001334	-0.001224
531	-0.001478	-0.00135	-0.001232
532	-0.001445	-0.001363	-0.001243
533	-0.001431	-0.001389	-0.001267
534	-0.001521	-0.001488	-0.001355
535	-0.001607	-0.001582	-0.00144
536	-0.001553	-0.001489	-0.001376
537	-0.001499	-0.001395	-0.001313
538	-0.001484	-0.001362	-0.001271
539	-0.001473	-0.001335	-0.001232
540	-0.001477	-0.00132	-0.001258
541	-0.001486	-0.001308	-0.001305
542	-0.001474	-0.001312	-0.001304
543	-0.001449	-0.001325	-0.001275
544	-0.00143	-0.001338	-0.001245
545	-0.001417	-0.001352	-0.001214
546	-0.001411	-0.00136	-0.001214
547	-0.001419	-0.001357	-0.001263
548	-0.001425	-0.001355	-0.00129
549	-0.001427	-0.001354	-0.001248
550	-0.001426	-0.001352	-0.001205
551	-0.001403	-0.001343	-0.001158
552	-0.00138	-0.001334	-0.001112
553	-0.001382	-0.001337	-0.001177
554	-0.001384	-0.001339	-0.001245
555	-0.001405	-0.001325	-0.001279
556	-0.001429	-0.001308	-0.001308
557	-0.001404	-0.001309	-0.001275
558	-0.001362	-0.001315	-0.001219
559	-0.001333	-0.001302	-0.001193
560	-0.001313	-0.001275	-0.001187
561	-0.001318	-0.001261	-0.001184
562	-0.001349	-0.00126	-0.001185
563	-0.001356	-0.001255	-0.001162
564	-0.001323	-0.001242	-0.001097
565	-0.001303	-0.001237	-0.001069
566	-0.001324	-0.001253	-0.001156
567	-0.001339	-0.001262	-0.001229
568	-0.001311	-0.001212	-0.001185
569	-0.001282	-0.001161	-0.001142
570	-0.001243	-0.001155	-0.001113
571	-0.001203	-0.001148	-0.001083
572	-0.001182	-0.001134	-0.001052
573	-0.001165	-0.001119	-0.00102
574	-0.001159	-0.001079	-0.001009
575	-0.001158	-0.001031	-0.001004
576	-0.001163	-0.001039	-0.001003
577	-0.001172	-0.00108	-0.001004
578	-0.001157	-0.001075	-0.000988
579	-0.001122	-0.001026	-0.000954
580	-0.001095	-0.000993	-0.000934
581	-0.001083	-0.000985	-0.000935
582	-0.001078	-0.000977	-0.00094
583	-0.001092	-0.000972	-0.000954
584	-0.001103	-0.000975	-0.000969
585	-0.001096	-0.001021	-0.000991
586	-0.00109	-0.001064	-0.001012
587	-0.001106	-0.001056	-0.001004
588	-0.001122	-0.001047	-0.000996
589	-0.001147	-0.001055	-0.001017
590	-0.001173	-0.001063	-0.00104
591	-0.001165	-0.001051	-0.001022
592	-0.001149	-0.001033	-0.000996
593	-0.001156	-0.001039	-0.000998
594	-0.001173	-0.001054	-0.001012
595	-0.001186	-0.001056	-0.001026
596	-0.001196	-0.001047	-0.001039
597	-0.001188	-0.001054	-0.001042
598	-0.00116	-0.001078	-0.001033
599	-0.001153	-0.001086	-0.001034
600	-0.001185	-0.001065	-0.001049
601	-0.001206	-0.001056	-0.001063
602	-0.0012	-0.001081	-0.00107
603	-0.001193	-0.001104	-0.001073
604	-0.001178	-0.001123	-0.001046
605	-0.001164	-0.00114	-0.00102
606	-0.001188	-0.001117	-0.001012
607	-0.001212	-0.001093	-0.001005
608	-0.001238	-0.001093	-0.001009
609	-0.001264	-0.001095	-0.001014
610	-0.001213	-0.001105	-0.001038
611	-0.001144	-0.001115	-0.001065
612	-0.001169	-0.001146	-0.001116
613	-0.00123	-0.001185	-0.001177
614	-0.001245	-0.001176	-0.001164
615	-0.001231	-0.001135	-0.001103
616	-0.001231	-0.001109	-0.001082
617	-0.001246	-0.001095	-0.0011
618	-0.001243	-0.001109	-0.001119
619	-0.001214	-0.001163	-0.001136
620	-0.001206	-0.001196	-0.001142
621	-0.001244	-0.001177	-0.001119
622	-0.001275	-0.001171	-0.001103
623	-0.001275	-0.001216	-0.001111
624	-0.001277	-0.001254	-0.001119
625	-0.001297	-0.001227	-0.001115
626	-0.001318	-0.0012	-0.001112
627	-0.001324	-0.001234	-0.001116
628	-0.001331	-0.001269	-0.001119
629	-0.00129	-0.001217	-0.001108
630	-0.001243	-0.001154	-0.001095
631	-0.001242	-0.001156	-0.001053
632	-0.001251	-0.001174	-0.001002
633	-0.001304	-0.001204	-0.001041
634	-0.001375	-0.001238	-0.001119
635	-0.001384	-0.001262	-0.001152
636	-0.001351	-0.001279	-0.001154
637	-0.001311	-0.001263	-0.001148
638	-0.001264	-0.001213	-0.001135
639	-0.001211	-0.001162	-0.001099
640	-0.001147	-0.001109	-0.001028
641	-0.001114	-0.001088	-0.000988
642	-0.001151	-0.001139	-0.00102
643	-0.001193	-0.001182	-0.001054
644	-0.001257	-0.001196	-0.001102
645	-0.001315	-0.001206	-0.001139
646	-0.001334	-0.001189	-0.001106
647	-0.001351	-0.001174	-0.001074
648	-0.001315	-0.001174	-0.001097
649	-0.00128	-0.001175	-0.001121
650	-0.001228	-0.001143	-0.001063
651	-0.001176	-0.001109	-0.001001
652	-0.001148	-0.001088	-0.000978
653	-0.001126	-0.00107	-0.000961
654	-0.001098	-0.001027	-0.000927
655	-0.001068	-0.000976	-0.000889
656	-0.001034	-0.000951	-0.000877
657	-0.000999	-0.000939	-0.000879
658	-0.001028	-0.000957	-0.000915
659	-0.001101	-0.000995	-0.000974
660	-0.00115	-0.001028	-0.000998
661	-0.001174	-0.001054	-0.000986
662	-0.001173	-0.001093	-0.000991
663	-0.001137	-0.001149	-0.001017
664	-0.001124	-0.001182	-0.001029
665	-0.001157	-0.001168	-0.001013
666	-0.001204	-0.00117	-0.001016
667	-0.001294	-0.001218	-0.001082
668	-0.001357	-0.00125	-0.001128
669	-0.00128	-0.0012	-0.00107
670	-0.001212	-0.001156	-0.001022
671	-0.001235	-0.001182	-0.0011
672	-0.001259	-0.001208	-0.001177
673	-0.001272	-0.001201	-0.001138
674	-0.001285	-0.001194	-0.001099
675	-0.001303	-0.001224	-0.00113
676	-0.001322	-0.001257	-0.001168
677	-0.001288	-0.001232	-0.001128
678	-0.001243	-0.001195	-0.001074
679	-0.001236	-0.001216	-0.001074
680	-0.001241	-0.001256	-0.001091
681	-0.001259	-0.001246	-0.001076
682	-0.001284	-0.001212	-0.001048
683	-0.001283	-0.00123	-0.001079
684	-0.001264	-0.00128	-0.001149
685	-0.00128	-0.001288	-0.001198
686	-0.001326	-0.00126	-0.001228
687	-0.001321	-0.001231	-0.001213
688	-0.001258	-0.0012	-0.001144
689	-0.00125	-0.001199	-0.00113
690	-0.001333	-0.001246	-0.001205
691	-0.00138	-0.001264	-0.001248
692	-0.001349	-0.00122	-0.001222
693	-0.001319	-0.001202	-0.001199
694	-0.001294	-0.001267	-0.001186
695	-0.00128	-0.001317	-0.001179
696	-0.001321	-0.001293	-0.001196
697	-0.001362	-0.001276	-0.001213
698	-0.001395	-0.001323	-0.001215
699	-0.001426	-0.001365	-0.001214
700	-0.001346	-0.001249	-0.001143
701	-0.001267	-0.001132	-0.001071
702	-0.001276	-0.001163	-0.001108
703	-0.001289	-0.001199	-0.001149
704	-0.001277	-0.001197	-0.001112
705	-0.001262	-0.00119	-0.001065
706	-0.001286	-0.001199	-0.001116
707	-0.001317	-0.001211	-0.001187
708	-0.001274	-0.00116	-0.001174
709	-0.001209	-0.00109	-0.001135
710	-0.001224	-0.001088	-0.001114
711	-0.001272	-0.001114	-0.001101
712	-0.00129	-0.001148	-0.001086
713	-0.001292	-0.001187	-0.001071
714	-0.001247	-0.001172	-0.001044
715	-0.001168	-0.001117	-0.001007
716	-0.001138	-0.001095	-0.000995
717	-0.001153	-0.001101	-0.001003
718	-0.001149	-0.001092	-0.000991
719	-0.001123	-0.001066	-0.000956
720	-0.001145	-0.001086	-0.001001
[LOG]
CHECKSUMè