[HEADER]
Format	J&M ASCII Table
Comment	
Date	03/03/2026 21:05:48
Order	Y (evenX)
TechType	UV
NumPoints	411
FirstX	310
LastX	720
XType	nm
YType	Absorbance
ZType	s
NumSubFile	3
Matrix	Z vs X
[LOGIN]
Name=pcbob
[INSTRUMENT]
Name=TIDAS E Base UV/VI
Detector=MMS - ASPEN 97,5 kHz
Diodearray=256 Pixel
Serial#=36584
Calibrated=2011-07-01
Range=183.81-729.88 [nm] (F0)

SWVersion=v3.18.2 (build 0)[LOGIN]
Name=pcbob
[CONFIG]
ChannelName=Channel 1
ChannelType=Normalized
[PARAMETER]
It=400,00
Aver=5
Norm=3
Range=310,0-720,0 nm
Scan=Time
ScanTime=5,00 s
[TRIGGER]
Sweep=0
Scan=0
[DIO]
DigOut=0x0000
DigIn=0x0000
[DATA]
	00:00:00,000	00:00:02,000	00:00:04,000
310	0.0009	0.00092	0.000889
311	0.000796	0.000839	0.000806
312	0.000685	0.000738	0.00071
313	0.000592	0.000642	0.000623
314	0.000525	0.000552	0.000548
315	0.000446	0.000457	0.000472
316	0.00033	0.000345	0.000393
317	0.000214	0.000232	0.00031
318	0.000108	0.000101	0.000162
319	0.000001	-0.000029	0.000015
320	-0.000057	-0.000072	-0.000059
321	-0.000107	-0.000104	-0.000123
322	-0.000174	-0.000153	-0.000202
323	-0.000247	-0.00021	-0.000289
324	-0.000345	-0.000303	-0.000381
325	-0.000466	-0.000428	-0.000479
326	-0.000571	-0.000535	-0.000563
327	-0.000647	-0.000612	-0.000624
328	-0.000721	-0.000682	-0.000684
329	-0.000779	-0.000724	-0.000739
330	-0.000838	-0.000767	-0.000793
331	-0.00098	-0.000893	-0.000926
332	-0.001122	-0.001019	-0.00106
333	-0.001156	-0.001095	-0.00114
334	-0.001166	-0.001161	-0.001208
335	-0.001247	-0.001239	-0.001311
336	-0.001366	-0.001324	-0.001432
337	-0.001446	-0.001403	-0.001502
338	-0.001483	-0.001474	-0.001515
339	-0.001541	-0.001542	-0.001555
340	-0.001649	-0.0016	-0.00166
341	-0.001745	-0.00166	-0.001755
342	-0.001753	-0.001738	-0.00178
343	-0.001762	-0.001816	-0.001806
344	-0.001892	-0.001917	-0.001887
345	-0.002029	-0.002018	-0.001971
346	-0.002065	-0.002063	-0.002007
347	-0.002072	-0.002092	-0.002028
348	-0.002078	-0.0021	-0.002076
349	-0.002084	-0.002095	-0.002142
350	-0.002136	-0.002137	-0.002208
351	-0.00225	-0.002242	-0.002275
352	-0.002321	-0.002316	-0.002307
353	-0.002262	-0.002296	-0.002232
354	-0.002211	-0.002274	-0.002166
355	-0.002248	-0.002232	-0.002201
356	-0.002286	-0.002189	-0.002236
357	-0.002337	-0.002288	-0.002316
358	-0.002388	-0.002402	-0.0024
359	-0.00246	-0.00247	-0.002453
360	-0.002539	-0.002521	-0.002496
361	-0.00259	-0.002559	-0.002566
362	-0.002621	-0.002585	-0.002659
363	-0.002675	-0.002623	-0.002719
364	-0.002765	-0.00268	-0.002728
365	-0.002835	-0.002724	-0.002738
366	-0.002827	-0.00272	-0.002752
367	-0.002822	-0.002721	-0.002771
368	-0.002883	-0.002831	-0.002888
369	-0.002943	-0.002941	-0.003006
370	-0.002961	-0.002987	-0.00301
371	-0.002973	-0.003023	-0.002998
372	-0.003037	-0.003052	-0.003049
373	-0.003124	-0.003078	-0.003128
374	-0.003177	-0.003129	-0.003187
375	-0.0032	-0.003203	-0.00323
376	-0.003222	-0.00325	-0.003256
377	-0.003242	-0.003252	-0.00325
378	-0.00328	-0.003271	-0.003263
379	-0.003394	-0.003358	-0.003352
380	-0.003504	-0.003444	-0.003439
381	-0.003451	-0.003446	-0.003412
382	-0.003398	-0.003448	-0.003385
383	-0.003476	-0.003486	-0.00348
384	-0.003577	-0.003531	-0.003595
385	-0.003667	-0.003616	-0.003666
386	-0.003752	-0.00372	-0.003717
387	-0.003851	-0.00381	-0.003771
388	-0.003964	-0.003888	-0.003828
389	-0.004039	-0.003946	-0.003902
390	-0.004046	-0.003964	-0.004007
391	-0.00407	-0.004002	-0.004106
392	-0.00417	-0.004128	-0.00418
393	-0.004268	-0.004251	-0.004252
394	-0.004221	-0.004171	-0.004255
395	-0.004175	-0.00409	-0.004257
396	-0.004208	-0.004117	-0.004237
397	-0.004255	-0.004163	-0.004214
398	-0.00428	-0.004176	-0.004139
399	-0.004295	-0.004173	-0.00404
400	-0.004293	-0.004182	-0.004039
401	-0.004273	-0.004203	-0.004128
402	-0.004262	-0.004235	-0.004218
403	-0.00427	-0.004289	-0.004308
404	-0.004306	-0.004344	-0.004392
405	-0.00447	-0.00441	-0.004446
406	-0.00463	-0.004473	-0.004498
407	-0.004534	-0.004451	-0.004467
408	-0.004438	-0.004428	-0.004436
409	-0.004455	-0.004443	-0.004482
410	-0.004491	-0.004464	-0.004543
411	-0.004549	-0.004535	-0.004614
412	-0.004617	-0.00463	-0.004691
413	-0.004703	-0.004704	-0.004763
414	-0.004805	-0.004758	-0.004832
415	-0.004868	-0.004791	-0.004874
416	-0.004861	-0.004785	-0.004868
417	-0.004876	-0.004787	-0.004863
418	-0.004973	-0.004818	-0.004865
419	-0.005071	-0.004855	-0.004875
420	-0.005195	-0.005014	-0.005083
421	-0.005319	-0.005173	-0.005291
422	-0.005336	-0.005268	-0.00534
423	-0.005338	-0.005354	-0.005366
424	-0.005369	-0.005359	-0.005347
425	-0.005412	-0.005331	-0.005312
426	-0.005433	-0.005322	-0.005315
427	-0.005437	-0.005329	-0.005351
428	-0.005439	-0.005345	-0.005392
429	-0.005437	-0.005375	-0.005441
430	-0.005459	-0.005417	-0.005495
431	-0.005559	-0.005503	-0.005565
432	-0.005661	-0.005589	-0.005639
433	-0.005795	-0.005689	-0.00576
434	-0.005928	-0.005789	-0.005882
435	-0.0059	-0.005792	-0.005903
436	-0.005855	-0.005785	-0.005914
437	-0.005868	-0.005824	-0.005914
438	-0.005898	-0.005879	-0.005912
439	-0.005973	-0.00596	-0.005966
440	-0.006077	-0.00606	-0.00606
441	-0.006142	-0.006106	-0.006116
442	-0.006156	-0.006083	-0.006124
443	-0.006192	-0.006091	-0.006157
444	-0.006285	-0.006175	-0.006255
445	-0.00637	-0.006256	-0.006348
446	-0.006393	-0.006316	-0.006403
447	-0.006416	-0.006376	-0.006458
448	-0.006511	-0.006472	-0.006568
449	-0.006608	-0.006569	-0.006679
450	-0.006638	-0.006592	-0.006685
451	-0.006653	-0.006599	-0.006668
452	-0.00673	-0.006661	-0.006703
453	-0.006841	-0.006752	-0.006766
454	-0.00694	-0.006828	-0.006851
455	-0.007029	-0.00689	-0.006958
456	-0.007059	-0.00694	-0.007034
457	-0.00698	-0.006969	-0.007055
458	-0.006933	-0.007001	-0.007079
459	-0.007013	-0.007046	-0.007118
460	-0.007093	-0.007093	-0.007159
461	-0.007178	-0.007182	-0.007237
462	-0.007264	-0.007272	-0.007315
463	-0.007306	-0.007356	-0.007369
464	-0.007342	-0.00744	-0.007419
465	-0.007396	-0.00743	-0.007449
466	-0.007456	-0.007386	-0.007472
467	-0.007479	-0.007385	-0.007487
468	-0.007475	-0.007414	-0.007495
469	-0.007501	-0.007465	-0.007537
470	-0.007569	-0.007545	-0.007623
471	-0.00764	-0.007628	-0.007711
472	-0.007721	-0.007721	-0.007807
473	-0.007803	-0.007803	-0.007897
474	-0.00789	-0.007816	-0.007942
475	-0.007977	-0.007828	-0.007988
476	-0.007936	-0.007873	-0.007983
477	-0.007893	-0.007918	-0.007977
478	-0.007911	-0.007932	-0.008033
479	-0.007941	-0.007938	-0.0081
480	-0.007988	-0.007983	-0.00813
481	-0.008044	-0.008046	-0.008143
482	-0.008061	-0.008064	-0.008169
483	-0.008046	-0.008044	-0.008208
484	-0.008062	-0.008062	-0.00823
485	-0.008129	-0.008141	-0.008223
486	-0.008179	-0.008201	-0.008217
487	-0.008178	-0.008201	-0.008213
488	-0.00819	-0.008212	-0.008225
489	-0.008321	-0.008329	-0.008384
490	-0.008451	-0.008447	-0.008542
491	-0.008452	-0.008438	-0.00854
492	-0.008447	-0.008423	-0.00853
493	-0.008514	-0.008478	-0.008569
494	-0.008599	-0.008551	-0.008621
495	-0.008605	-0.008557	-0.008638
496	-0.00857	-0.00853	-0.008638
497	-0.0086	-0.008571	-0.008684
498	-0.00869	-0.008679	-0.008774
499	-0.00877	-0.008775	-0.00883
500	-0.008833	-0.00885	-0.008826
501	-0.008871	-0.008894	-0.008832
502	-0.008827	-0.008835	-0.008866
503	-0.008785	-0.008783	-0.008893
504	-0.008762	-0.008794	-0.008856
505	-0.008739	-0.008805	-0.008818
506	-0.008813	-0.008839	-0.008891
507	-0.008892	-0.008874	-0.008969
508	-0.0089	-0.008907	-0.008976
509	-0.008891	-0.008939	-0.008964
510	-0.008919	-0.008918	-0.008955
511	-0.008966	-0.008869	-0.008946
512	-0.00898	-0.00886	-0.008938
513	-0.008964	-0.008887	-0.008929
514	-0.008948	-0.008898	-0.008948
515	-0.008932	-0.008885	-0.009012
516	-0.00894	-0.008886	-0.009063
517	-0.009025	-0.008933	-0.009075
518	-0.0091	-0.00898	-0.009088
519	-0.009092	-0.009022	-0.009111
520	-0.009084	-0.009063	-0.009133
521	-0.009079	-0.009048	-0.00915
522	-0.009074	-0.009031	-0.009166
523	-0.009126	-0.009083	-0.009209
524	-0.00919	-0.009149	-0.009259
525	-0.009242	-0.009173	-0.009274
526	-0.009288	-0.009178	-0.009274
527	-0.00931	-0.009194	-0.009302
528	-0.009312	-0.00922	-0.009353
529	-0.009351	-0.009281	-0.009424
530	-0.00944	-0.009391	-0.009524
531	-0.009496	-0.009461	-0.009588
532	-0.009473	-0.009433	-0.009564
533	-0.009445	-0.0094	-0.009531
534	-0.009394	-0.009338	-0.00945
535	-0.009344	-0.009278	-0.009373
536	-0.009351	-0.009295	-0.009408
537	-0.009358	-0.009311	-0.009443
538	-0.009364	-0.009301	-0.009392
539	-0.00937	-0.009288	-0.009331
540	-0.009354	-0.009267	-0.009324
541	-0.009333	-0.009244	-0.009334
542	-0.009331	-0.009268	-0.00935
543	-0.00934	-0.009319	-0.00937
544	-0.009364	-0.009365	-0.009385
545	-0.009401	-0.009404	-0.009396
546	-0.009443	-0.009438	-0.009428
547	-0.009494	-0.009463	-0.009494
548	-0.009541	-0.009486	-0.00954
549	-0.009578	-0.009503	-0.00952
550	-0.009605	-0.009518	-0.009508
551	-0.009555	-0.009509	-0.009557
552	-0.009505	-0.009501	-0.009607
553	-0.009487	-0.009488	-0.009566
554	-0.009468	-0.009475	-0.009524
555	-0.009442	-0.009447	-0.009515
556	-0.009414	-0.009415	-0.009511
557	-0.009453	-0.009451	-0.009534
558	-0.009516	-0.00951	-0.009566
559	-0.009586	-0.00956	-0.009623
560	-0.009662	-0.009606	-0.009695
561	-0.009673	-0.009621	-0.009709
562	-0.009614	-0.009603	-0.009662
563	-0.009595	-0.009591	-0.009642
564	-0.009647	-0.00959	-0.009669
565	-0.009672	-0.009577	-0.009679
566	-0.009609	-0.00952	-0.009631
567	-0.009541	-0.00946	-0.009574
568	-0.009426	-0.009368	-0.009449
569	-0.009311	-0.009276	-0.009324
570	-0.009328	-0.009291	-0.009357
571	-0.009346	-0.009306	-0.009391
572	-0.009359	-0.00929	-0.009383
573	-0.00937	-0.00927	-0.009368
574	-0.009328	-0.009268	-0.009353
575	-0.009268	-0.009271	-0.009338
576	-0.009233	-0.009246	-0.00929
577	-0.009213	-0.009205	-0.009223
578	-0.009198	-0.009184	-0.00921
579	-0.009188	-0.009181	-0.009248
580	-0.009181	-0.009178	-0.009265
581	-0.009176	-0.009172	-0.00925
582	-0.009191	-0.009191	-0.009256
583	-0.009255	-0.009272	-0.009316
584	-0.009302	-0.009331	-0.009356
585	-0.009259	-0.009268	-0.00929
586	-0.009219	-0.009209	-0.00923
587	-0.009243	-0.009242	-0.009282
588	-0.009268	-0.009275	-0.009334
589	-0.009275	-0.009268	-0.009349
590	-0.009281	-0.009258	-0.009361
591	-0.009313	-0.009264	-0.009352
592	-0.009351	-0.009273	-0.009339
593	-0.009364	-0.009306	-0.009376
594	-0.009366	-0.009349	-0.009435
595	-0.009375	-0.009353	-0.009439
596	-0.009388	-0.00933	-0.009404
597	-0.009398	-0.009344	-0.009393
598	-0.009405	-0.009399	-0.009406
599	-0.009423	-0.009431	-0.009431
600	-0.009461	-0.009424	-0.009476
601	-0.009499	-0.009435	-0.009524
602	-0.009539	-0.009498	-0.009581
603	-0.00957	-0.009549	-0.009624
604	-0.009542	-0.009523	-0.009594
605	-0.009516	-0.0095	-0.009566
606	-0.009558	-0.009552	-0.009604
607	-0.009599	-0.009604	-0.009642
608	-0.009669	-0.009658	-0.009724
609	-0.009741	-0.009712	-0.009809
610	-0.009746	-0.009713	-0.009827
611	-0.009736	-0.009703	-0.009829
612	-0.009726	-0.009689	-0.009815
613	-0.009714	-0.009673	-0.009793
614	-0.009769	-0.009719	-0.00985
615	-0.009867	-0.009805	-0.009959
616	-0.009909	-0.009838	-0.00999
617	-0.009897	-0.00982	-0.009946
618	-0.009874	-0.009816	-0.009907
619	-0.009833	-0.009831	-0.009873
620	-0.009814	-0.009862	-0.009867
621	-0.009847	-0.009928	-0.009928
622	-0.009877	-0.009973	-0.009969
623	-0.00989	-0.009934	-0.009926
624	-0.009908	-0.009905	-0.009897
625	-0.009977	-0.009975	-0.010001
626	-0.010046	-0.010046	-0.010106
627	-0.010086	-0.010123	-0.010178
628	-0.010126	-0.010199	-0.01025
629	-0.010168	-0.010172	-0.010253
630	-0.01021	-0.010131	-0.010247
631	-0.010245	-0.010143	-0.010256
632	-0.010279	-0.010167	-0.010269
633	-0.010222	-0.010188	-0.010262
634	-0.010125	-0.010207	-0.010246
635	-0.01017	-0.010255	-0.010289
636	-0.01031	-0.010321	-0.010372
637	-0.010381	-0.010331	-0.010401
638	-0.010383	-0.010286	-0.010377
639	-0.010371	-0.010279	-0.010368
640	-0.010335	-0.010327	-0.010381
641	-0.010313	-0.010354	-0.010396
642	-0.010319	-0.010337	-0.010413
643	-0.01034	-0.010327	-0.01042
644	-0.010414	-0.010343	-0.010393
645	-0.010476	-0.010364	-0.010375
646	-0.010458	-0.010426	-0.010418
647	-0.010439	-0.010484	-0.010459
648	-0.01039	-0.010428	-0.010457
649	-0.01034	-0.010371	-0.010456
650	-0.010187	-0.010161	-0.010254
651	-0.010028	-0.009942	-0.01004
652	-0.009896	-0.009816	-0.009935
653	-0.009769	-0.009705	-0.00985
654	-0.009682	-0.009627	-0.009767
655	-0.009606	-0.009559	-0.009685
656	-0.009579	-0.009508	-0.009634
657	-0.009575	-0.009467	-0.009598
658	-0.009679	-0.00958	-0.009673
659	-0.009858	-0.009802	-0.009826
660	-0.009975	-0.009947	-0.00996
661	-0.010031	-0.010016	-0.010074
662	-0.010132	-0.01012	-0.010194
663	-0.010296	-0.010275	-0.010323
664	-0.010407	-0.010388	-0.010433
665	-0.010412	-0.010418	-0.010504
666	-0.010444	-0.010465	-0.01058
667	-0.010556	-0.010563	-0.010672
668	-0.010636	-0.010635	-0.010742
669	-0.010549	-0.01057	-0.010692
670	-0.010473	-0.010508	-0.010646
671	-0.010515	-0.010477	-0.01064
672	-0.010558	-0.010446	-0.010634
673	-0.010549	-0.010476	-0.010627
674	-0.01054	-0.010506	-0.010621
675	-0.010569	-0.010513	-0.010603
676	-0.010601	-0.010519	-0.010584
677	-0.010553	-0.010476	-0.010542
678	-0.01049	-0.010425	-0.010496
679	-0.010466	-0.010419	-0.010539
680	-0.010455	-0.010428	-0.01061
681	-0.010456	-0.010456	-0.010613
682	-0.010462	-0.010492	-0.010584
683	-0.010444	-0.010457	-0.010545
684	-0.010411	-0.010376	-0.0105
685	-0.010409	-0.010352	-0.010481
686	-0.010434	-0.010376	-0.010486
687	-0.010396	-0.01038	-0.010472
688	-0.010283	-0.010358	-0.010436
689	-0.01025	-0.010364	-0.010432
690	-0.010345	-0.010413	-0.010481
691	-0.010429	-0.010457	-0.010539
692	-0.010488	-0.010491	-0.010613
693	-0.010546	-0.010509	-0.010669
694	-0.010602	-0.010475	-0.010663
695	-0.010646	-0.010457	-0.010656
696	-0.010633	-0.010516	-0.010641
697	-0.010621	-0.010571	-0.010637
698	-0.010614	-0.010592	-0.01073
699	-0.010608	-0.010612	-0.01082
700	-0.010618	-0.010604	-0.010795
701	-0.010628	-0.010597	-0.010769
702	-0.010629	-0.010617	-0.010689
703	-0.01063	-0.010639	-0.010606
704	-0.010594	-0.010549	-0.010618
705	-0.010554	-0.010446	-0.010641
706	-0.010602	-0.010509	-0.010666
707	-0.010667	-0.010606	-0.010693
708	-0.010692	-0.010601	-0.010676
709	-0.010704	-0.010566	-0.010646
710	-0.010659	-0.010549	-0.010648
711	-0.01059	-0.010541	-0.010663
712	-0.010561	-0.010544	-0.010682
713	-0.010555	-0.010554	-0.010703
714	-0.010519	-0.01051	-0.010649
715	-0.010461	-0.010428	-0.010541
716	-0.010456	-0.0104	-0.010518
717	-0.0105	-0.010422	-0.010573
718	-0.010472	-0.010402	-0.010561
719	-0.010359	-0.010333	-0.01047
720	-0.0103	-0.010315	-0.010429
[LOG]
CHECKSUMà›