[HEADER]
Format	J&M ASCII Table
Comment	
Date	03/03/2026 19:21:43
Order	Y (evenX)
TechType	UV
NumPoints	411
FirstX	310
LastX	720
XType	nm
YType	Absorbance
ZType	s
NumSubFile	3
Matrix	Z vs X
[LOGIN]
Name=pcbob
[INSTRUMENT]
Name=TIDAS E Base UV/VI
Detector=MMS - ASPEN 97,5 kHz
Diodearray=256 Pixel
Serial#=36584
Calibrated=2011-07-01
Range=183.81-729.88 [nm] (F0)

SWVersion=v3.18.2 (build 0)[LOGIN]
Name=pcbob
[CONFIG]
ChannelName=Channel 1
ChannelType=Normalized
[PARAMETER]
It=400,00
Aver=5
Norm=3
Range=310,0-720,0 nm
Scan=Time
ScanTime=5,00 s
[TRIGGER]
Sweep=0
Scan=0
[DIO]
DigOut=0x0000
DigIn=0x0000
[DATA]
	00:00:00,000	00:00:02,000	00:00:04,000
310	0.000004	-0.000025	0
311	-0.000006	-0.000041	-0.000019
312	-0.000037	-0.000062	-0.000046
313	-0.000058	-0.000058	-0.000058
314	-0.000066	-0.000018	-0.000048
315	-0.000073	0.000004	-0.000037
316	-0.000076	-0.000031	-0.000023
317	-0.000079	-0.000061	-0.00001
318	-0.000079	-0.000025	-0.000022
319	-0.000079	0.00001	-0.000034
320	-0.000056	0.000016	-0.000029
321	-0.000031	0.000018	-0.000023
322	0.000002	0.000032	0.000002
323	0.000039	0.00005	0.000034
324	0.000047	0.000042	0.000038
325	0.000029	0.00001	0.000018
326	0.000008	-0.000026	-0.000004
327	-0.000019	-0.000069	-0.000031
328	-0.000039	-0.000092	-0.000045
329	-0.000026	-0.000016	-0.000005
330	-0.000012	0.00006	0.000036
331	-0.000017	0.000022	0.00001
332	-0.000022	-0.000016	-0.000015
333	-0.000017	-0.00001	0.000021
334	-0.00001	0.000005	0.00007
335	-0.000004	0.000019	0.000064
336	0.000001	0.000031	0.000027
337	0.000006	0.000045	0.000022
338	0.000009	0.000061	0.000051
339	-0.000006	0.000062	0.000055
340	-0.000066	0.000029	-0.000001
341	-0.000112	0.000003	-0.00005
342	-0.00006	0.00003	-0.000038
343	-0.000007	0.000056	-0.000027
344	-0.000001	0.000061	-0.000013
345	0.000004	0.000064	0.000001
346	-0.000007	0.000076	0.000018
347	-0.000023	0.00009	0.000036
348	-0.000023	0.000076	0.000018
349	-0.000015	0.000043	-0.000025
350	0.000001	0.000032	-0.000036
351	0.000026	0.000051	-0.000007
352	0.000033	0.000055	0.000004
353	-0.000013	0.000016	-0.00004
354	-0.000056	-0.00002	-0.000077
355	-0.000063	-0.00002	-0.000031
356	-0.00007	-0.00002	0.000016
357	-0.000056	0.000007	-0.000028
358	-0.000039	0.000037	-0.000081
359	-0.000008	0.000051	-0.00003
360	0.000028	0.00006	0.000059
361	0.000055	0.000082	0.000095
362	0.000075	0.000115	0.00009
363	0.000065	0.000123	0.00008
364	0.000007	0.000093	0.000061
365	-0.000035	0.000064	0.000044
366	-0.000024	0.000033	0.000033
367	-0.000015	0.000006	0.000024
368	-0.000046	0.000037	0.000046
369	-0.000076	0.000067	0.000068
370	-0.000021	0.000064	0.00008
371	0.000046	0.000055	0.00009
372	0.000021	0.000022	0.000054
373	-0.000044	-0.000023	-0.000001
374	-0.000052	-0.00003	-0.000005
375	-0.00001	-0.000004	0.000035
376	0.000014	0.000009	0.000044
377	0.000006	-0.000001	-0.000002
378	-0.000003	-0.00001	-0.000029
379	-0.000017	-0.000018	0.000021
380	-0.000031	-0.000026	0.000069
381	-0.000031	-0.000035	0.000037
382	-0.000031	-0.000043	0.000005
383	-0.000033	-0.000016	-0.000004
384	-0.000036	0.000017	-0.000008
385	-0.000015	0.000049	-0.000005
386	0.000017	0.000079	0.000002
387	0.000046	0.000077	0.000016
388	0.000072	0.000042	0.000039
389	0.000077	0.000023	0.000048
390	0.000043	0.000033	0.00003
391	0.000015	0.000038	0.000013
392	0.00001	0.000022	0.000001
393	0.000005	0.000004	-0.000011
394	-0.000053	-0.000074	-0.000043
395	-0.00011	-0.000152	-0.000074
396	-0.000054	-0.000075	-0.00008
397	0.000022	0.00003	-0.000081
398	0.000013	0.000038	-0.00006
399	-0.000036	0	-0.000028
400	-0.000047	-0.000023	-0.000011
401	-0.000022	-0.000031	-0.000008
402	-0.000017	-0.000045	-0.000005
403	-0.000049	-0.000069	-0.000002
404	-0.000067	-0.000079	0.000009
405	-0.000024	-0.000029	0.000059
406	0.000018	0.000019	0.000108
407	-0.00003	0.000013	0.000073
408	-0.000077	0.000007	0.000038
409	-0.000059	0.000027	0.000066
410	-0.000029	0.000052	0.000106
411	-0.000042	0.000019	0.000078
412	-0.000076	-0.000038	0.000021
413	-0.000086	-0.000087	-0.000065
414	-0.000077	-0.000128	-0.000175
415	-0.000067	-0.000142	-0.000222
416	-0.000054	-0.000106	-0.000159
417	-0.000043	-0.000052	-0.000091
418	-0.000034	0.00007	-0.000003
419	-0.000027	0.000181	0.000078
420	-0.000065	0.000006	-0.000004
421	-0.000103	-0.00017	-0.000086
422	-0.000055	-0.000102	-0.000052
423	0.000006	-0	-0.000003
424	-0.000009	-0.000018	-0.000017
425	-0.000054	-0.000085	-0.000056
426	-0.00007	-0.000121	-0.000054
427	-0.000061	-0.000133	-0.000017
428	-0.000057	-0.00012	0.000004
429	-0.000059	-0.000068	-0.000002
430	-0.00005	-0.000026	-0.000004
431	-0.000007	-0.000018	0.000004
432	0.000028	-0.000013	0.000011
433	-0.000026	-0.000037	0.000019
434	-0.00008	-0.000062	0.000026
435	-0.000062	-0.000067	0.000037
436	-0.000037	-0.000071	0.000049
437	-0.000039	-0.000049	0.000021
438	-0.00005	-0.000018	-0.000019
439	-0.000049	-0.000006	-0.000021
440	-0.000039	-0.000008	0.000001
441	-0.000046	-0.000027	-0.000003
442	-0.000075	-0.000067	-0.000041
443	-0.000103	-0.000104	-0.000067
444	-0.000131	-0.000134	-0.000062
445	-0.000152	-0.000155	-0.000055
446	-0.000129	-0.000118	-0.000037
447	-0.000106	-0.00008	-0.000018
448	-0.000107	-0.000087	-0.000045
449	-0.000109	-0.000095	-0.000074
450	-0.000081	-0.000072	-0.000074
451	-0.000047	-0.000041	-0.000068
452	-0.000036	-0.000007	-0.000076
453	-0.000038	0.00003	-0.000092
454	-0.000054	0.000003	-0.000098
455	-0.000083	-0.000086	-0.000095
456	-0.000102	-0.000127	-0.000085
457	-0.000101	-0.000078	-0.000059
458	-0.000087	-0.00003	-0.000031
459	-0.000017	0.000009	0.000007
460	0.000049	0.000045	0.000041
461	0.000012	0.000003	-0.000001
462	-0.000026	-0.000038	-0.000042
463	-0.000016	-0.000066	-0.000054
464	0	-0.000092	-0.000062
465	0.000013	-0.000103	-0.000083
466	0.000026	-0.000108	-0.000109
467	0.000029	-0.000109	-0.000124
468	0.000025	-0.000105	-0.000131
469	-0.000022	-0.000102	-0.000142
470	-0.000126	-0.0001	-0.000156
471	-0.000179	-0.00009	-0.000153
472	-0.000102	-0.00006	-0.000106
473	-0.000043	-0.000041	-0.000068
474	-0.000105	-0.000086	-0.000092
475	-0.000166	-0.000131	-0.000116
476	-0.000123	-0.000071	-0.000077
477	-0.000079	-0.00001	-0.000037
478	-0.000093	0.000022	-0.000044
479	-0.000119	0.000048	-0.000061
480	-0.000112	0.00001	-0.000085
481	-0.00009	-0.000058	-0.000112
482	-0.000095	-0.000101	-0.000116
483	-0.000125	-0.000121	-0.000101
484	-0.000148	-0.000128	-0.000103
485	-0.000159	-0.000113	-0.00013
486	-0.000154	-0.000101	-0.000143
487	-0.000097	-0.000096	-0.000111
488	-0.000051	-0.000097	-0.000087
489	-0.000106	-0.000151	-0.000139
490	-0.000161	-0.000206	-0.000191
491	-0.000142	-0.000125	-0.000126
492	-0.000119	-0.000038	-0.000055
493	-0.000097	-0.000045	-0.00004
494	-0.000076	-0.000075	-0.000038
495	-0.000077	-0.000097	-0.000074
496	-0.00009	-0.000115	-0.000129
497	-0.000101	-0.000097	-0.00015
498	-0.000111	-0.000047	-0.00014
499	-0.000107	-0.000044	-0.000132
500	-0.000079	-0.000118	-0.000129
501	-0.000048	-0.000158	-0.000109
502	-0.000004	-0.000084	-0.00003
503	0.000033	-0.000016	0.000037
504	-0.000017	-0.000019	-0.000022
505	-0.000066	-0.000021	-0.000081
506	-0.000103	-0.000121	-0.00011
507	-0.00014	-0.000226	-0.000136
508	-0.000148	-0.000207	-0.000116
509	-0.00015	-0.000157	-0.000084
510	-0.000085	-0.000094	-0.000045
511	0.000014	-0.000023	-0.000004
512	0.000015	-0.000023	-0.000017
513	-0.000073	-0.000088	-0.000079
514	-0.00012	-0.000123	-0.000123
515	-0.000101	-0.000111	-0.000137
516	-0.000089	-0.000096	-0.000137
517	-0.000101	-0.000075	-0.000097
518	-0.000111	-0.000056	-0.000064
519	-0.000104	-0.000061	-0.000095
520	-0.000096	-0.000066	-0.000126
521	-0.000099	-0.000146	-0.000173
522	-0.000101	-0.000229	-0.00022
523	-0.000076	-0.000148	-0.000165
524	-0.000045	-0.000035	-0.000089
525	-0.000061	-0.000011	-0.000062
526	-0.000099	-0.000028	-0.000057
527	-0.000106	-0.000061	-0.000081
528	-0.000089	-0.000108	-0.000128
529	-0.000074	-0.000124	-0.00014
530	-0.000063	-0.0001	-0.000107
531	-0.000059	-0.000079	-0.000094
532	-0.000077	-0.000065	-0.00013
533	-0.000101	-0.000066	-0.000171
534	-0.000161	-0.000146	-0.000241
535	-0.000218	-0.000222	-0.000308
536	-0.00017	-0.000166	-0.00024
537	-0.000122	-0.000109	-0.000171
538	-0.00007	-0.000129	-0.000165
539	-0.000017	-0.000159	-0.000166
540	-0.000061	-0.000174	-0.000174
541	-0.000135	-0.000186	-0.000186
542	-0.000163	-0.000174	-0.000202
543	-0.000164	-0.00015	-0.000221
544	-0.000148	-0.000132	-0.000207
545	-0.000116	-0.000121	-0.000161
546	-0.000097	-0.000124	-0.000143
547	-0.000101	-0.000151	-0.000174
548	-0.000103	-0.000164	-0.000198
549	-0.000105	-0.000133	-0.000198
550	-0.000105	-0.000106	-0.000189
551	-0.000096	-0.000111	-0.000108
552	-0.000087	-0.000116	-0.000026
553	-0.000073	-0.000125	-0.000055
554	-0.000059	-0.000133	-0.000085
555	-0.000092	-0.000142	-0.000138
556	-0.000133	-0.00015	-0.000193
557	-0.000117	-0.000123	-0.000166
558	-0.000081	-0.000082	-0.000109
559	-0.000064	-0.000069	-0.000094
560	-0.00006	-0.000072	-0.000105
561	-0.000076	-0.000074	-0.000118
562	-0.000114	-0.000074	-0.000131
563	-0.00012	-0.000067	-0.000124
564	-0.000068	-0.000043	-0.000082
565	-0.000045	-0.00004	-0.000065
566	-0.000114	-0.000104	-0.000125
567	-0.00017	-0.000159	-0.000172
568	-0.000131	-0.000147	-0.000123
569	-0.000093	-0.000134	-0.000074
570	-0.000103	-0.000088	-0.000106
571	-0.000114	-0.000042	-0.000138
572	-0.000103	-0.000047	-0.000132
573	-0.000088	-0.000061	-0.00012
574	-0.000085	-0.000063	-0.000104
575	-0.000087	-0.000061	-0.000086
576	-0.000101	-0.000082	-0.000089
577	-0.000123	-0.000115	-0.000105
578	-0.000116	-0.000109	-0.000088
579	-0.000081	-0.000067	-0.000039
580	-0.000052	-0.000028	-0.000019
581	-0.00003	0.000006	-0.000044
582	-0.000021	0.000018	-0.000075
583	-0.000045	-0.000027	-0.000122
584	-0.000066	-0.000067	-0.000155
585	-0.000071	-0.000073	-0.00012
586	-0.000075	-0.000081	-0.000088
587	-0.000076	-0.0001	-0.000103
588	-0.000077	-0.000119	-0.000117
589	-0.000055	-0.000097	-0.00011
590	-0.000031	-0.000071	-0.000102
591	-0.000031	-0.000047	-0.000093
592	-0.000036	-0.000023	-0.000085
593	-0.000068	-0.00005	-0.000104
594	-0.000112	-0.0001	-0.000134
595	-0.000128	-0.000113	-0.00013
596	-0.000123	-0.0001	-0.000101
597	-0.000116	-0.000096	-0.000095
598	-0.000107	-0.0001	-0.000113
599	-0.000092	-0.000096	-0.000125
600	-0.000067	-0.000075	-0.000125
601	-0.00006	-0.000065	-0.000128
602	-0.0001	-0.000085	-0.000138
603	-0.000133	-0.000098	-0.000142
604	-0.000115	-0.00007	-0.000116
605	-0.000098	-0.000043	-0.00009
606	-0.000073	-0.000064	-0.000092
607	-0.000048	-0.000086	-0.000093
608	-0.000063	-0.000061	-0.000077
609	-0.000081	-0.000032	-0.00006
610	-0.000065	-0.000031	-0.000056
611	-0.000043	-0.000035	-0.000055
612	-0.000082	-0.000094	-0.000077
613	-0.000146	-0.000174	-0.000108
614	-0.000146	-0.000157	-0.000113
615	-0.000105	-0.000079	-0.000101
616	-0.000085	-0.00005	-0.000096
617	-0.000085	-0.00007	-0.000098
618	-0.000087	-0.000086	-0.000098
619	-0.000092	-0.000095	-0.000096
620	-0.000097	-0.00009	-0.000095
621	-0.000101	-0.00005	-0.000095
622	-0.000103	-0.000021	-0.000094
623	-0.000092	-0.000037	-0.000094
624	-0.000085	-0.000054	-0.000097
625	-0.000115	-0.000079	-0.000144
626	-0.000145	-0.000103	-0.000191
627	-0.000108	-0.000107	-0.000171
628	-0.000071	-0.00011	-0.000152
629	-0.000087	-0.000091	-0.000163
630	-0.000108	-0.000069	-0.000178
631	-0.000069	-0.000048	-0.000127
632	-0.000013	-0.000027	-0.000058
633	-0.000066	-0.000063	-0.000082
634	-0.000166	-0.000123	-0.000147
635	-0.000205	-0.000164	-0.000186
636	-0.000203	-0.000192	-0.000208
637	-0.000178	-0.000188	-0.000183
638	-0.000129	-0.000152	-0.000112
639	-0.000075	-0.000094	-0.000064
640	-0.000012	-0.000001	-0.00005
641	0.000007	0.000058	-0.000048
642	-0.000071	0.000046	-0.000072
643	-0.000133	0.000017	-0.000101
644	-0.00014	-0.000073	-0.00015
645	-0.000144	-0.000145	-0.000185
646	-0.00012	-0.000095	-0.000131
647	-0.000097	-0.000048	-0.00008
648	-0.000126	-0.000098	-0.000141
649	-0.000154	-0.000149	-0.000201
650	-0.000122	-0.000098	-0.000176
651	-0.000085	-0.00004	-0.000145
652	-0.000093	-0.000048	-0.000114
653	-0.000109	-0.000067	-0.000082
654	-0.0001	-0.000084	-0.000082
655	-0.000083	-0.0001	-0.00009
656	-0.000072	-0.000083	-0.000083
657	-0.000063	-0.000049	-0.000069
658	-0.000081	-0.000077	-0.000081
659	-0.000117	-0.000148	-0.000112
660	-0.000112	-0.000158	-0.000115
661	-0.000067	-0.000105	-0.000089
662	-0.000045	-0.000082	-0.000099
663	-0.000054	-0.000102	-0.000159
664	-0.000065	-0.000107	-0.000188
665	-0.000082	-0.00008	-0.000154
666	-0.000101	-0.000081	-0.000133
667	-0.000128	-0.000172	-0.000154
668	-0.000148	-0.000237	-0.000169
669	-0.000124	-0.000167	-0.000153
670	-0.000104	-0.000104	-0.000137
671	-0.000124	-0.000121	-0.000128
672	-0.000144	-0.000139	-0.000118
673	-0.000127	-0.000154	-0.000099
674	-0.00011	-0.000169	-0.000079
675	-0.000141	-0.000155	-0.000138
676	-0.000176	-0.000138	-0.000203
677	-0.000151	-0.000155	-0.00022
678	-0.000113	-0.000178	-0.000228
679	-0.000084	-0.000127	-0.00018
680	-0.000056	-0.000054	-0.000115
681	-0.00008	-0.000071	-0.000114
682	-0.000129	-0.00013	-0.000142
683	-0.000131	-0.000145	-0.000147
684	-0.000103	-0.000133	-0.000137
685	-0.000078	-0.000121	-0.000149
686	-0.000055	-0.000111	-0.000179
687	-0.000032	-0.000097	-0.000182
688	-0.000009	-0.000076	-0.000152
689	-0.000019	-0.000086	-0.000133
690	-0.000081	-0.000143	-0.000134
691	-0.000125	-0.000161	-0.000112
692	-0.00013	-0.000094	-0.000042
693	-0.000129	-0.00005	-0.000002
694	-0.000109	-0.000079	-0.000057
695	-0.000098	-0.000106	-0.000111
696	-0.000135	-0.000124	-0.000158
697	-0.000172	-0.000145	-0.000202
698	-0.000215	-0.000187	-0.000212
699	-0.000252	-0.000224	-0.00022
700	-0.000153	-0.000098	-0.000133
701	-0.000053	0.000028	-0.000047
702	-0.00007	-0.000034	-0.000087
703	-0.000091	-0.000102	-0.000132
704	-0.000093	-0.000105	-0.000127
705	-0.000093	-0.0001	-0.000117
706	-0.0001	-0.000119	-0.000122
707	-0.000108	-0.000143	-0.00013
708	-0.000112	-0.000101	-0.000095
709	-0.000115	-0.00004	-0.000047
710	-0.000103	-0.000039	-0.000039
711	-0.000084	-0.000063	-0.000047
712	-0.000092	-0.000102	-0.000067
713	-0.000114	-0.000148	-0.000095
714	-0.000083	-0.000158	-0.000121
715	-0.000016	-0.000143	-0.000146
716	0.000013	-0.000113	-0.000135
717	0.000004	-0.000069	-0.000092
718	-0.000025	-0.000032	-0.000083
719	-0.000078	-0.000001	-0.000114
720	-0.000113	-0.000012	-0.000145
[LOG]
CHECKSUM‘o