[HEADER]
Format	J&M ASCII Table
Comment	
Date	03/03/2026 21:07:49
Order	Y (evenX)
TechType	UV
NumPoints	411
FirstX	310
LastX	720
XType	nm
YType	Absorbance
ZType	s
NumSubFile	3
Matrix	Z vs X
[LOGIN]
Name=pcbob
[INSTRUMENT]
Name=TIDAS E Base UV/VI
Detector=MMS - ASPEN 97,5 kHz
Diodearray=256 Pixel
Serial#=36584
Calibrated=2011-07-01
Range=183.81-729.88 [nm] (F0)

SWVersion=v3.18.2 (build 0)[LOGIN]
Name=pcbob
[CONFIG]
ChannelName=Channel 1
ChannelType=Normalized
[PARAMETER]
It=400,00
Aver=5
Norm=3
Range=310,0-720,0 nm
Scan=Time
ScanTime=5,00 s
[TRIGGER]
Sweep=0
Scan=0
[DIO]
DigOut=0x0000
DigIn=0x0000
[DATA]
	00:00:00,000	00:00:02,000	00:00:04,000
310	0.00109	0.001125	0.00106
311	0.001015	0.001025	0.000976
312	0.000916	0.000888	0.000873
313	0.000824	0.000793	0.000778
314	0.000742	0.000756	0.000694
315	0.000657	0.00069	0.000603
316	0.000562	0.000534	0.000494
317	0.000464	0.000382	0.000384
318	0.000318	0.000278	0.00027
319	0.000172	0.000174	0.000157
320	0.000121	0.000098	0.000086
321	0.000082	0.000026	0.000021
322	0.000009	-0.00004	-0.000067
323	-0.000079	-0.000102	-0.000164
324	-0.000182	-0.000201	-0.000263
325	-0.000299	-0.000331	-0.000363
326	-0.000401	-0.000444	-0.000462
327	-0.000477	-0.000525	-0.000556
328	-0.000556	-0.000608	-0.000641
329	-0.000652	-0.000704	-0.000686
330	-0.000749	-0.000799	-0.000731
331	-0.000825	-0.000873	-0.000888
332	-0.000902	-0.000948	-0.001046
333	-0.00097	-0.001014	-0.001097
334	-0.001035	-0.001078	-0.001125
335	-0.001123	-0.001148	-0.001219
336	-0.001223	-0.001222	-0.001349
337	-0.001305	-0.001303	-0.001422
338	-0.001366	-0.001391	-0.001431
339	-0.001433	-0.001466	-0.001468
340	-0.001513	-0.001513	-0.001574
341	-0.00159	-0.001561	-0.001671
342	-0.001639	-0.001618	-0.001699
343	-0.001689	-0.001676	-0.001726
344	-0.00179	-0.001809	-0.001858
345	-0.001894	-0.001946	-0.001996
346	-0.00198	-0.001991	-0.002071
347	-0.002061	-0.00201	-0.002128
348	-0.002084	-0.002046	-0.002146
349	-0.002067	-0.002094	-0.00214
350	-0.002111	-0.002168	-0.00218
351	-0.002237	-0.002278	-0.002283
352	-0.002323	-0.00235	-0.002349
353	-0.002292	-0.002307	-0.002304
354	-0.002261	-0.002265	-0.002263
355	-0.002239	-0.002234	-0.002274
356	-0.002217	-0.002203	-0.002284
357	-0.00234	-0.002315	-0.002361
358	-0.002479	-0.002443	-0.002444
359	-0.002524	-0.002503	-0.002516
360	-0.002534	-0.002538	-0.002583
361	-0.002572	-0.002584	-0.002641
362	-0.002632	-0.002639	-0.002694
363	-0.002684	-0.002691	-0.002738
364	-0.002725	-0.002736	-0.00277
365	-0.002765	-0.002779	-0.002807
366	-0.002797	-0.002814	-0.002867
367	-0.002833	-0.002851	-0.002927
368	-0.002942	-0.002945	-0.003021
369	-0.003052	-0.00304	-0.003115
370	-0.003109	-0.003096	-0.003172
371	-0.003158	-0.003145	-0.003223
372	-0.003228	-0.003195	-0.003258
373	-0.003305	-0.003245	-0.003286
374	-0.003357	-0.003293	-0.00334
375	-0.003385	-0.00334	-0.003418
376	-0.003415	-0.003399	-0.003472
377	-0.003447	-0.00348	-0.003484
378	-0.003497	-0.003558	-0.003512
379	-0.003626	-0.003628	-0.003607
380	-0.00375	-0.003694	-0.0037
381	-0.003704	-0.003656	-0.003708
382	-0.003658	-0.003617	-0.003717
383	-0.003731	-0.003736	-0.003791
384	-0.003825	-0.003881	-0.003877
385	-0.003917	-0.003988	-0.003929
386	-0.00401	-0.004077	-0.003967
387	-0.004086	-0.00412	-0.004031
388	-0.004145	-0.00412	-0.00412
389	-0.004211	-0.004162	-0.004188
390	-0.00429	-0.004282	-0.004215
391	-0.00437	-0.0044	-0.004263
392	-0.004456	-0.004509	-0.004408
393	-0.00454	-0.004616	-0.004551
394	-0.004571	-0.004606	-0.004553
395	-0.004601	-0.004596	-0.004555
396	-0.004624	-0.004585	-0.004584
397	-0.004645	-0.004574	-0.004617
398	-0.004663	-0.004567	-0.004627
399	-0.004681	-0.004562	-0.004625
400	-0.004706	-0.004588	-0.004652
401	-0.004736	-0.004645	-0.004704
402	-0.004759	-0.004732	-0.00476
403	-0.004768	-0.004872	-0.004823
404	-0.004802	-0.004991	-0.004897
405	-0.004949	-0.005017	-0.005018
406	-0.005093	-0.005043	-0.005136
407	-0.00509	-0.005073	-0.005068
408	-0.005088	-0.005103	-0.005001
409	-0.005083	-0.005136	-0.005066
410	-0.005077	-0.005169	-0.005152
411	-0.005188	-0.005233	-0.005222
412	-0.005352	-0.00531	-0.005285
413	-0.005469	-0.00542	-0.005366
414	-0.005544	-0.00556	-0.005465
415	-0.005594	-0.005622	-0.005532
416	-0.0056	-0.00555	-0.005545
417	-0.005604	-0.005507	-0.005573
418	-0.005596	-0.005583	-0.005663
419	-0.005594	-0.005662	-0.005754
420	-0.005777	-0.005832	-0.005903
421	-0.005959	-0.006002	-0.006052
422	-0.006053	-0.006073	-0.00612
423	-0.006135	-0.00613	-0.006176
424	-0.006144	-0.006155	-0.006171
425	-0.006124	-0.006166	-0.00614
426	-0.006174	-0.00618	-0.006165
427	-0.006282	-0.006198	-0.006237
428	-0.006356	-0.00623	-0.006298
429	-0.006379	-0.006287	-0.006345
430	-0.006418	-0.006351	-0.006392
431	-0.006509	-0.006438	-0.006441
432	-0.006603	-0.00653	-0.0065
433	-0.006738	-0.006687	-0.006682
434	-0.006873	-0.006845	-0.006864
435	-0.006895	-0.006847	-0.006864
436	-0.006906	-0.006835	-0.006847
437	-0.006895	-0.006855	-0.006867
438	-0.006875	-0.006885	-0.006899
439	-0.006932	-0.006952	-0.006965
440	-0.00704	-0.007045	-0.007055
441	-0.007127	-0.007107	-0.007119
442	-0.007187	-0.007132	-0.00715
443	-0.007249	-0.00717	-0.007181
444	-0.007316	-0.007242	-0.007212
445	-0.007385	-0.007311	-0.007252
446	-0.00746	-0.007354	-0.007347
447	-0.007535	-0.007397	-0.007443
448	-0.007606	-0.007509	-0.007527
449	-0.007678	-0.007623	-0.007611
450	-0.00772	-0.007699	-0.007681
451	-0.007756	-0.007766	-0.007749
452	-0.007849	-0.007873	-0.007813
453	-0.007973	-0.008001	-0.007875
454	-0.008062	-0.008088	-0.007951
455	-0.008115	-0.008136	-0.008041
456	-0.00815	-0.008169	-0.008102
457	-0.008151	-0.008176	-0.008112
458	-0.008166	-0.008188	-0.008125
459	-0.008235	-0.00822	-0.008153
460	-0.008304	-0.008256	-0.008185
461	-0.008377	-0.008367	-0.008292
462	-0.00845	-0.008479	-0.0084
463	-0.008507	-0.00852	-0.008485
464	-0.008563	-0.008552	-0.008568
465	-0.008627	-0.008637	-0.008618
466	-0.008695	-0.008741	-0.008655
467	-0.008743	-0.008784	-0.008686
468	-0.008778	-0.008784	-0.008714
469	-0.008836	-0.008826	-0.008771
470	-0.008924	-0.008922	-0.008869
471	-0.009005	-0.00901	-0.008958
472	-0.009072	-0.009077	-0.009029
473	-0.009135	-0.009143	-0.009096
474	-0.009178	-0.009204	-0.009141
475	-0.009221	-0.009266	-0.009186
476	-0.009278	-0.009272	-0.009229
477	-0.009335	-0.009278	-0.009272
478	-0.009365	-0.009339	-0.009316
479	-0.009391	-0.009411	-0.00936
480	-0.00944	-0.009453	-0.009398
481	-0.0095	-0.009481	-0.009433
482	-0.009503	-0.009471	-0.009426
483	-0.009457	-0.009428	-0.009383
484	-0.009449	-0.009428	-0.009382
485	-0.009502	-0.009495	-0.009448
486	-0.009543	-0.009536	-0.009497
487	-0.009547	-0.009494	-0.009492
488	-0.009563	-0.009471	-0.0095
489	-0.009694	-0.009625	-0.009628
490	-0.009824	-0.009779	-0.009756
491	-0.009916	-0.00988	-0.009792
492	-0.010006	-0.009979	-0.009824
493	-0.010058	-0.010018	-0.009878
494	-0.010101	-0.010044	-0.009938
495	-0.010125	-0.010033	-0.009981
496	-0.01014	-0.010003	-0.010014
497	-0.010184	-0.010056	-0.010078
498	-0.010256	-0.010187	-0.01017
499	-0.010317	-0.010264	-0.010224
500	-0.010361	-0.010249	-0.010214
501	-0.010394	-0.010241	-0.010215
502	-0.010393	-0.010251	-0.010253
503	-0.010389	-0.010261	-0.010286
504	-0.010362	-0.010263	-0.010266
505	-0.010335	-0.010265	-0.010246
506	-0.010413	-0.0103	-0.010302
507	-0.010497	-0.010336	-0.010362
508	-0.010462	-0.010372	-0.010358
509	-0.010399	-0.010407	-0.010338
510	-0.010396	-0.010416	-0.010358
511	-0.010424	-0.010413	-0.010398
512	-0.010445	-0.010431	-0.010419
513	-0.010461	-0.010468	-0.010423
514	-0.010474	-0.010465	-0.010411
515	-0.010483	-0.010397	-0.010374
516	-0.010492	-0.010362	-0.010364
517	-0.010498	-0.010432	-0.01044
518	-0.010511	-0.010503	-0.010515
519	-0.010575	-0.010593	-0.010572
520	-0.010639	-0.010683	-0.01063
521	-0.010682	-0.0107	-0.01064
522	-0.010724	-0.010713	-0.010649
523	-0.010758	-0.010749	-0.010706
524	-0.010791	-0.010789	-0.010771
525	-0.010817	-0.010836	-0.01082
526	-0.010839	-0.010886	-0.010861
527	-0.010883	-0.010912	-0.010869
528	-0.010942	-0.010919	-0.01085
529	-0.010993	-0.010949	-0.010887
530	-0.01103	-0.011009	-0.010998
531	-0.011072	-0.011049	-0.011068
532	-0.011122	-0.011037	-0.011037
533	-0.011142	-0.011013	-0.010995
534	-0.011003	-0.010927	-0.01089
535	-0.010869	-0.010844	-0.010789
536	-0.010907	-0.01084	-0.01084
537	-0.010946	-0.010836	-0.01089
538	-0.010957	-0.010827	-0.010828
539	-0.010964	-0.010818	-0.010753
540	-0.010921	-0.010817	-0.01075
541	-0.010863	-0.010818	-0.010771
542	-0.01086	-0.010852	-0.010813
543	-0.010891	-0.010906	-0.010866
544	-0.01094	-0.010941	-0.01091
545	-0.011008	-0.010958	-0.010944
546	-0.011053	-0.010983	-0.010983
547	-0.011059	-0.011022	-0.011031
548	-0.011075	-0.011058	-0.011066
549	-0.011123	-0.011086	-0.011062
550	-0.011168	-0.011113	-0.011061
551	-0.011186	-0.011124	-0.01109
552	-0.011205	-0.011135	-0.011119
553	-0.011158	-0.011121	-0.011093
554	-0.01111	-0.011105	-0.011067
555	-0.011099	-0.011068	-0.011036
556	-0.011095	-0.011026	-0.011004
557	-0.011102	-0.011042	-0.011015
558	-0.011113	-0.011079	-0.011041
559	-0.011147	-0.011112	-0.011079
560	-0.011197	-0.011143	-0.011124
561	-0.011193	-0.011134	-0.011116
562	-0.01113	-0.011082	-0.011051
563	-0.011096	-0.01106	-0.011006
564	-0.011112	-0.011091	-0.010996
565	-0.011107	-0.011088	-0.01098
566	-0.011037	-0.01098	-0.010943
567	-0.010961	-0.010866	-0.010896
568	-0.010846	-0.010714	-0.010768
569	-0.01073	-0.010562	-0.01064
570	-0.010741	-0.010584	-0.010638
571	-0.010752	-0.010608	-0.010637
572	-0.010707	-0.010627	-0.010605
573	-0.010653	-0.010646	-0.010569
574	-0.010598	-0.010603	-0.010531
575	-0.010543	-0.01054	-0.010492
576	-0.010516	-0.010515	-0.010468
577	-0.010505	-0.010511	-0.010453
578	-0.010504	-0.010493	-0.010436
579	-0.010511	-0.010461	-0.010419
580	-0.010507	-0.010437	-0.010405
581	-0.010483	-0.010426	-0.010394
582	-0.010476	-0.010429	-0.010406
583	-0.010509	-0.010472	-0.010475
584	-0.010535	-0.010503	-0.010526
585	-0.010519	-0.010468	-0.010483
586	-0.010504	-0.010436	-0.010443
587	-0.010521	-0.010458	-0.010465
588	-0.010538	-0.01048	-0.010487
589	-0.010558	-0.010493	-0.010496
590	-0.010578	-0.010506	-0.010505
591	-0.010607	-0.010536	-0.010524
592	-0.010638	-0.01057	-0.010547
593	-0.010656	-0.010598	-0.010605
594	-0.010668	-0.010625	-0.010679
595	-0.010695	-0.010643	-0.010697
596	-0.010732	-0.010653	-0.010675
597	-0.01075	-0.010686	-0.010673
598	-0.010749	-0.010743	-0.010691
599	-0.010758	-0.010776	-0.010714
600	-0.010785	-0.010766	-0.010746
601	-0.010818	-0.010769	-0.010783
602	-0.01087	-0.010809	-0.010836
603	-0.010916	-0.010845	-0.010883
604	-0.010926	-0.010854	-0.010894
605	-0.010937	-0.010866	-0.010906
606	-0.010959	-0.010929	-0.010928
607	-0.010982	-0.010993	-0.01095
608	-0.011088	-0.011056	-0.011048
609	-0.0112	-0.011118	-0.011152
610	-0.011232	-0.011154	-0.011163
611	-0.011246	-0.011185	-0.011154
612	-0.011235	-0.011183	-0.011155
613	-0.011214	-0.011168	-0.01116
614	-0.011262	-0.011232	-0.011219
615	-0.011354	-0.011346	-0.011311
616	-0.011364	-0.011372	-0.011324
617	-0.011294	-0.011311	-0.011258
618	-0.011254	-0.011269	-0.011214
619	-0.011261	-0.011253	-0.011204
620	-0.011288	-0.011252	-0.011217
621	-0.011361	-0.011286	-0.011282
622	-0.011412	-0.011312	-0.011331
623	-0.01137	-0.011307	-0.011314
624	-0.011341	-0.01131	-0.011309
625	-0.011441	-0.011396	-0.011417
626	-0.011541	-0.011481	-0.011526
627	-0.011631	-0.01155	-0.011601
628	-0.011721	-0.011619	-0.011676
629	-0.011742	-0.011653	-0.011648
630	-0.011755	-0.011684	-0.011608
631	-0.011774	-0.011712	-0.011631
632	-0.011794	-0.011739	-0.01167
633	-0.011787	-0.011715	-0.011706
634	-0.01177	-0.011669	-0.011741
635	-0.011853	-0.011758	-0.011799
636	-0.012003	-0.011938	-0.011873
637	-0.012066	-0.012033	-0.011926
638	-0.012042	-0.012043	-0.011958
639	-0.012012	-0.012022	-0.011963
640	-0.011972	-0.011953	-0.011929
641	-0.011939	-0.011882	-0.011901
642	-0.011919	-0.011807	-0.011887
643	-0.01191	-0.011767	-0.011873
644	-0.011941	-0.011858	-0.011856
645	-0.011969	-0.011935	-0.011848
646	-0.011981	-0.011928	-0.011899
647	-0.011989	-0.011918	-0.011944
648	-0.011901	-0.011848	-0.011857
649	-0.011813	-0.011777	-0.011769
650	-0.011569	-0.011552	-0.011506
651	-0.011316	-0.011317	-0.011232
652	-0.011121	-0.011107	-0.011046
653	-0.010937	-0.010902	-0.010874
654	-0.010796	-0.010761	-0.01076
655	-0.010669	-0.01064	-0.010665
656	-0.010615	-0.010596	-0.010622
657	-0.010596	-0.01059	-0.010604
658	-0.010714	-0.010689	-0.01071
659	-0.01093	-0.010861	-0.010903
660	-0.011104	-0.011013	-0.011057
661	-0.011236	-0.011144	-0.011173
662	-0.011407	-0.011322	-0.011325
663	-0.011634	-0.011567	-0.011531
664	-0.011843	-0.011773	-0.011719
665	-0.012013	-0.011897	-0.011871
666	-0.012149	-0.012012	-0.012006
667	-0.012183	-0.012096	-0.012088
668	-0.012201	-0.012161	-0.012147
669	-0.01214	-0.012123	-0.012087
670	-0.012085	-0.012088	-0.012034
671	-0.01211	-0.012086	-0.012049
672	-0.012135	-0.012085	-0.012065
673	-0.012084	-0.012085	-0.012025
674	-0.012033	-0.012085	-0.011986
675	-0.012017	-0.012082	-0.011974
676	-0.012005	-0.01208	-0.011963
677	-0.012039	-0.012083	-0.011946
678	-0.012083	-0.012087	-0.011928
679	-0.01207	-0.012055	-0.011931
680	-0.012039	-0.012012	-0.011939
681	-0.012024	-0.012023	-0.011962
682	-0.012015	-0.012059	-0.01199
683	-0.011974	-0.012039	-0.011941
684	-0.011914	-0.011984	-0.011843
685	-0.011894	-0.011936	-0.011825
686	-0.011911	-0.011896	-0.011877
687	-0.0119	-0.011875	-0.011894
688	-0.011854	-0.011876	-0.011871
689	-0.011857	-0.011874	-0.011858
690	-0.01194	-0.011866	-0.011863
691	-0.012003	-0.011861	-0.011885
692	-0.012022	-0.011862	-0.011947
693	-0.012031	-0.011877	-0.012006
694	-0.012008	-0.011938	-0.012054
695	-0.011996	-0.011996	-0.01209
696	-0.012037	-0.012034	-0.012059
697	-0.012076	-0.012072	-0.012035
698	-0.012105	-0.012111	-0.01208
699	-0.012134	-0.012149	-0.012121
700	-0.012134	-0.012123	-0.012075
701	-0.012134	-0.012097	-0.012028
702	-0.012139	-0.012114	-0.012052
703	-0.012144	-0.012132	-0.012078
704	-0.012127	-0.012097	-0.012065
705	-0.012107	-0.012057	-0.012047
706	-0.012112	-0.012095	-0.012042
707	-0.012122	-0.012149	-0.012039
708	-0.012083	-0.012126	-0.012048
709	-0.012029	-0.01208	-0.012062
710	-0.012033	-0.012044	-0.012057
711	-0.012062	-0.012013	-0.012045
712	-0.01208	-0.012052	-0.012049
713	-0.012093	-0.01213	-0.012064
714	-0.01204	-0.012136	-0.012007
715	-0.011942	-0.012088	-0.011897
716	-0.011898	-0.012041	-0.01187
717	-0.011904	-0.011994	-0.01192
718	-0.011897	-0.011937	-0.011899
719	-0.011872	-0.011866	-0.011795
720	-0.011869	-0.011832	-0.011763
[LOG]
CHECKSUMW—