[HEADER]
Format	J&M ASCII Table
Comment	
Date	03/03/2026 20:44:00
Order	Y (evenX)
TechType	UV
NumPoints	411
FirstX	310
LastX	720
XType	nm
YType	Absorbance
ZType	s
NumSubFile	3
Matrix	Z vs X
[LOGIN]
Name=pcbob
[INSTRUMENT]
Name=TIDAS E Base UV/VI
Detector=MMS - ASPEN 97,5 kHz
Diodearray=256 Pixel
Serial#=36584
Calibrated=2011-07-01
Range=183.81-729.88 [nm] (F0)

SWVersion=v3.18.2 (build 0)[LOGIN]
Name=pcbob
[CONFIG]
ChannelName=Channel 1
ChannelType=Normalized
[PARAMETER]
It=400,00
Aver=5
Norm=3
Range=310,0-720,0 nm
Scan=Time
ScanTime=5,00 s
[TRIGGER]
Sweep=0
Scan=0
[DIO]
DigOut=0x0000
DigIn=0x0000
[DATA]
	00:00:00,000	00:00:02,000	00:00:04,000
310	0.524848	0.524253	0.523748
311	0.516866	0.516293	0.51576
312	0.509082	0.508561	0.507985
313	0.50137	0.500836	0.500247
314	0.493759	0.49312	0.492558
315	0.486181	0.485469	0.484933
316	0.478713	0.478023	0.477508
317	0.471269	0.470601	0.470107
318	0.464187	0.463525	0.463052
319	0.457105	0.45645	0.455998
320	0.45017	0.449559	0.449034
321	0.443253	0.442693	0.442083
322	0.436371	0.435821	0.435225
323	0.429503	0.428946	0.428406
324	0.422732	0.422177	0.421669
325	0.416047	0.415501	0.415003
326	0.409426	0.408881	0.408383
327	0.402921	0.402361	0.401845
328	0.396431	0.39586	0.395331
329	0.390001	0.389441	0.388925
330	0.383571	0.383023	0.382519
331	0.377236	0.376717	0.376216
332	0.3709	0.370412	0.369913
333	0.364882	0.36444	0.363906
334	0.35893	0.35854	0.357961
335	0.352993	0.352527	0.351968
336	0.347064	0.346453	0.345947
337	0.341145	0.340497	0.340022
338	0.33524	0.33467	0.334203
339	0.329456	0.328933	0.328467
340	0.323961	0.323406	0.322926
341	0.318474	0.317899	0.317402
342	0.313048	0.312529	0.311998
343	0.307621	0.307159	0.306595
344	0.302258	0.301773	0.301231
345	0.296898	0.296385	0.295869
346	0.291666	0.291155	0.290615
347	0.286472	0.285972	0.285392
348	0.281348	0.280829	0.280249
349	0.27627	0.275714	0.275159
350	0.271196	0.270623	0.270091
351	0.266126	0.265563	0.26505
352	0.261106	0.260565	0.260068
353	0.256238	0.25575	0.25526
354	0.251383	0.250942	0.250455
355	0.246688	0.246223	0.245694
356	0.241993	0.241505	0.240932
357	0.237201	0.236682	0.236119
358	0.232399	0.231847	0.231301
359	0.227727	0.227218	0.226729
360	0.223104	0.222664	0.222248
361	0.218592	0.218132	0.217728
362	0.214169	0.213617	0.213178
363	0.209745	0.209107	0.208652
364	0.205319	0.204606	0.204165
365	0.200916	0.200167	0.199723
366	0.196598	0.195954	0.195441
367	0.192285	0.191742	0.191166
368	0.188081	0.187568	0.187024
369	0.183878	0.183393	0.182881
370	0.179863	0.179327	0.178818
371	0.175877	0.175278	0.174766
372	0.171809	0.171226	0.170717
373	0.167707	0.167173	0.166667
374	0.163647	0.163138	0.162634
375	0.159624	0.159119	0.158616
376	0.155676	0.155183	0.154679
377	0.15186	0.151394	0.150884
378	0.148047	0.147598	0.147091
379	0.144247	0.143769	0.143305
380	0.140451	0.139945	0.139522
381	0.136835	0.136367	0.135899
382	0.13322	0.13279	0.132276
383	0.129639	0.129188	0.128651
384	0.126065	0.125581	0.125026
385	0.122582	0.122108	0.121571
386	0.119139	0.118698	0.118193
387	0.115813	0.115359	0.114889
388	0.112594	0.112088	0.111653
389	0.109367	0.108853	0.108429
390	0.106125	0.105688	0.105229
391	0.102882	0.102509	0.102014
392	0.099633	0.099272	0.09873
393	0.096388	0.096039	0.095452
394	0.093436	0.093067	0.092536
395	0.090484	0.090096	0.089621
396	0.087831	0.087404	0.086984
397	0.085231	0.084762	0.084398
398	0.082743	0.082299	0.081932
399	0.080308	0.07992	0.079523
400	0.077718	0.077357	0.076934
401	0.07498	0.074621	0.074174
402	0.072243	0.07188	0.071431
403	0.069507	0.069133	0.068717
404	0.066831	0.066457	0.066066
405	0.064428	0.064094	0.0637
406	0.062026	0.061733	0.061335
407	0.059702	0.059483	0.059045
408	0.057377	0.057232	0.056756
409	0.055033	0.054744	0.054353
410	0.052686	0.052216	0.051931
411	0.050246	0.049818	0.049533
412	0.047764	0.047479	0.047146
413	0.045425	0.04517	0.04483
414	0.043213	0.042888	0.042578
415	0.040994	0.040636	0.040348
416	0.038761	0.038435	0.038156
417	0.036511	0.03621	0.035928
418	0.034192	0.033889	0.033558
419	0.031882	0.031579	0.031201
420	0.029824	0.029558	0.02919
421	0.027766	0.027537	0.027178
422	0.025743	0.025476	0.025161
423	0.023725	0.023408	0.023143
424	0.021853	0.021521	0.021241
425	0.02004	0.019706	0.019384
426	0.018374	0.01805	0.017734
427	0.016828	0.016524	0.016251
428	0.015373	0.015079	0.014818
429	0.014057	0.01376	0.01346
430	0.012713	0.012422	0.01209
431	0.011277	0.011025	0.010676
432	0.009836	0.009623	0.009262
433	0.008344	0.008153	0.007838
434	0.006853	0.006683	0.006414
435	0.005576	0.005406	0.005105
436	0.00432	0.004147	0.003806
437	0.003032	0.002836	0.002511
438	0.001735	0.001507	0.001217
439	0.000483	0.000243	0
440	-0.00074	-0.000978	-0.001166
441	-0.001893	-0.002127	-0.002311
442	-0.002955	-0.003182	-0.00343
443	-0.003995	-0.004208	-0.004498
444	-0.004977	-0.005161	-0.005439
445	-0.005943	-0.006104	-0.006366
446	-0.006798	-0.006982	-0.007203
447	-0.007653	-0.007861	-0.00804
448	-0.008479	-0.008642	-0.008865
449	-0.009303	-0.00942	-0.009691
450	-0.010031	-0.010137	-0.010437
451	-0.010736	-0.010839	-0.011165
452	-0.011487	-0.011605	-0.0119
453	-0.012263	-0.012404	-0.01264
454	-0.013032	-0.013182	-0.013383
455	-0.013794	-0.013941	-0.014128
456	-0.014485	-0.014628	-0.014815
457	-0.015046	-0.015182	-0.015394
458	-0.015603	-0.015728	-0.015968
459	-0.016144	-0.016243	-0.016522
460	-0.016688	-0.016762	-0.017076
461	-0.017282	-0.017356	-0.017647
462	-0.017875	-0.017949	-0.018218
463	-0.018386	-0.018472	-0.018728
464	-0.018885	-0.018985	-0.019231
465	-0.019273	-0.019379	-0.019632
466	-0.01962	-0.019729	-0.019996
467	-0.019845	-0.019938	-0.020183
468	-0.019982	-0.020044	-0.020245
469	-0.020164	-0.02023	-0.020417
470	-0.020403	-0.020518	-0.020733
471	-0.020665	-0.02081	-0.021043
472	-0.020984	-0.02111	-0.021339
473	-0.021305	-0.021409	-0.021639
474	-0.021643	-0.021705	-0.021965
475	-0.021981	-0.022001	-0.022291
476	-0.022259	-0.02227	-0.02253
477	-0.022537	-0.022538	-0.022767
478	-0.022807	-0.022822	-0.023059
479	-0.023075	-0.023108	-0.023361
480	-0.023378	-0.023457	-0.023708
481	-0.023696	-0.023835	-0.024076
482	-0.024112	-0.024255	-0.024491
483	-0.024613	-0.024713	-0.024947
484	-0.02511	-0.025182	-0.025408
485	-0.025603	-0.025667	-0.025879
486	-0.025941	-0.026009	-0.026197
487	-0.025794	-0.025899	-0.026033
488	-0.025635	-0.02577	-0.025859
489	-0.025365	-0.025465	-0.025579
490	-0.025096	-0.025159	-0.025299
491	-0.02487	-0.024918	-0.025077
492	-0.024647	-0.02468	-0.024858
493	-0.024547	-0.024567	-0.024772
494	-0.024477	-0.024486	-0.024719
495	-0.024388	-0.024381	-0.024618
496	-0.02429	-0.024264	-0.024492
497	-0.024281	-0.024243	-0.024496
498	-0.024355	-0.024312	-0.024622
499	-0.024421	-0.024373	-0.024705
500	-0.024472	-0.02442	-0.024715
501	-0.024498	-0.024452	-0.024711
502	-0.024438	-0.024434	-0.024658
503	-0.024371	-0.024405	-0.024598
504	-0.024234	-0.024261	-0.024465
505	-0.024096	-0.024117	-0.024332
506	-0.023985	-0.023976	-0.024223
507	-0.023875	-0.023836	-0.024115
508	-0.023724	-0.023675	-0.023944
509	-0.023562	-0.023509	-0.023759
510	-0.023458	-0.02343	-0.023654
511	-0.023383	-0.023394	-0.023589
512	-0.023323	-0.023347	-0.023548
513	-0.023277	-0.023289	-0.023529
514	-0.023215	-0.023221	-0.023464
515	-0.023125	-0.023133	-0.023326
516	-0.023041	-0.023052	-0.023212
517	-0.022978	-0.02299	-0.023173
518	-0.022911	-0.022927	-0.023128
519	-0.022825	-0.02285	-0.023031
520	-0.02274	-0.022773	-0.022934
521	-0.022623	-0.022601	-0.022841
522	-0.022505	-0.022427	-0.022748
523	-0.022416	-0.022369	-0.022648
524	-0.022334	-0.022334	-0.022547
525	-0.022292	-0.022287	-0.022471
526	-0.022267	-0.022235	-0.022405
527	-0.02215	-0.022138	-0.022319
528	-0.021962	-0.022006	-0.022217
529	-0.021819	-0.021891	-0.022114
530	-0.021737	-0.021797	-0.022009
531	-0.021653	-0.021694	-0.021895
532	-0.021563	-0.021567	-0.021762
533	-0.021456	-0.021426	-0.021625
534	-0.021257	-0.021214	-0.021468
535	-0.021059	-0.021006	-0.021311
536	-0.020889	-0.020906	-0.021151
537	-0.020718	-0.020805	-0.020992
538	-0.020649	-0.020697	-0.020875
539	-0.020592	-0.020587	-0.020764
540	-0.020475	-0.020492	-0.020677
541	-0.02034	-0.020402	-0.020597
542	-0.020256	-0.020343	-0.020547
543	-0.020203	-0.020303	-0.020513
544	-0.020157	-0.020249	-0.020449
545	-0.020118	-0.020182	-0.020355
546	-0.020045	-0.020081	-0.020254
547	-0.019915	-0.019924	-0.020141
548	-0.019781	-0.019766	-0.020011
549	-0.019635	-0.019609	-0.019823
550	-0.019482	-0.019451	-0.019631
551	-0.01927	-0.019288	-0.019409
552	-0.019057	-0.019125	-0.019186
553	-0.018889	-0.018894	-0.019009
554	-0.018721	-0.018663	-0.018832
555	-0.018545	-0.018541	-0.018733
556	-0.018368	-0.018438	-0.018646
557	-0.018217	-0.01828	-0.018459
558	-0.018074	-0.018103	-0.018235
559	-0.017952	-0.017965	-0.018097
560	-0.017842	-0.017852	-0.018015
561	-0.017685	-0.017684	-0.017872
562	-0.017477	-0.017459	-0.017665
563	-0.017341	-0.017313	-0.017525
564	-0.017335	-0.017308	-0.017503
565	-0.017343	-0.017319	-0.017506
566	-0.017401	-0.01738	-0.017583
567	-0.017465	-0.017445	-0.017663
568	-0.017569	-0.017548	-0.017763
569	-0.017673	-0.017652	-0.017864
570	-0.017897	-0.017891	-0.018076
571	-0.018122	-0.018131	-0.01829
572	-0.018228	-0.018216	-0.018372
573	-0.018318	-0.018279	-0.018435
574	-0.018372	-0.018334	-0.018484
575	-0.018416	-0.018387	-0.01853
576	-0.018412	-0.018402	-0.01854
577	-0.018381	-0.018395	-0.01853
578	-0.018352	-0.018375	-0.018492
579	-0.018326	-0.018342	-0.018426
580	-0.018243	-0.018255	-0.018331
581	-0.018072	-0.018085	-0.018188
582	-0.01787	-0.017885	-0.018002
583	-0.017586	-0.017607	-0.017702
584	-0.017292	-0.017314	-0.017397
585	-0.016944	-0.016943	-0.01706
586	-0.016594	-0.016571	-0.016722
587	-0.016205	-0.016152	-0.016337
588	-0.015816	-0.015734	-0.015953
589	-0.01548	-0.015418	-0.015616
590	-0.015147	-0.01511	-0.015283
591	-0.014882	-0.014869	-0.015024
592	-0.014631	-0.014644	-0.014782
593	-0.014483	-0.014517	-0.014635
594	-0.014379	-0.014431	-0.01453
595	-0.014209	-0.014257	-0.014365
596	-0.013992	-0.01402	-0.014159
597	-0.013785	-0.013783	-0.013951
598	-0.013591	-0.013547	-0.013741
599	-0.013422	-0.013356	-0.013559
600	-0.013297	-0.013244	-0.013424
601	-0.013177	-0.013138	-0.013296
602	-0.013071	-0.013047	-0.013185
603	-0.012947	-0.012936	-0.013056
604	-0.012719	-0.012703	-0.012813
605	-0.012486	-0.012467	-0.012567
606	-0.012163	-0.012133	-0.012275
607	-0.011839	-0.0118	-0.011982
608	-0.011612	-0.011591	-0.011756
609	-0.011392	-0.011391	-0.011536
610	-0.011174	-0.011155	-0.011305
611	-0.010957	-0.010911	-0.011073
612	-0.010698	-0.010659	-0.010815
613	-0.010422	-0.010404	-0.010546
614	-0.010203	-0.010202	-0.010325
615	-0.010021	-0.010034	-0.010135
616	-0.00978	-0.009793	-0.009882
617	-0.009479	-0.009479	-0.009565
618	-0.009195	-0.009163	-0.009272
619	-0.008936	-0.008844	-0.009013
620	-0.008697	-0.008578	-0.008786
621	-0.008503	-0.00844	-0.008632
622	-0.008291	-0.00828	-0.008455
623	-0.008002	-0.008023	-0.008178
624	-0.007729	-0.007776	-0.007913
625	-0.007624	-0.007619	-0.007767
626	-0.007519	-0.007462	-0.007621
627	-0.00732	-0.007294	-0.007413
628	-0.007121	-0.007125	-0.007204
629	-0.00692	-0.006896	-0.007022
630	-0.00672	-0.006659	-0.006844
631	-0.006552	-0.006504	-0.006708
632	-0.006393	-0.006369	-0.006583
633	-0.0062	-0.006181	-0.006362
634	-0.005992	-0.005968	-0.006098
635	-0.005874	-0.005876	-0.005997
636	-0.005815	-0.005865	-0.006005
637	-0.005663	-0.005731	-0.005878
638	-0.005419	-0.005477	-0.005619
639	-0.005194	-0.005233	-0.005365
640	-0.004997	-0.005005	-0.00512
641	-0.004813	-0.004784	-0.004886
642	-0.004655	-0.004579	-0.004679
643	-0.004492	-0.004381	-0.00448
644	-0.00431	-0.00421	-0.004304
645	-0.004128	-0.004038	-0.004132
646	-0.003941	-0.003869	-0.003978
647	-0.003758	-0.003704	-0.003827
648	-0.003668	-0.00366	-0.003742
649	-0.003578	-0.003615	-0.003658
650	-0.003907	-0.003931	-0.004021
651	-0.004261	-0.004268	-0.004411
652	-0.004865	-0.004834	-0.004974
653	-0.005512	-0.00544	-0.005565
654	-0.005905	-0.005858	-0.00598
655	-0.006219	-0.006217	-0.006339
656	-0.006254	-0.006254	-0.006382
657	-0.006153	-0.006136	-0.00627
658	-0.005825	-0.005779	-0.005936
659	-0.005336	-0.005255	-0.005443
660	-0.004628	-0.004549	-0.004721
661	-0.003702	-0.003659	-0.00377
662	-0.002883	-0.002874	-0.002953
663	-0.002218	-0.002236	-0.002326
664	-0.001628	-0.001664	-0.001762
665	-0.001193	-0.001225	-0.001324
666	-0.00082	-0.000846	-0.000948
667	-0.000637	-0.000652	-0.000765
668	-0.000456	-0.000464	-0.000588
669	-0.00028	-0.000303	-0.000443
670	-0.000106	-0.000145	-0.000296
671	0.000056	-0.000023	-0.000138
672	0.000218	0.000099	0.000021
673	0.000394	0.000357	0.000189
674	0.000571	0.000616	0.000357
675	0.000658	0.000676	0.00052
676	0.000738	0.000718	0.000683
677	0.00084	0.000859	0.000781
678	0.000946	0.001018	0.000867
679	0.001121	0.001168	0.001013
680	0.001316	0.001316	0.001178
681	0.001446	0.00142	0.001294
682	0.001546	0.001504	0.001388
683	0.001669	0.00165	0.001574
684	0.001808	0.001835	0.001818
685	0.001966	0.002015	0.001976
686	0.00214	0.002192	0.00206
687	0.002344	0.002393	0.00222
688	0.002586	0.002625	0.002472
689	0.002774	0.002798	0.002679
690	0.002878	0.002877	0.002816
691	0.002993	0.002983	0.00294
692	0.003136	0.003144	0.003036
693	0.003294	0.003307	0.003156
694	0.0035	0.003476	0.003353
695	0.003686	0.003643	0.003541
696	0.003781	0.003807	0.003686
697	0.003883	0.003972	0.003831
698	0.004064	0.004152	0.003979
699	0.004245	0.004331	0.004128
700	0.004424	0.004443	0.004297
701	0.004603	0.004556	0.004465
702	0.004733	0.00468	0.004612
703	0.00486	0.004805	0.004758
704	0.004973	0.004985	0.004892
705	0.005084	0.005172	0.005025
706	0.005188	0.005262	0.005153
707	0.005291	0.005332	0.00528
708	0.005438	0.005499	0.005397
709	0.005598	0.005695	0.005511
710	0.005713	0.005812	0.005638
711	0.005808	0.005896	0.005771
712	0.005906	0.005977	0.005873
713	0.006007	0.006056	0.005957
714	0.006167	0.006203	0.00612
715	0.006371	0.006398	0.00634
716	0.006485	0.00652	0.006458
717	0.006517	0.006574	0.00648
718	0.00668	0.006709	0.00661
719	0.006998	0.006938	0.006864
720	0.007236	0.007148	0.007093
[LOG]
CHECKSUM[