[HEADER]
Format	J&M ASCII Table
Comment	
Date	03/03/2026 19:50:46
Order	Y (evenX)
TechType	UV
NumPoints	411
FirstX	310
LastX	720
XType	nm
YType	Absorbance
ZType	s
NumSubFile	3
Matrix	Z vs X
[LOGIN]
Name=pcbob
[INSTRUMENT]
Name=TIDAS E Base UV/VI
Detector=MMS - ASPEN 97,5 kHz
Diodearray=256 Pixel
Serial#=36584
Calibrated=2011-07-01
Range=183.81-729.88 [nm] (F0)

SWVersion=v3.18.2 (build 0)[LOGIN]
Name=pcbob
[CONFIG]
ChannelName=Channel 1
ChannelType=Normalized
[PARAMETER]
It=400,00
Aver=5
Norm=3
Range=310,0-720,0 nm
Scan=Time
ScanTime=5,00 s
[TRIGGER]
Sweep=0
Scan=0
[DIO]
DigOut=0x0000
DigIn=0x0000
[DATA]
	00:00:00,000	00:00:02,000	00:00:04,000
310	0.56651	0.565927	0.565503
311	0.557765	0.557229	0.556776
312	0.549083	0.548606	0.548109
313	0.540664	0.540197	0.539687
314	0.532608	0.532087	0.531602
315	0.524561	0.523998	0.523546
316	0.516539	0.515975	0.515578
317	0.508531	0.50797	0.507621
318	0.500721	0.500221	0.499826
319	0.492911	0.492472	0.492031
320	0.4853	0.484891	0.484429
321	0.477713	0.477332	0.476851
322	0.470383	0.46997	0.469486
323	0.463158	0.462689	0.462209
324	0.455943	0.45545	0.454979
325	0.448737	0.448247	0.447791
326	0.441579	0.441115	0.440653
327	0.434509	0.434116	0.433605
328	0.4275	0.427144	0.426602
329	0.420777	0.420304	0.419804
330	0.414053	0.413463	0.413006
331	0.407259	0.406769	0.406276
332	0.400465	0.400074	0.399546
333	0.393833	0.393424	0.392928
334	0.387235	0.386783	0.386335
335	0.380841	0.380369	0.379952
336	0.374557	0.374076	0.373684
337	0.368373	0.367856	0.36748
338	0.3623	0.361716	0.361347
339	0.356192	0.355609	0.355235
340	0.350004	0.349576	0.349172
341	0.343861	0.343555	0.34313
342	0.338044	0.337613	0.337237
343	0.332227	0.33167	0.331343
344	0.326578	0.326032	0.325702
345	0.320938	0.320412	0.320075
346	0.315265	0.314798	0.314408
347	0.309582	0.309186	0.308728
348	0.304046	0.303619	0.303151
349	0.298608	0.298084	0.297643
350	0.293148	0.292609	0.292207
351	0.287659	0.287215	0.286868
352	0.282202	0.281837	0.281513
353	0.276839	0.276502	0.276108
354	0.271494	0.271181	0.27072
355	0.266353	0.266006	0.265542
356	0.261213	0.260831	0.260364
357	0.256136	0.2557	0.255324
358	0.251065	0.250574	0.250298
359	0.246086	0.245621	0.245304
360	0.241141	0.240732	0.240322
361	0.236265	0.235898	0.235435
362	0.231445	0.231108	0.230625
363	0.226633	0.226324	0.225859
364	0.221836	0.221549	0.221163
365	0.217093	0.216818	0.216484
366	0.212543	0.212248	0.211867
367	0.207999	0.207683	0.207257
368	0.203587	0.203235	0.202788
369	0.199175	0.198786	0.198319
370	0.19482	0.194426	0.19403
371	0.190473	0.190078	0.189768
372	0.186184	0.18578	0.185461
373	0.18192	0.181503	0.181136
374	0.177683	0.177299	0.17691
375	0.17347	0.17316	0.17277
376	0.169304	0.169016	0.168637
377	0.165222	0.164865	0.164519
378	0.161183	0.160778	0.160462
379	0.157324	0.156964	0.156659
380	0.153466	0.153149	0.152856
381	0.149694	0.149362	0.148996
382	0.145922	0.145575	0.145137
383	0.142253	0.141878	0.141475
384	0.138601	0.138196	0.137847
385	0.13503	0.134664	0.134318
386	0.131495	0.131201	0.130835
387	0.128066	0.127802	0.127453
388	0.124734	0.124464	0.124165
389	0.12147	0.121183	0.120895
390	0.118332	0.118006	0.117661
391	0.115169	0.114822	0.114429
392	0.111894	0.111608	0.111205
393	0.108621	0.108396	0.107982
394	0.105587	0.105323	0.104886
395	0.102552	0.10225	0.101789
396	0.09976	0.099484	0.099107
397	0.097011	0.096774	0.096501
398	0.094429	0.094168	0.093936
399	0.091925	0.09161	0.09139
400	0.08933	0.088997	0.088779
401	0.08665	0.086332	0.086105
402	0.08398	0.08367	0.083398
403	0.081331	0.081013	0.080629
404	0.078749	0.078426	0.077957
405	0.076471	0.076151	0.075717
406	0.074193	0.073878	0.073479
407	0.071926	0.071722	0.071374
408	0.069658	0.069566	0.069269
409	0.067349	0.067258	0.066933
410	0.065034	0.064925	0.064558
411	0.062638	0.062479	0.062132
412	0.060205	0.059982	0.059683
413	0.057887	0.057653	0.057371
414	0.055673	0.055475	0.055182
415	0.053424	0.053244	0.052937
416	0.051113	0.050921	0.050594
417	0.048838	0.048636	0.048297
418	0.046707	0.046498	0.046187
419	0.044587	0.044372	0.044087
420	0.042743	0.042527	0.042231
421	0.040899	0.040682	0.040374
422	0.039102	0.038904	0.038626
423	0.037311	0.037135	0.036892
424	0.035561	0.035334	0.035123
425	0.033827	0.033519	0.033339
426	0.03223	0.031917	0.031729
427	0.030744	0.030487	0.030258
428	0.029354	0.029148	0.028908
429	0.028114	0.027952	0.027742
430	0.026881	0.02675	0.02656
431	0.025671	0.025528	0.025325
432	0.024456	0.024303	0.02409
433	0.02317	0.023026	0.022845
434	0.021884	0.021749	0.021601
435	0.020763	0.02064	0.020453
436	0.019657	0.019546	0.019314
437	0.018473	0.018334	0.018138
438	0.017265	0.017085	0.016951
439	0.016172	0.015959	0.015848
440	0.015157	0.014917	0.014802
441	0.014128	0.01389	0.013775
442	0.013081	0.012884	0.012773
443	0.012083	0.011904	0.011794
444	0.01121	0.010991	0.010872
445	0.010341	0.010097	0.009974
446	0.009502	0.009338	0.009252
447	0.008663	0.00858	0.008529
448	0.007981	0.007865	0.007798
449	0.007305	0.007152	0.007066
450	0.006674	0.006526	0.006414
451	0.006054	0.005921	0.00578
452	0.005476	0.005294	0.005152
453	0.004921	0.004655	0.004526
454	0.004285	0.004013	0.003894
455	0.003571	0.003368	0.003256
456	0.002934	0.002762	0.002662
457	0.002443	0.002232	0.00215
458	0.001955	0.00172	0.00165
459	0.001487	0.001283	0.001197
460	0.001015	0.000841	0.00074
461	0.000474	0.000274	0.000207
462	-0.000067	-0.000294	-0.000327
463	-0.000548	-0.000753	-0.000829
464	-0.001021	-0.001199	-0.001326
465	-0.001383	-0.001508	-0.001636
466	-0.001704	-0.001769	-0.001878
467	-0.001941	-0.001974	-0.002102
468	-0.002118	-0.002139	-0.002313
469	-0.002279	-0.002328	-0.002509
470	-0.002419	-0.00255	-0.002685
471	-0.002588	-0.002773	-0.002876
472	-0.002828	-0.002999	-0.003105
473	-0.003078	-0.003228	-0.003337
474	-0.003393	-0.003479	-0.003581
475	-0.003708	-0.00373	-0.003825
476	-0.003874	-0.003952	-0.004029
477	-0.004037	-0.004173	-0.004232
478	-0.004235	-0.004385	-0.004439
479	-0.004441	-0.004596	-0.004647
480	-0.004752	-0.004883	-0.004969
481	-0.005111	-0.005207	-0.005345
482	-0.005609	-0.005673	-0.005823
483	-0.006228	-0.006264	-0.006391
484	-0.006792	-0.006836	-0.006942
485	-0.007271	-0.007381	-0.007466
486	-0.007594	-0.007753	-0.007815
487	-0.00743	-0.007583	-0.007612
488	-0.007262	-0.007404	-0.007414
489	-0.007066	-0.007144	-0.007259
490	-0.006871	-0.006884	-0.007103
491	-0.006608	-0.00667	-0.006818
492	-0.006342	-0.006459	-0.006526
493	-0.006168	-0.00623	-0.006305
494	-0.006016	-0.005997	-0.006102
495	-0.005897	-0.005866	-0.005978
496	-0.005795	-0.005788	-0.005896
497	-0.005756	-0.005762	-0.005858
498	-0.005777	-0.005786	-0.005861
499	-0.005774	-0.005799	-0.005862
500	-0.00573	-0.005794	-0.005857
501	-0.005678	-0.005765	-0.005837
502	-0.0056	-0.005655	-0.005768
503	-0.005527	-0.005556	-0.005706
504	-0.005517	-0.005575	-0.00571
505	-0.005507	-0.005594	-0.005715
506	-0.005489	-0.005538	-0.005626
507	-0.00547	-0.005478	-0.005531
508	-0.005483	-0.005494	-0.00552
509	-0.005504	-0.00553	-0.005528
510	-0.005397	-0.005434	-0.005448
511	-0.005226	-0.005272	-0.005322
512	-0.005124	-0.005184	-0.005252
513	-0.005086	-0.005161	-0.005234
514	-0.005045	-0.005122	-0.00521
515	-0.005003	-0.005056	-0.005177
516	-0.004937	-0.004983	-0.005119
517	-0.004798	-0.004891	-0.004987
518	-0.00466	-0.004795	-0.004857
519	-0.004534	-0.004662	-0.004743
520	-0.004408	-0.004529	-0.004629
521	-0.00433	-0.004457	-0.00451
522	-0.004253	-0.004388	-0.004391
523	-0.004066	-0.00419	-0.004224
524	-0.003858	-0.003967	-0.004048
525	-0.003827	-0.003888	-0.00398
526	-0.003874	-0.003872	-0.003959
527	-0.003952	-0.003931	-0.004005
528	-0.004053	-0.004048	-0.004103
529	-0.004124	-0.004149	-0.00418
530	-0.004154	-0.004228	-0.004226
531	-0.00418	-0.004272	-0.004272
532	-0.004193	-0.004232	-0.004319
533	-0.004205	-0.004203	-0.004356
534	-0.004213	-0.004227	-0.004342
535	-0.004219	-0.004249	-0.004328
536	-0.004144	-0.004219	-0.004247
537	-0.004068	-0.004189	-0.004166
538	-0.003961	-0.004079	-0.00409
539	-0.003849	-0.00396	-0.004014
540	-0.003796	-0.003878	-0.003975
541	-0.003761	-0.003806	-0.003947
542	-0.003649	-0.003715	-0.003848
543	-0.003491	-0.003613	-0.003707
544	-0.00336	-0.003492	-0.003567
545	-0.003256	-0.003352	-0.003429
546	-0.003167	-0.00324	-0.003323
547	-0.003104	-0.003175	-0.003271
548	-0.003023	-0.003098	-0.003199
549	-0.002882	-0.002986	-0.003065
550	-0.002746	-0.002875	-0.002933
551	-0.002652	-0.002766	-0.002822
552	-0.002559	-0.002658	-0.002711
553	-0.002563	-0.002625	-0.002684
554	-0.002569	-0.002594	-0.002658
555	-0.002525	-0.00257	-0.002623
556	-0.002474	-0.002546	-0.002586
557	-0.002402	-0.002493	-0.002537
558	-0.002323	-0.00243	-0.002485
559	-0.002265	-0.002366	-0.002409
560	-0.00222	-0.002302	-0.002319
561	-0.002156	-0.002224	-0.002261
562	-0.002072	-0.002131	-0.002236
563	-0.002012	-0.00208	-0.002198
564	-0.001991	-0.002105	-0.002135
565	-0.002008	-0.002161	-0.002131
566	-0.002143	-0.002321	-0.002314
567	-0.00228	-0.002471	-0.002488
568	-0.002435	-0.002541	-0.002582
569	-0.00259	-0.00261	-0.002676
570	-0.002723	-0.0028	-0.00282
571	-0.002857	-0.002991	-0.002964
572	-0.002928	-0.003058	-0.003071
573	-0.00299	-0.003107	-0.003172
574	-0.003081	-0.003153	-0.003237
575	-0.003182	-0.003199	-0.003291
576	-0.00325	-0.003268	-0.003356
577	-0.003301	-0.00335	-0.003429
578	-0.003345	-0.003406	-0.003468
579	-0.003384	-0.003438	-0.003475
580	-0.003388	-0.003428	-0.003462
581	-0.003338	-0.003354	-0.003418
582	-0.003258	-0.003265	-0.003352
583	-0.003095	-0.003138	-0.00323
584	-0.002918	-0.002988	-0.003082
585	-0.002667	-0.002726	-0.002801
586	-0.002419	-0.002465	-0.002524
587	-0.002226	-0.002245	-0.002339
588	-0.002033	-0.002024	-0.002155
589	-0.001736	-0.001737	-0.001851
590	-0.001431	-0.001445	-0.001537
591	-0.001212	-0.001255	-0.001316
592	-0.001013	-0.001088	-0.001115
593	-0.000871	-0.000929	-0.000973
594	-0.000753	-0.000774	-0.000856
595	-0.000582	-0.000612	-0.00069
596	-0.000372	-0.000446	-0.000489
597	-0.000166	-0.000271	-0.000288
598	0.000037	-0.000085	-0.000087
599	0.000207	0.000104	0.000095
600	0.000318	0.000298	0.000242
601	0.000444	0.00047	0.000388
602	0.000612	0.00058	0.000528
603	0.000784	0.000705	0.000686
604	0.000976	0.000924	0.000944
605	0.001169	0.001142	0.001198
606	0.001385	0.00133	0.001347
607	0.001601	0.001518	0.001497
608	0.00179	0.001703	0.001655
609	0.001977	0.001888	0.001814
610	0.002103	0.002033	0.00196
611	0.002216	0.002169	0.002103
612	0.00231	0.002256	0.002207
613	0.002396	0.002322	0.002297
614	0.002549	0.002479	0.002446
615	0.002744	0.002694	0.002635
616	0.002917	0.002897	0.002799
617	0.003071	0.003089	0.00294
618	0.003225	0.00325	0.003097
619	0.003382	0.003368	0.003277
620	0.003544	0.003503	0.003444
621	0.003716	0.003684	0.00358
622	0.003888	0.003859	0.003732
623	0.004062	0.004015	0.003948
624	0.004242	0.004176	0.004169
625	0.004486	0.004395	0.004434
626	0.004729	0.004613	0.004698
627	0.004902	0.004811	0.004782
628	0.005075	0.005009	0.004866
629	0.005288	0.005201	0.005134
630	0.005506	0.005393	0.005425
631	0.005721	0.00561	0.00562
632	0.005935	0.005835	0.005789
633	0.006036	0.005956	0.005916
634	0.006087	0.006031	0.006026
635	0.006256	0.006203	0.006194
636	0.006504	0.006439	0.006402
637	0.006706	0.006613	0.006577
638	0.006863	0.006725	0.00672
639	0.007012	0.006862	0.006861
640	0.007149	0.007037	0.006999
641	0.007286	0.007194	0.007143
642	0.007423	0.00731	0.007298
643	0.007543	0.00742	0.007437
644	0.007604	0.007507	0.007515
645	0.007668	0.007597	0.007589
646	0.00775	0.007705	0.007638
647	0.007824	0.007805	0.00768
648	0.007657	0.007632	0.007562
649	0.007491	0.00746	0.007443
650	0.007083	0.007049	0.007018
651	0.00666	0.006624	0.006574
652	0.006038	0.006019	0.005988
653	0.00538	0.005382	0.005376
654	0.004952	0.004966	0.004932
655	0.004595	0.004617	0.004541
656	0.004604	0.004604	0.004533
657	0.004789	0.004753	0.00471
658	0.005133	0.005089	0.005042
659	0.005587	0.005556	0.005482
660	0.00621	0.006194	0.006113
661	0.007003	0.007005	0.006932
662	0.007748	0.007737	0.007694
663	0.008428	0.008358	0.008372
664	0.009018	0.008933	0.008952
665	0.009429	0.009415	0.009334
666	0.009786	0.009811	0.009664
667	0.009984	0.009945	0.009835
668	0.01017	0.010084	0.010014
669	0.010293	0.010249	0.010226
670	0.010419	0.010411	0.010431
671	0.010589	0.010543	0.01055
672	0.010759	0.010674	0.010669
673	0.01084	0.010763	0.010725
674	0.010922	0.010853	0.010781
675	0.010967	0.010914	0.010875
676	0.011008	0.010973	0.010972
677	0.011082	0.011065	0.011071
678	0.011163	0.011164	0.011169
679	0.01127	0.011239	0.011227
680	0.011385	0.011308	0.011272
681	0.011416	0.011356	0.011361
682	0.011408	0.011396	0.011471
683	0.011494	0.01146	0.011547
684	0.01164	0.011541	0.011602
685	0.011741	0.011626	0.011643
686	0.011803	0.011716	0.011673
687	0.011875	0.011815	0.011746
688	0.011962	0.011925	0.011872
689	0.012068	0.012033	0.011989
690	0.012205	0.012135	0.012091
691	0.012341	0.01227	0.012216
692	0.012474	0.012475	0.012389
693	0.012591	0.012631	0.012528
694	0.012657	0.012636	0.012561
695	0.012723	0.012658	0.012605
696	0.012789	0.01277	0.012698
697	0.012855	0.012878	0.012787
698	0.012913	0.012944	0.012837
699	0.012976	0.013013	0.012891
700	0.01319	0.013159	0.013078
701	0.013404	0.013305	0.013265
702	0.013423	0.013364	0.013353
703	0.013434	0.013418	0.013438
704	0.013535	0.013512	0.013458
705	0.013646	0.013609	0.01347
706	0.01371	0.013668	0.013597
707	0.013764	0.013719	0.013747
708	0.013876	0.013848	0.013865
709	0.014007	0.014001	0.013974
710	0.014147	0.014134	0.014092
711	0.014291	0.014258	0.014213
712	0.01442	0.014356	0.014335
713	0.014539	0.014439	0.014457
714	0.014666	0.014545	0.01455
715	0.014798	0.014668	0.014623
716	0.014926	0.014828	0.014771
717	0.015051	0.01502	0.014989
718	0.015169	0.015161	0.015148
719	0.015279	0.015242	0.015237
720	0.015375	0.015317	0.015314
[LOG]
CHECKSUMÜ