[HEADER]
Format	J&M ASCII Table
Comment	
Date	03/03/2026 20:57:41
Order	Y (evenX)
TechType	UV
NumPoints	411
FirstX	310
LastX	720
XType	nm
YType	Absorbance
ZType	s
NumSubFile	3
Matrix	Z vs X
[LOGIN]
Name=pcbob
[INSTRUMENT]
Name=TIDAS E Base UV/VI
Detector=MMS - ASPEN 97,5 kHz
Diodearray=256 Pixel
Serial#=36584
Calibrated=2011-07-01
Range=183.81-729.88 [nm] (F0)

SWVersion=v3.18.2 (build 0)[LOGIN]
Name=pcbob
[CONFIG]
ChannelName=Channel 1
ChannelType=Normalized
[PARAMETER]
It=400,00
Aver=5
Norm=3
Range=310,0-720,0 nm
Scan=Time
ScanTime=5,00 s
[TRIGGER]
Sweep=0
Scan=0
[DIO]
DigOut=0x0000
DigIn=0x0000
[DATA]
	00:00:00,000	00:00:02,000	00:00:04,000
310	0.475469	0.474519	0.473773
311	0.468417	0.467471	0.466733
312	0.461444	0.460437	0.459776
313	0.454584	0.453547	0.45293
314	0.447878	0.446857	0.446235
315	0.441217	0.440195	0.439574
316	0.434694	0.433623	0.433021
317	0.42818	0.427064	0.42648
318	0.421804	0.420696	0.42013
319	0.415428	0.414328	0.413781
320	0.409277	0.408185	0.407597
321	0.403155	0.40207	0.401434
322	0.397092	0.395993	0.395367
323	0.391054	0.389931	0.389339
324	0.38505	0.383929	0.383344
325	0.379077	0.377979	0.377379
326	0.373169	0.372085	0.37148
327	0.36738	0.366294	0.365703
328	0.361598	0.360503	0.359915
329	0.355845	0.354713	0.354069
330	0.350092	0.348924	0.348224
331	0.344362	0.343195	0.342612
332	0.338632	0.337467	0.336999
333	0.333173	0.331919	0.331482
334	0.327771	0.326409	0.325985
335	0.322397	0.321064	0.3206
336	0.317037	0.315809	0.315276
337	0.311678	0.310524	0.309974
338	0.306322	0.305205	0.304696
339	0.301032	0.299954	0.299445
340	0.295899	0.294863	0.294256
341	0.290788	0.289784	0.289095
342	0.285828	0.284794	0.284137
343	0.280869	0.279805	0.279178
344	0.275955	0.274867	0.274253
345	0.271043	0.269932	0.26933
346	0.26629	0.265139	0.264559
347	0.261582	0.260387	0.259833
348	0.256873	0.255725	0.255106
349	0.252164	0.251122	0.25038
350	0.247526	0.246474	0.245716
351	0.242984	0.241765	0.241135
352	0.23843	0.237131	0.236575
353	0.233839	0.23272	0.232074
354	0.229271	0.22831	0.227583
355	0.224971	0.223896	0.22321
356	0.22067	0.219481	0.218837
357	0.216222	0.215202	0.214439
358	0.211759	0.210937	0.210037
359	0.207489	0.206666	0.205817
360	0.20329	0.202393	0.201662
361	0.199126	0.198192	0.197498
362	0.194992	0.194048	0.193326
363	0.190896	0.189909	0.189197
364	0.186862	0.185779	0.185136
365	0.182846	0.181703	0.181116
366	0.178896	0.177828	0.177247
367	0.174953	0.173956	0.173378
368	0.171175	0.170175	0.169523
369	0.167397	0.166393	0.165667
370	0.16356	0.162537	0.161783
371	0.159715	0.158671	0.157894
372	0.155963	0.154861	0.154156
373	0.15225	0.151076	0.150483
374	0.148568	0.147383	0.14681
375	0.144915	0.143772	0.143139
376	0.141301	0.140203	0.139557
377	0.137758	0.136708	0.13613
378	0.134221	0.133206	0.132682
379	0.130711	0.129674	0.129144
380	0.127206	0.126148	0.12561
381	0.123912	0.122859	0.122257
382	0.120618	0.11957	0.118904
383	0.117193	0.116203	0.115607
384	0.113746	0.112823	0.11232
385	0.110536	0.109592	0.109122
386	0.107435	0.10643	0.105965
387	0.104356	0.103351	0.10286
388	0.101297	0.10035	0.099805
389	0.098285	0.097352	0.096794
390	0.09536	0.094361	0.093866
391	0.092404	0.091357	0.090907
392	0.089307	0.088297	0.087809
393	0.086215	0.085242	0.084715
394	0.083458	0.08254	0.081977
395	0.0807	0.079839	0.079239
396	0.078202	0.07729	0.076723
397	0.07575	0.074768	0.074248
398	0.073405	0.072398	0.07189
399	0.071109	0.0701	0.069587
400	0.068651	0.06767	0.067145
401	0.066038	0.065117	0.064571
402	0.063414	0.06252	0.061955
403	0.060771	0.059841	0.059259
404	0.05818	0.057229	0.056624
405	0.05582	0.054908	0.054259
406	0.053462	0.052588	0.051899
407	0.051239	0.050324	0.049736
408	0.049015	0.048061	0.047574
409	0.046653	0.045705	0.045279
410	0.044268	0.043334	0.042962
411	0.041896	0.040999	0.04061
412	0.039531	0.038682	0.038243
413	0.037287	0.036457	0.035984
414	0.035151	0.034317	0.033822
415	0.032965	0.032128	0.031632
416	0.030691	0.029854	0.029394
417	0.028425	0.027574	0.027153
418	0.026193	0.025272	0.024904
419	0.023964	0.022979	0.022658
420	0.021819	0.020911	0.020505
421	0.019675	0.018843	0.018352
422	0.017666	0.016836	0.016382
423	0.015676	0.014837	0.014438
424	0.013771	0.013001	0.012579
425	0.0119	0.011228	0.010754
426	0.010229	0.009543	0.009094
427	0.008721	0.00793	0.007568
428	0.007283	0.006452	0.006125
429	0.005952	0.005182	0.00481
430	0.004595	0.003859	0.003472
431	0.003153	0.002364	0.002054
432	0.001702	0.000867	0.000627
433	0.000137	-0.000646	-0.000916
434	-0.001429	-0.002159	-0.002459
435	-0.002763	-0.003484	-0.003824
436	-0.004076	-0.004792	-0.005172
437	-0.005398	-0.006112	-0.00647
438	-0.006723	-0.007436	-0.007753
439	-0.008081	-0.008756	-0.009076
440	-0.009462	-0.010074	-0.010427
441	-0.010682	-0.01129	-0.011656
442	-0.011695	-0.012377	-0.012731
443	-0.012721	-0.013452	-0.013789
444	-0.013779	-0.014497	-0.014805
445	-0.014829	-0.015533	-0.015818
446	-0.015818	-0.016505	-0.0168
447	-0.016808	-0.017478	-0.017783
448	-0.017761	-0.018374	-0.018727
449	-0.018713	-0.019267	-0.019671
450	-0.019561	-0.020151	-0.020494
451	-0.020386	-0.021032	-0.02129
452	-0.021209	-0.021865	-0.022112
453	-0.022032	-0.022675	-0.022947
454	-0.022832	-0.023482	-0.023753
455	-0.02361	-0.024288	-0.024529
456	-0.024327	-0.02502	-0.025239
457	-0.024929	-0.025614	-0.025827
458	-0.025534	-0.02621	-0.026425
459	-0.02615	-0.026813	-0.027069
460	-0.026768	-0.027419	-0.027712
461	-0.027447	-0.028067	-0.028306
462	-0.028126	-0.028714	-0.0289
463	-0.028728	-0.029337	-0.02948
464	-0.029321	-0.029957	-0.030057
465	-0.029795	-0.030432	-0.030565
466	-0.030225	-0.030855	-0.031049
467	-0.030513	-0.031109	-0.031326
468	-0.030699	-0.031241	-0.031454
469	-0.030935	-0.031475	-0.031677
470	-0.031239	-0.031839	-0.032025
471	-0.031573	-0.032201	-0.032379
472	-0.031988	-0.032557	-0.032752
473	-0.03239	-0.032921	-0.033133
474	-0.032712	-0.033337	-0.033565
475	-0.033033	-0.033753	-0.033998
476	-0.033402	-0.034043	-0.034256
477	-0.033772	-0.034331	-0.034512
478	-0.034093	-0.034616	-0.034817
479	-0.034405	-0.034901	-0.035133
480	-0.034763	-0.035313	-0.035539
481	-0.035142	-0.035783	-0.035987
482	-0.035614	-0.036295	-0.036491
483	-0.036165	-0.036842	-0.037043
484	-0.036711	-0.037377	-0.037565
485	-0.037246	-0.037892	-0.038038
486	-0.037624	-0.038253	-0.038377
487	-0.037511	-0.03813	-0.038295
488	-0.037389	-0.037994	-0.038197
489	-0.03718	-0.037729	-0.037943
490	-0.036971	-0.037465	-0.037688
491	-0.036678	-0.037236	-0.037441
492	-0.03638	-0.037009	-0.037195
493	-0.036273	-0.036887	-0.037102
494	-0.036212	-0.03679	-0.037046
495	-0.036167	-0.03675	-0.03697
496	-0.036131	-0.036738	-0.036884
497	-0.036151	-0.036773	-0.036878
498	-0.036224	-0.036852	-0.03695
499	-0.036307	-0.036913	-0.037025
500	-0.036408	-0.036946	-0.037108
501	-0.036481	-0.036988	-0.037183
502	-0.03646	-0.037063	-0.037233
503	-0.036432	-0.03712	-0.037265
504	-0.03632	-0.036985	-0.037114
505	-0.036209	-0.03685	-0.036963
506	-0.036122	-0.03674	-0.036893
507	-0.036036	-0.036633	-0.036828
508	-0.035926	-0.036508	-0.036705
509	-0.03581	-0.036378	-0.036569
510	-0.035731	-0.036277	-0.036471
511	-0.03567	-0.036189	-0.036394
512	-0.03557	-0.036099	-0.036293
513	-0.035434	-0.036008	-0.036172
514	-0.035331	-0.035898	-0.036053
515	-0.035281	-0.035758	-0.035938
516	-0.035224	-0.035651	-0.035841
517	-0.035149	-0.035646	-0.035803
518	-0.03507	-0.035631	-0.035764
519	-0.034961	-0.035533	-0.035719
520	-0.034852	-0.035436	-0.035674
521	-0.034751	-0.035303	-0.03556
522	-0.03465	-0.035169	-0.035444
523	-0.034599	-0.03513	-0.035377
524	-0.034558	-0.035111	-0.03532
525	-0.034501	-0.035042	-0.035239
526	-0.034437	-0.034952	-0.035148
527	-0.034337	-0.034859	-0.035033
528	-0.034209	-0.034764	-0.034898
529	-0.034085	-0.03465	-0.034783
530	-0.033966	-0.034508	-0.034695
531	-0.033853	-0.034381	-0.034592
532	-0.033754	-0.034287	-0.034452
533	-0.033635	-0.034169	-0.034314
534	-0.033408	-0.033924	-0.034182
535	-0.033184	-0.033682	-0.034048
536	-0.033056	-0.033592	-0.033844
537	-0.032928	-0.033501	-0.03364
538	-0.032818	-0.033349	-0.0335
539	-0.03271	-0.033191	-0.033369
540	-0.032612	-0.033091	-0.033308
541	-0.032518	-0.033011	-0.033269
542	-0.032467	-0.032965	-0.033226
543	-0.032442	-0.03294	-0.033179
544	-0.032383	-0.032895	-0.033086
545	-0.03229	-0.032829	-0.032948
546	-0.032152	-0.032693	-0.032799
547	-0.031935	-0.032436	-0.032631
548	-0.031716	-0.032196	-0.032452
549	-0.031488	-0.032003	-0.032242
550	-0.031266	-0.031811	-0.032033
551	-0.031082	-0.03162	-0.03184
552	-0.030899	-0.031429	-0.031647
553	-0.030756	-0.031299	-0.031443
554	-0.030613	-0.03117	-0.031238
555	-0.030411	-0.030926	-0.031074
556	-0.030198	-0.030663	-0.030917
557	-0.029968	-0.030435	-0.030687
558	-0.029732	-0.030219	-0.030431
559	-0.029569	-0.030074	-0.030228
560	-0.029452	-0.029975	-0.030061
561	-0.029301	-0.029842	-0.029912
562	-0.029115	-0.029673	-0.029784
563	-0.029	-0.029556	-0.029681
564	-0.029012	-0.029533	-0.029622
565	-0.029032	-0.029526	-0.029597
566	-0.029078	-0.02957	-0.029683
567	-0.029131	-0.029626	-0.029776
568	-0.029235	-0.029776	-0.029919
569	-0.02934	-0.029926	-0.030061
570	-0.02958	-0.030156	-0.030287
571	-0.029822	-0.030387	-0.030513
572	-0.029939	-0.0305	-0.030619
573	-0.030037	-0.030596	-0.030708
574	-0.030083	-0.030628	-0.030771
575	-0.030112	-0.030639	-0.030824
576	-0.030133	-0.030661	-0.030815
577	-0.03015	-0.030688	-0.030768
578	-0.030145	-0.030676	-0.030747
579	-0.03012	-0.030627	-0.03075
580	-0.030033	-0.030524	-0.030671
581	-0.029853	-0.030337	-0.030468
582	-0.029619	-0.03011	-0.03022
583	-0.029241	-0.029775	-0.029852
584	-0.028854	-0.02942	-0.029477
585	-0.028415	-0.028955	-0.02907
586	-0.027978	-0.028493	-0.028662
587	-0.027589	-0.028092	-0.02826
588	-0.0272	-0.027691	-0.027858
589	-0.026763	-0.027254	-0.027433
590	-0.026322	-0.026815	-0.027006
591	-0.026032	-0.02653	-0.026712
592	-0.025776	-0.026281	-0.026448
593	-0.025599	-0.026099	-0.02625
594	-0.025456	-0.025947	-0.026078
595	-0.025264	-0.02578	-0.025895
596	-0.025037	-0.025602	-0.025704
597	-0.024824	-0.02539	-0.025501
598	-0.024627	-0.02514	-0.025288
599	-0.024441	-0.024927	-0.025097
600	-0.024274	-0.024778	-0.024946
601	-0.024104	-0.024625	-0.024784
602	-0.023928	-0.024463	-0.024591
603	-0.023736	-0.02428	-0.024384
604	-0.023456	-0.023982	-0.024092
605	-0.023174	-0.023684	-0.023799
606	-0.022826	-0.023362	-0.023471
607	-0.022477	-0.02304	-0.023143
608	-0.022192	-0.022751	-0.022843
609	-0.021911	-0.022464	-0.022546
610	-0.021647	-0.022197	-0.02228
611	-0.021386	-0.021934	-0.022021
612	-0.021098	-0.021615	-0.021718
613	-0.0208	-0.021274	-0.021397
614	-0.020513	-0.02099	-0.021107
615	-0.020234	-0.020742	-0.020838
616	-0.019906	-0.020425	-0.020506
617	-0.019529	-0.02004	-0.020113
618	-0.019184	-0.01969	-0.019765
619	-0.018885	-0.019393	-0.019482
620	-0.018598	-0.01911	-0.019217
621	-0.018339	-0.01886	-0.018993
622	-0.018069	-0.0186	-0.018748
623	-0.017758	-0.018303	-0.01842
624	-0.017462	-0.018015	-0.018107
625	-0.017313	-0.017823	-0.017944
626	-0.017165	-0.017632	-0.01778
627	-0.016965	-0.01746	-0.017629
628	-0.016765	-0.017287	-0.017479
629	-0.016513	-0.01703	-0.017172
630	-0.016255	-0.016763	-0.016845
631	-0.016066	-0.016533	-0.016628
632	-0.015896	-0.016312	-0.016439
633	-0.01568	-0.016105	-0.01623
634	-0.015445	-0.015904	-0.016013
635	-0.015273	-0.015772	-0.015876
636	-0.015144	-0.015687	-0.015794
637	-0.014983	-0.015523	-0.01564
638	-0.014791	-0.015282	-0.015413
639	-0.014578	-0.015039	-0.015195
640	-0.014333	-0.014794	-0.014989
641	-0.014082	-0.014547	-0.014754
642	-0.013817	-0.014296	-0.014456
643	-0.013563	-0.014055	-0.014178
644	-0.013351	-0.013846	-0.013968
645	-0.013147	-0.013644	-0.013768
646	-0.012999	-0.013487	-0.01364
647	-0.012855	-0.013334	-0.013514
648	-0.012813	-0.013265	-0.013437
649	-0.012771	-0.013195	-0.013361
650	-0.013129	-0.01356	-0.013727
651	-0.013512	-0.013952	-0.014119
652	-0.014246	-0.014711	-0.014883
653	-0.015041	-0.015534	-0.015711
654	-0.015605	-0.016118	-0.016273
655	-0.016098	-0.016629	-0.016752
656	-0.016119	-0.016668	-0.016779
657	-0.015911	-0.016481	-0.016587
658	-0.015489	-0.016037	-0.016177
659	-0.014916	-0.015412	-0.015615
660	-0.01408	-0.014562	-0.014777
661	-0.012983	-0.013485	-0.013663
662	-0.01201	-0.01252	-0.012684
663	-0.01121	-0.011714	-0.011894
664	-0.010535	-0.011029	-0.011204
665	-0.010113	-0.010591	-0.010719
666	-0.009749	-0.010208	-0.010301
667	-0.009563	-0.009996	-0.010089
668	-0.009368	-0.009782	-0.009876
669	-0.009125	-0.009565	-0.009652
670	-0.00889	-0.00935	-0.009434
671	-0.008754	-0.009157	-0.009278
672	-0.008618	-0.008964	-0.009122
673	-0.008424	-0.008838	-0.008961
674	-0.00823	-0.008711	-0.008801
675	-0.008025	-0.008552	-0.008641
676	-0.007819	-0.008389	-0.008481
677	-0.007649	-0.008173	-0.008318
678	-0.007485	-0.007946	-0.008154
679	-0.007314	-0.00781	-0.007982
680	-0.007141	-0.007703	-0.007807
681	-0.007028	-0.007572	-0.007664
682	-0.006943	-0.00743	-0.007535
683	-0.006788	-0.007257	-0.007353
684	-0.006588	-0.007063	-0.007136
685	-0.006376	-0.006874	-0.006945
686	-0.006153	-0.00669	-0.006777
687	-0.005971	-0.006504	-0.006603
688	-0.005835	-0.006313	-0.006423
689	-0.005704	-0.006169	-0.006262
690	-0.005582	-0.006099	-0.00613
691	-0.005453	-0.005989	-0.005993
692	-0.005312	-0.005792	-0.005843
693	-0.005162	-0.005604	-0.005683
694	-0.004987	-0.005443	-0.005493
695	-0.004805	-0.005267	-0.005305
696	-0.004597	-0.005026	-0.005126
697	-0.004396	-0.0048	-0.004949
698	-0.004262	-0.004712	-0.004782
699	-0.004127	-0.004621	-0.004615
700	-0.00395	-0.004464	-0.00442
701	-0.003773	-0.004306	-0.004225
702	-0.003554	-0.004066	-0.004089
703	-0.003334	-0.003823	-0.003954
704	-0.003184	-0.003647	-0.003821
705	-0.003042	-0.003479	-0.003687
706	-0.002906	-0.003404	-0.003543
707	-0.002772	-0.003348	-0.003397
708	-0.002594	-0.003173	-0.003237
709	-0.002402	-0.002961	-0.003073
710	-0.002267	-0.002787	-0.002941
711	-0.002157	-0.002629	-0.002821
712	-0.002052	-0.002521	-0.002675
713	-0.001951	-0.00244	-0.002513
714	-0.001751	-0.002251	-0.002288
715	-0.00148	-0.001982	-0.002017
716	-0.001343	-0.001848	-0.001871
717	-0.001332	-0.00184	-0.001841
718	-0.001214	-0.001749	-0.001738
719	-0.000972	-0.001561	-0.001549
720	-0.000803	-0.001368	-0.001385
[LOG]
CHECKSUMs¬