[HEADER]
Format	J&M ASCII Table
Comment	
Date	03/03/2026 20:17:35
Order	Y (evenX)
TechType	UV
NumPoints	411
FirstX	310
LastX	720
XType	nm
YType	Absorbance
ZType	s
NumSubFile	3
Matrix	Z vs X
[LOGIN]
Name=pcbob
[INSTRUMENT]
Name=TIDAS E Base UV/VI
Detector=MMS - ASPEN 97,5 kHz
Diodearray=256 Pixel
Serial#=36584
Calibrated=2011-07-01
Range=183.81-729.88 [nm] (F0)

SWVersion=v3.18.2 (build 0)[LOGIN]
Name=pcbob
[CONFIG]
ChannelName=Channel 1
ChannelType=Normalized
[PARAMETER]
It=400,00
Aver=5
Norm=3
Range=310,0-720,0 nm
Scan=Time
ScanTime=5,00 s
[TRIGGER]
Sweep=0
Scan=0
[DIO]
DigOut=0x0000
DigIn=0x0000
[DATA]
	00:00:00,000	00:00:02,000	00:00:04,000
310	0.727408	0.727217	0.726876
311	0.717053	0.716892	0.716551
312	0.706846	0.706669	0.706308
313	0.696803	0.696601	0.69625
314	0.686983	0.686748	0.686447
315	0.677193	0.67692	0.676664
316	0.667496	0.667178	0.666944
317	0.657824	0.657463	0.657248
318	0.648536	0.648166	0.647895
319	0.639249	0.638868	0.638543
320	0.630115	0.629753	0.629552
321	0.621	0.620662	0.620609
322	0.612066	0.611728	0.611665
323	0.603205	0.60286	0.602721
324	0.594341	0.594012	0.593785
325	0.585473	0.585183	0.584856
326	0.576691	0.576448	0.576089
327	0.568063	0.567882	0.567615
328	0.559472	0.559328	0.559133
329	0.551049	0.550826	0.550614
330	0.542626	0.542324	0.542095
331	0.534273	0.533961	0.533733
332	0.525921	0.525599	0.525372
333	0.517781	0.517487	0.51721
334	0.509686	0.509428	0.509091
335	0.501642	0.501352	0.501018
336	0.493625	0.493268	0.492971
337	0.485669	0.4853	0.48507
338	0.47778	0.477461	0.477331
339	0.470021	0.469773	0.4697
340	0.462569	0.46244	0.462322
341	0.455143	0.455102	0.45494
342	0.447908	0.447725	0.447523
343	0.440672	0.440349	0.440106
344	0.433381	0.433125	0.432929
345	0.426088	0.42591	0.425764
346	0.418969	0.418858	0.418697
347	0.411902	0.411852	0.411658
348	0.405029	0.404958	0.404703
349	0.398286	0.398137	0.397805
350	0.391513	0.391334	0.390995
351	0.384701	0.384556	0.384302
352	0.377966	0.377841	0.377635
353	0.371457	0.371313	0.371045
354	0.364969	0.364804	0.364474
355	0.358722	0.358528	0.35814
356	0.352474	0.352251	0.351806
357	0.346082	0.34591	0.34556
358	0.339675	0.339561	0.339325
359	0.333539	0.333488	0.333299
360	0.327502	0.327516	0.32735
361	0.32172	0.321738	0.321595
362	0.316137	0.316114	0.315992
363	0.310503	0.310465	0.31032
364	0.304786	0.30478	0.304539
365	0.299154	0.299152	0.29887
366	0.293831	0.293731	0.293611
367	0.288511	0.288322	0.288351
368	0.283263	0.283166	0.283067
369	0.278014	0.278011	0.277783
370	0.272981	0.27292	0.27268
371	0.267978	0.267839	0.267602
372	0.262952	0.262852	0.262574
373	0.257916	0.257906	0.257565
374	0.25307	0.253069	0.252759
375	0.248391	0.24833	0.24813
376	0.243729	0.243639	0.243504
377	0.239099	0.239034	0.238883
378	0.234521	0.234472	0.234301
379	0.230168	0.230092	0.229881
380	0.225818	0.225715	0.225465
381	0.221608	0.221481	0.221214
382	0.217397	0.217246	0.216962
383	0.213284	0.213193	0.212842
384	0.209188	0.209172	0.208745
385	0.20525	0.205239	0.204846
386	0.201386	0.201347	0.201038
387	0.197627	0.19756	0.197311
388	0.193966	0.19387	0.193661
389	0.190353	0.190241	0.190064
390	0.186829	0.186726	0.186568
391	0.183273	0.183191	0.183044
392	0.179574	0.179567	0.179399
393	0.175885	0.17595	0.175761
394	0.172853	0.172822	0.172647
395	0.169821	0.169694	0.169532
396	0.166858	0.166768	0.166644
397	0.163907	0.163878	0.163797
398	0.161164	0.161128	0.161095
399	0.158519	0.158443	0.158462
400	0.155766	0.155672	0.155724
401	0.15291	0.152821	0.152889
402	0.150081	0.149999	0.150053
403	0.147302	0.147236	0.147216
404	0.144557	0.144501	0.144421
405	0.141972	0.141895	0.141811
406	0.139387	0.139293	0.139203
407	0.136824	0.136869	0.13671
408	0.134261	0.134445	0.134216
409	0.13179	0.131921	0.131724
410	0.129335	0.129379	0.129231
411	0.12686	0.126842	0.126785
412	0.124377	0.124306	0.124359
413	0.121943	0.121875	0.121933
414	0.119553	0.119537	0.119508
415	0.117193	0.117207	0.117124
416	0.114886	0.114892	0.114814
417	0.112562	0.11257	0.112485
418	0.110171	0.11022	0.110084
419	0.107786	0.107871	0.107692
420	0.105531	0.105533	0.105521
421	0.103277	0.103196	0.10335
422	0.10116	0.101162	0.101222
423	0.099063	0.099171	0.099099
424	0.097065	0.097162	0.097108
425	0.095107	0.095146	0.095169
426	0.093317	0.09331	0.093333
427	0.091664	0.091618	0.091579
428	0.09005	0.089994	0.089928
429	0.088497	0.088477	0.088436
430	0.086937	0.086951	0.086931
431	0.085354	0.085398	0.085378
432	0.083771	0.083841	0.083824
433	0.082192	0.082244	0.082263
434	0.080613	0.080646	0.080701
435	0.079072	0.07907	0.079155
436	0.077535	0.077495	0.077611
437	0.076083	0.076019	0.076104
438	0.074657	0.074576	0.074608
439	0.073263	0.073228	0.073234
440	0.07189	0.071946	0.071941
441	0.070579	0.070673	0.070659
442	0.069346	0.069414	0.069392
443	0.068099	0.068166	0.068143
444	0.066815	0.066945	0.066937
445	0.065555	0.065733	0.065738
446	0.06447	0.064581	0.064583
447	0.063385	0.063428	0.063428
448	0.062261	0.062331	0.06239
449	0.061136	0.061236	0.061357
450	0.060115	0.060207	0.060301
451	0.059118	0.059194	0.05924
452	0.058102	0.058177	0.058195
453	0.057078	0.057159	0.057158
454	0.056073	0.056145	0.056132
455	0.055086	0.055136	0.055116
456	0.054123	0.054171	0.05416
457	0.053204	0.053291	0.053318
458	0.052301	0.052413	0.052472
459	0.051467	0.051541	0.051609
460	0.050632	0.05067	0.050745
461	0.049768	0.049813	0.049827
462	0.048903	0.048955	0.048909
463	0.048073	0.048187	0.048147
464	0.047247	0.047431	0.047403
465	0.046498	0.046665	0.046651
466	0.045777	0.045896	0.045895
467	0.045078	0.045197	0.045196
468	0.044395	0.044548	0.044538
469	0.043703	0.043868	0.04384
470	0.042998	0.043146	0.04309
471	0.042287	0.042417	0.042349
472	0.04156	0.041668	0.04163
473	0.04084	0.040925	0.040917
474	0.040164	0.04023	0.040245
475	0.039489	0.039534	0.039573
476	0.03887	0.03896	0.039007
477	0.038251	0.038389	0.038444
478	0.037676	0.037802	0.037892
479	0.037109	0.037211	0.037343
480	0.036523	0.036603	0.03672
481	0.035929	0.035988	0.036062
482	0.035382	0.035448	0.035499
483	0.034874	0.034975	0.035019
484	0.034393	0.034504	0.034539
485	0.033953	0.034039	0.034059
486	0.033539	0.033607	0.03362
487	0.033209	0.03328	0.033304
488	0.03287	0.032943	0.032977
489	0.03245	0.032505	0.032542
490	0.03203	0.032068	0.032106
491	0.031674	0.03169	0.031748
492	0.031321	0.031314	0.031394
493	0.030863	0.030927	0.031004
494	0.03038	0.030537	0.030604
495	0.030009	0.030189	0.030219
496	0.029695	0.029863	0.029842
497	0.029339	0.029465	0.029434
498	0.028944	0.028999	0.028998
499	0.028538	0.028571	0.028597
500	0.028115	0.028206	0.028256
501	0.027703	0.02784	0.027905
502	0.027329	0.027469	0.027517
503	0.026966	0.027105	0.027141
504	0.02671	0.026828	0.026882
505	0.026454	0.026551	0.026623
506	0.026091	0.026253	0.026312
507	0.025721	0.025954	0.025996
508	0.02545	0.025665	0.025693
509	0.025203	0.025377	0.025393
510	0.024915	0.025082	0.025111
511	0.024607	0.024784	0.024837
512	0.024306	0.024467	0.024527
513	0.024012	0.024134	0.024184
514	0.023713	0.023831	0.023853
515	0.023405	0.023576	0.023542
516	0.023081	0.02328	0.02323
517	0.022706	0.022859	0.022913
518	0.022338	0.022456	0.022595
519	0.022032	0.02219	0.022274
520	0.021726	0.021924	0.021952
521	0.02142	0.021616	0.021679
522	0.021113	0.021306	0.021407
523	0.02076	0.020957	0.021056
524	0.020398	0.020599	0.020688
525	0.020101	0.020255	0.020373
526	0.019832	0.019916	0.02008
527	0.019584	0.019676	0.0198
528	0.019353	0.019513	0.019528
529	0.019117	0.019304	0.01928
530	0.018876	0.019032	0.019065
531	0.018639	0.01877	0.018836
532	0.018412	0.018533	0.018574
533	0.018204	0.018318	0.018343
534	0.018093	0.018218	0.018273
535	0.017981	0.018116	0.018201
536	0.017808	0.01793	0.018019
537	0.017635	0.017745	0.017838
538	0.017375	0.017499	0.017612
539	0.017105	0.017246	0.01738
540	0.016889	0.017044	0.017144
541	0.01669	0.016859	0.016907
542	0.016457	0.016611	0.016659
543	0.016205	0.016325	0.016406
544	0.015955	0.016069	0.016154
545	0.015707	0.015843	0.015904
546	0.015497	0.015645	0.015691
547	0.015352	0.015493	0.015541
548	0.015187	0.015332	0.015379
549	0.014959	0.015146	0.015185
550	0.014742	0.014962	0.014992
551	0.014613	0.014788	0.014814
552	0.014483	0.014614	0.014635
553	0.01432	0.014451	0.014484
554	0.014156	0.014288	0.014333
555	0.013989	0.014169	0.014227
556	0.013821	0.014057	0.014128
557	0.013725	0.013919	0.014
558	0.013656	0.013772	0.013862
559	0.013537	0.013622	0.013722
560	0.013386	0.01347	0.013581
561	0.013262	0.013354	0.013467
562	0.013165	0.013275	0.013381
563	0.013032	0.013159	0.013255
564	0.012832	0.012979	0.013059
565	0.01266	0.01282	0.012887
566	0.012576	0.012732	0.012796
567	0.012498	0.012649	0.012706
568	0.012466	0.012604	0.012633
569	0.012434	0.01256	0.01256
570	0.012267	0.012393	0.01239
571	0.012099	0.012225	0.012219
572	0.011912	0.012031	0.012034
573	0.011722	0.011834	0.011848
574	0.011588	0.011702	0.011705
575	0.011473	0.011591	0.011576
576	0.011363	0.011506	0.011491
577	0.011256	0.011436	0.011433
578	0.011181	0.01135	0.011358
579	0.011136	0.011251	0.01127
580	0.01107	0.011158	0.011187
581	0.010973	0.011073	0.011112
582	0.010879	0.010986	0.011037
583	0.010795	0.010893	0.010958
584	0.010721	0.010808	0.010887
585	0.010706	0.01077	0.010857
586	0.010688	0.010731	0.010824
587	0.010603	0.010682	0.01072
588	0.010519	0.010633	0.010615
589	0.01045	0.010544	0.010551
590	0.010383	0.010453	0.010491
591	0.010315	0.010397	0.010427
592	0.010248	0.010348	0.010364
593	0.010122	0.010226	0.010269
594	0.009972	0.010072	0.010161
595	0.009872	0.009966	0.010074
596	0.009807	0.009892	0.010004
597	0.009731	0.009818	0.009922
598	0.009641	0.009743	0.009826
599	0.009557	0.009654	0.009736
600	0.009481	0.009539	0.009655
601	0.009391	0.009427	0.009557
602	0.009257	0.009323	0.009413
603	0.009134	0.009223	0.009278
604	0.00907	0.009149	0.009192
605	0.009006	0.009077	0.009108
606	0.008957	0.009054	0.009067
607	0.008907	0.009031	0.009026
608	0.008829	0.008952	0.008964
609	0.008749	0.008869	0.008899
610	0.008666	0.008799	0.008827
611	0.008582	0.008732	0.008753
612	0.00859	0.008707	0.008733
613	0.008633	0.008699	0.008734
614	0.008545	0.008614	0.008655
615	0.008372	0.00848	0.008525
616	0.008292	0.008409	0.008473
617	0.008305	0.008399	0.008498
618	0.0083	0.00838	0.008503
619	0.008269	0.008349	0.00848
620	0.008205	0.008291	0.008431
621	0.008063	0.008172	0.008319
622	0.007949	0.008075	0.00822
623	0.007949	0.008069	0.00818
624	0.007941	0.008057	0.008136
625	0.007856	0.007989	0.008056
626	0.007772	0.007921	0.007976
627	0.007626	0.007775	0.007779
628	0.007479	0.007628	0.007581
629	0.007378	0.007506	0.007509
630	0.007282	0.007387	0.007452
631	0.007201	0.007315	0.007403
632	0.007122	0.007256	0.007355
633	0.007106	0.00724	0.007318
634	0.007117	0.007242	0.007286
635	0.007047	0.007191	0.007183
636	0.006921	0.007104	0.007031
637	0.006833	0.007012	0.006945
638	0.006783	0.006914	0.006923
639	0.006731	0.006847	0.006892
640	0.006679	0.006826	0.006847
641	0.006648	0.0068	0.006817
642	0.006665	0.006763	0.00682
643	0.006667	0.006735	0.006825
644	0.006613	0.006738	0.006837
645	0.006559	0.00674	0.006841
646	0.006498	0.00674	0.006785
647	0.006441	0.006739	0.006731
648	0.006467	0.006692	0.006721
649	0.006494	0.006644	0.006711
650	0.00654	0.006686	0.006731
651	0.006586	0.006733	0.006753
652	0.006597	0.006763	0.006796
653	0.006601	0.006791	0.006842
654	0.006603	0.006736	0.006786
655	0.006604	0.006656	0.006699
656	0.006614	0.006674	0.006713
657	0.006628	0.006739	0.006776
658	0.006577	0.006691	0.006731
659	0.00648	0.006564	0.006611
660	0.006387	0.006468	0.00653
661	0.006298	0.006402	0.006488
662	0.006213	0.006315	0.006415
663	0.006134	0.006198	0.006297
664	0.006044	0.006108	0.006197
665	0.005929	0.006074	0.00613
666	0.005827	0.006019	0.006054
667	0.005763	0.005895	0.005954
668	0.005708	0.005792	0.005864
669	0.005704	0.005796	0.005833
670	0.005691	0.005791	0.005801
671	0.005585	0.005701	0.005764
672	0.005479	0.005611	0.005726
673	0.005387	0.005598	0.005658
674	0.005295	0.005585	0.005589
675	0.005263	0.005517	0.00551
676	0.005236	0.005446	0.005431
677	0.005284	0.005445	0.005446
678	0.005345	0.005458	0.00548
679	0.005343	0.005423	0.005471
680	0.005321	0.005373	0.005449
681	0.005257	0.005353	0.005413
682	0.005175	0.005349	0.005369
683	0.005165	0.005382	0.005389
684	0.0052	0.005439	0.005448
685	0.005214	0.005431	0.005457
686	0.005207	0.005367	0.005422
687	0.005227	0.005373	0.005392
688	0.00528	0.00546	0.005366
689	0.005284	0.00547	0.005343
690	0.005209	0.005356	0.005324
691	0.005148	0.005285	0.005312
692	0.005117	0.005306	0.005315
693	0.005089	0.005317	0.005326
694	0.005073	0.005294	0.005361
695	0.005066	0.00527	0.005388
696	0.005102	0.005242	0.005373
697	0.005123	0.005211	0.005349
698	0.005017	0.005159	0.005235
699	0.004915	0.005109	0.005126
700	0.004946	0.005132	0.005159
701	0.004976	0.005154	0.005192
702	0.004928	0.005075	0.00513
703	0.004878	0.004993	0.005064
704	0.004837	0.004958	0.004997
705	0.004797	0.004929	0.00493
706	0.004715	0.00488	0.004875
707	0.004624	0.004828	0.004822
708	0.004637	0.004798	0.004818
709	0.004682	0.004775	0.004827
710	0.004641	0.00477	0.004838
711	0.004564	0.004772	0.004848
712	0.004523	0.004713	0.004785
713	0.004503	0.00462	0.004681
714	0.004531	0.004613	0.004682
715	0.004593	0.00467	0.004758
716	0.004571	0.004642	0.004749
717	0.004469	0.004536	0.00466
718	0.004424	0.004517	0.004668
719	0.004443	0.0046	0.004789
720	0.004454	0.004628	0.004823
[LOG]
CHECKSUM ç