[HEADER]
Format	J&M ASCII Table
Comment	
Date	03/03/2026 19:56:08
Order	Y (evenX)
TechType	UV
NumPoints	411
FirstX	310
LastX	720
XType	nm
YType	Absorbance
ZType	s
NumSubFile	3
Matrix	Z vs X
[LOGIN]
Name=pcbob
[INSTRUMENT]
Name=TIDAS E Base UV/VI
Detector=MMS - ASPEN 97,5 kHz
Diodearray=256 Pixel
Serial#=36584
Calibrated=2011-07-01
Range=183.81-729.88 [nm] (F0)

SWVersion=v3.18.2 (build 0)[LOGIN]
Name=pcbob
[CONFIG]
ChannelName=Channel 1
ChannelType=Normalized
[PARAMETER]
It=400,00
Aver=5
Norm=3
Range=310,0-720,0 nm
Scan=Time
ScanTime=5,00 s
[TRIGGER]
Sweep=0
Scan=0
[DIO]
DigOut=0x0000
DigIn=0x0000
[DATA]
	00:00:00,000	00:00:02,000	00:00:04,000
310	0.584208	0.583734	0.583207
311	0.575186	0.574714	0.574202
312	0.566284	0.565819	0.56531
313	0.557532	0.557068	0.556561
314	0.548986	0.548516	0.548009
315	0.540511	0.54004	0.539532
316	0.532256	0.531802	0.531294
317	0.524016	0.523576	0.523069
318	0.516016	0.515534	0.515023
319	0.508016	0.507491	0.506978
320	0.500133	0.499623	0.499122
321	0.492264	0.491777	0.491292
322	0.484563	0.484089	0.483603
323	0.476929	0.476466	0.475974
324	0.469432	0.468942	0.468454
325	0.462055	0.461507	0.461032
326	0.454755	0.454173	0.453696
327	0.447592	0.447022	0.446517
328	0.44045	0.439886	0.43937
329	0.433401	0.432816	0.432371
330	0.426353	0.425746	0.425371
331	0.419341	0.418714	0.418366
332	0.41233	0.411683	0.411362
333	0.405471	0.404895	0.404521
334	0.398645	0.39816	0.397715
335	0.391982	0.391532	0.39106
336	0.385408	0.384962	0.384486
337	0.378916	0.378468	0.378007
338	0.372516	0.372056	0.371636
339	0.366146	0.36568	0.365274
340	0.359849	0.359386	0.358936
341	0.353576	0.353118	0.352629
342	0.347482	0.347042	0.346545
343	0.341387	0.340966	0.34046
344	0.335591	0.335084	0.334657
345	0.329812	0.329212	0.328868
346	0.323983	0.3234	0.323053
347	0.318138	0.317605	0.317231
348	0.312319	0.311841	0.311408
349	0.306518	0.306099	0.305585
350	0.300861	0.300406	0.299881
351	0.295402	0.294778	0.294337
352	0.289887	0.289161	0.288756
353	0.284207	0.283575	0.283068
354	0.278547	0.277999	0.2774
355	0.273124	0.272541	0.27197
356	0.267702	0.267082	0.26654
357	0.262367	0.261775	0.261262
358	0.257041	0.256483	0.255999
359	0.25183	0.251312	0.250813
360	0.24666	0.246183	0.245653
361	0.2416	0.241152	0.240627
362	0.236627	0.236196	0.235706
363	0.231659	0.231226	0.230751
364	0.226699	0.226233	0.225745
365	0.221788	0.221293	0.220796
366	0.217056	0.216546	0.216053
367	0.212329	0.211805	0.211318
368	0.207704	0.207223	0.206745
369	0.203079	0.202641	0.202172
370	0.198566	0.198106	0.197681
371	0.19407	0.193579	0.193201
372	0.189649	0.189166	0.188794
373	0.185261	0.184803	0.184417
374	0.180921	0.18046	0.180066
375	0.176625	0.176134	0.175736
376	0.172372	0.171862	0.171468
377	0.168193	0.167687	0.167308
378	0.164065	0.163554	0.163194
379	0.160148	0.159605	0.159269
380	0.156232	0.155658	0.155344
381	0.152302	0.151821	0.151428
382	0.148373	0.147983	0.147512
383	0.14465	0.144253	0.143752
384	0.140962	0.14054	0.140017
385	0.137319	0.136919	0.136395
386	0.133698	0.133339	0.132825
387	0.130212	0.129845	0.129356
388	0.126852	0.12643	0.125983
389	0.123544	0.123084	0.122669
390	0.120332	0.119867	0.119464
391	0.117113	0.116644	0.116245
392	0.113865	0.113394	0.112962
393	0.110618	0.110146	0.109682
394	0.107489	0.107026	0.106638
395	0.10436	0.103906	0.103593
396	0.101607	0.101111	0.100811
397	0.098921	0.098376	0.098077
398	0.096357	0.095794	0.095489
399	0.09385	0.093285	0.09297
400	0.091237	0.090709	0.090371
401	0.088524	0.088069	0.087694
402	0.085834	0.085422	0.085013
403	0.083184	0.082761	0.082323
404	0.080611	0.080178	0.079737
405	0.078384	0.077939	0.077614
406	0.076156	0.075702	0.075489
407	0.073931	0.073506	0.073297
408	0.071705	0.071311	0.071104
409	0.069432	0.069027	0.068809
410	0.067151	0.066729	0.066496
411	0.064778	0.064367	0.064151
412	0.062365	0.061978	0.061792
413	0.060077	0.059717	0.059556
414	0.057903	0.05757	0.057431
415	0.055716	0.055403	0.055243
416	0.053508	0.0532	0.052945
417	0.051319	0.051018	0.0507
418	0.049208	0.048915	0.048666
419	0.047109	0.046822	0.046638
420	0.045298	0.044988	0.044751
421	0.043488	0.043153	0.042863
422	0.041768	0.041452	0.041147
423	0.040061	0.039769	0.039455
424	0.038371	0.038043	0.037739
425	0.036688	0.0363	0.036014
426	0.035132	0.034758	0.034466
427	0.033679	0.033379	0.033061
428	0.032304	0.032048	0.031724
429	0.031052	0.030791	0.030491
430	0.029818	0.029557	0.029291
431	0.028645	0.028398	0.028199
432	0.027469	0.027231	0.027092
433	0.026246	0.025961	0.025805
434	0.025024	0.024691	0.024518
435	0.023906	0.023611	0.023437
436	0.022799	0.022548	0.022374
437	0.021647	0.0214	0.021245
438	0.020481	0.020224	0.020094
439	0.019413	0.019142	0.019011
440	0.018411	0.018124	0.017972
441	0.017387	0.017129	0.016955
442	0.016337	0.016166	0.015965
443	0.015345	0.015227	0.015002
444	0.014501	0.014348	0.014111
445	0.01366	0.01348	0.013239
446	0.012849	0.012688	0.012495
447	0.012037	0.011896	0.01175
448	0.01134	0.011176	0.011024
449	0.010646	0.010458	0.010298
450	0.010036	0.00986	0.009672
451	0.009445	0.009291	0.00907
452	0.008839	0.008687	0.008475
453	0.008225	0.008065	0.007883
454	0.007596	0.007424	0.007268
455	0.006951	0.006763	0.006631
456	0.00636	0.006163	0.006038
457	0.005866	0.005677	0.005527
458	0.005386	0.005208	0.005036
459	0.004961	0.004813	0.004628
460	0.004534	0.004412	0.004218
461	0.004033	0.003853	0.003724
462	0.003532	0.003294	0.003231
463	0.003041	0.002848	0.00276
464	0.002551	0.002415	0.002292
465	0.002179	0.002053	0.001936
466	0.001849	0.001715	0.001621
467	0.001578	0.001448	0.00135
468	0.001349	0.00123	0.001111
469	0.001119	0.000998	0.00088
470	0.000886	0.000747	0.000661
471	0.000655	0.000512	0.000446
472	0.000425	0.000316	0.000242
473	0.000195	0.000109	0.000025
474	-0.000032	-0.000163	-0.000275
475	-0.000259	-0.000435	-0.000576
476	-0.000466	-0.000623	-0.000721
477	-0.000673	-0.000809	-0.000862
478	-0.000862	-0.000986	-0.001047
479	-0.001046	-0.001161	-0.001241
480	-0.001361	-0.001442	-0.001528
481	-0.001737	-0.001773	-0.001858
482	-0.002196	-0.00224	-0.002331
483	-0.002726	-0.002825	-0.002928
484	-0.003206	-0.003355	-0.003468
485	-0.003608	-0.003799	-0.003917
486	-0.003903	-0.004108	-0.004232
487	-0.003862	-0.003993	-0.004121
488	-0.003814	-0.003877	-0.004009
489	-0.003695	-0.003751	-0.003893
490	-0.003576	-0.003625	-0.003777
491	-0.003371	-0.003426	-0.003556
492	-0.003161	-0.003222	-0.003329
493	-0.003005	-0.003105	-0.003169
494	-0.002862	-0.003009	-0.003026
495	-0.00277	-0.002933	-0.002952
496	-0.002706	-0.002866	-0.002916
497	-0.00268	-0.002833	-0.00291
498	-0.002691	-0.002832	-0.002933
499	-0.002713	-0.002846	-0.002954
500	-0.002751	-0.002887	-0.002972
501	-0.002775	-0.002912	-0.002972
502	-0.002751	-0.002884	-0.002911
503	-0.002726	-0.002855	-0.002858
504	-0.002704	-0.002801	-0.002899
505	-0.002682	-0.002747	-0.002941
506	-0.0027	-0.002776	-0.002961
507	-0.002719	-0.00281	-0.00298
508	-0.002738	-0.002825	-0.00297
509	-0.002756	-0.002836	-0.002953
510	-0.00272	-0.002798	-0.002891
511	-0.002656	-0.002737	-0.002805
512	-0.002612	-0.002711	-0.00275
513	-0.002585	-0.002717	-0.002722
514	-0.00258	-0.002705	-0.002721
515	-0.002611	-0.002665	-0.00276
516	-0.002609	-0.002615	-0.002764
517	-0.002507	-0.002539	-0.002655
518	-0.002406	-0.002458	-0.002548
519	-0.002308	-0.002327	-0.002457
520	-0.002211	-0.002197	-0.002367
521	-0.002126	-0.002166	-0.002289
522	-0.002041	-0.002138	-0.002211
523	-0.001936	-0.002042	-0.002078
524	-0.001826	-0.001932	-0.001933
525	-0.001792	-0.001871	-0.001913
526	-0.00179	-0.001832	-0.001949
527	-0.001858	-0.001903	-0.002019
528	-0.001978	-0.002061	-0.002116
529	-0.002065	-0.002162	-0.002201
530	-0.002106	-0.002186	-0.002271
531	-0.002149	-0.002217	-0.002326
532	-0.0022	-0.002265	-0.002346
533	-0.002252	-0.002316	-0.00237
534	-0.002315	-0.002388	-0.002416
535	-0.002375	-0.002455	-0.002461
536	-0.002324	-0.002364	-0.002422
537	-0.002273	-0.002273	-0.002384
538	-0.002222	-0.002221	-0.002347
539	-0.002171	-0.002174	-0.002309
540	-0.002088	-0.002139	-0.00225
541	-0.001996	-0.002108	-0.002184
542	-0.001912	-0.002028	-0.002075
543	-0.001834	-0.00192	-0.001942
544	-0.001721	-0.00178	-0.001808
545	-0.001572	-0.001608	-0.001675
546	-0.001452	-0.001491	-0.001569
547	-0.001383	-0.001465	-0.001509
548	-0.00131	-0.00142	-0.001441
549	-0.00123	-0.001313	-0.00135
550	-0.00115	-0.001213	-0.001267
551	-0.001069	-0.001166	-0.001247
552	-0.000988	-0.00112	-0.001227
553	-0.000964	-0.001101	-0.001175
554	-0.00094	-0.001082	-0.001123
555	-0.000945	-0.001078	-0.001116
556	-0.000954	-0.001076	-0.001116
557	-0.000943	-0.001054	-0.001098
558	-0.000925	-0.001024	-0.001073
559	-0.000913	-0.000988	-0.00104
560	-0.000904	-0.000948	-0.001001
561	-0.000864	-0.000906	-0.000963
562	-0.00079	-0.000864	-0.000927
563	-0.000736	-0.000826	-0.0009
564	-0.000719	-0.000799	-0.00089
565	-0.000731	-0.000809	-0.000912
566	-0.000842	-0.00094	-0.001035
567	-0.000953	-0.001066	-0.001152
568	-0.001066	-0.001153	-0.001217
569	-0.001179	-0.00124	-0.001281
570	-0.001254	-0.001352	-0.0014
571	-0.001328	-0.001465	-0.00152
572	-0.001398	-0.001524	-0.001593
573	-0.001468	-0.001576	-0.001659
574	-0.001485	-0.001622	-0.001693
575	-0.001485	-0.001666	-0.001718
576	-0.001537	-0.001707	-0.001777
577	-0.001619	-0.001748	-0.001856
578	-0.001662	-0.001772	-0.001902
579	-0.001667	-0.001782	-0.001916
580	-0.00166	-0.001765	-0.0019
581	-0.001635	-0.001708	-0.001835
582	-0.001581	-0.001633	-0.001758
583	-0.001451	-0.001512	-0.001651
584	-0.001312	-0.001382	-0.001528
585	-0.001122	-0.001207	-0.001327
586	-0.000934	-0.001033	-0.001127
587	-0.000789	-0.000882	-0.000949
588	-0.000644	-0.000732	-0.000772
589	-0.000437	-0.000509	-0.000562
590	-0.000226	-0.000282	-0.00035
591	-0.000029	-0.000089	-0.000153
592	0.000165	0.000096	0.000041
593	0.000297	0.000231	0.00015
594	0.000402	0.000345	0.000223
595	0.000552	0.000486	0.000358
596	0.000735	0.000647	0.000536
597	0.000906	0.000806	0.000717
598	0.001066	0.000963	0.000904
599	0.001224	0.001119	0.001073
600	0.00138	0.001271	0.001212
601	0.00153	0.001418	0.00135
602	0.001663	0.001551	0.001484
603	0.001804	0.001694	0.001628
604	0.001994	0.001888	0.001826
605	0.002183	0.002083	0.002023
606	0.002329	0.002276	0.00221
607	0.002476	0.00247	0.002397
608	0.00262	0.002606	0.002538
609	0.002764	0.002739	0.002675
610	0.002877	0.002844	0.002741
611	0.002984	0.002942	0.002792
612	0.003064	0.002986	0.002881
613	0.003135	0.003008	0.002985
614	0.003245	0.003106	0.003109
615	0.003379	0.003253	0.003246
616	0.003528	0.003426	0.003374
617	0.003691	0.003622	0.003493
618	0.00384	0.003774	0.003636
619	0.003968	0.00386	0.003813
620	0.00408	0.003948	0.003967
621	0.004154	0.004046	0.004069
622	0.00425	0.004158	0.004172
623	0.004437	0.004326	0.004282
624	0.004628	0.0045	0.004404
625	0.004851	0.004727	0.004648
626	0.005073	0.004953	0.004891
627	0.005225	0.005098	0.005056
628	0.005376	0.005241	0.005219
629	0.005574	0.005465	0.005421
630	0.005779	0.005699	0.005627
631	0.005976	0.005876	0.00578
632	0.006171	0.006038	0.00592
633	0.006256	0.006163	0.00603
634	0.006294	0.00627	0.006129
635	0.006421	0.006423	0.0063
636	0.006608	0.006606	0.006521
637	0.006779	0.006739	0.006685
638	0.006935	0.006822	0.00679
639	0.007063	0.006938	0.006898
640	0.007151	0.007103	0.007009
641	0.007236	0.007225	0.007106
642	0.007313	0.007252	0.007174
643	0.007393	0.007287	0.007247
644	0.007482	0.007353	0.007339
645	0.007566	0.007419	0.007427
646	0.007617	0.007487	0.007487
647	0.007661	0.007551	0.007541
648	0.007534	0.007478	0.007435
649	0.007407	0.007404	0.007329
650	0.007071	0.00706	0.006978
651	0.006723	0.0067	0.006611
652	0.006277	0.006216	0.006133
653	0.005814	0.00571	0.005636
654	0.005458	0.005354	0.005294
655	0.005135	0.005043	0.005
656	0.00514	0.005052	0.004962
657	0.005304	0.005214	0.005048
658	0.005586	0.005497	0.005339
659	0.005953	0.005864	0.005775
660	0.006466	0.006364	0.006301
661	0.007123	0.006999	0.006915
662	0.007727	0.007588	0.007514
663	0.008255	0.008112	0.008091
664	0.008727	0.008584	0.008599
665	0.009085	0.008952	0.008966
666	0.009384	0.009264	0.009283
667	0.009502	0.009408	0.009445
668	0.00963	0.009557	0.009608
669	0.009811	0.009732	0.009775
670	0.009988	0.0099	0.009936
671	0.010125	0.009987	0.010018
672	0.010263	0.010073	0.0101
673	0.010298	0.010156	0.010147
674	0.010332	0.010238	0.010194
675	0.010348	0.010312	0.010257
676	0.010362	0.010384	0.010322
677	0.010434	0.01043	0.010372
678	0.010518	0.01047	0.01042
679	0.010581	0.010487	0.010456
680	0.010638	0.010497	0.01049
681	0.010704	0.010551	0.010535
682	0.010773	0.010625	0.010586
683	0.010825	0.010728	0.010649
684	0.010865	0.010849	0.010721
685	0.010917	0.010905	0.010768
686	0.01098	0.010905	0.010793
687	0.011047	0.010969	0.010863
688	0.011121	0.011108	0.010987
689	0.011206	0.011215	0.011076
690	0.011306	0.011267	0.01111
691	0.011416	0.011344	0.011199
692	0.011547	0.011475	0.011409
693	0.011661	0.011593	0.011563
694	0.011722	0.01167	0.011535
695	0.011788	0.011741	0.011535
696	0.01188	0.011781	0.011669
697	0.011968	0.011824	0.011795
698	0.012024	0.011891	0.011845
699	0.012085	0.011961	0.0119
700	0.012273	0.012135	0.012082
701	0.012461	0.01231	0.012264
702	0.01248	0.012288	0.012264
703	0.012492	0.01226	0.012258
704	0.012533	0.012377	0.012365
705	0.012577	0.012512	0.012486
706	0.012635	0.012587	0.012574
707	0.012696	0.01265	0.012657
708	0.012817	0.012736	0.012718
709	0.012957	0.012829	0.012772
710	0.013053	0.012934	0.01286
711	0.013131	0.013045	0.012962
712	0.013201	0.013137	0.013064
713	0.013265	0.013218	0.013164
714	0.01338	0.013338	0.013276
715	0.013532	0.013487	0.013396
716	0.013679	0.013632	0.013552
717	0.013821	0.013774	0.013743
718	0.013926	0.013886	0.01384
719	0.013987	0.013961	0.013828
720	0.014086	0.014038	0.013874
[LOG]
CHECKSUM¢