[HEADER]
Format	J&M ASCII Table
Comment	
Date	03/03/2026 21:00:56
Order	Y (evenX)
TechType	UV
NumPoints	411
FirstX	310
LastX	720
XType	nm
YType	Absorbance
ZType	s
NumSubFile	3
Matrix	Z vs X
[LOGIN]
Name=pcbob
[INSTRUMENT]
Name=TIDAS E Base UV/VI
Detector=MMS - ASPEN 97,5 kHz
Diodearray=256 Pixel
Serial#=36584
Calibrated=2011-07-01
Range=183.81-729.88 [nm] (F0)

SWVersion=v3.18.2 (build 0)[LOGIN]
Name=pcbob
[CONFIG]
ChannelName=Channel 1
ChannelType=Normalized
[PARAMETER]
It=400,00
Aver=5
Norm=3
Range=310,0-720,0 nm
Scan=Time
ScanTime=5,00 s
[TRIGGER]
Sweep=0
Scan=0
[DIO]
DigOut=0x0000
DigIn=0x0000
[DATA]
	00:00:00,000	00:00:02,000	00:00:04,000
310	0.481206	0.480763	0.480305
311	0.474134	0.473734	0.473255
312	0.467067	0.466743	0.466244
313	0.460203	0.459893	0.459396
314	0.453618	0.453237	0.452772
315	0.447035	0.446595	0.44616
316	0.440458	0.439997	0.439584
317	0.433892	0.433414	0.433018
318	0.427506	0.427058	0.426599
319	0.42112	0.420703	0.420181
320	0.414917	0.414476	0.414004
321	0.408738	0.408267	0.407858
322	0.402579	0.40217	0.401735
323	0.396428	0.396121	0.39562
324	0.39039	0.390092	0.389593
325	0.384452	0.384083	0.383642
326	0.378562	0.378134	0.37774
327	0.372759	0.372294	0.371925
328	0.366942	0.366449	0.366106
329	0.361058	0.360582	0.360265
330	0.355174	0.354715	0.354424
331	0.349537	0.34906	0.348668
332	0.3439	0.343405	0.342912
333	0.338399	0.337881	0.337408
334	0.332928	0.332384	0.331958
335	0.327498	0.326977	0.326529
336	0.32209	0.321618	0.321111
337	0.316694	0.316273	0.315714
338	0.311311	0.310942	0.31034
339	0.305989	0.305655	0.305045
340	0.300813	0.300475	0.299935
341	0.295657	0.295307	0.294833
342	0.29064	0.290231	0.289776
343	0.285623	0.285155	0.284719
344	0.280806	0.280344	0.279882
345	0.276001	0.275547	0.275058
346	0.271211	0.270739	0.270271
347	0.266427	0.265929	0.265495
348	0.261698	0.261185	0.260835
349	0.257007	0.256486	0.256252
350	0.252326	0.251848	0.25161
351	0.24766	0.247296	0.24689
352	0.243061	0.242769	0.242222
353	0.238663	0.238322	0.237715
354	0.234264	0.233875	0.233221
355	0.229838	0.229434	0.228891
356	0.225413	0.224993	0.224561
357	0.221025	0.220632	0.220223
358	0.216641	0.216281	0.215885
359	0.21234	0.211941	0.211588
360	0.208068	0.207607	0.207307
361	0.203923	0.203409	0.203128
362	0.199876	0.199319	0.19903
363	0.195793	0.195253	0.194926
364	0.191655	0.191224	0.190815
365	0.187556	0.187203	0.186737
366	0.183597	0.183211	0.182783
367	0.179646	0.179229	0.178839
368	0.175884	0.175489	0.1751
369	0.172121	0.171749	0.17136
370	0.168331	0.167925	0.167548
371	0.164537	0.164088	0.163726
372	0.160731	0.160288	0.159913
373	0.156922	0.156504	0.156105
374	0.153199	0.152777	0.152406
375	0.149553	0.1491	0.148804
376	0.145944	0.145485	0.145218
377	0.142399	0.14198	0.14166
378	0.13886	0.138481	0.13812
379	0.135346	0.135006	0.134651
380	0.131835	0.131533	0.131184
381	0.128442	0.128114	0.127756
382	0.125049	0.124696	0.124329
383	0.121721	0.121391	0.120983
384	0.118403	0.118105	0.117652
385	0.115181	0.114838	0.11442
386	0.112003	0.111579	0.111234
387	0.108841	0.108399	0.108094
388	0.105693	0.105292	0.104998
389	0.102612	0.102239	0.101956
390	0.099653	0.099289	0.099019
391	0.096665	0.096315	0.096046
392	0.093542	0.093233	0.092913
393	0.090424	0.090155	0.089784
394	0.087572	0.087328	0.086976
395	0.084719	0.084502	0.084169
396	0.082194	0.081911	0.08163
397	0.079728	0.079362	0.07914
398	0.077306	0.07695	0.076753
399	0.074906	0.074602	0.074412
400	0.072361	0.07206	0.071882
401	0.069681	0.069334	0.069172
402	0.066975	0.066652	0.066471
403	0.064221	0.064052	0.063786
404	0.061545	0.061487	0.061158
405	0.059222	0.059083	0.05878
406	0.056899	0.056681	0.056404
407	0.054583	0.054409	0.054111
408	0.052267	0.052136	0.051817
409	0.049864	0.049679	0.049402
410	0.047446	0.047189	0.046968
411	0.045033	0.044788	0.044601
412	0.042623	0.042427	0.042264
413	0.040299	0.040101	0.039958
414	0.038052	0.037808	0.037679
415	0.035774	0.035519	0.035386
416	0.03344	0.033238	0.033068
417	0.031109	0.030952	0.030746
418	0.028792	0.028647	0.02841
419	0.026482	0.026349	0.026081
420	0.024333	0.024236	0.023924
421	0.022184	0.022123	0.021768
422	0.020148	0.020045	0.019755
423	0.018127	0.017972	0.017762
424	0.016147	0.015989	0.015801
425	0.014183	0.014041	0.013852
426	0.012406	0.012254	0.012071
427	0.01078	0.010596	0.010423
428	0.009226	0.009053	0.008878
429	0.007783	0.007686	0.00749
430	0.00634	0.006283	0.00608
431	0.004897	0.004762	0.004603
432	0.003446	0.003238	0.003117
433	0.001891	0.00167	0.001531
434	0.000336	0.000103	-0.000056
435	-0.001111	-0.001329	-0.001476
436	-0.002547	-0.002748	-0.00288
437	-0.003948	-0.004077	-0.004209
438	-0.005336	-0.005377	-0.005513
439	-0.006681	-0.006733	-0.006862
440	-0.007995	-0.008128	-0.00824
441	-0.009237	-0.009416	-0.009495
442	-0.010386	-0.01057	-0.010592
443	-0.011518	-0.011704	-0.011692
444	-0.012604	-0.01279	-0.012798
445	-0.013685	-0.013862	-0.013898
446	-0.014733	-0.01484	-0.014957
447	-0.015782	-0.015818	-0.016015
448	-0.016747	-0.016855	-0.016999
449	-0.01771	-0.017895	-0.017981
450	-0.018604	-0.018771	-0.018859
451	-0.019483	-0.01961	-0.019714
452	-0.02036	-0.020459	-0.020584
453	-0.021235	-0.021313	-0.021462
454	-0.022079	-0.022156	-0.022312
455	-0.022891	-0.022991	-0.023136
456	-0.023638	-0.023747	-0.023883
457	-0.024261	-0.024359	-0.02449
458	-0.024892	-0.024976	-0.025107
459	-0.025552	-0.025617	-0.025765
460	-0.026214	-0.026262	-0.026424
461	-0.026951	-0.026997	-0.027097
462	-0.027687	-0.027731	-0.02777
463	-0.028281	-0.028349	-0.028384
464	-0.028858	-0.028952	-0.028991
465	-0.029341	-0.02944	-0.029511
466	-0.02979	-0.029887	-0.029998
467	-0.030124	-0.030202	-0.030321
468	-0.030376	-0.030424	-0.030526
469	-0.030671	-0.030719	-0.030796
470	-0.031022	-0.031111	-0.031154
471	-0.031395	-0.031496	-0.031529
472	-0.031827	-0.031864	-0.03195
473	-0.032253	-0.032242	-0.032371
474	-0.03264	-0.032681	-0.0328
475	-0.033027	-0.033121	-0.03323
476	-0.033415	-0.033453	-0.033551
477	-0.033802	-0.033783	-0.03387
478	-0.034102	-0.034098	-0.034181
479	-0.034385	-0.034409	-0.034491
480	-0.034749	-0.03481	-0.034902
481	-0.03515	-0.035252	-0.03536
482	-0.035634	-0.035743	-0.035833
483	-0.036189	-0.036278	-0.03632
484	-0.036726	-0.036797	-0.036829
485	-0.037236	-0.03729	-0.037371
486	-0.037602	-0.037645	-0.037766
487	-0.037516	-0.037565	-0.037703
488	-0.037419	-0.037477	-0.037623
489	-0.037213	-0.037313	-0.037394
490	-0.037008	-0.037148	-0.037165
491	-0.036826	-0.03689	-0.036962
492	-0.036645	-0.036628	-0.03676
493	-0.036538	-0.036572	-0.036664
494	-0.036448	-0.036567	-0.036594
495	-0.036428	-0.036501	-0.036536
496	-0.036443	-0.036403	-0.036485
497	-0.036504	-0.036418	-0.0365
498	-0.036609	-0.036539	-0.036577
499	-0.036688	-0.036648	-0.036664
500	-0.036726	-0.036736	-0.036768
501	-0.036759	-0.036815	-0.036849
502	-0.036772	-0.036863	-0.036851
503	-0.036776	-0.036895	-0.036845
504	-0.036682	-0.03676	-0.036758
505	-0.036589	-0.036625	-0.036671
506	-0.036514	-0.036542	-0.036604
507	-0.036441	-0.036462	-0.036537
508	-0.036347	-0.036385	-0.036439
509	-0.036248	-0.036308	-0.036332
510	-0.036186	-0.036228	-0.036253
511	-0.036144	-0.036147	-0.036188
512	-0.036066	-0.036055	-0.036106
513	-0.035957	-0.035953	-0.03601
514	-0.035845	-0.035867	-0.035925
515	-0.03573	-0.035806	-0.035859
516	-0.035638	-0.035741	-0.035799
517	-0.035618	-0.035659	-0.035763
518	-0.03559	-0.03558	-0.035721
519	-0.035508	-0.035531	-0.035628
520	-0.035426	-0.035481	-0.035534
521	-0.035308	-0.03538	-0.035444
522	-0.03519	-0.035277	-0.035355
523	-0.035165	-0.035194	-0.035259
524	-0.035159	-0.035115	-0.035163
525	-0.03508	-0.035045	-0.035102
526	-0.03497	-0.034979	-0.035058
527	-0.034876	-0.034899	-0.034988
528	-0.034794	-0.034808	-0.0349
529	-0.034719	-0.034729	-0.034774
530	-0.034652	-0.034665	-0.034597
531	-0.034556	-0.034565	-0.034455
532	-0.034387	-0.034378	-0.034394
533	-0.034217	-0.034198	-0.034314
534	-0.034046	-0.034051	-0.03413
535	-0.033875	-0.033903	-0.033946
536	-0.033687	-0.033751	-0.033764
537	-0.033498	-0.033599	-0.033581
538	-0.033426	-0.033489	-0.033475
539	-0.033368	-0.033384	-0.033378
540	-0.033296	-0.033316	-0.033325
541	-0.03322	-0.033259	-0.033286
542	-0.03317	-0.033224	-0.033212
543	-0.033136	-0.0332	-0.033116
544	-0.033065	-0.033107	-0.033024
545	-0.032957	-0.032944	-0.032934
546	-0.032814	-0.032753	-0.032803
547	-0.03261	-0.032517	-0.032603
548	-0.0324	-0.032309	-0.032401
549	-0.032173	-0.032184	-0.032192
550	-0.031952	-0.032051	-0.031988
551	-0.03178	-0.031841	-0.031817
552	-0.031608	-0.031632	-0.031647
553	-0.03145	-0.031491	-0.031492
554	-0.031293	-0.031351	-0.031338
555	-0.031106	-0.031144	-0.031132
556	-0.030915	-0.030926	-0.030917
557	-0.03069	-0.030689	-0.030693
558	-0.030453	-0.030444	-0.030464
559	-0.030282	-0.030289	-0.030314
560	-0.030153	-0.030191	-0.030214
561	-0.030016	-0.030043	-0.030074
562	-0.02987	-0.029842	-0.02989
563	-0.029756	-0.029716	-0.029759
564	-0.029699	-0.029726	-0.029721
565	-0.029665	-0.029743	-0.029709
566	-0.029707	-0.029786	-0.02978
567	-0.029759	-0.029835	-0.029854
568	-0.029894	-0.029929	-0.029949
569	-0.030028	-0.030023	-0.030044
570	-0.030257	-0.030229	-0.030248
571	-0.030487	-0.030437	-0.030454
572	-0.030544	-0.030527	-0.03054
573	-0.030576	-0.0306	-0.030608
574	-0.030604	-0.030621	-0.030632
575	-0.030631	-0.030625	-0.03064
576	-0.03065	-0.030624	-0.030632
577	-0.030665	-0.03062	-0.030615
578	-0.030642	-0.030607	-0.030611
579	-0.030581	-0.030585	-0.030621
580	-0.030469	-0.030496	-0.030537
581	-0.030276	-0.030302	-0.030309
582	-0.030053	-0.030072	-0.030055
583	-0.02975	-0.029747	-0.029732
584	-0.029426	-0.029402	-0.029395
585	-0.028996	-0.028955	-0.028986
586	-0.028569	-0.028511	-0.028579
587	-0.028196	-0.028156	-0.028208
588	-0.027822	-0.027801	-0.027836
589	-0.027398	-0.027386	-0.02741
590	-0.026969	-0.026965	-0.02698
591	-0.026685	-0.02668	-0.026669
592	-0.026432	-0.026426	-0.026386
593	-0.026251	-0.026245	-0.026213
594	-0.0261	-0.026095	-0.026088
595	-0.025907	-0.025895	-0.025905
596	-0.025684	-0.02566	-0.025682
597	-0.025457	-0.02545	-0.025476
598	-0.025225	-0.025266	-0.025291
599	-0.02502	-0.025082	-0.025102
600	-0.024862	-0.024896	-0.024906
601	-0.024698	-0.024716	-0.024716
602	-0.024514	-0.024554	-0.024544
603	-0.024316	-0.024371	-0.024354
604	-0.024026	-0.024062	-0.02406
605	-0.023736	-0.023754	-0.023766
606	-0.023439	-0.023448	-0.02348
607	-0.023143	-0.023141	-0.023195
608	-0.022875	-0.022874	-0.022915
609	-0.022609	-0.022609	-0.022635
610	-0.022326	-0.022322	-0.02237
611	-0.022038	-0.02203	-0.022109
612	-0.021747	-0.021735	-0.021823
613	-0.021455	-0.021439	-0.021527
614	-0.021186	-0.021186	-0.021263
615	-0.020931	-0.020961	-0.02102
616	-0.020618	-0.020653	-0.020686
617	-0.020248	-0.020263	-0.020263
618	-0.01991	-0.019908	-0.019908
619	-0.019619	-0.019607	-0.019655
620	-0.01936	-0.019336	-0.019414
621	-0.019175	-0.019135	-0.019203
622	-0.018961	-0.018908	-0.018968
623	-0.018629	-0.018573	-0.018638
624	-0.01831	-0.018253	-0.018321
625	-0.018121	-0.018066	-0.018141
626	-0.017931	-0.01788	-0.017961
627	-0.017774	-0.017731	-0.017797
628	-0.017617	-0.017582	-0.017633
629	-0.017319	-0.017337	-0.017369
630	-0.017004	-0.017081	-0.017093
631	-0.016804	-0.016849	-0.016875
632	-0.016634	-0.016623	-0.016672
633	-0.016428	-0.016422	-0.016461
634	-0.016207	-0.016232	-0.016246
635	-0.01607	-0.01608	-0.016084
636	-0.01599	-0.015954	-0.015958
637	-0.015844	-0.015777	-0.0158
638	-0.015634	-0.01555	-0.015609
639	-0.015407	-0.015327	-0.0154
640	-0.015155	-0.015109	-0.015162
641	-0.014893	-0.014876	-0.014916
642	-0.014612	-0.014609	-0.014652
643	-0.014352	-0.014351	-0.014397
644	-0.014171	-0.014125	-0.01418
645	-0.013993	-0.013913	-0.01397
646	-0.013839	-0.013798	-0.013815
647	-0.013689	-0.013683	-0.013662
648	-0.013622	-0.013579	-0.013592
649	-0.013556	-0.013476	-0.013522
650	-0.013868	-0.01381	-0.013847
651	-0.014202	-0.014171	-0.014196
652	-0.014928	-0.014899	-0.01491
653	-0.015722	-0.01569	-0.015687
654	-0.016234	-0.01623	-0.016223
655	-0.016657	-0.016692	-0.016684
656	-0.016677	-0.016681	-0.0167
657	-0.016503	-0.016442	-0.016501
658	-0.016078	-0.016039	-0.016096
659	-0.015476	-0.015523	-0.015547
660	-0.014671	-0.014729	-0.014733
661	-0.013662	-0.013658	-0.013657
662	-0.012738	-0.012713	-0.012723
663	-0.011935	-0.011946	-0.011991
664	-0.011275	-0.011304	-0.01137
665	-0.010907	-0.010914	-0.010973
666	-0.010575	-0.010579	-0.010614
667	-0.01035	-0.010415	-0.01037
668	-0.010129	-0.01023	-0.01013
669	-0.009929	-0.009945	-0.009903
670	-0.009733	-0.009671	-0.00968
671	-0.009593	-0.009519	-0.009505
672	-0.009452	-0.009366	-0.00933
673	-0.009253	-0.009221	-0.00918
674	-0.009055	-0.009076	-0.00903
675	-0.00887	-0.008863	-0.008881
676	-0.008686	-0.008645	-0.008732
677	-0.008465	-0.008471	-0.008562
678	-0.008237	-0.008305	-0.008389
679	-0.008127	-0.008144	-0.008225
680	-0.008055	-0.007984	-0.008063
681	-0.007912	-0.007841	-0.007902
682	-0.007736	-0.007705	-0.007741
683	-0.007536	-0.007546	-0.007584
684	-0.007319	-0.007373	-0.007431
685	-0.007158	-0.007201	-0.007258
686	-0.007046	-0.00703	-0.007068
687	-0.006894	-0.006862	-0.00686
688	-0.006695	-0.006695	-0.006633
689	-0.00653	-0.006557	-0.006461
690	-0.006422	-0.006465	-0.006378
691	-0.006285	-0.006335	-0.006273
692	-0.006084	-0.006124	-0.006115
693	-0.005891	-0.005917	-0.005955
694	-0.005722	-0.005726	-0.005787
695	-0.005547	-0.005528	-0.005609
696	-0.005341	-0.0053	-0.005387
697	-0.005145	-0.005086	-0.00517
698	-0.005047	-0.00499	-0.005004
699	-0.004946	-0.004892	-0.004839
700	-0.004765	-0.004716	-0.004713
701	-0.004584	-0.00454	-0.004588
702	-0.004377	-0.004339	-0.004365
703	-0.004169	-0.004136	-0.004138
704	-0.003998	-0.003969	-0.004005
705	-0.00383	-0.003807	-0.003883
706	-0.00372	-0.003703	-0.003745
707	-0.003622	-0.00361	-0.003604
708	-0.003425	-0.003403	-0.003438
709	-0.003197	-0.003162	-0.003264
710	-0.003066	-0.003018	-0.003102
711	-0.002977	-0.002915	-0.002945
712	-0.002833	-0.002773	-0.002808
713	-0.002659	-0.002609	-0.002683
714	-0.002463	-0.002403	-0.002469
715	-0.002253	-0.002165	-0.00219
716	-0.002095	-0.002045	-0.002064
717	-0.001986	-0.002036	-0.002079
718	-0.001871	-0.00192	-0.00198
719	-0.001748	-0.001679	-0.001745
720	-0.001584	-0.001466	-0.001518
[LOG]
CHECKSUMì