[HEADER]
Format	J&M ASCII Table
Comment	
Date	03/03/2026 19:52:24
Order	Y (evenX)
TechType	UV
NumPoints	411
FirstX	310
LastX	720
XType	nm
YType	Absorbance
ZType	s
NumSubFile	3
Matrix	Z vs X
[LOGIN]
Name=pcbob
[INSTRUMENT]
Name=TIDAS E Base UV/VI
Detector=MMS - ASPEN 97,5 kHz
Diodearray=256 Pixel
Serial#=36584
Calibrated=2011-07-01
Range=183.81-729.88 [nm] (F0)

SWVersion=v3.18.2 (build 0)[LOGIN]
Name=pcbob
[CONFIG]
ChannelName=Channel 1
ChannelType=Normalized
[PARAMETER]
It=400,00
Aver=5
Norm=3
Range=310,0-720,0 nm
Scan=Time
ScanTime=5,00 s
[TRIGGER]
Sweep=0
Scan=0
[DIO]
DigOut=0x0000
DigIn=0x0000
[DATA]
	00:00:00,000	00:00:02,000	00:00:04,000
310	0.568944	0.568649	0.568141
311	0.560239	0.559899	0.559452
312	0.551604	0.551191	0.550878
313	0.543193	0.542767	0.542485
314	0.535093	0.534734	0.534341
315	0.527003	0.526707	0.526241
316	0.518946	0.518698	0.518277
317	0.510912	0.510703	0.510324
318	0.5032	0.502919	0.502537
319	0.495489	0.495135	0.494751
320	0.487892	0.487463	0.487135
321	0.480309	0.479806	0.47954
322	0.472898	0.472472	0.472173
323	0.465556	0.46527	0.4649
324	0.458335	0.458059	0.457679
325	0.45122	0.450839	0.450506
326	0.4441	0.443683	0.443373
327	0.43697	0.436642	0.436313
328	0.429912	0.429655	0.429307
329	0.423186	0.422921	0.422548
330	0.416461	0.416187	0.415789
331	0.409765	0.409434	0.409027
332	0.40307	0.40268	0.402266
333	0.396448	0.396003	0.395696
334	0.389842	0.389341	0.389167
335	0.383384	0.382953	0.38276
336	0.377007	0.376713	0.37642
337	0.370728	0.370525	0.370158
338	0.364558	0.364393	0.363983
339	0.358436	0.358265	0.35784
340	0.352425	0.352145	0.35177
341	0.346422	0.346055	0.345723
342	0.340468	0.340186	0.339834
343	0.334514	0.334318	0.333945
344	0.328852	0.328629	0.328262
345	0.323206	0.322951	0.32259
346	0.317552	0.317317	0.316971
347	0.311896	0.311696	0.311368
348	0.306385	0.30613	0.305867
349	0.30097	0.3006	0.300436
350	0.295576	0.295089	0.29495
351	0.290209	0.289604	0.289391
352	0.284805	0.284161	0.283885
353	0.27929	0.278844	0.278539
354	0.2738	0.273533	0.273207
355	0.268595	0.268306	0.268043
356	0.26339	0.263079	0.26288
357	0.258303	0.257975	0.257736
358	0.253228	0.252885	0.252595
359	0.248264	0.24792	0.247581
360	0.243339	0.243002	0.242613
361	0.238464	0.238159	0.237775
362	0.233627	0.233374	0.233041
363	0.228823	0.228564	0.228279
364	0.22407	0.223712	0.223474
365	0.219355	0.218925	0.218717
366	0.214779	0.21437	0.214129
367	0.210209	0.209819	0.209548
368	0.205755	0.20537	0.205126
369	0.201302	0.20092	0.200705
370	0.196919	0.196526	0.196353
371	0.192547	0.192141	0.192012
372	0.188205	0.187889	0.187648
373	0.183877	0.183695	0.183274
374	0.179653	0.179485	0.179032
375	0.17552	0.175262	0.174905
376	0.171395	0.17108	0.170771
377	0.167283	0.166968	0.166625
378	0.163212	0.162905	0.162542
379	0.159319	0.159054	0.158729
380	0.155429	0.155203	0.154916
381	0.151678	0.1514	0.151083
382	0.147927	0.147596	0.14725
383	0.144253	0.143877	0.143582
384	0.140593	0.140172	0.139943
385	0.13694	0.13658	0.136351
386	0.13329	0.13304	0.13278
387	0.129814	0.129609	0.129314
388	0.126501	0.126281	0.125947
389	0.123234	0.123004	0.122635
390	0.120054	0.119824	0.119426
391	0.116863	0.116627	0.116218
392	0.113623	0.113353	0.113009
393	0.110385	0.110083	0.109802
394	0.107231	0.106979	0.106738
395	0.104076	0.103875	0.103675
396	0.101275	0.101102	0.100913
397	0.098537	0.09839	0.098206
398	0.095949	0.095772	0.095537
399	0.093431	0.093198	0.092886
400	0.090829	0.090566	0.090216
401	0.088149	0.087881	0.087528
402	0.085447	0.085197	0.084841
403	0.082706	0.082518	0.082154
404	0.080062	0.079902	0.07955
405	0.077855	0.077566	0.077311
406	0.075646	0.075231	0.075071
407	0.073302	0.072998	0.072821
408	0.070958	0.070766	0.07057
409	0.068602	0.068357	0.068222
410	0.066243	0.065918	0.065857
411	0.063838	0.063459	0.063409
412	0.061412	0.060991	0.060924
413	0.059045	0.058688	0.05859
414	0.056731	0.056534	0.056393
415	0.054412	0.054295	0.054132
416	0.052083	0.051907	0.051759
417	0.049793	0.049581	0.049427
418	0.047657	0.0475	0.047258
419	0.04553	0.045423	0.045099
420	0.043633	0.043452	0.043203
421	0.041735	0.041481	0.041307
422	0.03993	0.039712	0.039504
423	0.038138	0.037971	0.037714
424	0.036299	0.036108	0.035884
425	0.034442	0.034196	0.034037
426	0.032781	0.03253	0.032399
427	0.031278	0.031063	0.030927
428	0.029876	0.029682	0.029531
429	0.028631	0.028435	0.02825
430	0.027386	0.027186	0.026984
431	0.026139	0.025933	0.025768
432	0.024885	0.024677	0.024543
433	0.023545	0.023373	0.023202
434	0.022206	0.022069	0.021861
435	0.021028	0.020912	0.020751
436	0.019865	0.019769	0.019663
437	0.018687	0.018553	0.018423
438	0.017504	0.017314	0.017132
439	0.01636	0.01618	0.015994
440	0.015243	0.015119	0.014958
441	0.014161	0.014044	0.013916
442	0.013125	0.012951	0.012868
443	0.012126	0.011906	0.011856
444	0.01122	0.010985	0.010939
445	0.010323	0.010079	0.010038
446	0.009486	0.009287	0.009244
447	0.008649	0.008496	0.008451
448	0.007938	0.007776	0.007725
449	0.007231	0.007059	0.007002
450	0.006581	0.006388	0.0063
451	0.005945	0.005727	0.005603
452	0.005298	0.005095	0.004957
453	0.004645	0.004478	0.004339
454	0.003977	0.003827	0.003672
455	0.003294	0.003141	0.002958
456	0.002664	0.002512	0.002313
457	0.002135	0.00199	0.001795
458	0.001615	0.001475	0.001287
459	0.001136	0.000992	0.000818
460	0.000655	0.000508	0.000345
461	0.000105	-0.000014	-0.000221
462	-0.000444	-0.000537	-0.000786
463	-0.000976	-0.001051	-0.001259
464	-0.001505	-0.001565	-0.00172
465	-0.00183	-0.001954	-0.002077
466	-0.002081	-0.002298	-0.002396
467	-0.002327	-0.00256	-0.002643
468	-0.00257	-0.002764	-0.002839
469	-0.002801	-0.002974	-0.003061
470	-0.003016	-0.003193	-0.00332
471	-0.00324	-0.003414	-0.003578
472	-0.003484	-0.003639	-0.003835
473	-0.00373	-0.003873	-0.004091
474	-0.003983	-0.00416	-0.004339
475	-0.004236	-0.004446	-0.004587
476	-0.00448	-0.004661	-0.004775
477	-0.004724	-0.004876	-0.004961
478	-0.004897	-0.005047	-0.005169
479	-0.005055	-0.00521	-0.005381
480	-0.00534	-0.005498	-0.005663
481	-0.005684	-0.005844	-0.005977
482	-0.006178	-0.006351	-0.006486
483	-0.006802	-0.006997	-0.007164
484	-0.007388	-0.007579	-0.007748
485	-0.007915	-0.008059	-0.008184
486	-0.008277	-0.008393	-0.008481
487	-0.008119	-0.008266	-0.008341
488	-0.007962	-0.008136	-0.008199
489	-0.007808	-0.007971	-0.008034
490	-0.007655	-0.007806	-0.00787
491	-0.007379	-0.007603	-0.007688
492	-0.007096	-0.007397	-0.007505
493	-0.006951	-0.007206	-0.007327
494	-0.00684	-0.007018	-0.00715
495	-0.006764	-0.006889	-0.007037
496	-0.006707	-0.00679	-0.006956
497	-0.00665	-0.006758	-0.006894
498	-0.006593	-0.00679	-0.006852
499	-0.006553	-0.006788	-0.006815
500	-0.006541	-0.006731	-0.006787
501	-0.006517	-0.006676	-0.006749
502	-0.006452	-0.006623	-0.006678
503	-0.006394	-0.006576	-0.006612
504	-0.006403	-0.006582	-0.006618
505	-0.006411	-0.006588	-0.006624
506	-0.006398	-0.006618	-0.006631
507	-0.006384	-0.006649	-0.006638
508	-0.006386	-0.006662	-0.006676
509	-0.006391	-0.006671	-0.006721
510	-0.006316	-0.006554	-0.006644
511	-0.0062	-0.006373	-0.006505
512	-0.006135	-0.006288	-0.006436
513	-0.006116	-0.006289	-0.00643
514	-0.006089	-0.006279	-0.006382
515	-0.006049	-0.006251	-0.006266
516	-0.005977	-0.006185	-0.006153
517	-0.005804	-0.006003	-0.006046
518	-0.00564	-0.005831	-0.00594
519	-0.005545	-0.005742	-0.005845
520	-0.005449	-0.005654	-0.005749
521	-0.005363	-0.005575	-0.005629
522	-0.005277	-0.005496	-0.005508
523	-0.005115	-0.005323	-0.005377
524	-0.004937	-0.005131	-0.005243
525	-0.00489	-0.005111	-0.005237
526	-0.004898	-0.005165	-0.005286
527	-0.004937	-0.005209	-0.005352
528	-0.004999	-0.005245	-0.005432
529	-0.005087	-0.005289	-0.005474
530	-0.005209	-0.005341	-0.005466
531	-0.005289	-0.005389	-0.005473
532	-0.005267	-0.005427	-0.005518
533	-0.005251	-0.005467	-0.005556
534	-0.005262	-0.005514	-0.005565
535	-0.005271	-0.005556	-0.005571
536	-0.005225	-0.005427	-0.005457
537	-0.005178	-0.005298	-0.005343
538	-0.005083	-0.00522	-0.005316
539	-0.004982	-0.005148	-0.005298
540	-0.004906	-0.005092	-0.005221
541	-0.004839	-0.005042	-0.005126
542	-0.004769	-0.004949	-0.005037
543	-0.004697	-0.004831	-0.004951
544	-0.004587	-0.004708	-0.004836
545	-0.004437	-0.004582	-0.004692
546	-0.004314	-0.004487	-0.004573
547	-0.004236	-0.004447	-0.004496
548	-0.004151	-0.004383	-0.004414
549	-0.004043	-0.004247	-0.004322
550	-0.003935	-0.004112	-0.004229
551	-0.003834	-0.003984	-0.004135
552	-0.003733	-0.003857	-0.004041
553	-0.003653	-0.003814	-0.003975
554	-0.003572	-0.003773	-0.00391
555	-0.003547	-0.003762	-0.003846
556	-0.003531	-0.003755	-0.003782
557	-0.00348	-0.003715	-0.003734
558	-0.003417	-0.003662	-0.003693
559	-0.003373	-0.003611	-0.003662
560	-0.003341	-0.003561	-0.003636
561	-0.003291	-0.003493	-0.00359
562	-0.003221	-0.003406	-0.003524
563	-0.003166	-0.003348	-0.003469
564	-0.003138	-0.003341	-0.003436
565	-0.00315	-0.003361	-0.003439
566	-0.003292	-0.003471	-0.00356
567	-0.003428	-0.003578	-0.003671
568	-0.003517	-0.003668	-0.003714
569	-0.003606	-0.003757	-0.003758
570	-0.003752	-0.003886	-0.00394
571	-0.003898	-0.004015	-0.004123
572	-0.003922	-0.004059	-0.004177
573	-0.003929	-0.004092	-0.004212
574	-0.003991	-0.004148	-0.00425
575	-0.004072	-0.004213	-0.004289
576	-0.004147	-0.004258	-0.004338
577	-0.00422	-0.004292	-0.004393
578	-0.004263	-0.004338	-0.00444
579	-0.004278	-0.004396	-0.004479
580	-0.004258	-0.004404	-0.004477
581	-0.004182	-0.004336	-0.00441
582	-0.0041	-0.004252	-0.004327
583	-0.004002	-0.004129	-0.004203
584	-0.003876	-0.003988	-0.00406
585	-0.003605	-0.003752	-0.00382
586	-0.003339	-0.003518	-0.003582
587	-0.00319	-0.003337	-0.0034
588	-0.003041	-0.003155	-0.003217
589	-0.002765	-0.002872	-0.002939
590	-0.002479	-0.002581	-0.002654
591	-0.002254	-0.002353	-0.002432
592	-0.002042	-0.002139	-0.002224
593	-0.001881	-0.001994	-0.002073
594	-0.001742	-0.00188	-0.001946
595	-0.001582	-0.00171	-0.001781
596	-0.001407	-0.001502	-0.00159
597	-0.001217	-0.001309	-0.001401
598	-0.00101	-0.00113	-0.001214
599	-0.000832	-0.000962	-0.001042
600	-0.000704	-0.000813	-0.000893
601	-0.000565	-0.000669	-0.000745
602	-0.000394	-0.000543	-0.000596
603	-0.000219	-0.000403	-0.000442
604	-0.00002	-0.00018	-0.000262
605	0.000179	0.000041	-0.00008
606	0.000379	0.000233	0.000111
607	0.000579	0.000425	0.000303
608	0.00073	0.000573	0.00047
609	0.000877	0.000716	0.000635
610	0.001026	0.000873	0.000756
611	0.001174	0.001033	0.000868
612	0.001246	0.001091	0.000946
613	0.001286	0.001108	0.001011
614	0.001399	0.001233	0.001156
615	0.001557	0.001427	0.001353
616	0.001717	0.001591	0.001521
617	0.00188	0.001726	0.001661
618	0.002046	0.001882	0.001815
619	0.002218	0.002071	0.001991
620	0.002386	0.002254	0.002163
621	0.002548	0.002424	0.002325
622	0.00271	0.002595	0.002487
623	0.002876	0.00277	0.002652
624	0.003049	0.002947	0.002823
625	0.003296	0.003143	0.003062
626	0.003543	0.003339	0.003301
627	0.003704	0.00348	0.003426
628	0.003864	0.00362	0.00355
629	0.004053	0.003826	0.003751
630	0.004245	0.004041	0.00396
631	0.004448	0.004276	0.004165
632	0.004653	0.004517	0.004369
633	0.004775	0.004647	0.004517
634	0.00486	0.004729	0.00464
635	0.00504	0.004896	0.004815
636	0.005285	0.005121	0.005024
637	0.005475	0.005318	0.005195
638	0.00561	0.005488	0.005328
639	0.005742	0.005633	0.005463
640	0.005868	0.005744	0.005602
641	0.005977	0.005848	0.005722
642	0.006049	0.005938	0.005798
643	0.006127	0.006028	0.005876
644	0.006226	0.006115	0.005957
645	0.006321	0.006195	0.006043
646	0.006388	0.006219	0.006159
647	0.00645	0.006242	0.006267
648	0.006381	0.006231	0.006155
649	0.006313	0.006219	0.006044
650	0.005941	0.005831	0.005653
651	0.005551	0.00542	0.005245
652	0.004979	0.00487	0.004705
653	0.004375	0.004296	0.004142
654	0.003971	0.003892	0.003793
655	0.00363	0.003542	0.003511
656	0.003621	0.00353	0.003506
657	0.003773	0.003681	0.003636
658	0.004099	0.00399	0.003911
659	0.004547	0.004411	0.004289
660	0.005149	0.004997	0.004876
661	0.005903	0.005747	0.005671
662	0.006601	0.006441	0.006392
663	0.00722	0.007054	0.007009
664	0.007772	0.007603	0.007551
665	0.008189	0.008022	0.007942
666	0.008543	0.008382	0.008274
667	0.008702	0.008561	0.008422
668	0.008863	0.008736	0.008581
669	0.009029	0.008884	0.008791
670	0.009192	0.00903	0.008991
671	0.009317	0.009152	0.00908
672	0.009442	0.009274	0.009168
673	0.009512	0.009359	0.009236
674	0.009583	0.009444	0.009303
675	0.009654	0.009473	0.009387
676	0.009724	0.009498	0.009472
677	0.009824	0.0096	0.009569
678	0.009929	0.009718	0.009668
679	0.009975	0.009782	0.009724
680	0.010002	0.00983	0.009767
681	0.010063	0.009886	0.009807
682	0.010139	0.009946	0.009846
683	0.010226	0.010025	0.009944
684	0.01032	0.010116	0.010079
685	0.010401	0.010199	0.010183
686	0.01047	0.010276	0.01026
687	0.010557	0.010374	0.010343
688	0.010664	0.010496	0.010434
689	0.010763	0.010604	0.010522
690	0.010849	0.01069	0.010608
691	0.010966	0.010794	0.010725
692	0.011152	0.01094	0.010913
693	0.011309	0.011077	0.011076
694	0.011375	0.011184	0.01116
695	0.011439	0.011285	0.011238
696	0.011497	0.011354	0.011291
697	0.011562	0.011423	0.011345
698	0.01168	0.011483	0.011411
699	0.011798	0.011548	0.011483
700	0.011928	0.011743	0.011718
701	0.012059	0.011938	0.011954
702	0.012164	0.012025	0.011966
703	0.012269	0.012108	0.01197
704	0.012358	0.01216	0.012053
705	0.012446	0.01221	0.012146
706	0.012474	0.012247	0.012211
707	0.012491	0.012283	0.012271
708	0.012612	0.012425	0.012428
709	0.012766	0.0126	0.012614
710	0.012856	0.012729	0.012731
711	0.012919	0.01284	0.012819
712	0.01303	0.012954	0.012938
713	0.013166	0.013071	0.013074
714	0.013328	0.013211	0.013173
715	0.013507	0.013367	0.013245
716	0.013691	0.013514	0.013382
717	0.013879	0.013653	0.01358
718	0.013986	0.013757	0.013694
719	0.013999	0.013819	0.01371
720	0.014053	0.013901	0.013772
[LOG]
CHECKSUMº