[HEADER]
Format	J&M ASCII Table
Comment	
Date	03/03/2026 19:37:39
Order	Y (evenX)
TechType	UV
NumPoints	411
FirstX	310
LastX	720
XType	nm
YType	Absorbance
ZType	s
NumSubFile	3
Matrix	Z vs X
[LOGIN]
Name=pcbob
[INSTRUMENT]
Name=TIDAS E Base UV/VI
Detector=MMS - ASPEN 97,5 kHz
Diodearray=256 Pixel
Serial#=36584
Calibrated=2011-07-01
Range=183.81-729.88 [nm] (F0)

SWVersion=v3.18.2 (build 0)[LOGIN]
Name=pcbob
[CONFIG]
ChannelName=Channel 1
ChannelType=Normalized
[PARAMETER]
It=400,00
Aver=5
Norm=3
Range=310,0-720,0 nm
Scan=Time
ScanTime=5,00 s
[TRIGGER]
Sweep=0
Scan=0
[DIO]
DigOut=0x0000
DigIn=0x0000
[DATA]
	00:00:00,000	00:00:02,000	00:00:04,000
310	0.502077	0.501626	0.501218
311	0.49442	0.493927	0.493509
312	0.486842	0.486307	0.485863
313	0.479421	0.478891	0.478427
314	0.47222	0.471756	0.471281
315	0.465078	0.464657	0.464176
316	0.458124	0.457671	0.457197
317	0.451182	0.4507	0.45023
318	0.444436	0.443947	0.443454
319	0.437689	0.437194	0.436677
320	0.431	0.430541	0.430047
321	0.424318	0.4239	0.423436
322	0.41783	0.417413	0.416919
323	0.411422	0.41099	0.41044
324	0.405042	0.404605	0.404041
325	0.398688	0.398255	0.397714
326	0.392384	0.391945	0.391415
327	0.386172	0.385711	0.385168
328	0.37997	0.379505	0.378956
329	0.373809	0.373434	0.372908
330	0.367648	0.367362	0.36686
331	0.361699	0.361342	0.360849
332	0.35575	0.355323	0.354838
333	0.349962	0.349468	0.349005
334	0.344209	0.343648	0.343209
335	0.338489	0.337919	0.337531
336	0.332788	0.332239	0.331916
337	0.327199	0.326644	0.326352
338	0.321736	0.321145	0.320844
339	0.316286	0.315703	0.315367
340	0.310864	0.310395	0.309964
341	0.305473	0.305103	0.304586
342	0.3003	0.299923	0.299384
343	0.295128	0.294742	0.294182
344	0.290119	0.289727	0.289163
345	0.28512	0.284721	0.284153
346	0.280039	0.279724	0.279188
347	0.274934	0.274729	0.274237
348	0.269998	0.269698	0.269241
349	0.265175	0.264645	0.264216
350	0.260343	0.259723	0.259314
351	0.255501	0.254981	0.254577
352	0.250688	0.250232	0.249825
353	0.245965	0.245464	0.245027
354	0.241243	0.240712	0.240244
355	0.23653	0.236158	0.235635
356	0.231816	0.231604	0.231026
357	0.227326	0.227058	0.226507
358	0.222859	0.222514	0.221997
359	0.218428	0.218033	0.217549
360	0.214009	0.213577	0.213123
361	0.209702	0.20923	0.208818
362	0.205484	0.204971	0.20461
363	0.201215	0.200698	0.200336
364	0.196867	0.196403	0.195958
365	0.192571	0.192146	0.191649
366	0.188463	0.188028	0.187591
367	0.184359	0.183918	0.183535
368	0.180337	0.179953	0.17954
369	0.176315	0.175987	0.175545
370	0.172448	0.172109	0.171665
371	0.168604	0.168242	0.167802
372	0.164653	0.164273	0.163841
373	0.160655	0.16026	0.15984
374	0.156763	0.15636	0.156002
375	0.152964	0.15256	0.152309
376	0.149212	0.148811	0.148606
377	0.145545	0.14515	0.144887
378	0.141906	0.141517	0.1412
379	0.138384	0.137996	0.137653
380	0.134862	0.134475	0.134107
381	0.131305	0.130928	0.130595
382	0.127747	0.127381	0.127083
383	0.124343	0.124075	0.123655
384	0.120966	0.12081	0.120242
385	0.117681	0.117529	0.116942
386	0.114439	0.114241	0.113695
387	0.111293	0.11106	0.110552
388	0.108239	0.107979	0.107505
389	0.105235	0.104924	0.104498
390	0.102325	0.101917	0.101564
391	0.099365	0.098892	0.098592
392	0.096173	0.095788	0.095452
393	0.092985	0.092687	0.092315
394	0.09009	0.089789	0.089433
395	0.087195	0.086892	0.086551
396	0.084605	0.084291	0.083991
397	0.082069	0.081743	0.08149
398	0.079613	0.079301	0.079034
399	0.077195	0.07691	0.076601
400	0.074629	0.074375	0.074035
401	0.071925	0.071706	0.071343
402	0.06925	0.069038	0.068662
403	0.066631	0.06637	0.066001
404	0.064077	0.06378	0.063417
405	0.061817	0.06153	0.061173
406	0.059559	0.059281	0.058931
407	0.057368	0.057051	0.056741
408	0.055177	0.054822	0.054551
409	0.05288	0.052589	0.052264
410	0.050565	0.050356	0.049959
411	0.048222	0.048055	0.047655
412	0.045865	0.045723	0.04535
413	0.04359	0.043465	0.043078
414	0.04139	0.041272	0.040837
415	0.03917	0.039045	0.038589
416	0.036917	0.036761	0.03633
417	0.034675	0.034495	0.034093
418	0.032482	0.032304	0.03194
419	0.030298	0.030122	0.029793
420	0.028352	0.028161	0.027825
421	0.026407	0.026199	0.025857
422	0.024475	0.024308	0.023961
423	0.022544	0.022427	0.022075
424	0.02068	0.020601	0.020241
425	0.018842	0.018797	0.018427
426	0.017202	0.017149	0.016783
427	0.015722	0.015626	0.015274
428	0.014297	0.014182	0.013851
429	0.012955	0.012857	0.012557
430	0.011627	0.011551	0.011267
431	0.010341	0.010301	0.009985
432	0.009046	0.009039	0.008693
433	0.007649	0.007612	0.007267
434	0.006252	0.006184	0.00584
435	0.005041	0.004966	0.004648
436	0.003848	0.003766	0.003478
437	0.002561	0.002489	0.002211
438	0.001244	0.001188	0.000912
439	0.000032	0.000006	-0.000287
440	-0.00111	-0.001095	-0.001418
441	-0.002196	-0.002166	-0.002508
442	-0.003211	-0.003199	-0.003546
443	-0.004215	-0.00422	-0.004565
444	-0.005188	-0.005211	-0.005535
445	-0.006141	-0.006183	-0.006488
446	-0.00696	-0.007022	-0.007312
447	-0.007778	-0.00786	-0.008136
448	-0.008538	-0.008588	-0.008856
449	-0.009295	-0.009313	-0.009572
450	-0.010012	-0.010007	-0.010274
451	-0.010721	-0.010694	-0.010971
452	-0.011412	-0.011383	-0.011639
453	-0.012095	-0.012074	-0.012291
454	-0.012799	-0.012776	-0.013018
455	-0.013524	-0.01349	-0.01382
456	-0.014183	-0.014142	-0.01452
457	-0.014717	-0.014676	-0.015027
458	-0.01523	-0.015193	-0.015523
459	-0.015658	-0.015642	-0.015972
460	-0.016093	-0.016097	-0.016427
461	-0.016667	-0.016673	-0.017003
462	-0.017241	-0.017249	-0.01758
463	-0.017783	-0.017756	-0.01808
464	-0.018321	-0.018253	-0.018571
465	-0.018716	-0.018643	-0.018957
466	-0.01906	-0.018994	-0.019305
467	-0.019272	-0.01923	-0.019554
468	-0.019388	-0.019385	-0.019733
469	-0.019584	-0.019576	-0.019938
470	-0.019884	-0.019815	-0.020176
471	-0.020141	-0.020047	-0.020396
472	-0.020288	-0.02026	-0.02057
473	-0.020455	-0.020481	-0.020759
474	-0.020761	-0.020762	-0.02105
475	-0.021066	-0.021042	-0.021341
476	-0.021241	-0.021221	-0.021552
477	-0.021413	-0.021398	-0.021761
478	-0.021667	-0.021649	-0.021966
479	-0.021937	-0.021915	-0.022171
480	-0.022287	-0.022259	-0.022502
481	-0.022674	-0.022639	-0.02289
482	-0.023119	-0.023086	-0.023362
483	-0.023614	-0.023591	-0.023907
484	-0.024121	-0.024097	-0.024424
485	-0.024645	-0.024606	-0.024897
486	-0.025001	-0.02495	-0.025217
487	-0.02483	-0.024774	-0.025057
488	-0.024649	-0.024589	-0.024885
489	-0.024374	-0.024321	-0.024594
490	-0.0241	-0.024053	-0.024303
491	-0.023774	-0.02375	-0.024006
492	-0.023445	-0.023445	-0.023709
493	-0.023248	-0.02324	-0.023517
494	-0.023084	-0.02306	-0.023352
495	-0.022982	-0.022892	-0.023239
496	-0.022912	-0.022732	-0.023153
497	-0.022866	-0.022677	-0.023111
498	-0.022842	-0.02272	-0.023111
499	-0.022808	-0.022752	-0.023113
500	-0.022753	-0.022766	-0.023119
501	-0.022695	-0.022748	-0.023096
502	-0.022625	-0.022621	-0.022979
503	-0.022555	-0.022495	-0.022864
504	-0.022483	-0.022364	-0.022768
505	-0.022411	-0.022234	-0.022672
506	-0.022314	-0.022167	-0.022567
507	-0.022215	-0.022103	-0.022461
508	-0.022139	-0.022015	-0.02239
509	-0.022069	-0.02192	-0.022328
510	-0.021961	-0.021797	-0.0222
511	-0.021832	-0.02166	-0.022039
512	-0.021719	-0.021576	-0.021936
513	-0.021621	-0.02154	-0.021887
514	-0.021559	-0.021496	-0.02184
515	-0.021555	-0.021439	-0.021797
516	-0.021518	-0.021372	-0.021733
517	-0.021383	-0.021273	-0.021607
518	-0.021238	-0.021165	-0.021474
519	-0.021009	-0.020979	-0.021293
520	-0.020781	-0.020794	-0.021112
521	-0.020698	-0.02066	-0.021016
522	-0.02062	-0.020528	-0.020922
523	-0.020466	-0.020374	-0.020748
524	-0.020297	-0.020217	-0.020559
525	-0.020129	-0.02008	-0.02038
526	-0.01996	-0.019952	-0.020206
527	-0.019871	-0.019873	-0.020133
528	-0.019844	-0.019833	-0.020139
529	-0.01978	-0.019764	-0.020111
530	-0.019665	-0.019655	-0.020039
531	-0.019553	-0.019543	-0.01994
532	-0.019449	-0.019422	-0.019777
533	-0.019356	-0.019304	-0.019633
534	-0.019319	-0.019201	-0.01959
535	-0.019278	-0.019096	-0.019541
536	-0.019092	-0.018919	-0.019311
537	-0.018906	-0.018743	-0.019081
538	-0.018792	-0.01866	-0.01898
539	-0.018687	-0.018587	-0.018894
540	-0.018595	-0.018496	-0.018784
541	-0.018508	-0.018398	-0.018666
542	-0.018381	-0.018266	-0.018549
543	-0.018233	-0.018112	-0.018434
544	-0.018068	-0.017984	-0.018308
545	-0.017888	-0.017884	-0.018173
546	-0.01774	-0.01777	-0.018047
547	-0.017647	-0.017634	-0.017937
548	-0.017517	-0.017469	-0.017796
549	-0.017273	-0.017212	-0.017561
550	-0.017029	-0.016957	-0.017321
551	-0.016778	-0.016724	-0.017036
552	-0.016527	-0.016491	-0.016751
553	-0.016411	-0.016341	-0.016624
554	-0.016298	-0.016193	-0.0165
555	-0.01628	-0.016118	-0.016454
556	-0.016278	-0.016055	-0.016421
557	-0.016128	-0.015928	-0.016275
558	-0.015925	-0.015779	-0.016089
559	-0.015721	-0.015619	-0.015915
560	-0.015516	-0.015452	-0.015749
561	-0.015351	-0.015303	-0.015605
562	-0.015229	-0.015173	-0.015485
563	-0.015165	-0.015079	-0.015395
564	-0.015202	-0.015048	-0.015355
565	-0.01525	-0.015048	-0.015342
566	-0.015332	-0.01515	-0.015416
567	-0.015416	-0.015253	-0.015499
568	-0.015517	-0.015366	-0.01566
569	-0.015618	-0.015479	-0.01582
570	-0.015803	-0.015704	-0.016006
571	-0.015988	-0.015929	-0.016191
572	-0.01604	-0.015989	-0.016263
573	-0.016072	-0.016025	-0.016319
574	-0.016142	-0.016094	-0.016359
575	-0.016226	-0.016174	-0.016394
576	-0.016265	-0.01619	-0.016417
577	-0.016279	-0.01617	-0.016433
578	-0.016256	-0.016151	-0.016415
579	-0.016199	-0.016136	-0.016364
580	-0.016104	-0.016056	-0.016272
581	-0.015952	-0.015877	-0.016113
582	-0.015767	-0.015671	-0.015922
583	-0.015494	-0.015396	-0.015643
584	-0.015207	-0.015114	-0.015357
585	-0.014841	-0.014797	-0.015032
586	-0.014477	-0.014479	-0.014706
587	-0.014136	-0.014128	-0.014352
588	-0.013795	-0.013776	-0.013998
589	-0.013455	-0.013412	-0.013654
590	-0.013114	-0.013047	-0.013311
591	-0.012859	-0.012808	-0.01303
592	-0.012622	-0.012597	-0.012763
593	-0.012414	-0.012396	-0.012581
594	-0.012218	-0.0122	-0.012435
595	-0.012	-0.011981	-0.012238
596	-0.011767	-0.011747	-0.012005
597	-0.011534	-0.011517	-0.011757
598	-0.011301	-0.011291	-0.011493
599	-0.011104	-0.011091	-0.011297
600	-0.010968	-0.010935	-0.011218
601	-0.010825	-0.010775	-0.011105
602	-0.010657	-0.010602	-0.010889
603	-0.010478	-0.010419	-0.010668
604	-0.010239	-0.010176	-0.010418
605	-0.009993	-0.009928	-0.010162
606	-0.009584	-0.009534	-0.009774
607	-0.009175	-0.009139	-0.009386
608	-0.008977	-0.008902	-0.009139
609	-0.008796	-0.008678	-0.008902
610	-0.00856	-0.008477	-0.008689
611	-0.008312	-0.008282	-0.008481
612	-0.008083	-0.008072	-0.008278
613	-0.007862	-0.007857	-0.008076
614	-0.007642	-0.00763	-0.007853
615	-0.007423	-0.007395	-0.007618
616	-0.007157	-0.007136	-0.007364
617	-0.006844	-0.006853	-0.007092
618	-0.006569	-0.006582	-0.006828
619	-0.00635	-0.006329	-0.006575
620	-0.006138	-0.006085	-0.00634
621	-0.005941	-0.005862	-0.006144
622	-0.005732	-0.005633	-0.005942
623	-0.005472	-0.00538	-0.005712
624	-0.005219	-0.00513	-0.005482
625	-0.005041	-0.004906	-0.005242
626	-0.004863	-0.004681	-0.005003
627	-0.004614	-0.004487	-0.004787
628	-0.004364	-0.004292	-0.004571
629	-0.004124	-0.004041	-0.004319
630	-0.003884	-0.003784	-0.004064
631	-0.003622	-0.003545	-0.003818
632	-0.003354	-0.003311	-0.003576
633	-0.00316	-0.003115	-0.003362
634	-0.002997	-0.002937	-0.00316
635	-0.002852	-0.00277	-0.003002
636	-0.002719	-0.002612	-0.002874
637	-0.002521	-0.002413	-0.002688
638	-0.002259	-0.002175	-0.002444
639	-0.001988	-0.001927	-0.002187
640	-0.001703	-0.001662	-0.00191
641	-0.001479	-0.001428	-0.001678
642	-0.001389	-0.001261	-0.001542
643	-0.001288	-0.00111	-0.001413
644	-0.001145	-0.001018	-0.001303
645	-0.000995	-0.000917	-0.001187
646	-0.000795	-0.000749	-0.001022
647	-0.000604	-0.000588	-0.000863
648	-0.00068	-0.000621	-0.000872
649	-0.000757	-0.000653	-0.000881
650	-0.001188	-0.001106	-0.001335
651	-0.00164	-0.001584	-0.001815
652	-0.002372	-0.002305	-0.002541
653	-0.003154	-0.003067	-0.003309
654	-0.00368	-0.003591	-0.003816
655	-0.004128	-0.004041	-0.004242
656	-0.00416	-0.004084	-0.004313
657	-0.003991	-0.003931	-0.004213
658	-0.003577	-0.003532	-0.003817
659	-0.002991	-0.00296	-0.003214
660	-0.002196	-0.002151	-0.002403
661	-0.001191	-0.001105	-0.001384
662	-0.000255	-0.000159	-0.000446
663	0.000582	0.000643	0.000378
664	0.001315	0.001356	0.001099
665	0.001834	0.001886	0.001611
666	0.00227	0.002327	0.002051
667	0.002449	0.002497	0.002266
668	0.002631	0.002677	0.00248
669	0.002824	0.002905	0.002682
670	0.003013	0.003122	0.002877
671	0.003151	0.003209	0.00299
672	0.00329	0.003296	0.003104
673	0.003469	0.003512	0.003332
674	0.003649	0.003729	0.003561
675	0.003693	0.003837	0.00364
676	0.003726	0.003936	0.003705
677	0.003893	0.004053	0.003831
678	0.004086	0.004172	0.003967
679	0.00419	0.004276	0.004044
680	0.004266	0.004375	0.004102
681	0.004361	0.004465	0.004191
682	0.004465	0.004552	0.004295
683	0.004618	0.00468	0.004449
684	0.004803	0.004833	0.004636
685	0.004935	0.005004	0.004786
686	0.005022	0.005189	0.004904
687	0.005185	0.005373	0.005073
688	0.005438	0.005556	0.005305
689	0.005638	0.005715	0.005483
690	0.005753	0.005836	0.005574
691	0.005911	0.005983	0.005693
692	0.006164	0.006189	0.005875
693	0.006385	0.006379	0.006058
694	0.006506	0.006518	0.006243
695	0.006629	0.006658	0.006423
696	0.006772	0.006805	0.006575
697	0.006911	0.006948	0.006724
698	0.007019	0.007046	0.00684
699	0.00713	0.007149	0.00696
700	0.00733	0.007421	0.0072
701	0.007529	0.007693	0.007439
702	0.007672	0.007781	0.007549
703	0.007812	0.007862	0.007654
704	0.007948	0.008029	0.007786
705	0.008084	0.008206	0.007922
706	0.008199	0.008355	0.008053
707	0.008311	0.008499	0.008183
708	0.008509	0.008658	0.008337
709	0.008734	0.00882	0.008499
710	0.008858	0.008965	0.008645
711	0.00894	0.009101	0.008784
712	0.009051	0.009199	0.008922
713	0.009179	0.009275	0.00906
714	0.009352	0.009432	0.009259
715	0.009559	0.009647	0.009502
716	0.009768	0.00985	0.009695
717	0.009977	0.01004	0.009842
718	0.010155	0.010232	0.01
719	0.010297	0.010426	0.010172
720	0.010437	0.010576	0.010331
[LOG]
CHECKSUMÇÉ