[HEADER]
Format	J&M ASCII Table
Comment	
Date	03/03/2026 19:36:02
Order	Y (evenX)
TechType	UV
NumPoints	411
FirstX	310
LastX	720
XType	nm
YType	Absorbance
ZType	s
NumSubFile	3
Matrix	Z vs X
[LOGIN]
Name=pcbob
[INSTRUMENT]
Name=TIDAS E Base UV/VI
Detector=MMS - ASPEN 97,5 kHz
Diodearray=256 Pixel
Serial#=36584
Calibrated=2011-07-01
Range=183.81-729.88 [nm] (F0)

SWVersion=v3.18.2 (build 0)[LOGIN]
Name=pcbob
[CONFIG]
ChannelName=Channel 1
ChannelType=Normalized
[PARAMETER]
It=400,00
Aver=5
Norm=3
Range=310,0-720,0 nm
Scan=Time
ScanTime=5,00 s
[TRIGGER]
Sweep=0
Scan=0
[DIO]
DigOut=0x0000
DigIn=0x0000
[DATA]
	00:00:00,000	00:00:02,000	00:00:04,000
310	0.499019	0.4985	0.498
311	0.491259	0.490764	0.49028
312	0.483572	0.48312	0.48255
313	0.476116	0.475663	0.475093
314	0.46898	0.468465	0.468013
315	0.461887	0.461327	0.460959
316	0.454925	0.45438	0.453982
317	0.44797	0.447441	0.447014
318	0.441124	0.440613	0.440168
319	0.434278	0.433785	0.433321
320	0.427621	0.427103	0.426638
321	0.420989	0.42044	0.419976
322	0.414463	0.413915	0.413454
323	0.407981	0.407446	0.40699
324	0.401559	0.401024	0.40059
325	0.395191	0.394644	0.394246
326	0.388875	0.388329	0.387947
327	0.382656	0.382134	0.381733
328	0.376458	0.375952	0.375542
329	0.370356	0.369833	0.369455
330	0.364255	0.363714	0.363369
331	0.358285	0.357723	0.357393
332	0.352316	0.351732	0.351417
333	0.346394	0.345907	0.345517
334	0.340482	0.340119	0.339634
335	0.334797	0.334487	0.333976
336	0.329235	0.32894	0.328441
337	0.32374	0.323386	0.322883
338	0.318319	0.317824	0.317301
339	0.312884	0.3123	0.311777
340	0.307412	0.306867	0.306387
341	0.301984	0.301466	0.301029
342	0.296867	0.296297	0.295899
343	0.291751	0.291127	0.290769
344	0.28669	0.286125	0.285682
345	0.281632	0.281132	0.280597
346	0.276586	0.276087	0.2756
347	0.271544	0.271027	0.270628
348	0.266589	0.266089	0.265703
349	0.261691	0.261232	0.260809
350	0.256856	0.256397	0.255966
351	0.252107	0.251592	0.251191
352	0.247348	0.2468	0.246402
353	0.242563	0.242046	0.24157
354	0.23779	0.237304	0.23676
355	0.233163	0.232693	0.232194
356	0.228536	0.228083	0.227629
357	0.22408	0.223597	0.223131
358	0.219642	0.219123	0.218641
359	0.215187	0.214695	0.214177
360	0.210726	0.210283	0.209722
361	0.206337	0.20591	0.205389
362	0.202005	0.201569	0.201154
363	0.197676	0.197256	0.196899
364	0.193353	0.19299	0.192614
365	0.189091	0.188761	0.188358
366	0.185051	0.184665	0.184204
367	0.181018	0.180577	0.180061
368	0.177126	0.176662	0.176162
369	0.173234	0.172747	0.172263
370	0.169286	0.168844	0.168375
371	0.16533	0.164942	0.164488
372	0.161354	0.160931	0.160484
373	0.15737	0.156873	0.156429
374	0.153499	0.152971	0.152539
375	0.149726	0.149206	0.148793
376	0.14598	0.145474	0.145079
377	0.142277	0.141802	0.141421
378	0.13861	0.138163	0.137784
379	0.13509	0.134666	0.134231
380	0.131569	0.131169	0.130679
381	0.128032	0.127685	0.127178
382	0.124495	0.124202	0.123677
383	0.121131	0.1208	0.120336
384	0.117796	0.117412	0.117024
385	0.114542	0.114145	0.113761
386	0.111325	0.110934	0.110523
387	0.108186	0.107815	0.107358
388	0.105121	0.104782	0.104262
389	0.102119	0.101775	0.101241
390	0.099232	0.098814	0.098357
391	0.096308	0.095828	0.095422
392	0.093208	0.092726	0.092254
393	0.09011	0.089628	0.089091
394	0.087165	0.086824	0.086304
395	0.084221	0.084021	0.083517
396	0.081688	0.081492	0.080934
397	0.07923	0.079013	0.078387
398	0.076804	0.076564	0.075961
399	0.074393	0.074128	0.073591
400	0.071868	0.071581	0.071073
401	0.069234	0.068929	0.068414
402	0.066593	0.066272	0.065774
403	0.063939	0.063607	0.063172
404	0.061378	0.061029	0.060646
405	0.059234	0.058841	0.058457
406	0.057087	0.056653	0.056268
407	0.05486	0.054502	0.054106
408	0.052634	0.052352	0.051944
409	0.050344	0.050079	0.049693
410	0.048044	0.047786	0.047427
411	0.045741	0.045466	0.045092
412	0.043436	0.043133	0.042726
413	0.041203	0.040947	0.040501
414	0.039036	0.038893	0.038402
415	0.036857	0.036769	0.036283
416	0.03466	0.034521	0.034128
417	0.032487	0.032305	0.031987
418	0.030411	0.030216	0.029897
419	0.02834	0.028133	0.027812
420	0.02639	0.026197	0.025848
421	0.02444	0.024261	0.023884
422	0.022561	0.022407	0.022056
423	0.020693	0.020564	0.020246
424	0.018903	0.018771	0.018445
425	0.017145	0.016998	0.016647
426	0.01555	0.015401	0.015027
427	0.014086	0.013947	0.01355
428	0.012676	0.012568	0.012164
429	0.011347	0.011304	0.010919
430	0.010051	0.010035	0.009672
431	0.00886	0.008753	0.008422
432	0.007655	0.007467	0.007164
433	0.006276	0.006134	0.005802
434	0.004897	0.004802	0.00444
435	0.003668	0.003563	0.003212
436	0.002453	0.002332	0.001996
437	0.001257	0.001146	0.000824
438	0.000066	-0.000026	-0.000335
439	-0.00109	-0.00116	-0.001466
440	-0.002223	-0.002269	-0.002578
441	-0.003304	-0.003356	-0.003644
442	-0.00432	-0.004415	-0.00465
443	-0.005319	-0.005436	-0.005637
444	-0.006274	-0.006359	-0.006574
445	-0.007209	-0.007264	-0.007496
446	-0.008007	-0.00805	-0.008318
447	-0.008805	-0.008836	-0.00914
448	-0.009516	-0.00952	-0.009884
449	-0.010225	-0.0102	-0.010625
450	-0.010899	-0.010885	-0.011266
451	-0.011565	-0.011571	-0.011884
452	-0.012226	-0.012258	-0.01253
453	-0.012885	-0.012946	-0.013191
454	-0.01358	-0.013643	-0.013887
455	-0.014311	-0.014348	-0.014619
456	-0.014965	-0.014982	-0.015263
457	-0.015475	-0.01548	-0.015743
458	-0.015967	-0.015963	-0.016212
459	-0.016383	-0.016383	-0.016638
460	-0.016804	-0.016809	-0.017069
461	-0.017353	-0.017373	-0.017633
462	-0.017902	-0.017937	-0.018198
463	-0.018354	-0.01838	-0.018649
464	-0.018794	-0.018809	-0.019086
465	-0.019177	-0.019204	-0.019446
466	-0.01954	-0.019586	-0.01978
467	-0.019783	-0.019811	-0.020005
468	-0.019942	-0.019923	-0.020153
469	-0.020136	-0.0201	-0.020356
470	-0.020378	-0.020363	-0.02063
471	-0.020593	-0.020603	-0.020882
472	-0.020738	-0.020786	-0.021076
473	-0.020906	-0.020978	-0.021282
474	-0.021227	-0.021227	-0.021562
475	-0.021548	-0.021477	-0.021842
476	-0.021748	-0.021685	-0.022014
477	-0.021947	-0.021892	-0.022184
478	-0.022136	-0.022067	-0.02236
479	-0.022322	-0.022236	-0.022538
480	-0.022653	-0.022575	-0.022881
481	-0.023051	-0.022994	-0.0233
482	-0.023492	-0.023456	-0.023733
483	-0.02397	-0.023956	-0.024178
484	-0.024445	-0.024449	-0.024655
485	-0.024915	-0.024931	-0.025184
486	-0.025233	-0.025258	-0.025537
487	-0.025071	-0.025094	-0.025338
488	-0.024902	-0.024916	-0.025134
489	-0.024655	-0.024594	-0.024877
490	-0.024409	-0.024272	-0.02462
491	-0.024023	-0.023966	-0.024277
492	-0.023629	-0.023661	-0.02393
493	-0.023433	-0.023468	-0.02373
494	-0.023285	-0.023302	-0.023567
495	-0.023184	-0.023148	-0.023436
496	-0.023108	-0.023	-0.02332
497	-0.023068	-0.022929	-0.023269
498	-0.023063	-0.022929	-0.023281
499	-0.023042	-0.022931	-0.023265
500	-0.022991	-0.022938	-0.023205
501	-0.022929	-0.022917	-0.023135
502	-0.022829	-0.022804	-0.023034
503	-0.022726	-0.022693	-0.022933
504	-0.022607	-0.022598	-0.022828
505	-0.022489	-0.022502	-0.022723
506	-0.022397	-0.022377	-0.022619
507	-0.022308	-0.02225	-0.022515
508	-0.022239	-0.022167	-0.022456
509	-0.022176	-0.022095	-0.022408
510	-0.02202	-0.021938	-0.022267
511	-0.021818	-0.021739	-0.02208
512	-0.021707	-0.021634	-0.021976
513	-0.02168	-0.021616	-0.021947
514	-0.021656	-0.021578	-0.021888
515	-0.021638	-0.021507	-0.021779
516	-0.021577	-0.021426	-0.021659
517	-0.021388	-0.021312	-0.021508
518	-0.021205	-0.021192	-0.021358
519	-0.021073	-0.021031	-0.021215
520	-0.020942	-0.02087	-0.021073
521	-0.020792	-0.020682	-0.020949
522	-0.020642	-0.020493	-0.020826
523	-0.020446	-0.020325	-0.020638
524	-0.020241	-0.020161	-0.020437
525	-0.020094	-0.020033	-0.020304
526	-0.019973	-0.019921	-0.0202
527	-0.019895	-0.019853	-0.020141
528	-0.01985	-0.019819	-0.020117
529	-0.0198	-0.019755	-0.020048
530	-0.019745	-0.019649	-0.019916
531	-0.019659	-0.019532	-0.019789
532	-0.0195	-0.019387	-0.01967
533	-0.019356	-0.019256	-0.019564
534	-0.019289	-0.0192	-0.019523
535	-0.019218	-0.019141	-0.019477
536	-0.019024	-0.018947	-0.01923
537	-0.018831	-0.018754	-0.018984
538	-0.018707	-0.018652	-0.018869
539	-0.018592	-0.01856	-0.01877
540	-0.018487	-0.018462	-0.01868
541	-0.018383	-0.018361	-0.018594
542	-0.018262	-0.018213	-0.018454
543	-0.018131	-0.018037	-0.018282
544	-0.017991	-0.017879	-0.018134
545	-0.017842	-0.017737	-0.018008
546	-0.017716	-0.017604	-0.017896
547	-0.017627	-0.017485	-0.017808
548	-0.01751	-0.017338	-0.017682
549	-0.017304	-0.017101	-0.017437
550	-0.017081	-0.016864	-0.017183
551	-0.016725	-0.016631	-0.016863
552	-0.016368	-0.016399	-0.016544
553	-0.016273	-0.016248	-0.016456
554	-0.016181	-0.016099	-0.016372
555	-0.016144	-0.016055	-0.016275
556	-0.016115	-0.016029	-0.016176
557	-0.015949	-0.015905	-0.016058
558	-0.015733	-0.015745	-0.015933
559	-0.015552	-0.015563	-0.01579
560	-0.015392	-0.015367	-0.015638
561	-0.015238	-0.015188	-0.015453
562	-0.01509	-0.015029	-0.015234
563	-0.014998	-0.014921	-0.015094
564	-0.015005	-0.014906	-0.015094
565	-0.015024	-0.014921	-0.015125
566	-0.015084	-0.01503	-0.015254
567	-0.015153	-0.015142	-0.015382
568	-0.015296	-0.015272	-0.015497
569	-0.015439	-0.015402	-0.015612
570	-0.015646	-0.015562	-0.015778
571	-0.015854	-0.015722	-0.015945
572	-0.015907	-0.01579	-0.016007
573	-0.015937	-0.015845	-0.016054
574	-0.015992	-0.015916	-0.016123
575	-0.016055	-0.015992	-0.016198
576	-0.0161	-0.016013	-0.016225
577	-0.016133	-0.016	-0.016223
578	-0.016105	-0.01597	-0.016179
579	-0.016017	-0.015922	-0.016096
580	-0.015909	-0.01583	-0.015988
581	-0.015771	-0.015671	-0.015844
582	-0.015594	-0.015479	-0.015661
583	-0.015317	-0.015205	-0.015374
584	-0.015028	-0.014919	-0.015079
585	-0.014677	-0.014576	-0.014734
586	-0.014326	-0.014233	-0.014391
587	-0.013956	-0.013893	-0.014071
588	-0.013586	-0.013554	-0.013752
589	-0.013245	-0.013185	-0.013367
590	-0.012907	-0.012813	-0.012978
591	-0.01262	-0.012558	-0.012694
592	-0.012345	-0.012328	-0.012433
593	-0.012156	-0.012131	-0.012254
594	-0.012005	-0.011946	-0.012109
595	-0.011798	-0.011732	-0.011896
596	-0.011552	-0.011496	-0.011635
597	-0.011313	-0.011249	-0.011382
598	-0.011082	-0.010988	-0.011138
599	-0.010879	-0.01076	-0.010926
600	-0.010723	-0.010589	-0.010767
601	-0.010562	-0.010419	-0.010607
602	-0.010386	-0.010248	-0.010445
603	-0.010198	-0.010067	-0.010266
604	-0.00994	-0.009832	-0.009995
605	-0.009677	-0.009591	-0.009718
606	-0.009287	-0.009178	-0.00933
607	-0.008897	-0.008765	-0.008943
608	-0.008665	-0.008504	-0.008694
609	-0.008445	-0.008254	-0.008457
610	-0.008196	-0.008035	-0.008241
611	-0.007941	-0.007823	-0.008031
612	-0.007733	-0.007621	-0.007818
613	-0.007545	-0.007424	-0.007605
614	-0.007323	-0.007184	-0.007387
615	-0.00708	-0.006917	-0.007168
616	-0.00681	-0.006644	-0.006894
617	-0.006514	-0.006366	-0.006567
618	-0.006229	-0.006112	-0.006282
619	-0.005958	-0.005894	-0.00606
620	-0.00572	-0.00568	-0.005848
621	-0.005556	-0.005475	-0.005661
622	-0.00538	-0.00526	-0.005462
623	-0.005152	-0.005002	-0.005216
624	-0.004925	-0.004748	-0.004972
625	-0.004709	-0.004523	-0.004751
626	-0.004492	-0.004299	-0.00453
627	-0.004298	-0.004073	-0.004318
628	-0.004105	-0.003847	-0.004107
629	-0.003804	-0.003593	-0.003806
630	-0.003491	-0.003335	-0.003495
631	-0.003241	-0.003126	-0.003295
632	-0.003007	-0.00293	-0.003124
633	-0.002816	-0.002714	-0.002947
634	-0.002644	-0.002489	-0.002769
635	-0.002486	-0.002332	-0.002593
636	-0.002338	-0.002221	-0.002419
637	-0.002142	-0.002034	-0.002223
638	-0.001899	-0.001771	-0.002006
639	-0.001654	-0.001509	-0.001755
640	-0.001404	-0.001245	-0.001453
641	-0.001192	-0.00101	-0.001203
642	-0.001063	-0.000839	-0.001068
643	-0.000921	-0.000691	-0.00093
644	-0.00073	-0.000625	-0.000781
645	-0.000543	-0.000544	-0.000628
646	-0.000386	-0.000351	-0.000456
647	-0.000236	-0.000166	-0.000291
648	-0.00029	-0.000198	-0.000342
649	-0.000344	-0.00023	-0.000394
650	-0.000793	-0.000665	-0.000834
651	-0.001266	-0.001124	-0.001299
652	-0.002008	-0.001876	-0.002016
653	-0.002797	-0.002678	-0.002776
654	-0.00329	-0.003197	-0.003274
655	-0.003692	-0.003627	-0.00369
656	-0.003725	-0.00365	-0.003719
657	-0.00358	-0.003476	-0.00356
658	-0.003186	-0.003079	-0.003184
659	-0.002617	-0.002525	-0.002654
660	-0.001809	-0.001721	-0.001859
661	-0.000761	-0.000667	-0.0008
662	0.000206	0.0003	0.000158
663	0.001059	0.001141	0.000973
664	0.001775	0.001877	0.001684
665	0.00221	0.002395	0.002182
666	0.002599	0.002832	0.002613
667	0.002849	0.003016	0.002836
668	0.003092	0.003209	0.003054
669	0.003303	0.003447	0.003252
670	0.003506	0.003676	0.003444
671	0.003629	0.003794	0.00357
672	0.003752	0.003913	0.003695
673	0.003915	0.004054	0.003878
674	0.004078	0.004195	0.004061
675	0.004192	0.004328	0.004211
676	0.004302	0.004462	0.004359
677	0.004417	0.004608	0.004446
678	0.004532	0.004757	0.004521
679	0.004642	0.004875	0.004665
680	0.004749	0.004983	0.004831
681	0.004865	0.005089	0.004928
682	0.004986	0.005195	0.004992
683	0.005151	0.005321	0.005122
684	0.005344	0.005461	0.005295
685	0.005487	0.005595	0.005406
686	0.005585	0.005724	0.005463
687	0.005748	0.005892	0.005632
688	0.005987	0.006105	0.005936
689	0.006178	0.006285	0.006157
690	0.006295	0.006412	0.006248
691	0.006432	0.006561	0.006369
692	0.006616	0.006755	0.006561
693	0.006802	0.006937	0.006748
694	0.006997	0.007083	0.006922
695	0.007176	0.007228	0.007088
696	0.007274	0.007371	0.007215
697	0.007378	0.007517	0.007345
698	0.007536	0.00768	0.007497
699	0.007695	0.007844	0.00765
700	0.00789	0.008053	0.007851
701	0.008085	0.008262	0.008051
702	0.008181	0.008359	0.008104
703	0.008274	0.008452	0.00815
704	0.00845	0.00859	0.008338
705	0.008635	0.008732	0.008543
706	0.008816	0.008874	0.008729
707	0.008996	0.009016	0.008911
708	0.009147	0.009227	0.009058
709	0.009288	0.009459	0.009194
710	0.009375	0.009565	0.009337
711	0.009439	0.009618	0.009483
712	0.009588	0.009737	0.009633
713	0.009783	0.009892	0.009785
714	0.009974	0.010079	0.009982
715	0.010162	0.01029	0.010211
716	0.01034	0.010481	0.010381
717	0.010507	0.010656	0.010495
718	0.010675	0.010812	0.010625
719	0.010844	0.010947	0.010773
720	0.011016	0.011105	0.010941
[LOG]
CHECKSUMs 