[HEADER]
Format	J&M ASCII Table
Comment	
Date	03/03/2026 19:28:14
Order	Y (evenX)
TechType	UV
NumPoints	411
FirstX	310
LastX	720
XType	nm
YType	Absorbance
ZType	s
NumSubFile	3
Matrix	Z vs X
[LOGIN]
Name=pcbob
[INSTRUMENT]
Name=TIDAS E Base UV/VI
Detector=MMS - ASPEN 97,5 kHz
Diodearray=256 Pixel
Serial#=36584
Calibrated=2011-07-01
Range=183.81-729.88 [nm] (F0)

SWVersion=v3.18.2 (build 0)[LOGIN]
Name=pcbob
[CONFIG]
ChannelName=Channel 1
ChannelType=Normalized
[PARAMETER]
It=400,00
Aver=5
Norm=3
Range=310,0-720,0 nm
Scan=Time
ScanTime=5,00 s
[TRIGGER]
Sweep=0
Scan=0
[DIO]
DigOut=0x0000
DigIn=0x0000
[DATA]
	00:00:00,000	00:00:02,000	00:00:04,000
310	0.546001	0.5454	0.544959
311	0.537849	0.537286	0.536834
312	0.529752	0.529324	0.528768
313	0.521859	0.521467	0.520859
314	0.514249	0.513755	0.513165
315	0.506655	0.506084	0.505517
316	0.499114	0.498538	0.498013
317	0.491585	0.491009	0.490522
318	0.484237	0.483727	0.483204
319	0.476889	0.476444	0.475886
320	0.46977	0.469264	0.468717
321	0.46268	0.462096	0.461567
322	0.455686	0.45513	0.454602
323	0.448733	0.448248	0.447712
324	0.441798	0.441323	0.440814
325	0.434881	0.43436	0.433906
326	0.428022	0.42748	0.427061
327	0.421267	0.420753	0.42033
328	0.414541	0.41405	0.413612
329	0.407954	0.407464	0.406951
330	0.401367	0.400877	0.40029
331	0.394975	0.394481	0.393975
332	0.388582	0.388085	0.387661
333	0.382152	0.381656	0.381232
334	0.375715	0.375219	0.374779
335	0.369369	0.368921	0.36847
336	0.363072	0.362698	0.362238
337	0.356928	0.356582	0.356114
338	0.350953	0.350585	0.35011
339	0.345028	0.344627	0.344163
340	0.339224	0.338759	0.338352
341	0.333426	0.332906	0.332548
342	0.327664	0.327157	0.326787
343	0.321903	0.321408	0.321026
344	0.316285	0.315863	0.31547
345	0.310676	0.310329	0.309926
346	0.305144	0.304834	0.304472
347	0.299636	0.299351	0.299044
348	0.294221	0.293962	0.293657
349	0.288868	0.288635	0.288296
350	0.28362	0.283352	0.283028
351	0.278514	0.278126	0.277886
352	0.273372	0.272911	0.272723
353	0.268121	0.267727	0.267497
354	0.262895	0.262565	0.262296
355	0.25798	0.257666	0.257375
356	0.253065	0.252767	0.252454
357	0.248151	0.247861	0.247532
358	0.243236	0.242955	0.24261
359	0.238495	0.238242	0.23791
360	0.233819	0.233601	0.23329
361	0.229228	0.229002	0.228687
362	0.224705	0.224435	0.224097
363	0.220149	0.219861	0.219514
364	0.215541	0.215273	0.214942
365	0.210975	0.21071	0.2104
366	0.206564	0.206235	0.205965
367	0.202155	0.201767	0.201534
368	0.197795	0.197456	0.197176
369	0.193436	0.193145	0.192819
370	0.189304	0.189025	0.188694
371	0.185204	0.184933	0.184604
372	0.181084	0.180837	0.180494
373	0.176956	0.176739	0.176376
374	0.172803	0.172604	0.17224
375	0.168629	0.168436	0.168089
376	0.164537	0.164338	0.164012
377	0.160589	0.160366	0.160066
378	0.156667	0.156432	0.156154
379	0.152858	0.152658	0.152387
380	0.149052	0.148885	0.148621
381	0.145346	0.145122	0.144863
382	0.14164	0.141358	0.141104
383	0.137962	0.13773	0.137466
384	0.134289	0.134124	0.133849
385	0.130804	0.130624	0.130397
386	0.127405	0.127172	0.127022
387	0.124093	0.123838	0.1237
388	0.120862	0.120612	0.120429
389	0.117617	0.117407	0.117184
390	0.114347	0.114238	0.113986
391	0.111075	0.111043	0.110773
392	0.107789	0.107728	0.107489
393	0.104507	0.104416	0.104209
394	0.10147	0.101343	0.101169
395	0.098433	0.098269	0.098129
396	0.095704	0.095524	0.095375
397	0.09303	0.092839	0.092672
398	0.090416	0.090241	0.090065
399	0.087829	0.087683	0.087502
400	0.085118	0.084987	0.08481
401	0.082289	0.08216	0.081996
402	0.079489	0.079369	0.079182
403	0.076746	0.076643	0.07637
404	0.074072	0.073982	0.073648
405	0.071703	0.071614	0.071331
406	0.069336	0.069246	0.069015
407	0.067038	0.066895	0.066702
408	0.06474	0.064544	0.064389
409	0.062293	0.062078	0.061963
410	0.05982	0.059592	0.059519
411	0.057351	0.057154	0.057031
412	0.054882	0.054739	0.054525
413	0.05251	0.052405	0.052179
414	0.050225	0.050144	0.049977
415	0.047906	0.047829	0.047684
416	0.045529	0.04542	0.045234
417	0.043168	0.043029	0.042811
418	0.04087	0.040707	0.040496
419	0.038578	0.038396	0.038192
420	0.036449	0.036328	0.036159
421	0.034321	0.034261	0.034127
422	0.032351	0.032227	0.032127
423	0.030404	0.030198	0.030132
424	0.028468	0.028299	0.028191
425	0.026537	0.026451	0.026272
426	0.02481	0.024759	0.024553
427	0.023248	0.023192	0.022997
428	0.021754	0.021701	0.021514
429	0.020365	0.020326	0.020144
430	0.018981	0.018942	0.018775
431	0.017613	0.017531	0.017407
432	0.016236	0.016115	0.016026
433	0.01474	0.014649	0.014487
434	0.013245	0.013182	0.012948
435	0.0119	0.011825	0.011592
436	0.010569	0.010478	0.010253
437	0.009242	0.009116	0.008961
438	0.007916	0.00775	0.007684
439	0.00668	0.006522	0.006472
440	0.005505	0.005387	0.005305
441	0.004348	0.004237	0.004124
442	0.003213	0.003069	0.002926
443	0.00211	0.001959	0.001808
444	0.001086	0.000997	0.000896
445	0.000084	0.000046	-0.00002
446	-0.000767	-0.000825	-0.000962
447	-0.001618	-0.001696	-0.001904
448	-0.00243	-0.002513	-0.002728
449	-0.003241	-0.003328	-0.003548
450	-0.003994	-0.004086	-0.004296
451	-0.004734	-0.004831	-0.005027
452	-0.005498	-0.005605	-0.005763
453	-0.006275	-0.006393	-0.006502
454	-0.007042	-0.007165	-0.007261
455	-0.007802	-0.007921	-0.00804
456	-0.008533	-0.008634	-0.00877
457	-0.009213	-0.009267	-0.009409
458	-0.009849	-0.009872	-0.010015
459	-0.010307	-0.010362	-0.010481
460	-0.010771	-0.010857	-0.010953
461	-0.011396	-0.011469	-0.011594
462	-0.012022	-0.012081	-0.012235
463	-0.012539	-0.012605	-0.012786
464	-0.013041	-0.013118	-0.013326
465	-0.013451	-0.013531	-0.013705
466	-0.013827	-0.013908	-0.014026
467	-0.014122	-0.014191	-0.01429
468	-0.014358	-0.014406	-0.014514
469	-0.014626	-0.014679	-0.014786
470	-0.014938	-0.015028	-0.01512
471	-0.015227	-0.015352	-0.01543
472	-0.015461	-0.015609	-0.015682
473	-0.015713	-0.015873	-0.015938
474	-0.016092	-0.016177	-0.016227
475	-0.01647	-0.016481	-0.016515
476	-0.016709	-0.016772	-0.016831
477	-0.016945	-0.017063	-0.017147
478	-0.017173	-0.0173	-0.017417
479	-0.017399	-0.017527	-0.017677
480	-0.017793	-0.017875	-0.018017
481	-0.018264	-0.01828	-0.018394
482	-0.018728	-0.018743	-0.01885
483	-0.019184	-0.019256	-0.019376
484	-0.019658	-0.019763	-0.01989
485	-0.020158	-0.020261	-0.020385
486	-0.020491	-0.020606	-0.020722
487	-0.020298	-0.020469	-0.020561
488	-0.020108	-0.020327	-0.020394
489	-0.019947	-0.02013	-0.020169
490	-0.019785	-0.019934	-0.019945
491	-0.019565	-0.019698	-0.019723
492	-0.019342	-0.019459	-0.0195
493	-0.019203	-0.019301	-0.019359
494	-0.019084	-0.019162	-0.019237
495	-0.019021	-0.019079	-0.019177
496	-0.018986	-0.019026	-0.019147
497	-0.018942	-0.018996	-0.019154
498	-0.018889	-0.018989	-0.019193
499	-0.018872	-0.018986	-0.019204
500	-0.018914	-0.018993	-0.019165
501	-0.018927	-0.018994	-0.019121
502	-0.018838	-0.018979	-0.019063
503	-0.018754	-0.018958	-0.019005
504	-0.018711	-0.018882	-0.018948
505	-0.018667	-0.018806	-0.01889
506	-0.018609	-0.018699	-0.018826
507	-0.01855	-0.01859	-0.018762
508	-0.018451	-0.018484	-0.018676
509	-0.018341	-0.01838	-0.018585
510	-0.018209	-0.018249	-0.018448
511	-0.018065	-0.018105	-0.01829
512	-0.017989	-0.018019	-0.018203
513	-0.017973	-0.017985	-0.018182
514	-0.017962	-0.017981	-0.018163
515	-0.017957	-0.018027	-0.018147
516	-0.017925	-0.018035	-0.01811
517	-0.017809	-0.017927	-0.018009
518	-0.017693	-0.017818	-0.017907
519	-0.017585	-0.017696	-0.017799
520	-0.017476	-0.017574	-0.01769
521	-0.017383	-0.017502	-0.017582
522	-0.01729	-0.017432	-0.017473
523	-0.017115	-0.017265	-0.017329
524	-0.016923	-0.017077	-0.017178
525	-0.01682	-0.016954	-0.017059
526	-0.016755	-0.016859	-0.016955
527	-0.016698	-0.016802	-0.016898
528	-0.016649	-0.016775	-0.016877
529	-0.016588	-0.016705	-0.016828
530	-0.01651	-0.016578	-0.016743
531	-0.016419	-0.01646	-0.016646
532	-0.016298	-0.016364	-0.016526
533	-0.016187	-0.016274	-0.01641
534	-0.016135	-0.016208	-0.016319
535	-0.016079	-0.01614	-0.016228
536	-0.015891	-0.016013	-0.016096
537	-0.015703	-0.015886	-0.015963
538	-0.015635	-0.01579	-0.015901
539	-0.015581	-0.015697	-0.015848
540	-0.015517	-0.015595	-0.015746
541	-0.015449	-0.015489	-0.015629
542	-0.015347	-0.01538	-0.01549
543	-0.015226	-0.015269	-0.01534
544	-0.015115	-0.015178	-0.015227
545	-0.015014	-0.015109	-0.015151
546	-0.014923	-0.015027	-0.015079
547	-0.014848	-0.014926	-0.015014
548	-0.014739	-0.014808	-0.014924
549	-0.014526	-0.014641	-0.014756
550	-0.014309	-0.014462	-0.014576
551	-0.014067	-0.014202	-0.014311
552	-0.013825	-0.013942	-0.014047
553	-0.013706	-0.0138	-0.013885
554	-0.013588	-0.013658	-0.013724
555	-0.013499	-0.013577	-0.01364
556	-0.013416	-0.013506	-0.013568
557	-0.013276	-0.013387	-0.013458
558	-0.013115	-0.013251	-0.013334
559	-0.012973	-0.013099	-0.013182
560	-0.012843	-0.012937	-0.013012
561	-0.012725	-0.0128	-0.012876
562	-0.012622	-0.012688	-0.012774
563	-0.012537	-0.012601	-0.012718
564	-0.012488	-0.012557	-0.012745
565	-0.01247	-0.012553	-0.012786
566	-0.012558	-0.012676	-0.012872
567	-0.01266	-0.012804	-0.012961
568	-0.012878	-0.01297	-0.013077
569	-0.013096	-0.013137	-0.013193
570	-0.013253	-0.01332	-0.013399
571	-0.013408	-0.013503	-0.013606
572	-0.013477	-0.013561	-0.013665
573	-0.013532	-0.0136	-0.013701
574	-0.013549	-0.013614	-0.013729
575	-0.013554	-0.013619	-0.013754
576	-0.01358	-0.013666	-0.013786
577	-0.013618	-0.013738	-0.013821
578	-0.013604	-0.013724	-0.013793
579	-0.013542	-0.013629	-0.013703
580	-0.01343	-0.013497	-0.013583
581	-0.013243	-0.013308	-0.013414
582	-0.013024	-0.013103	-0.013215
583	-0.012722	-0.01286	-0.012939
584	-0.012424	-0.0126	-0.012653
585	-0.01215	-0.012253	-0.012314
586	-0.011873	-0.011909	-0.011978
587	-0.01154	-0.011619	-0.011702
588	-0.011207	-0.011329	-0.011426
589	-0.010873	-0.011009	-0.011108
590	-0.010538	-0.010688	-0.010787
591	-0.01031	-0.010457	-0.010532
592	-0.010105	-0.010247	-0.010292
593	-0.009944	-0.010089	-0.010112
594	-0.009802	-0.009953	-0.009956
595	-0.009636	-0.009771	-0.009789
596	-0.009453	-0.009557	-0.009615
597	-0.00924	-0.009332	-0.009423
598	-0.008993	-0.009097	-0.009212
599	-0.008811	-0.008912	-0.009041
600	-0.008741	-0.008815	-0.008941
601	-0.008646	-0.008702	-0.008823
602	-0.008479	-0.008546	-0.008655
603	-0.008298	-0.008377	-0.008474
604	-0.008036	-0.008137	-0.008213
605	-0.007771	-0.007893	-0.007949
606	-0.007429	-0.007542	-0.007625
607	-0.007087	-0.007191	-0.007301
608	-0.006848	-0.006955	-0.007046
609	-0.006616	-0.006728	-0.006796
610	-0.006385	-0.006514	-0.006614
611	-0.006153	-0.006304	-0.006446
612	-0.005954	-0.006113	-0.006248
613	-0.005768	-0.005929	-0.006037
614	-0.005559	-0.005694	-0.005782
615	-0.005334	-0.005425	-0.0055
616	-0.005076	-0.005142	-0.005229
617	-0.004783	-0.004846	-0.004972
618	-0.00452	-0.004571	-0.00472
619	-0.004301	-0.004326	-0.004478
620	-0.004084	-0.004096	-0.004244
621	-0.003874	-0.003904	-0.004033
622	-0.003669	-0.003716	-0.003829
623	-0.003482	-0.003548	-0.003653
624	-0.003291	-0.003378	-0.003473
625	-0.003064	-0.00318	-0.003262
626	-0.002838	-0.002982	-0.003051
627	-0.002638	-0.002759	-0.002847
628	-0.002438	-0.002535	-0.002642
629	-0.002216	-0.002344	-0.002438
630	-0.001992	-0.002157	-0.002233
631	-0.001803	-0.001964	-0.002053
632	-0.001622	-0.00177	-0.001879
633	-0.001472	-0.001613	-0.001706
634	-0.001336	-0.001472	-0.001532
635	-0.001201	-0.001319	-0.001384
636	-0.001067	-0.001158	-0.001254
637	-0.000866	-0.000961	-0.001062
638	-0.0006	-0.000728	-0.00081
639	-0.000355	-0.000497	-0.000566
640	-0.000142	-0.000269	-0.000333
641	0.000054	-0.000041	-0.000121
642	0.000212	0.000185	0.000049
643	0.000362	0.000377	0.000207
644	0.000487	0.000447	0.000326
645	0.00062	0.00053	0.000454
646	0.000812	0.000697	0.000639
647	0.000996	0.00086	0.000817
648	0.000946	0.000874	0.000773
649	0.000895	0.000887	0.00073
650	0.000526	0.00048	0.000414
651	0.000138	0.000048	0.000081
652	-0.000516	-0.000579	-0.000581
653	-0.001216	-0.001239	-0.0013
654	-0.001663	-0.00173	-0.0018
655	-0.002031	-0.002169	-0.002232
656	-0.002061	-0.002208	-0.002262
657	-0.001927	-0.002055	-0.002097
658	-0.001563	-0.001661	-0.001718
659	-0.001037	-0.001098	-0.001188
660	-0.000311	-0.000366	-0.000461
661	0.000616	0.000536	0.000462
662	0.001474	0.001371	0.001297
663	0.002233	0.002111	0.002009
664	0.00289	0.002762	0.002633
665	0.003338	0.003232	0.003077
666	0.003719	0.003635	0.003464
667	0.003895	0.003832	0.003676
668	0.004081	0.004021	0.003877
669	0.004314	0.004172	0.004017
670	0.004534	0.004322	0.004158
671	0.004608	0.004461	0.004303
672	0.004682	0.004599	0.004448
673	0.00483	0.004747	0.004533
674	0.004978	0.004895	0.004617
675	0.005082	0.004989	0.004785
676	0.005183	0.005079	0.00496
677	0.005281	0.005179	0.005166
678	0.005378	0.005282	0.005377
679	0.005514	0.005428	0.005448
680	0.005661	0.005588	0.005476
681	0.005802	0.005683	0.005578
682	0.00594	0.005749	0.005716
683	0.006061	0.005896	0.005841
684	0.006171	0.006096	0.005958
685	0.006308	0.006265	0.006089
686	0.006471	0.006406	0.006233
687	0.006652	0.006565	0.006399
688	0.006857	0.006743	0.006593
689	0.007034	0.006894	0.006774
690	0.007165	0.007002	0.006934
691	0.007314	0.007154	0.007113
692	0.007499	0.007402	0.007335
693	0.007678	0.007616	0.00753
694	0.007833	0.007721	0.00764
695	0.007988	0.007831	0.007756
696	0.008144	0.007971	0.007903
697	0.008293	0.008109	0.008049
698	0.008386	0.008236	0.008181
699	0.008482	0.008365	0.008315
700	0.008687	0.008564	0.008506
701	0.008892	0.008764	0.008697
702	0.008974	0.008869	0.008766
703	0.009052	0.008971	0.00883
704	0.009164	0.0091	0.008991
705	0.00928	0.009232	0.009164
706	0.009391	0.009335	0.009262
707	0.009501	0.009431	0.009345
708	0.009651	0.00958	0.009483
709	0.009813	0.009744	0.009639
710	0.009951	0.009844	0.009746
711	0.010079	0.009917	0.009833
712	0.010215	0.010049	0.009971
713	0.010355	0.010213	0.010138
714	0.010526	0.01043	0.010336
715	0.010719	0.010684	0.010556
716	0.010883	0.010878	0.010742
717	0.011021	0.011015	0.010895
718	0.011152	0.011148	0.011046
719	0.011278	0.011276	0.011194
720	0.011442	0.011424	0.011343
[LOG]
CHECKSUMÇr