[HEADER]
Format	J&M ASCII Table
Comment	
Date	03/03/2026 20:59:16
Order	Y (evenX)
TechType	UV
NumPoints	411
FirstX	310
LastX	720
XType	nm
YType	Absorbance
ZType	s
NumSubFile	3
Matrix	Z vs X
[LOGIN]
Name=pcbob
[INSTRUMENT]
Name=TIDAS E Base UV/VI
Detector=MMS - ASPEN 97,5 kHz
Diodearray=256 Pixel
Serial#=36584
Calibrated=2011-07-01
Range=183.81-729.88 [nm] (F0)

SWVersion=v3.18.2 (build 0)[LOGIN]
Name=pcbob
[CONFIG]
ChannelName=Channel 1
ChannelType=Normalized
[PARAMETER]
It=400,00
Aver=5
Norm=3
Range=310,0-720,0 nm
Scan=Time
ScanTime=5,00 s
[TRIGGER]
Sweep=0
Scan=0
[DIO]
DigOut=0x0000
DigIn=0x0000
[DATA]
	00:00:00,000	00:00:02,000	00:00:04,000
310	0.480538	0.480059	0.479753
311	0.473544	0.473071	0.472727
312	0.466573	0.466131	0.465746
313	0.459738	0.459307	0.458903
314	0.453091	0.452642	0.452252
315	0.446466	0.446016	0.44563
316	0.439915	0.439508	0.4391
317	0.433374	0.433009	0.43258
318	0.426991	0.426638	0.426213
319	0.420609	0.420266	0.419847
320	0.414443	0.41408	0.413651
321	0.408306	0.407917	0.407477
322	0.402205	0.401818	0.401421
323	0.396119	0.395745	0.395413
324	0.390077	0.389711	0.389406
325	0.384073	0.383711	0.3834
326	0.378163	0.377787	0.377469
327	0.372424	0.371999	0.371676
328	0.366679	0.366204	0.365875
329	0.36091	0.360371	0.360042
330	0.35514	0.354539	0.354208
331	0.349411	0.3489	0.348512
332	0.343681	0.343261	0.342817
333	0.338138	0.33777	0.337378
334	0.332633	0.332311	0.331994
335	0.327257	0.326931	0.326585
336	0.32195	0.321592	0.321161
337	0.316598	0.31624	0.315768
338	0.311195	0.310871	0.31041
339	0.305873	0.305573	0.305127
340	0.300741	0.30044	0.300023
341	0.295626	0.295326	0.294928
342	0.290628	0.290341	0.289899
343	0.285631	0.285356	0.284871
344	0.280777	0.280456	0.280014
345	0.275931	0.27556	0.275167
346	0.271136	0.270821	0.270378
347	0.266355	0.266127	0.265607
348	0.261672	0.261409	0.260941
349	0.257053	0.256673	0.256346
350	0.252428	0.252023	0.251736
351	0.247793	0.24749	0.247103
352	0.243199	0.242964	0.242514
353	0.238725	0.23846	0.238056
354	0.234262	0.233967	0.233606
355	0.22993	0.229611	0.229249
356	0.225598	0.225254	0.224892
357	0.221183	0.220868	0.220551
358	0.216759	0.216479	0.216212
359	0.212485	0.212178	0.211927
360	0.208267	0.207909	0.207663
361	0.204171	0.203774	0.203503
362	0.200172	0.199744	0.199425
363	0.196101	0.195655	0.19533
364	0.191915	0.191474	0.191205
365	0.187785	0.187357	0.187129
366	0.183856	0.183479	0.183227
367	0.179932	0.179605	0.179331
368	0.176106	0.175828	0.175568
369	0.172281	0.172051	0.171805
370	0.168569	0.168257	0.168028
371	0.164873	0.16446	0.16425
372	0.161057	0.160706	0.16047
373	0.157191	0.156969	0.15669
374	0.153475	0.153266	0.152972
375	0.149891	0.149594	0.149309
376	0.146317	0.145965	0.145687
377	0.142763	0.142412	0.142136
378	0.139218	0.138882	0.138593
379	0.135712	0.135453	0.135082
380	0.132208	0.132024	0.131577
381	0.128844	0.128606	0.128282
382	0.125479	0.125189	0.124987
383	0.122133	0.121846	0.121616
384	0.11879	0.118516	0.118232
385	0.11555	0.115286	0.115002
386	0.112357	0.112103	0.111842
387	0.109245	0.108969	0.108713
388	0.106209	0.10588	0.105612
389	0.103163	0.102833	0.102563
390	0.100098	0.099863	0.09961
391	0.097026	0.096867	0.096616
392	0.093926	0.093752	0.09344
393	0.09083	0.090641	0.09027
394	0.088036	0.087819	0.087525
395	0.085241	0.084997	0.084779
396	0.082706	0.082426	0.082218
397	0.080218	0.079901	0.079691
398	0.077815	0.077506	0.077281
399	0.075452	0.075173	0.074926
400	0.072912	0.072664	0.072394
401	0.070206	0.069989	0.069694
402	0.067513	0.0673	0.067005
403	0.064847	0.064583	0.064334
404	0.062234	0.061931	0.061716
405	0.059861	0.059571	0.059332
406	0.05749	0.057212	0.056951
407	0.055196	0.054911	0.05469
408	0.052903	0.05261	0.052428
409	0.050531	0.050229	0.049992
410	0.048146	0.047834	0.047526
411	0.045723	0.045442	0.045163
412	0.043284	0.043052	0.042845
413	0.040934	0.040699	0.040546
414	0.038664	0.03838	0.038264
415	0.036358	0.036081	0.035977
416	0.033988	0.033818	0.03368
417	0.031627	0.03153	0.031371
418	0.029308	0.029138	0.029016
419	0.026997	0.026757	0.026672
420	0.024877	0.024655	0.024621
421	0.022756	0.022552	0.022571
422	0.020686	0.020502	0.02047
423	0.018623	0.01846	0.018363
424	0.016672	0.016541	0.016431
425	0.014766	0.014672	0.014569
426	0.013019	0.012917	0.012816
427	0.011399	0.011253	0.01115
428	0.009855	0.009676	0.009583
429	0.008426	0.008235	0.008169
430	0.006984	0.006799	0.006748
431	0.005498	0.005384	0.005305
432	0.004003	0.003954	0.003847
433	0.00239	0.002344	0.002197
434	0.000778	0.000735	0.000546
435	-0.000605	-0.00066	-0.000821
436	-0.001967	-0.002036	-0.002163
437	-0.003341	-0.003414	-0.003517
438	-0.004718	-0.004792	-0.004875
439	-0.006048	-0.006136	-0.006207
440	-0.007346	-0.007456	-0.007523
441	-0.008588	-0.008698	-0.00877
442	-0.009758	-0.00984	-0.00993
443	-0.010899	-0.010951	-0.011065
444	-0.011967	-0.011985	-0.012139
445	-0.013034	-0.013021	-0.013204
446	-0.014095	-0.01408	-0.014202
447	-0.015155	-0.015138	-0.0152
448	-0.0161	-0.016161	-0.016221
449	-0.017042	-0.017183	-0.017242
450	-0.017907	-0.01805	-0.01809
451	-0.018755	-0.018882	-0.018898
452	-0.019639	-0.019737	-0.019794
453	-0.020542	-0.020605	-0.020735
454	-0.021409	-0.021457	-0.02159
455	-0.022241	-0.022292	-0.022362
456	-0.022998	-0.023054	-0.023085
457	-0.023612	-0.023677	-0.023716
458	-0.024234	-0.024315	-0.02435
459	-0.024881	-0.025014	-0.025
460	-0.02553	-0.025709	-0.02565
461	-0.026197	-0.026329	-0.026309
462	-0.026863	-0.026949	-0.026968
463	-0.027517	-0.027561	-0.027588
464	-0.028169	-0.028172	-0.028203
465	-0.028698	-0.028699	-0.028742
466	-0.029181	-0.029196	-0.029253
467	-0.029529	-0.029553	-0.029608
468	-0.029779	-0.029811	-0.029853
469	-0.030079	-0.030111	-0.030127
470	-0.030441	-0.030468	-0.03044
471	-0.030812	-0.030835	-0.030787
472	-0.031203	-0.031226	-0.031222
473	-0.0316	-0.031621	-0.031653
474	-0.03203	-0.032033	-0.032061
475	-0.03246	-0.032446	-0.03247
476	-0.032768	-0.032737	-0.032778
477	-0.033075	-0.033025	-0.033084
478	-0.033391	-0.033379	-0.033408
479	-0.03371	-0.033747	-0.033736
480	-0.034089	-0.034147	-0.03411
481	-0.034496	-0.034562	-0.034506
482	-0.034944	-0.034995	-0.034951
483	-0.035426	-0.035443	-0.03544
484	-0.035915	-0.035934	-0.03595
485	-0.036416	-0.036493	-0.036495
486	-0.036778	-0.036888	-0.036886
487	-0.036708	-0.036765	-0.036791
488	-0.036632	-0.036638	-0.036688
489	-0.036493	-0.036478	-0.036519
490	-0.036353	-0.036318	-0.03635
491	-0.036123	-0.036141	-0.036157
492	-0.035888	-0.035963	-0.035962
493	-0.03582	-0.035879	-0.035889
494	-0.035792	-0.035818	-0.035846
495	-0.035733	-0.035746	-0.035784
496	-0.035658	-0.035669	-0.035711
497	-0.035666	-0.035691	-0.035737
498	-0.035751	-0.035807	-0.035855
499	-0.035846	-0.035896	-0.035952
500	-0.035955	-0.035941	-0.036015
501	-0.036041	-0.035995	-0.036067
502	-0.036051	-0.03608	-0.036078
503	-0.036052	-0.036147	-0.03608
504	-0.035966	-0.036024	-0.03598
505	-0.03588	-0.035901	-0.035881
506	-0.035825	-0.035862	-0.035863
507	-0.035772	-0.035826	-0.035851
508	-0.035684	-0.035718	-0.035771
509	-0.035587	-0.035592	-0.035674
510	-0.035527	-0.035507	-0.035575
511	-0.035485	-0.035443	-0.035474
512	-0.035404	-0.035366	-0.035376
513	-0.035289	-0.035277	-0.035278
514	-0.035179	-0.035186	-0.035187
515	-0.035078	-0.035092	-0.035109
516	-0.035003	-0.035018	-0.035036
517	-0.035007	-0.035004	-0.03498
518	-0.035004	-0.034985	-0.034923
519	-0.034937	-0.034923	-0.034854
520	-0.03487	-0.03486	-0.034785
521	-0.03475	-0.034726	-0.034698
522	-0.034629	-0.03459	-0.03461
523	-0.03455	-0.03457	-0.034565
524	-0.034478	-0.034573	-0.034529
525	-0.034412	-0.034476	-0.034429
526	-0.034348	-0.034335	-0.034301
527	-0.034257	-0.034231	-0.03418
528	-0.034145	-0.034156	-0.034064
529	-0.034064	-0.034083	-0.033981
530	-0.034024	-0.034013	-0.033944
531	-0.033941	-0.033908	-0.033879
532	-0.033753	-0.033718	-0.033744
533	-0.033571	-0.033535	-0.033607
534	-0.033426	-0.03339	-0.03346
535	-0.03328	-0.033245	-0.033312
536	-0.033096	-0.033077	-0.033158
537	-0.032912	-0.03291	-0.033005
538	-0.032818	-0.032823	-0.032865
539	-0.032734	-0.032746	-0.032726
540	-0.032666	-0.032649	-0.03264
541	-0.032603	-0.032546	-0.032572
542	-0.032543	-0.032487	-0.032528
543	-0.032484	-0.032454	-0.032498
544	-0.032393	-0.032389	-0.03241
545	-0.032272	-0.032293	-0.032263
546	-0.032127	-0.032156	-0.032097
547	-0.031943	-0.031951	-0.0319
548	-0.031752	-0.03174	-0.031697
549	-0.031537	-0.031512	-0.031471
550	-0.031322	-0.031288	-0.03125
551	-0.031115	-0.031096	-0.031063
552	-0.030907	-0.030903	-0.030876
553	-0.030788	-0.03076	-0.030718
554	-0.030671	-0.030617	-0.030561
555	-0.03043	-0.030422	-0.030371
556	-0.03017	-0.030218	-0.030175
557	-0.02999	-0.030013	-0.029966
558	-0.029839	-0.029806	-0.029753
559	-0.02969	-0.029636	-0.029593
560	-0.02954	-0.029489	-0.029467
561	-0.029375	-0.029338	-0.029309
562	-0.029194	-0.029183	-0.029116
563	-0.029068	-0.029082	-0.028994
564	-0.029043	-0.029074	-0.029
565	-0.029032	-0.029069	-0.029009
566	-0.029063	-0.029068	-0.02903
567	-0.029099	-0.029074	-0.029053
568	-0.029173	-0.029126	-0.029096
569	-0.029247	-0.029178	-0.029139
570	-0.029441	-0.029377	-0.029326
571	-0.029635	-0.029576	-0.029514
572	-0.029705	-0.029662	-0.029601
573	-0.029755	-0.029732	-0.029673
574	-0.029752	-0.02974	-0.02968
575	-0.029731	-0.029728	-0.029664
576	-0.029736	-0.02971	-0.029668
577	-0.029756	-0.029689	-0.029683
578	-0.02973	-0.029668	-0.029681
579	-0.02966	-0.029648	-0.029664
580	-0.029549	-0.029559	-0.02957
581	-0.029376	-0.029364	-0.029356
582	-0.029155	-0.02913	-0.029109
583	-0.028812	-0.028794	-0.028777
584	-0.028464	-0.028448	-0.02843
585	-0.028092	-0.028049	-0.028007
586	-0.027717	-0.02765	-0.027586
587	-0.027289	-0.027252	-0.027222
588	-0.026861	-0.026854	-0.026859
589	-0.026489	-0.02646	-0.026464
590	-0.026121	-0.026066	-0.026067
591	-0.025835	-0.02581	-0.025776
592	-0.025568	-0.025585	-0.02551
593	-0.025392	-0.025402	-0.025319
594	-0.025254	-0.025236	-0.02516
595	-0.025073	-0.025022	-0.024976
596	-0.024862	-0.024774	-0.024775
597	-0.024637	-0.024547	-0.024565
598	-0.024396	-0.024342	-0.024344
599	-0.024183	-0.024151	-0.024129
600	-0.024017	-0.023983	-0.023923
601	-0.023847	-0.023812	-0.023728
602	-0.023662	-0.023631	-0.023567
603	-0.023462	-0.023435	-0.023392
604	-0.023173	-0.023142	-0.023129
605	-0.022885	-0.022851	-0.022867
606	-0.022598	-0.022576	-0.02259
607	-0.022312	-0.022302	-0.022314
608	-0.022031	-0.022029	-0.022031
609	-0.021751	-0.021755	-0.021748
610	-0.021487	-0.021486	-0.021462
611	-0.021227	-0.021218	-0.021176
612	-0.02097	-0.020926	-0.020903
613	-0.020713	-0.020624	-0.020635
614	-0.020458	-0.020381	-0.020372
615	-0.020203	-0.020175	-0.020111
616	-0.019886	-0.019882	-0.019786
617	-0.019509	-0.019502	-0.019398
618	-0.019179	-0.019162	-0.019072
619	-0.018919	-0.018884	-0.018839
620	-0.018665	-0.018621	-0.018608
621	-0.018425	-0.018396	-0.018384
622	-0.018165	-0.018148	-0.018132
623	-0.017822	-0.01781	-0.017767
624	-0.017497	-0.017491	-0.017421
625	-0.017346	-0.017347	-0.017258
626	-0.017195	-0.017202	-0.017095
627	-0.017029	-0.017048	-0.016964
628	-0.016864	-0.016893	-0.016833
629	-0.016632	-0.016638	-0.016555
630	-0.016393	-0.016371	-0.016259
631	-0.016174	-0.016143	-0.01604
632	-0.015961	-0.015926	-0.01584
633	-0.015737	-0.015713	-0.015623
634	-0.015508	-0.015501	-0.0154
635	-0.015367	-0.015356	-0.01526
636	-0.015284	-0.015255	-0.015176
637	-0.015141	-0.015123	-0.015043
638	-0.014939	-0.014958	-0.014862
639	-0.014698	-0.014736	-0.014636
640	-0.014403	-0.014428	-0.014347
641	-0.014127	-0.014133	-0.014074
642	-0.013896	-0.013864	-0.013841
643	-0.013666	-0.01361	-0.013623
644	-0.01344	-0.013409	-0.013463
645	-0.013227	-0.013211	-0.013299
646	-0.013109	-0.013038	-0.01311
647	-0.012994	-0.012867	-0.012925
648	-0.01295	-0.012804	-0.01283
649	-0.012906	-0.012741	-0.012735
650	-0.013149	-0.013074	-0.013055
651	-0.013409	-0.01343	-0.0134
652	-0.014074	-0.01407	-0.014038
653	-0.01481	-0.014759	-0.014726
654	-0.015264	-0.015249	-0.0152
655	-0.015629	-0.015678	-0.015607
656	-0.015632	-0.015667	-0.015613
657	-0.015459	-0.015444	-0.015426
658	-0.015078	-0.015035	-0.015022
659	-0.014549	-0.014496	-0.014467
660	-0.013778	-0.013743	-0.013689
661	-0.012763	-0.012775	-0.012689
662	-0.011879	-0.011908	-0.011817
663	-0.011179	-0.011183	-0.011125
664	-0.01058	-0.010575	-0.01053
665	-0.010185	-0.010208	-0.010136
666	-0.009837	-0.009884	-0.009786
667	-0.009636	-0.009693	-0.009575
668	-0.009435	-0.009499	-0.009366
669	-0.009233	-0.009287	-0.009169
670	-0.009033	-0.009078	-0.008976
671	-0.008854	-0.008884	-0.008835
672	-0.008674	-0.00869	-0.008695
673	-0.008527	-0.008528	-0.008501
674	-0.00838	-0.008366	-0.008307
675	-0.008191	-0.008184	-0.008109
676	-0.007997	-0.008001	-0.00791
677	-0.00784	-0.007839	-0.007763
678	-0.00769	-0.007681	-0.007625
679	-0.00752	-0.007514	-0.007473
680	-0.007344	-0.007343	-0.007317
681	-0.007193	-0.007202	-0.007147
682	-0.007054	-0.007075	-0.006969
683	-0.00689	-0.006916	-0.006815
684	-0.00671	-0.006736	-0.006675
685	-0.006545	-0.00657	-0.006507
686	-0.006394	-0.006416	-0.006312
687	-0.006209	-0.006216	-0.006113
688	-0.005985	-0.005961	-0.005909
689	-0.005794	-0.005768	-0.005739
690	-0.005656	-0.005674	-0.005624
691	-0.005511	-0.005554	-0.005489
692	-0.005352	-0.00538	-0.005309
693	-0.005191	-0.005204	-0.005128
694	-0.005023	-0.005023	-0.004945
695	-0.004845	-0.004838	-0.004755
696	-0.004616	-0.004632	-0.004533
697	-0.004397	-0.004433	-0.004321
698	-0.004271	-0.004292	-0.004189
699	-0.004142	-0.004148	-0.004055
700	-0.003931	-0.003939	-0.003836
701	-0.003719	-0.00373	-0.003616
702	-0.00353	-0.003539	-0.003485
703	-0.003342	-0.003348	-0.003358
704	-0.003188	-0.003172	-0.003212
705	-0.003038	-0.002998	-0.003065
706	-0.002914	-0.002921	-0.002917
707	-0.002796	-0.002864	-0.00277
708	-0.002644	-0.002648	-0.002611
709	-0.002482	-0.002385	-0.002449
710	-0.002358	-0.002257	-0.002289
711	-0.00225	-0.002187	-0.00213
712	-0.002108	-0.0021	-0.001988
713	-0.001948	-0.002004	-0.001857
714	-0.001764	-0.001825	-0.00167
715	-0.001564	-0.001584	-0.001442
716	-0.001432	-0.001418	-0.001309
717	-0.001363	-0.001321	-0.001264
718	-0.001233	-0.00118	-0.001158
719	-0.001029	-0.000988	-0.00098
720	-0.000815	-0.000816	-0.000768
[LOG]
CHECKSUMÍw