[HEADER]
Format	J&M ASCII Table
Comment	
Date	03/03/2026 20:26:30
Order	Y (evenX)
TechType	UV
NumPoints	411
FirstX	310
LastX	720
XType	nm
YType	Absorbance
ZType	s
NumSubFile	3
Matrix	Z vs X
[LOGIN]
Name=pcbob
[INSTRUMENT]
Name=TIDAS E Base UV/VI
Detector=MMS - ASPEN 97,5 kHz
Diodearray=256 Pixel
Serial#=36584
Calibrated=2011-07-01
Range=183.81-729.88 [nm] (F0)

SWVersion=v3.18.2 (build 0)[LOGIN]
Name=pcbob
[CONFIG]
ChannelName=Channel 1
ChannelType=Normalized
[PARAMETER]
It=400,00
Aver=5
Norm=3
Range=310,0-720,0 nm
Scan=Time
ScanTime=5,00 s
[TRIGGER]
Sweep=0
Scan=0
[DIO]
DigOut=0x0000
DigIn=0x0000
[DATA]
	00:00:00,000	00:00:02,000	00:00:04,000
310	0.666436	0.666147	0.666096
311	0.65659	0.656281	0.65622
312	0.646922	0.646596	0.646512
313	0.63742	0.63707	0.63697
314	0.628146	0.627763	0.627658
315	0.618928	0.618527	0.618418
316	0.609885	0.609514	0.609408
317	0.600859	0.600517	0.600413
318	0.592079	0.591773	0.59163
319	0.583298	0.583029	0.582848
320	0.574715	0.574509	0.574346
321	0.566157	0.566017	0.56588
322	0.557781	0.557657	0.557464
323	0.549479	0.549352	0.549069
324	0.541265	0.54111	0.540811
325	0.533127	0.532924	0.532674
326	0.52502	0.5248	0.52456
327	0.516969	0.516791	0.516487
328	0.508946	0.508798	0.508442
329	0.501052	0.500876	0.500531
330	0.493158	0.492954	0.49262
331	0.485436	0.485201	0.484919
332	0.477714	0.477449	0.477218
333	0.470149	0.469821	0.469638
334	0.462618	0.462221	0.462084
335	0.455121	0.454735	0.454641
336	0.447643	0.447312	0.447259
337	0.440207	0.439941	0.439879
338	0.432819	0.432627	0.432501
339	0.42553	0.425372	0.425208
340	0.418477	0.418257	0.418117
341	0.411443	0.411182	0.411051
342	0.40455	0.404389	0.404171
343	0.397657	0.397596	0.397291
344	0.39099	0.390789	0.390585
345	0.384336	0.383981	0.383889
346	0.37759	0.377315	0.377141
347	0.370817	0.370691	0.370379
348	0.364279	0.364157	0.363824
349	0.357898	0.357685	0.357409
350	0.351575	0.351331	0.351038
351	0.34533	0.345139	0.344727
352	0.339084	0.338927	0.338453
353	0.332834	0.332659	0.332287
354	0.326609	0.326414	0.326143
355	0.320686	0.32045	0.320259
356	0.314762	0.314487	0.314376
357	0.308885	0.308635	0.308524
358	0.303013	0.302794	0.302676
359	0.297208	0.297017	0.296857
360	0.291428	0.291263	0.291048
361	0.285762	0.285574	0.285343
362	0.280187	0.279935	0.279718
363	0.274657	0.274383	0.274171
364	0.269198	0.268967	0.268749
365	0.263806	0.263606	0.263393
366	0.258655	0.258446	0.258279
367	0.25351	0.253291	0.253167
368	0.248475	0.248275	0.248089
369	0.24344	0.243259	0.24301
370	0.238474	0.238235	0.238057
371	0.233519	0.23321	0.233123
372	0.228604	0.228357	0.228246
373	0.223707	0.223579	0.223395
374	0.218922	0.218821	0.218626
375	0.214238	0.214082	0.213929
376	0.20965	0.20948	0.209321
377	0.205232	0.205118	0.204869
378	0.200853	0.200774	0.200456
379	0.196635	0.196503	0.196212
380	0.19242	0.192237	0.191974
381	0.188321	0.188192	0.187997
382	0.184222	0.184147	0.184021
383	0.180242	0.180152	0.180007
384	0.176282	0.176167	0.175986
385	0.172405	0.172259	0.1721
386	0.168566	0.168387	0.168275
387	0.164861	0.164676	0.164556
388	0.161282	0.161114	0.160938
389	0.15774	0.157581	0.157375
390	0.154268	0.1541	0.153914
391	0.150812	0.150644	0.150468
392	0.147425	0.147303	0.147088
393	0.144043	0.143965	0.143715
394	0.141081	0.140895	0.140743
395	0.138119	0.137824	0.13777
396	0.135285	0.135089	0.134985
397	0.132475	0.132415	0.132234
398	0.129817	0.129778	0.1296
399	0.127231	0.127159	0.127019
400	0.124509	0.12444	0.124305
401	0.121658	0.121625	0.121464
402	0.118862	0.118844	0.118663
403	0.116171	0.116122	0.115937
404	0.113516	0.113446	0.113261
405	0.111018	0.110971	0.110805
406	0.108524	0.108499	0.108353
407	0.106224	0.106168	0.106086
408	0.103923	0.103837	0.103819
409	0.101516	0.101445	0.101339
410	0.099091	0.099043	0.098823
411	0.096754	0.096667	0.096472
412	0.094456	0.094302	0.094195
413	0.092188	0.092016	0.091959
414	0.089946	0.089802	0.08976
415	0.08773	0.087595	0.087556
416	0.085561	0.085401	0.085345
417	0.083348	0.083185	0.083114
418	0.080963	0.080884	0.080807
419	0.078592	0.07859	0.078507
420	0.076553	0.076505	0.076421
421	0.074513	0.074419	0.074334
422	0.072562	0.072439	0.072382
423	0.070623	0.070473	0.07045
424	0.068814	0.068726	0.0687
425	0.067057	0.067067	0.067022
426	0.065437	0.065456	0.065365
427	0.063927	0.063886	0.063725
428	0.062429	0.062364	0.062177
429	0.06095	0.060919	0.060769
430	0.059488	0.059466	0.059347
431	0.058078	0.057991	0.057876
432	0.056667	0.056524	0.056412
433	0.055256	0.05517	0.055034
434	0.053845	0.053816	0.053656
435	0.052565	0.052581	0.05245
436	0.051297	0.051356	0.05126
437	0.050011	0.050049	0.049986
438	0.04872	0.048715	0.048685
439	0.047507	0.047479	0.047451
440	0.046348	0.046311	0.046264
441	0.045252	0.045207	0.045149
442	0.044236	0.044185	0.044129
443	0.043253	0.043188	0.043119
444	0.042353	0.042251	0.042136
445	0.041431	0.041306	0.041157
446	0.040364	0.040299	0.040214
447	0.039298	0.039291	0.03927
448	0.038367	0.038336	0.038268
449	0.037441	0.037384	0.037264
450	0.036607	0.036554	0.036432
451	0.035795	0.035753	0.03564
452	0.034952	0.034893	0.034828
453	0.034094	0.034002	0.034005
454	0.033277	0.033169	0.033195
455	0.0325	0.032394	0.032396
456	0.031753	0.031663	0.031655
457	0.031061	0.031015	0.031022
458	0.030377	0.030362	0.030393
459	0.029733	0.029686	0.029782
460	0.029087	0.02901	0.029166
461	0.028416	0.028361	0.028423
462	0.027745	0.027711	0.02768
463	0.027105	0.027082	0.027024
464	0.026468	0.026456	0.026379
465	0.025888	0.025882	0.025791
466	0.025329	0.025327	0.025223
467	0.024857	0.024866	0.024786
468	0.024448	0.024473	0.024441
469	0.023984	0.023993	0.023971
470	0.023448	0.023398	0.023337
471	0.022899	0.022823	0.022742
472	0.022316	0.022301	0.022246
473	0.021741	0.021774	0.021736
474	0.021215	0.021224	0.021138
475	0.020689	0.020673	0.020541
476	0.020276	0.020211	0.020161
477	0.019866	0.019751	0.019785
478	0.019468	0.019374	0.019364
479	0.019073	0.019013	0.018934
480	0.018605	0.018542	0.018489
481	0.018103	0.018019	0.018038
482	0.017709	0.017619	0.017655
483	0.017408	0.017326	0.01733
484	0.01704	0.016964	0.016947
485	0.016569	0.016497	0.016471
486	0.016173	0.016107	0.016077
487	0.016014	0.015957	0.015941
488	0.015839	0.015795	0.015792
489	0.015524	0.015519	0.015527
490	0.015208	0.015242	0.015262
491	0.015055	0.015037	0.015035
492	0.014911	0.014836	0.014809
493	0.014678	0.014593	0.014589
494	0.014423	0.014339	0.014371
495	0.014232	0.014153	0.014159
496	0.014076	0.014001	0.01395
497	0.013827	0.013773	0.013718
498	0.013493	0.013475	0.013464
499	0.013204	0.013212	0.013211
500	0.012993	0.013009	0.012959
501	0.01277	0.012794	0.012714
502	0.012503	0.012537	0.012493
503	0.012247	0.01229	0.012279
504	0.012112	0.012147	0.012134
505	0.011977	0.012004	0.011988
506	0.011815	0.011792	0.011785
507	0.011652	0.011575	0.011579
508	0.011499	0.011408	0.011379
509	0.011348	0.011253	0.011181
510	0.011125	0.011075	0.010973
511	0.010865	0.010885	0.010759
512	0.010678	0.010702	0.01059
513	0.010557	0.010523	0.010461
514	0.010407	0.010345	0.010312
515	0.010211	0.010167	0.010128
516	0.010026	0.009998	0.009951
517	0.009872	0.009858	0.009792
518	0.009715	0.009711	0.009635
519	0.009536	0.009498	0.009493
520	0.009357	0.009285	0.00935
521	0.009202	0.009181	0.009175
522	0.009047	0.00908	0.008999
523	0.008844	0.008872	0.00879
524	0.008631	0.008641	0.008575
525	0.008466	0.008465	0.008435
526	0.008322	0.008311	0.008327
527	0.008195	0.008165	0.008214
528	0.00808	0.008023	0.008097
529	0.007973	0.007914	0.007962
530	0.007877	0.007846	0.007804
531	0.007783	0.007772	0.00767
532	0.007696	0.007683	0.007593
533	0.007617	0.0076	0.007523
534	0.007582	0.007556	0.007493
535	0.007542	0.007509	0.00746
536	0.007337	0.007343	0.007306
537	0.007133	0.007177	0.007151
538	0.007032	0.007062	0.007079
539	0.006943	0.006953	0.007017
540	0.006856	0.006841	0.006914
541	0.00677	0.006728	0.006799
542	0.006629	0.006611	0.006665
543	0.006458	0.006491	0.006521
544	0.006329	0.006369	0.006379
545	0.006243	0.006244	0.006237
546	0.006154	0.006149	0.006129
547	0.006062	0.006102	0.006079
548	0.00599	0.006061	0.006028
549	0.005979	0.006035	0.005976
550	0.005957	0.005993	0.00592
551	0.005857	0.005833	0.005836
552	0.005757	0.005673	0.005752
553	0.005705	0.005619	0.005699
554	0.005655	0.005567	0.005646
555	0.005631	0.005543	0.005579
556	0.005613	0.005523	0.005508
557	0.005545	0.005506	0.005454
558	0.00546	0.005489	0.005405
559	0.005399	0.005444	0.005378
560	0.005353	0.005381	0.005364
561	0.005304	0.005313	0.005304
562	0.005252	0.005239	0.005193
563	0.005192	0.005174	0.00511
564	0.005119	0.005126	0.005073
565	0.005049	0.005071	0.005036
566	0.004988	0.004991	0.004999
567	0.004934	0.004921	0.004964
568	0.004935	0.004934	0.004954
569	0.004937	0.004946	0.004943
570	0.004849	0.004868	0.004857
571	0.004761	0.00479	0.00477
572	0.004682	0.004709	0.004713
573	0.004605	0.004629	0.004661
574	0.004578	0.004575	0.004606
575	0.004567	0.004531	0.004549
576	0.004515	0.004484	0.004476
577	0.004439	0.004436	0.004392
578	0.004392	0.004414	0.004368
579	0.004374	0.004417	0.004403
580	0.004355	0.004412	0.004403
581	0.004336	0.004394	0.004351
582	0.004329	0.004381	0.004317
583	0.004352	0.004379	0.004328
584	0.004374	0.00438	0.004341
585	0.004394	0.004393	0.004354
586	0.004414	0.004406	0.004369
587	0.004442	0.004411	0.004401
588	0.004469	0.004416	0.004433
589	0.004466	0.004439	0.004442
590	0.00446	0.004462	0.004449
591	0.004457	0.004446	0.004433
592	0.004454	0.004421	0.004411
593	0.00439	0.004377	0.004369
594	0.0043	0.004327	0.004319
595	0.00428	0.004307	0.004291
596	0.004309	0.004309	0.004279
597	0.004316	0.004314	0.00427
598	0.004298	0.004321	0.004265
599	0.004281	0.004317	0.004259
600	0.004266	0.004296	0.004252
601	0.004252	0.004275	0.004237
602	0.004242	0.004254	0.0042
603	0.004233	0.004234	0.004172
604	0.004232	0.004222	0.004198
605	0.00423	0.004211	0.004223
606	0.004214	0.004224	0.004234
607	0.004197	0.004236	0.004245
608	0.004211	0.004191	0.004231
609	0.004228	0.004143	0.004216
610	0.004225	0.004168	0.004211
611	0.004218	0.00421	0.004208
612	0.004234	0.004233	0.004216
613	0.00426	0.004248	0.004229
614	0.004245	0.00423	0.004227
615	0.004204	0.004192	0.004216
616	0.004219	0.004213	0.004227
617	0.004289	0.004293	0.004262
618	0.004349	0.004348	0.004294
619	0.004393	0.004366	0.004325
620	0.004411	0.004371	0.00434
621	0.004365	0.004345	0.004322
622	0.004336	0.004329	0.004315
623	0.004371	0.004348	0.004361
624	0.004401	0.004362	0.004403
625	0.004386	0.004339	0.00441
626	0.00437	0.004316	0.004417
627	0.004266	0.00426	0.004307
628	0.004161	0.004204	0.004197
629	0.004153	0.00416	0.004134
630	0.004157	0.004118	0.004076
631	0.004118	0.004071	0.004085
632	0.004067	0.004024	0.004111
633	0.004072	0.004018	0.004091
634	0.004101	0.004031	0.004052
635	0.004087	0.004043	0.004003
636	0.004043	0.004055	0.003948
637	0.004059	0.004077	0.003966
638	0.004134	0.00411	0.004054
639	0.004152	0.004116	0.004111
640	0.004089	0.004085	0.00412
641	0.004053	0.004076	0.004124
642	0.004076	0.004115	0.004116
643	0.004109	0.004151	0.004121
644	0.004173	0.004178	0.004179
645	0.004236	0.004209	0.004233
646	0.004294	0.004278	0.004271
647	0.004352	0.004347	0.00431
648	0.004413	0.004415	0.0044
649	0.004473	0.004482	0.00449
650	0.0045	0.004516	0.004521
651	0.004524	0.004548	0.004548
652	0.004567	0.004567	0.004561
653	0.004613	0.004585	0.004572
654	0.004623	0.00461	0.004594
655	0.004622	0.004637	0.004619
656	0.004661	0.004686	0.004664
657	0.00472	0.004745	0.004718
658	0.004746	0.004757	0.00475
659	0.004751	0.004735	0.004766
660	0.004763	0.004736	0.004779
661	0.004783	0.00476	0.004789
662	0.004771	0.004756	0.004785
663	0.004714	0.004714	0.004762
664	0.004679	0.004674	0.00474
665	0.004688	0.00464	0.004723
666	0.004682	0.004616	0.00469
667	0.004631	0.004623	0.004609
668	0.004601	0.004644	0.004555
669	0.004684	0.004731	0.00464
670	0.004761	0.004813	0.004719
671	0.004776	0.00482	0.004734
672	0.004791	0.004828	0.004749
673	0.004779	0.004798	0.004736
674	0.004766	0.004767	0.004724
675	0.004746	0.004784	0.004746
676	0.004726	0.004804	0.004772
677	0.004812	0.004815	0.004796
678	0.004919	0.004824	0.004821
679	0.004926	0.004878	0.004858
680	0.004903	0.004945	0.004899
681	0.004915	0.004934	0.004887
682	0.004944	0.004887	0.004851
683	0.004981	0.004914	0.004921
684	0.005025	0.004989	0.005061
685	0.005051	0.005033	0.005105
686	0.005062	0.005052	0.005067
687	0.005088	0.0051	0.005075
688	0.005133	0.005181	0.005138
689	0.00516	0.005217	0.005176
690	0.005159	0.005179	0.005175
691	0.005174	0.005171	0.005186
692	0.005224	0.005229	0.005223
693	0.00527	0.00528	0.00526
694	0.005303	0.005307	0.005295
695	0.005338	0.005335	0.005334
696	0.005381	0.005363	0.005392
697	0.005418	0.005384	0.005439
698	0.005387	0.005348	0.005404
699	0.00536	0.005315	0.00537
700	0.005432	0.005365	0.005395
701	0.005503	0.005414	0.005421
702	0.005538	0.00548	0.005522
703	0.005573	0.005547	0.005627
704	0.00557	0.00556	0.005639
705	0.005563	0.005566	0.00564
706	0.005562	0.005554	0.005609
707	0.005562	0.005538	0.005571
708	0.005616	0.005557	0.005618
709	0.005687	0.005586	0.005692
710	0.005676	0.005621	0.005691
711	0.005631	0.005659	0.00566
712	0.005589	0.00567	0.005662
713	0.005548	0.005668	0.005682
714	0.005599	0.005698	0.005728
715	0.005716	0.005752	0.005793
716	0.005729	0.005744	0.005765
717	0.005646	0.005677	0.005651
718	0.005679	0.005687	0.005647
719	0.00585	0.005787	0.005771
720	0.005961	0.005863	0.005873
[LOG]
CHECKSUMþÃ