[HEADER]
Format	J&M ASCII Table
Comment	
Date	03/03/2026 19:32:49
Order	Y (evenX)
TechType	UV
NumPoints	411
FirstX	310
LastX	720
XType	nm
YType	Absorbance
ZType	s
NumSubFile	3
Matrix	Z vs X
[LOGIN]
Name=pcbob
[INSTRUMENT]
Name=TIDAS E Base UV/VI
Detector=MMS - ASPEN 97,5 kHz
Diodearray=256 Pixel
Serial#=36584
Calibrated=2011-07-01
Range=183.81-729.88 [nm] (F0)

SWVersion=v3.18.2 (build 0)[LOGIN]
Name=pcbob
[CONFIG]
ChannelName=Channel 1
ChannelType=Normalized
[PARAMETER]
It=400,00
Aver=5
Norm=3
Range=310,0-720,0 nm
Scan=Time
ScanTime=5,00 s
[TRIGGER]
Sweep=0
Scan=0
[DIO]
DigOut=0x0000
DigIn=0x0000
[DATA]
	00:00:00,000	00:00:02,000	00:00:04,000
310	0.547387	0.546934	0.546434
311	0.539185	0.538711	0.538209
312	0.531082	0.530564	0.53009
313	0.52316	0.522624	0.522185
314	0.515491	0.514969	0.514578
315	0.507852	0.507354	0.506981
316	0.500311	0.499864	0.499418
317	0.49278	0.492379	0.491866
318	0.48539	0.484975	0.484497
319	0.478001	0.477571	0.477128
320	0.470845	0.470436	0.470007
321	0.46372	0.463337	0.462918
322	0.456771	0.456346	0.455896
323	0.449894	0.4494	0.448902
324	0.442978	0.442441	0.441951
325	0.436027	0.435473	0.435039
326	0.429113	0.428571	0.428186
327	0.422263	0.421793	0.421444
328	0.415456	0.415043	0.414712
329	0.408846	0.408432	0.408024
330	0.402236	0.40182	0.401337
331	0.395767	0.395397	0.394937
332	0.389299	0.388975	0.388536
333	0.382859	0.382503	0.382067
334	0.376425	0.37602	0.375583
335	0.370104	0.36969	0.36928
336	0.363845	0.363442	0.363075
337	0.357693	0.357309	0.356974
338	0.351661	0.351304	0.350987
339	0.345672	0.345337	0.345033
340	0.339784	0.339461	0.339153
341	0.333918	0.333602	0.333294
342	0.328212	0.327864	0.327583
343	0.322507	0.322125	0.321872
344	0.316875	0.31658	0.316175
345	0.311247	0.311046	0.310479
346	0.305719	0.305485	0.304984
347	0.30022	0.299916	0.29955
348	0.294816	0.294542	0.294185
349	0.289476	0.289298	0.288867
350	0.284199	0.284044	0.283575
351	0.279009	0.278776	0.278318
352	0.273811	0.273519	0.273072
353	0.268591	0.268292	0.267857
354	0.263388	0.263089	0.262668
355	0.258401	0.258167	0.257793
356	0.253414	0.253246	0.252917
357	0.248547	0.248285	0.248005
358	0.243691	0.243319	0.243088
359	0.238938	0.238556	0.238389
360	0.234222	0.233866	0.233768
361	0.22961	0.229286	0.229172
362	0.225079	0.224792	0.224595
363	0.220513	0.22025	0.219996
364	0.215888	0.215632	0.215363
365	0.211293	0.211036	0.21076
366	0.206801	0.206516	0.206271
367	0.202318	0.202008	0.201792
368	0.198032	0.19775	0.197561
369	0.193746	0.193492	0.193329
370	0.189624	0.189367	0.189131
371	0.185527	0.18526	0.184937
372	0.181356	0.181114	0.180804
373	0.177153	0.176952	0.176697
374	0.172979	0.172812	0.172592
375	0.16883	0.168691	0.168489
376	0.164769	0.164629	0.164419
377	0.160864	0.160671	0.160405
378	0.156969	0.156731	0.156432
379	0.15312	0.152868	0.152627
380	0.149272	0.149008	0.148825
381	0.145495	0.145265	0.145127
382	0.141719	0.141522	0.141429
383	0.138114	0.137907	0.137771
384	0.134538	0.134313	0.13412
385	0.131063	0.130812	0.130611
386	0.127634	0.127352	0.127168
387	0.124254	0.123987	0.123833
388	0.120922	0.120711	0.120599
389	0.117664	0.117483	0.117369
390	0.114545	0.114346	0.114147
391	0.111386	0.111171	0.110921
392	0.108042	0.107823	0.107678
393	0.104701	0.104479	0.104437
394	0.101601	0.101383	0.10137
395	0.0985	0.098286	0.098303
396	0.095778	0.095575	0.095515
397	0.093124	0.092933	0.092777
398	0.090492	0.090285	0.090136
399	0.087869	0.087634	0.08754
400	0.085144	0.08493	0.084855
401	0.082321	0.082179	0.082086
402	0.079535	0.079436	0.079325
403	0.076816	0.07671	0.076582
404	0.074156	0.074044	0.073895
405	0.07176	0.071644	0.071461
406	0.069366	0.069245	0.06903
407	0.06704	0.066874	0.066748
408	0.064714	0.064502	0.064467
409	0.062275	0.062172	0.062043
410	0.059816	0.059849	0.059595
411	0.057325	0.057378	0.057096
412	0.054819	0.054841	0.054576
413	0.052444	0.052418	0.052224
414	0.050185	0.050096	0.050025
415	0.047859	0.04775	0.047723
416	0.045414	0.045362	0.045239
417	0.043003	0.042992	0.042797
418	0.04073	0.040696	0.040517
419	0.038464	0.03841	0.038245
420	0.036404	0.036354	0.036185
421	0.034344	0.034299	0.034124
422	0.032322	0.032275	0.032119
423	0.030306	0.030257	0.030121
424	0.028369	0.028344	0.028197
425	0.026465	0.026474	0.026303
426	0.024732	0.024735	0.024568
427	0.023138	0.023102	0.022962
428	0.021629	0.021564	0.021469
429	0.020252	0.020172	0.02015
430	0.018885	0.018791	0.018822
431	0.01755	0.017444	0.017458
432	0.016203	0.016084	0.016084
433	0.014718	0.014567	0.014567
434	0.013233	0.01305	0.01305
435	0.011862	0.011715	0.011721
436	0.010502	0.010397	0.010411
437	0.009142	0.009054	0.009084
438	0.007783	0.007703	0.007752
439	0.006533	0.006448	0.006455
440	0.005357	0.005256	0.005182
441	0.004191	0.0041	0.003989
442	0.003036	0.00299	0.002899
443	0.001946	0.001922	0.001846
444	0.001019	0.000958	0.000887
445	0.000089	-0	-0.000066
446	-0.000868	-0.000926	-0.000988
447	-0.001825	-0.001852	-0.001909
448	-0.00263	-0.002676	-0.002711
449	-0.00343	-0.003496	-0.003509
450	-0.004158	-0.00425	-0.004272
451	-0.004869	-0.004989	-0.005027
452	-0.005632	-0.005756	-0.005796
453	-0.006422	-0.006537	-0.006573
454	-0.007196	-0.007313	-0.007346
455	-0.007956	-0.008086	-0.008116
456	-0.008679	-0.008806	-0.008835
457	-0.009335	-0.00943	-0.009457
458	-0.009956	-0.010027	-0.010055
459	-0.010435	-0.010514	-0.010555
460	-0.010919	-0.011007	-0.011059
461	-0.011537	-0.01166	-0.011666
462	-0.012155	-0.012312	-0.012272
463	-0.012695	-0.012838	-0.012857
464	-0.013225	-0.013347	-0.01344
465	-0.013649	-0.01375	-0.013847
466	-0.014034	-0.014115	-0.014192
467	-0.014298	-0.01439	-0.014429
468	-0.014477	-0.014602	-0.014591
469	-0.014718	-0.014848	-0.014823
470	-0.015042	-0.015137	-0.015149
471	-0.015342	-0.015414	-0.015463
472	-0.015584	-0.015659	-0.015749
473	-0.015843	-0.01592	-0.016034
474	-0.016212	-0.016295	-0.016316
475	-0.016582	-0.01667	-0.016598
476	-0.016805	-0.01692	-0.016885
477	-0.017026	-0.017168	-0.017172
478	-0.017318	-0.017402	-0.017437
479	-0.017624	-0.017633	-0.017697
480	-0.017995	-0.018012	-0.018071
481	-0.018397	-0.018461	-0.018499
482	-0.018877	-0.01894	-0.018976
483	-0.019424	-0.019446	-0.019495
484	-0.019946	-0.019963	-0.020007
485	-0.020426	-0.020498	-0.020507
486	-0.020754	-0.020872	-0.020851
487	-0.020606	-0.02074	-0.020702
488	-0.020453	-0.020596	-0.020549
489	-0.020253	-0.02034	-0.020353
490	-0.020053	-0.020084	-0.020157
491	-0.019786	-0.019828	-0.019936
492	-0.019515	-0.019571	-0.019713
493	-0.019349	-0.019411	-0.019528
494	-0.019208	-0.019273	-0.019353
495	-0.019179	-0.019221	-0.019299
496	-0.019207	-0.019214	-0.019308
497	-0.019192	-0.019181	-0.019296
498	-0.019136	-0.019126	-0.019264
499	-0.019109	-0.01912	-0.019251
500	-0.019129	-0.019197	-0.019268
501	-0.019133	-0.019229	-0.019259
502	-0.019085	-0.019109	-0.019161
503	-0.019035	-0.018995	-0.019068
504	-0.018963	-0.01893	-0.019029
505	-0.018891	-0.018866	-0.01899
506	-0.018835	-0.018883	-0.018947
507	-0.01878	-0.018905	-0.018903
508	-0.018662	-0.018782	-0.018791
509	-0.018529	-0.018622	-0.018662
510	-0.018394	-0.018473	-0.018545
511	-0.018259	-0.018327	-0.018434
512	-0.018158	-0.018253	-0.018368
513	-0.018089	-0.018244	-0.018342
514	-0.018061	-0.018243	-0.018307
515	-0.018097	-0.018256	-0.018259
516	-0.018102	-0.018235	-0.018206
517	-0.01801	-0.018109	-0.018139
518	-0.017915	-0.017988	-0.018066
519	-0.017783	-0.017904	-0.017942
520	-0.017652	-0.017821	-0.017817
521	-0.0176	-0.017722	-0.017717
522	-0.017551	-0.017622	-0.017617
523	-0.017371	-0.017436	-0.017429
524	-0.017165	-0.017233	-0.017224
525	-0.017051	-0.01715	-0.017148
526	-0.016976	-0.01712	-0.017129
527	-0.016935	-0.017081	-0.017099
528	-0.016921	-0.017035	-0.01706
529	-0.016882	-0.016941	-0.016989
530	-0.016809	-0.016784	-0.016876
531	-0.016718	-0.016649	-0.016759
532	-0.016584	-0.01657	-0.016633
533	-0.016473	-0.016504	-0.01652
534	-0.016488	-0.016505	-0.016481
535	-0.016497	-0.016501	-0.016438
536	-0.016321	-0.016291	-0.01629
537	-0.016144	-0.01608	-0.016141
538	-0.016035	-0.015994	-0.016045
539	-0.015934	-0.015923	-0.015954
540	-0.015832	-0.015886	-0.015882
541	-0.015728	-0.015861	-0.015815
542	-0.015619	-0.015751	-0.015694
543	-0.015505	-0.015592	-0.015542
544	-0.0154	-0.015455	-0.015418
545	-0.015303	-0.01534	-0.015323
546	-0.015211	-0.015232	-0.015234
547	-0.015125	-0.015137	-0.015157
548	-0.015014	-0.015027	-0.015057
549	-0.014822	-0.014869	-0.014887
550	-0.014623	-0.014699	-0.014707
551	-0.014377	-0.014443	-0.014449
552	-0.014131	-0.014187	-0.014191
553	-0.013983	-0.01405	-0.014074
554	-0.013837	-0.013914	-0.013959
555	-0.013755	-0.013879	-0.0139
556	-0.013684	-0.01386	-0.013849
557	-0.013568	-0.013727	-0.013768
558	-0.013436	-0.013552	-0.013676
559	-0.013309	-0.013405	-0.013522
560	-0.013186	-0.013276	-0.01333
561	-0.013067	-0.013141	-0.013181
562	-0.01295	-0.013002	-0.013077
563	-0.012871	-0.0129	-0.013004
564	-0.012857	-0.012866	-0.012985
565	-0.012873	-0.01287	-0.012989
566	-0.012981	-0.012997	-0.013069
567	-0.013096	-0.013128	-0.013161
568	-0.013262	-0.013289	-0.013348
569	-0.013427	-0.013449	-0.013535
570	-0.013639	-0.013658	-0.01372
571	-0.01385	-0.013868	-0.013905
572	-0.013907	-0.013923	-0.013994
573	-0.01394	-0.013956	-0.014068
574	-0.013982	-0.014	-0.014094
575	-0.014026	-0.014048	-0.014105
576	-0.01405	-0.014084	-0.014113
577	-0.014062	-0.014112	-0.014118
578	-0.014042	-0.014099	-0.01411
579	-0.013993	-0.014045	-0.014089
580	-0.013899	-0.013956	-0.014008
581	-0.013735	-0.013813	-0.013835
582	-0.013545	-0.013626	-0.013638
583	-0.013288	-0.013326	-0.013379
584	-0.013024	-0.01303	-0.013111
585	-0.012726	-0.012758	-0.012797
586	-0.012427	-0.012482	-0.012484
587	-0.012105	-0.012125	-0.012183
588	-0.011782	-0.011769	-0.011883
589	-0.011432	-0.011441	-0.011536
590	-0.011081	-0.011115	-0.011186
591	-0.01087	-0.01088	-0.01095
592	-0.010692	-0.010666	-0.01074
593	-0.010512	-0.010505	-0.010577
594	-0.010331	-0.010366	-0.010435
595	-0.010142	-0.010177	-0.010232
596	-0.009948	-0.009955	-0.009987
597	-0.009741	-0.009744	-0.009766
598	-0.009519	-0.009547	-0.00957
599	-0.009331	-0.009375	-0.009394
600	-0.009201	-0.009247	-0.009254
601	-0.009056	-0.009111	-0.009107
602	-0.008871	-0.008953	-0.00894
603	-0.008684	-0.008782	-0.008767
604	-0.008489	-0.008537	-0.008548
605	-0.008289	-0.008289	-0.008325
606	-0.007944	-0.007952	-0.007976
607	-0.007599	-0.007616	-0.007628
608	-0.007355	-0.007358	-0.007404
609	-0.007118	-0.007106	-0.00719
610	-0.006877	-0.006909	-0.006968
611	-0.006636	-0.006723	-0.006743
612	-0.006443	-0.006531	-0.006569
613	-0.006269	-0.006336	-0.006414
614	-0.006058	-0.006142	-0.006191
615	-0.005823	-0.005948	-0.005923
616	-0.005555	-0.005699	-0.00565
617	-0.005254	-0.005394	-0.005372
618	-0.004994	-0.005106	-0.005105
619	-0.004794	-0.004842	-0.004854
620	-0.00459	-0.004601	-0.004621
621	-0.004376	-0.004415	-0.00443
622	-0.00416	-0.004222	-0.004225
623	-0.003932	-0.003996	-0.003961
624	-0.003711	-0.003774	-0.003708
625	-0.003557	-0.003585	-0.003557
626	-0.003404	-0.003396	-0.003407
627	-0.003162	-0.003184	-0.003134
628	-0.00292	-0.002971	-0.002861
629	-0.00272	-0.002719	-0.002726
630	-0.002524	-0.002461	-0.002609
631	-0.002333	-0.002291	-0.002405
632	-0.002143	-0.002143	-0.002179
633	-0.001988	-0.001958	-0.002011
634	-0.001847	-0.001757	-0.001868
635	-0.001675	-0.001622	-0.001709
636	-0.001482	-0.00153	-0.001539
637	-0.001275	-0.00137	-0.001355
638	-0.001054	-0.001141	-0.001157
639	-0.000834	-0.000914	-0.000944
640	-0.000617	-0.000689	-0.000706
641	-0.000413	-0.000471	-0.00048
642	-0.00024	-0.000267	-0.000276
643	-0.000085	-0.000083	-0.000094
644	0.000002	0.000035	0.000015
645	0.000099	0.00016	0.000131
646	0.000268	0.000338	0.000295
647	0.000433	0.000509	0.000454
648	0.000465	0.000476	0.000422
649	0.000498	0.000443	0.00039
650	0.000052	0.000051	-0.000018
651	-0.000422	-0.000363	-0.000449
652	-0.001113	-0.001087	-0.001182
653	-0.001841	-0.001864	-0.001967
654	-0.002344	-0.002369	-0.002473
655	-0.002777	-0.00279	-0.002893
656	-0.002807	-0.002842	-0.002908
657	-0.002641	-0.002716	-0.002729
658	-0.002249	-0.002336	-0.002337
659	-0.001696	-0.001777	-0.001796
660	-0.00095	-0.001	-0.00104
661	-0.000009	-0.000004	-0.000068
662	0.000867	0.000903	0.000832
663	0.00165	0.001684	0.00163
664	0.002331	0.002344	0.002299
665	0.002806	0.002761	0.002704
666	0.003214	0.003131	0.00307
667	0.003418	0.00336	0.003316
668	0.003613	0.003584	0.003549
669	0.003767	0.00378	0.003715
670	0.00392	0.003965	0.003879
671	0.004065	0.004033	0.004023
672	0.004209	0.0041	0.004168
673	0.004368	0.004302	0.004324
674	0.004528	0.004503	0.004481
675	0.004657	0.004629	0.004561
676	0.004784	0.004748	0.004634
677	0.004874	0.004846	0.004735
678	0.004958	0.00494	0.004841
679	0.005054	0.005038	0.004976
680	0.005155	0.005139	0.00512
681	0.00528	0.00525	0.005247
682	0.005417	0.005366	0.005365
683	0.005567	0.005517	0.005486
684	0.005725	0.005691	0.005608
685	0.005824	0.005816	0.005741
686	0.005871	0.0059	0.005884
687	0.006001	0.006044	0.006024
688	0.00623	0.00626	0.006162
689	0.006407	0.006441	0.006307
690	0.006501	0.006566	0.006463
691	0.006647	0.006712	0.006641
692	0.00691	0.006904	0.006867
693	0.007146	0.007085	0.007073
694	0.007297	0.007231	0.007216
695	0.00744	0.007368	0.007354
696	0.007538	0.007467	0.007463
697	0.007641	0.007567	0.00757
698	0.007775	0.007682	0.007664
699	0.007911	0.007802	0.007763
700	0.008137	0.008062	0.008028
701	0.008362	0.008322	0.008294
702	0.008423	0.008379	0.008343
703	0.008479	0.008429	0.008385
704	0.008619	0.008584	0.008529
705	0.00877	0.00875	0.008685
706	0.008929	0.008899	0.008838
707	0.00909	0.009044	0.008991
708	0.009222	0.00919	0.009158
709	0.009345	0.009337	0.00933
710	0.009451	0.009432	0.009436
711	0.009551	0.009504	0.009513
712	0.00967	0.009633	0.009601
713	0.0098	0.009793	0.009695
714	0.01001	0.009985	0.009861
715	0.010279	0.010201	0.010079
716	0.01045	0.010368	0.010289
717	0.010531	0.010491	0.010493
718	0.010676	0.010632	0.010688
719	0.010896	0.010794	0.010871
720	0.011075	0.010973	0.011031
[LOG]
CHECKSUM4S