[HEADER]
Format	J&M ASCII Table
Comment	
Date	03/03/2026 20:30:06
Order	Y (evenX)
TechType	UV
NumPoints	411
FirstX	310
LastX	720
XType	nm
YType	Absorbance
ZType	s
NumSubFile	3
Matrix	Z vs X
[LOGIN]
Name=pcbob
[INSTRUMENT]
Name=TIDAS E Base UV/VI
Detector=MMS - ASPEN 97,5 kHz
Diodearray=256 Pixel
Serial#=36584
Calibrated=2011-07-01
Range=183.81-729.88 [nm] (F0)

SWVersion=v3.18.2 (build 0)[LOGIN]
Name=pcbob
[CONFIG]
ChannelName=Channel 1
ChannelType=Normalized
[PARAMETER]
It=400,00
Aver=5
Norm=3
Range=310,0-720,0 nm
Scan=Time
ScanTime=5,00 s
[TRIGGER]
Sweep=0
Scan=0
[DIO]
DigOut=0x0000
DigIn=0x0000
[DATA]
	00:00:00,000	00:00:02,000	00:00:04,000
310	0.601874	0.601679	0.6013
311	0.592696	0.592527	0.592103
312	0.583738	0.583563	0.583117
313	0.574836	0.574646	0.574223
314	0.566012	0.565792	0.565458
315	0.557295	0.557036	0.556771
316	0.548918	0.548583	0.54833
317	0.540547	0.54015	0.539909
318	0.532282	0.531996	0.531781
319	0.524016	0.523842	0.523653
320	0.516072	0.515857	0.515636
321	0.50817	0.507894	0.507634
322	0.50034	0.500015	0.499758
323	0.492541	0.492171	0.491935
324	0.484837	0.484498	0.484259
325	0.477217	0.476977	0.476711
326	0.469673	0.469492	0.469215
327	0.462267	0.462072	0.461813
328	0.454865	0.454647	0.454404
329	0.447482	0.447196	0.446964
330	0.440099	0.439746	0.439524
331	0.432884	0.432586	0.432364
332	0.425668	0.425427	0.425204
333	0.418715	0.418456	0.418271
334	0.411819	0.411526	0.411385
335	0.404979	0.404718	0.404569
336	0.39817	0.397977	0.397791
337	0.391453	0.391255	0.391043
338	0.38484	0.384555	0.384327
339	0.378252	0.377923	0.377681
340	0.371725	0.371451	0.371202
341	0.36524	0.364995	0.364744
342	0.359058	0.358665	0.358444
343	0.352876	0.352335	0.352143
344	0.346468	0.346114	0.345937
345	0.340047	0.339899	0.339735
346	0.333939	0.33381	0.333591
347	0.327923	0.327757	0.327464
348	0.322011	0.321766	0.321499
349	0.316167	0.315817	0.315643
350	0.310324	0.309927	0.309786
351	0.304481	0.304118	0.303927
352	0.29867	0.298345	0.298117
353	0.292955	0.292678	0.292452
354	0.287253	0.287014	0.286786
355	0.281698	0.281388	0.281097
356	0.276144	0.275762	0.275409
357	0.270474	0.270182	0.269801
358	0.264791	0.264607	0.264202
359	0.259357	0.259171	0.258822
360	0.254014	0.253786	0.253521
361	0.248776	0.248535	0.248297
362	0.24362	0.243389	0.243133
363	0.238481	0.238235	0.237989
364	0.233368	0.233069	0.232876
365	0.228311	0.227977	0.227826
366	0.223459	0.223154	0.223
367	0.218606	0.218331	0.218175
368	0.213728	0.213501	0.213381
369	0.208849	0.208671	0.208587
370	0.204147	0.203896	0.203849
371	0.199471	0.19913	0.199119
372	0.194878	0.194521	0.194495
373	0.190322	0.189979	0.189916
374	0.18583	0.185527	0.185426
375	0.181395	0.181153	0.181014
376	0.177005	0.176797	0.176623
377	0.172696	0.172473	0.172268
378	0.168402	0.168188	0.16796
379	0.164172	0.164066	0.163848
380	0.159949	0.159947	0.15974
381	0.156047	0.155943	0.155809
382	0.152145	0.151939	0.151877
383	0.148272	0.148029	0.147959
384	0.144403	0.144136	0.144042
385	0.140662	0.140409	0.140279
386	0.13698	0.136758	0.136586
387	0.133361	0.133169	0.132978
388	0.129801	0.129638	0.12945
389	0.126299	0.126157	0.125968
390	0.122905	0.122773	0.122572
391	0.119508	0.119388	0.119172
392	0.116099	0.115993	0.115761
393	0.112695	0.112603	0.112355
394	0.109624	0.109497	0.109327
395	0.106553	0.106391	0.1063
396	0.103788	0.1036	0.103485
397	0.101078	0.100865	0.10071
398	0.098525	0.098341	0.098192
399	0.096046	0.095915	0.095796
400	0.0935	0.093375	0.093273
401	0.090892	0.090728	0.090632
402	0.088255	0.088101	0.087978
403	0.085565	0.085513	0.085298
404	0.082935	0.082953	0.082683
405	0.080573	0.08052	0.080363
406	0.078214	0.078091	0.078044
407	0.076022	0.07587	0.075788
408	0.07383	0.073649	0.073531
409	0.071496	0.07136	0.071212
410	0.069138	0.069059	0.068883
411	0.066856	0.066785	0.06665
412	0.064609	0.064524	0.06446
413	0.062402	0.062298	0.062266
414	0.060233	0.060102	0.060067
415	0.058065	0.057921	0.057876
416	0.0559	0.055767	0.055698
417	0.053731	0.053603	0.053518
418	0.05155	0.051402	0.051324
419	0.049383	0.049215	0.049143
420	0.047556	0.04742	0.047284
421	0.045728	0.045624	0.045425
422	0.043969	0.043847	0.043722
423	0.042219	0.042073	0.04204
424	0.040484	0.04034	0.040305
425	0.038754	0.038624	0.038548
426	0.037188	0.037098	0.037004
427	0.035754	0.035728	0.035631
428	0.034431	0.034437	0.034336
429	0.033279	0.033272	0.03316
430	0.032115	0.032095	0.031981
431	0.030911	0.030881	0.030787
432	0.0297	0.029657	0.029582
433	0.028399	0.028314	0.028242
434	0.027097	0.026971	0.026902
435	0.025987	0.025865	0.025791
436	0.024894	0.024782	0.024701
437	0.023761	0.023677	0.023573
438	0.022614	0.022564	0.022433
439	0.021521	0.021495	0.021373
440	0.020463	0.020457	0.020368
441	0.019476	0.019471	0.019411
442	0.01858	0.01855	0.018514
443	0.017695	0.017644	0.017629
444	0.016838	0.016773	0.01677
445	0.015993	0.015914	0.015921
446	0.015229	0.015142	0.015132
447	0.014465	0.01437	0.014343
448	0.013718	0.013639	0.01362
449	0.012972	0.01291	0.012899
450	0.012296	0.012202	0.012238
451	0.011637	0.011499	0.011592
452	0.011024	0.010878	0.010946
453	0.010436	0.010301	0.0103
454	0.009816	0.009705	0.009676
455	0.009163	0.00909	0.009073
456	0.008575	0.008525	0.008518
457	0.00811	0.008052	0.008051
458	0.007639	0.007577	0.007583
459	0.007142	0.007094	0.007111
460	0.006647	0.00661	0.006637
461	0.00617	0.006083	0.00614
462	0.005693	0.005555	0.005643
463	0.005232	0.005113	0.005175
464	0.004775	0.004681	0.004711
465	0.004379	0.00428	0.004322
466	0.004006	0.003891	0.00396
467	0.003699	0.003616	0.003683
468	0.003441	0.003423	0.003465
469	0.003209	0.003189	0.003227
470	0.003012	0.002903	0.002962
471	0.002778	0.00262	0.002684
472	0.002447	0.002344	0.002374
473	0.002118	0.002061	0.00206
474	0.001804	0.001732	0.001727
475	0.00149	0.001404	0.001394
476	0.001283	0.001142	0.001157
477	0.001077	0.000881	0.000923
478	0.00079	0.000668	0.000672
479	0.000486	0.000465	0.000419
480	0.00021	0.000235	0.000197
481	-0.000053	-0.000008	-0.000009
482	-0.000321	-0.000306	-0.000285
483	-0.000594	-0.000651	-0.00062
484	-0.000868	-0.000971	-0.000954
485	-0.001144	-0.001249	-0.001284
486	-0.00137	-0.001474	-0.001537
487	-0.001438	-0.001533	-0.001544
488	-0.001488	-0.001576	-0.001541
489	-0.001365	-0.001466	-0.001446
490	-0.001242	-0.001356	-0.00135
491	-0.001187	-0.001269	-0.001303
492	-0.001135	-0.001184	-0.001259
493	-0.00117	-0.0012	-0.001282
494	-0.001226	-0.001241	-0.001322
495	-0.001243	-0.001277	-0.001319
496	-0.00124	-0.001309	-0.001294
497	-0.001298	-0.001378	-0.001356
498	-0.001412	-0.001483	-0.0015
499	-0.001518	-0.001569	-0.001615
500	-0.001608	-0.001624	-0.00168
501	-0.00169	-0.001683	-0.001734
502	-0.001748	-0.001753	-0.00175
503	-0.001795	-0.001815	-0.001762
504	-0.001724	-0.001783	-0.001738
505	-0.001652	-0.001751	-0.001713
506	-0.001684	-0.001777	-0.001764
507	-0.001721	-0.001807	-0.001818
508	-0.001705	-0.00177	-0.001779
509	-0.001676	-0.001716	-0.001718
510	-0.001655	-0.001713	-0.001735
511	-0.001637	-0.001736	-0.001792
512	-0.001631	-0.001738	-0.001807
513	-0.001634	-0.001719	-0.001783
514	-0.001623	-0.001687	-0.001736
515	-0.001591	-0.001633	-0.001652
516	-0.001574	-0.001604	-0.001609
517	-0.001601	-0.001648	-0.001696
518	-0.001632	-0.001689	-0.001774
519	-0.001686	-0.001711	-0.001779
520	-0.001741	-0.001732	-0.001783
521	-0.001706	-0.001751	-0.001777
522	-0.001668	-0.001771	-0.00177
523	-0.001705	-0.00178	-0.001786
524	-0.001758	-0.001786	-0.001808
525	-0.001779	-0.001783	-0.001818
526	-0.001787	-0.001774	-0.001823
527	-0.001781	-0.001753	-0.001794
528	-0.001764	-0.001722	-0.001737
529	-0.001728	-0.001721	-0.001717
530	-0.001663	-0.001759	-0.001746
531	-0.001632	-0.001778	-0.001755
532	-0.00168	-0.001752	-0.001717
533	-0.001716	-0.00172	-0.001679
534	-0.001694	-0.001664	-0.001636
535	-0.00167	-0.00161	-0.001595
536	-0.001613	-0.001613	-0.001603
537	-0.001556	-0.001616	-0.001611
538	-0.001508	-0.001548	-0.001555
539	-0.00146	-0.001472	-0.001492
540	-0.001456	-0.001459	-0.001469
541	-0.001464	-0.001465	-0.001458
542	-0.001459	-0.001467	-0.001432
543	-0.001446	-0.001466	-0.001398
544	-0.001431	-0.001451	-0.001373
545	-0.001414	-0.001421	-0.001356
546	-0.001381	-0.001383	-0.001334
547	-0.001324	-0.001329	-0.001301
548	-0.001263	-0.001281	-0.00127
549	-0.001191	-0.001249	-0.001244
550	-0.001124	-0.001214	-0.001212
551	-0.001099	-0.001159	-0.001135
552	-0.001075	-0.001104	-0.001059
553	-0.001041	-0.00107	-0.001009
554	-0.001007	-0.001035	-0.00096
555	-0.00084	-0.000904	-0.000861
556	-0.000651	-0.000757	-0.000754
557	-0.000546	-0.000654	-0.000661
558	-0.000472	-0.000568	-0.000572
559	-0.000454	-0.000523	-0.000547
560	-0.000471	-0.000505	-0.000562
561	-0.000443	-0.000473	-0.000523
562	-0.000367	-0.000424	-0.000428
563	-0.000303	-0.000384	-0.000368
564	-0.000264	-0.000358	-0.000372
565	-0.000248	-0.000345	-0.000378
566	-0.00031	-0.000372	-0.000389
567	-0.000364	-0.000396	-0.000398
568	-0.000358	-0.0004	-0.000383
569	-0.000353	-0.000404	-0.000369
570	-0.000439	-0.000492	-0.000478
571	-0.000527	-0.00058	-0.000589
572	-0.0006	-0.000622	-0.000619
573	-0.000671	-0.000657	-0.000636
574	-0.000666	-0.000683	-0.00065
575	-0.000636	-0.000706	-0.000662
576	-0.000623	-0.000705	-0.000666
577	-0.000621	-0.000688	-0.000664
578	-0.000589	-0.000641	-0.000624
579	-0.000528	-0.000565	-0.000548
580	-0.000459	-0.000487	-0.00048
581	-0.000376	-0.000405	-0.000427
582	-0.000283	-0.000315	-0.000349
583	-0.000167	-0.000198	-0.000209
584	-0.000041	-0.000069	-0.000062
585	0.000127	0.000125	0.000113
586	0.000298	0.000318	0.00029
587	0.000505	0.000477	0.00048
588	0.000711	0.000635	0.000671
589	0.000886	0.000826	0.000834
590	0.001057	0.001019	0.000996
591	0.001176	0.001122	0.001104
592	0.001283	0.001204	0.0012
593	0.001348	0.001283	0.001272
594	0.001394	0.00136	0.001334
595	0.00148	0.001452	0.001419
596	0.001592	0.001554	0.00152
597	0.001706	0.001668	0.001633
598	0.00182	0.001794	0.00176
599	0.001924	0.00191	0.001882
600	0.002008	0.00201	0.001993
601	0.00209	0.002101	0.002092
602	0.002167	0.002167	0.002156
603	0.00225	0.002244	0.002225
604	0.002365	0.002377	0.002322
605	0.00248	0.00251	0.002422
606	0.002593	0.002651	0.002597
607	0.002706	0.002792	0.002772
608	0.002877	0.002871	0.002871
609	0.003052	0.002945	0.002963
610	0.003181	0.003083	0.003114
611	0.0033	0.003235	0.003278
612	0.003429	0.003379	0.003389
613	0.003562	0.00352	0.003479
614	0.003672	0.003625	0.003561
615	0.003766	0.003706	0.003638
616	0.003898	0.003831	0.003785
617	0.004067	0.004	0.004
618	0.004217	0.004159	0.004184
619	0.004341	0.004302	0.004319
620	0.004454	0.004434	0.00444
621	0.00454	0.004539	0.00453
622	0.004638	0.004644	0.004623
623	0.004789	0.004746	0.004732
624	0.00493	0.004849	0.004842
625	0.004985	0.004961	0.004966
626	0.005039	0.005074	0.005089
627	0.00509	0.005077	0.005125
628	0.005142	0.005079	0.005159
629	0.005239	0.005179	0.00522
630	0.005342	0.005291	0.005284
631	0.005435	0.005375	0.005384
632	0.005524	0.005452	0.005493
633	0.005623	0.005553	0.005617
634	0.005725	0.005665	0.005748
635	0.005809	0.00573	0.005816
636	0.005881	0.005764	0.005842
637	0.00598	0.005856	0.005927
638	0.006105	0.006005	0.006068
639	0.006216	0.006125	0.006196
640	0.006307	0.006199	0.006304
641	0.006422	0.006306	0.006423
642	0.006589	0.006484	0.006566
643	0.006735	0.006647	0.006705
644	0.006806	0.00676	0.006827
645	0.00688	0.006867	0.006944
646	0.006979	0.006941	0.007032
647	0.007076	0.007016	0.007119
648	0.007127	0.007087	0.007177
649	0.007177	0.007158	0.007236
650	0.007124	0.00711	0.00714
651	0.007064	0.007055	0.007034
652	0.006863	0.006856	0.006843
653	0.006638	0.006631	0.006637
654	0.0065	0.006476	0.006483
655	0.006388	0.006342	0.006346
656	0.006445	0.006395	0.006367
657	0.006583	0.006539	0.006465
658	0.006727	0.006686	0.006628
659	0.006875	0.006834	0.006837
660	0.007136	0.007076	0.007113
661	0.007512	0.00741	0.007455
662	0.007831	0.007714	0.00775
663	0.008071	0.007976	0.007976
664	0.008293	0.00821	0.008203
665	0.008478	0.008388	0.008431
666	0.008637	0.008541	0.008618
667	0.008713	0.008618	0.008679
668	0.008801	0.008709	0.008752
669	0.008948	0.008871	0.008889
670	0.009085	0.009023	0.00902
671	0.009116	0.00907	0.009089
672	0.009148	0.009116	0.009158
673	0.009218	0.009215	0.009244
674	0.009289	0.009313	0.00933
675	0.009363	0.009392	0.009403
676	0.009437	0.009469	0.009475
677	0.009562	0.009575	0.00956
678	0.009697	0.009686	0.009648
679	0.009822	0.009806	0.009757
680	0.009945	0.009928	0.009871
681	0.010016	0.009999	0.009915
682	0.010063	0.010046	0.009925
683	0.010158	0.010133	0.01003
684	0.010286	0.010244	0.010197
685	0.010376	0.010312	0.01033
686	0.010433	0.010343	0.010434
687	0.010525	0.010439	0.010532
688	0.010658	0.010612	0.01062
689	0.010744	0.010714	0.010687
690	0.010753	0.010702	0.01072
691	0.010772	0.010725	0.010764
692	0.010813	0.010828	0.010832
693	0.010862	0.010923	0.010896
694	0.010937	0.010995	0.01095
695	0.011017	0.011073	0.011009
696	0.011117	0.011173	0.011099
697	0.011215	0.011267	0.011186
698	0.011289	0.011304	0.011255
699	0.011365	0.011342	0.011324
700	0.011475	0.011416	0.011377
701	0.011585	0.011491	0.011429
702	0.01163	0.011558	0.011525
703	0.011673	0.011626	0.011622
704	0.011779	0.011687	0.011692
705	0.011892	0.011747	0.011758
706	0.011907	0.011747	0.011765
707	0.011903	0.011734	0.011761
708	0.011968	0.01184	0.011904
709	0.012054	0.011981	0.012093
710	0.012138	0.012052	0.012162
711	0.012221	0.012093	0.012181
712	0.012259	0.012128	0.012203
713	0.012271	0.012159	0.012226
714	0.012354	0.012276	0.012323
715	0.012487	0.012453	0.012473
716	0.012549	0.012528	0.012563
717	0.012547	0.012509	0.012597
718	0.012624	0.012569	0.012654
719	0.012796	0.012722	0.012735
720	0.012946	0.012872	0.012848
[LOG]
CHECKSUMQd