[HEADER]
Format	J&M ASCII Table
Comment	
Date	03/03/2026 20:47:44
Order	Y (evenX)
TechType	UV
NumPoints	411
FirstX	310
LastX	720
XType	nm
YType	Absorbance
ZType	s
NumSubFile	3
Matrix	Z vs X
[LOGIN]
Name=pcbob
[INSTRUMENT]
Name=TIDAS E Base UV/VI
Detector=MMS - ASPEN 97,5 kHz
Diodearray=256 Pixel
Serial#=36584
Calibrated=2011-07-01
Range=183.81-729.88 [nm] (F0)

SWVersion=v3.18.2 (build 0)[LOGIN]
Name=pcbob
[CONFIG]
ChannelName=Channel 1
ChannelType=Normalized
[PARAMETER]
It=400,00
Aver=5
Norm=3
Range=310,0-720,0 nm
Scan=Time
ScanTime=5,00 s
[TRIGGER]
Sweep=0
Scan=0
[DIO]
DigOut=0x0000
DigIn=0x0000
[DATA]
	00:00:00,000	00:00:02,000	00:00:04,000
310	0.530257	0.530076	0.529692
311	0.522355	0.522158	0.521753
312	0.514648	0.514382	0.514016
313	0.506997	0.506709	0.506337
314	0.499424	0.499178	0.498739
315	0.49188	0.491662	0.491188
316	0.484422	0.484194	0.483785
317	0.476991	0.476753	0.476405
318	0.469945	0.469695	0.469373
319	0.462898	0.462638	0.46234
320	0.456049	0.455744	0.455425
321	0.449225	0.448871	0.448524
322	0.442396	0.442072	0.441701
323	0.435563	0.435302	0.43491
324	0.428793	0.428557	0.428181
325	0.422076	0.421832	0.421509
326	0.415424	0.415157	0.414877
327	0.408888	0.408571	0.408322
328	0.402372	0.402023	0.40179
329	0.395952	0.395646	0.395365
330	0.389532	0.389268	0.388939
331	0.38325	0.382963	0.382634
332	0.376967	0.376657	0.376328
333	0.370891	0.370565	0.37026
334	0.364858	0.364518	0.364242
335	0.358882	0.358549	0.358256
336	0.352936	0.352624	0.352286
337	0.347034	0.34676	0.346422
338	0.341181	0.340966	0.340673
339	0.33542	0.335229	0.334984
340	0.329874	0.329628	0.329433
341	0.32434	0.324049	0.323894
342	0.318887	0.318627	0.318445
343	0.313434	0.313205	0.312996
344	0.308047	0.307789	0.307554
345	0.302662	0.302374	0.302112
346	0.297441	0.297108	0.296866
347	0.292267	0.291887	0.291678
348	0.287114	0.286735	0.286535
349	0.281975	0.28163	0.281421
350	0.276873	0.276558	0.276348
351	0.271824	0.271531	0.271331
352	0.266826	0.266546	0.266344
353	0.261981	0.261686	0.261447
354	0.257135	0.256831	0.256557
355	0.252291	0.252039	0.251748
356	0.247447	0.247247	0.246938
357	0.242563	0.242399	0.242136
358	0.237676	0.237546	0.237335
359	0.23308	0.232889	0.232705
360	0.228592	0.228303	0.228138
361	0.224075	0.22378	0.223543
362	0.219535	0.219305	0.218926
363	0.215032	0.214826	0.214401
364	0.210586	0.21034	0.210022
365	0.206172	0.205891	0.205667
366	0.201876	0.201582	0.201399
367	0.197584	0.197277	0.197131
368	0.193368	0.193083	0.192851
369	0.189152	0.188889	0.188571
370	0.185075	0.184775	0.184493
371	0.181019	0.180673	0.180444
372	0.176899	0.176545	0.176404
373	0.172753	0.172407	0.172366
374	0.168664	0.168335	0.16828
375	0.164625	0.16432	0.164149
376	0.160639	0.160366	0.160145
377	0.156748	0.156517	0.156365
378	0.152878	0.152668	0.152578
379	0.149092	0.148813	0.148769
380	0.14531	0.144964	0.144961
381	0.14166	0.141393	0.141263
382	0.13801	0.137821	0.137564
383	0.134369	0.134193	0.133941
384	0.130729	0.130555	0.13033
385	0.127194	0.127032	0.126811
386	0.123707	0.123562	0.123334
387	0.120296	0.120149	0.119944
388	0.116953	0.116791	0.116636
389	0.113635	0.113473	0.113336
390	0.110362	0.11023	0.110052
391	0.107072	0.106962	0.106765
392	0.103706	0.103578	0.103467
393	0.100346	0.1002	0.100173
394	0.097396	0.09721	0.097199
395	0.094446	0.09422	0.094225
396	0.091703	0.091505	0.091468
397	0.088996	0.08884	0.08875
398	0.08639	0.086241	0.08619
399	0.08383	0.083673	0.083706
400	0.081145	0.081016	0.081043
401	0.078342	0.078273	0.078213
402	0.075547	0.075504	0.0754
403	0.072764	0.072683	0.07262
404	0.070024	0.069911	0.069901
405	0.067476	0.067353	0.067449
406	0.06493	0.064798	0.064996
407	0.062509	0.062427	0.062519
408	0.060087	0.060057	0.060043
409	0.057592	0.057537	0.057549
410	0.055085	0.054992	0.055052
411	0.052632	0.052518	0.052576
412	0.050203	0.050077	0.050111
413	0.04782	0.047689	0.047695
414	0.045478	0.045349	0.045325
415	0.04309	0.042978	0.042948
416	0.04062	0.040555	0.040561
417	0.038161	0.038137	0.038172
418	0.035746	0.035745	0.03578
419	0.033345	0.033362	0.0334
420	0.031281	0.031205	0.031343
421	0.029216	0.029048	0.029286
422	0.027085	0.026978	0.027164
423	0.024944	0.02492	0.025033
424	0.022929	0.022937	0.023036
425	0.020964	0.020983	0.021092
426	0.019167	0.019193	0.019304
427	0.017507	0.017535	0.017642
428	0.015959	0.015973	0.016086
429	0.014585	0.014562	0.014691
430	0.013183	0.013129	0.013278
431	0.011692	0.011626	0.011807
432	0.010188	0.010117	0.010327
433	0.008528	0.008543	0.008751
434	0.006867	0.006968	0.007174
435	0.005489	0.005527	0.005735
436	0.004138	0.004099	0.004309
437	0.002759	0.002695	0.002944
438	0.001371	0.001299	0.001599
439	0.000045	-0.000027	0.000293
440	-0.001238	-0.001306	-0.000988
441	-0.002441	-0.002501	-0.002203
442	-0.003542	-0.003588	-0.003335
443	-0.004635	-0.00466	-0.004448
444	-0.005706	-0.005695	-0.005516
445	-0.006758	-0.006719	-0.006563
446	-0.007677	-0.007672	-0.007463
447	-0.008595	-0.008625	-0.008362
448	-0.009474	-0.009555	-0.009299
449	-0.010352	-0.010484	-0.010238
450	-0.011197	-0.011296	-0.011032
451	-0.012033	-0.012081	-0.011794
452	-0.012863	-0.01291	-0.012587
453	-0.01369	-0.013762	-0.013396
454	-0.014512	-0.014576	-0.014205
455	-0.015328	-0.015351	-0.015015
456	-0.016067	-0.016063	-0.015757
457	-0.016661	-0.016657	-0.016372
458	-0.01726	-0.017254	-0.016984
459	-0.017882	-0.017864	-0.017584
460	-0.018502	-0.018474	-0.018184
461	-0.01909	-0.019069	-0.018775
462	-0.019678	-0.019665	-0.019367
463	-0.020264	-0.020256	-0.019959
464	-0.020849	-0.020847	-0.020551
465	-0.021339	-0.021343	-0.021005
466	-0.021794	-0.021805	-0.021409
467	-0.022096	-0.022109	-0.021687
468	-0.022287	-0.0223	-0.021873
469	-0.022561	-0.022556	-0.022161
470	-0.022942	-0.022897	-0.02258
471	-0.023308	-0.023247	-0.022965
472	-0.023634	-0.023618	-0.023266
473	-0.023966	-0.023995	-0.023579
474	-0.024336	-0.024406	-0.023979
475	-0.024707	-0.024817	-0.024379
476	-0.025007	-0.025038	-0.024701
477	-0.025305	-0.025256	-0.025021
478	-0.025628	-0.025572	-0.025299
479	-0.025955	-0.025909	-0.025567
480	-0.026283	-0.026255	-0.025881
481	-0.026612	-0.026607	-0.026214
482	-0.026964	-0.026952	-0.026567
483	-0.027335	-0.027293	-0.026936
484	-0.027736	-0.027687	-0.027346
485	-0.028183	-0.028165	-0.027821
486	-0.028504	-0.02852	-0.028164
487	-0.028428	-0.028492	-0.028095
488	-0.028343	-0.028448	-0.028017
489	-0.028177	-0.028261	-0.027864
490	-0.028012	-0.028074	-0.027711
491	-0.027868	-0.027904	-0.02748
492	-0.027725	-0.027735	-0.027244
493	-0.027697	-0.027727	-0.02721
494	-0.027697	-0.027757	-0.027225
495	-0.027678	-0.027728	-0.02723
496	-0.02765	-0.027669	-0.027231
497	-0.027682	-0.027679	-0.027258
498	-0.027772	-0.027752	-0.027311
499	-0.027838	-0.027814	-0.027354
500	-0.027866	-0.027855	-0.027378
501	-0.027879	-0.02788	-0.027397
502	-0.027844	-0.02785	-0.027403
503	-0.027802	-0.027813	-0.027395
504	-0.027685	-0.027708	-0.027251
505	-0.027568	-0.027603	-0.027106
506	-0.027516	-0.027516	-0.02702
507	-0.027467	-0.02743	-0.026938
508	-0.027363	-0.02735	-0.026873
509	-0.027245	-0.027271	-0.026813
510	-0.027199	-0.027227	-0.026778
511	-0.027189	-0.027201	-0.026756
512	-0.027138	-0.02717	-0.026695
513	-0.027051	-0.027135	-0.026598
514	-0.026955	-0.027074	-0.026509
515	-0.026845	-0.026973	-0.026434
516	-0.026759	-0.026883	-0.026361
517	-0.026749	-0.02683	-0.026297
518	-0.02674	-0.026774	-0.026235
519	-0.02674	-0.026686	-0.026188
520	-0.02674	-0.026599	-0.026141
521	-0.026577	-0.026527	-0.026007
522	-0.02641	-0.026456	-0.02587
523	-0.026324	-0.026362	-0.025817
524	-0.026254	-0.026263	-0.025779
525	-0.026175	-0.0262	-0.025693
526	-0.026092	-0.026153	-0.025584
527	-0.026022	-0.026076	-0.025507
528	-0.025962	-0.025975	-0.025453
529	-0.025891	-0.025885	-0.025373
530	-0.025805	-0.025808	-0.025259
531	-0.025712	-0.025712	-0.025149
532	-0.0256	-0.025567	-0.025047
533	-0.02547	-0.025415	-0.024931
534	-0.025248	-0.025221	-0.024736
535	-0.025029	-0.02503	-0.024544
536	-0.024931	-0.024944	-0.02443
537	-0.024832	-0.024858	-0.024316
538	-0.024707	-0.024721	-0.024181
539	-0.02458	-0.024579	-0.024043
540	-0.024476	-0.024458	-0.023931
541	-0.02438	-0.024344	-0.023828
542	-0.024321	-0.024308	-0.023791
543	-0.024283	-0.024318	-0.023793
544	-0.024243	-0.024272	-0.023764
545	-0.024201	-0.024171	-0.023704
546	-0.024131	-0.024057	-0.023606
547	-0.024015	-0.02392	-0.023446
548	-0.023881	-0.02378	-0.023289
549	-0.023693	-0.023631	-0.023145
550	-0.023504	-0.023475	-0.022994
551	-0.023304	-0.023272	-0.022785
552	-0.023104	-0.023068	-0.022576
553	-0.022924	-0.022915	-0.022405
554	-0.022744	-0.022763	-0.022235
555	-0.022587	-0.022614	-0.022082
556	-0.022435	-0.022465	-0.021932
557	-0.0223	-0.02229	-0.021767
558	-0.022172	-0.022107	-0.021597
559	-0.022047	-0.02197	-0.021444
560	-0.021924	-0.021864	-0.0213
561	-0.021778	-0.021729	-0.021158
562	-0.021607	-0.021564	-0.021018
563	-0.021481	-0.021438	-0.020918
564	-0.021434	-0.021384	-0.020889
565	-0.021405	-0.021353	-0.020869
566	-0.021431	-0.021397	-0.020879
567	-0.021452	-0.021435	-0.02089
568	-0.021422	-0.021434	-0.020917
569	-0.021393	-0.021432	-0.020943
570	-0.021552	-0.021557	-0.021108
571	-0.021713	-0.021684	-0.021275
572	-0.021727	-0.021686	-0.021298
573	-0.021718	-0.021669	-0.0213
574	-0.021696	-0.021666	-0.021319
575	-0.021669	-0.021669	-0.021344
576	-0.021635	-0.021635	-0.021318
577	-0.021595	-0.021581	-0.021263
578	-0.021537	-0.021514	-0.021166
579	-0.021462	-0.021436	-0.02103
580	-0.021349	-0.021323	-0.020898
581	-0.021178	-0.021158	-0.020771
582	-0.020989	-0.020963	-0.020607
583	-0.020752	-0.020692	-0.020346
584	-0.020498	-0.020414	-0.020071
585	-0.020146	-0.020094	-0.019728
586	-0.019796	-0.019774	-0.019385
587	-0.019466	-0.019444	-0.019059
588	-0.019136	-0.019113	-0.018732
589	-0.018843	-0.018797	-0.01846
590	-0.018554	-0.018482	-0.018192
591	-0.01834	-0.018273	-0.017942
592	-0.018144	-0.018087	-0.017696
593	-0.01799	-0.017943	-0.017539
594	-0.017855	-0.017818	-0.017419
595	-0.017698	-0.017659	-0.017281
596	-0.017525	-0.017478	-0.017129
597	-0.017345	-0.017277	-0.016938
598	-0.017156	-0.017054	-0.016702
599	-0.016974	-0.01686	-0.016503
600	-0.016803	-0.016713	-0.016365
601	-0.016654	-0.016583	-0.016241
602	-0.01657	-0.016499	-0.016156
603	-0.016468	-0.016401	-0.016053
604	-0.016265	-0.016221	-0.015848
605	-0.016058	-0.016036	-0.01564
606	-0.015758	-0.015726	-0.015362
607	-0.015458	-0.015416	-0.015083
608	-0.015268	-0.015251	-0.014898
609	-0.015087	-0.015097	-0.01472
610	-0.01487	-0.014862	-0.014446
611	-0.014646	-0.01461	-0.014152
612	-0.014412	-0.014394	-0.013928
613	-0.014173	-0.014192	-0.013731
614	-0.013956	-0.013992	-0.01356
615	-0.013755	-0.013792	-0.013407
616	-0.013512	-0.013532	-0.013163
617	-0.013229	-0.013211	-0.012831
618	-0.012976	-0.012929	-0.01253
619	-0.012769	-0.012703	-0.012275
620	-0.012565	-0.012502	-0.012046
621	-0.012365	-0.012359	-0.011878
622	-0.012162	-0.012195	-0.011696
623	-0.011941	-0.011945	-0.011455
624	-0.011723	-0.011704	-0.011223
625	-0.011545	-0.01155	-0.011079
626	-0.011367	-0.011397	-0.010935
627	-0.011242	-0.011253	-0.010825
628	-0.011118	-0.011109	-0.010715
629	-0.010995	-0.010951	-0.010534
630	-0.010871	-0.010791	-0.010345
631	-0.010684	-0.010633	-0.010151
632	-0.010481	-0.010475	-0.009957
633	-0.010268	-0.010278	-0.009774
634	-0.010052	-0.010064	-0.009596
635	-0.009972	-0.009973	-0.009496
636	-0.009984	-0.009964	-0.009449
637	-0.009871	-0.009817	-0.009317
638	-0.009636	-0.009531	-0.009101
639	-0.0094	-0.009294	-0.008893
640	-0.009164	-0.009126	-0.008696
641	-0.008951	-0.008944	-0.008509
642	-0.008789	-0.008731	-0.008341
643	-0.008624	-0.008528	-0.008161
644	-0.008448	-0.008365	-0.007932
645	-0.008274	-0.008202	-0.007714
646	-0.008113	-0.008041	-0.007572
647	-0.007953	-0.00788	-0.00743
648	-0.007817	-0.007751	-0.007297
649	-0.00768	-0.007622	-0.007164
650	-0.007809	-0.007803	-0.007317
651	-0.007955	-0.008002	-0.007488
652	-0.008361	-0.008349	-0.007935
653	-0.008813	-0.008721	-0.00843
654	-0.009085	-0.009008	-0.008749
655	-0.009301	-0.009269	-0.009012
656	-0.009273	-0.00925	-0.008985
657	-0.009125	-0.009097	-0.008817
658	-0.008863	-0.008813	-0.008528
659	-0.00852	-0.008436	-0.008155
660	-0.007979	-0.007897	-0.00759
661	-0.007241	-0.007195	-0.006833
662	-0.006602	-0.006552	-0.006155
663	-0.006105	-0.005991	-0.00559
664	-0.005666	-0.005515	-0.005106
665	-0.005344	-0.005209	-0.004787
666	-0.005056	-0.004954	-0.004516
667	-0.004872	-0.004852	-0.004391
668	-0.004684	-0.004734	-0.004254
669	-0.004484	-0.004532	-0.004046
670	-0.004292	-0.004333	-0.003841
671	-0.004194	-0.004174	-0.003665
672	-0.004097	-0.004014	-0.00349
673	-0.003996	-0.003918	-0.003369
674	-0.003895	-0.003822	-0.003249
675	-0.003707	-0.003602	-0.003111
676	-0.003512	-0.003372	-0.002972
677	-0.003359	-0.003219	-0.00282
678	-0.003214	-0.003081	-0.002666
679	-0.003021	-0.002923	-0.002503
680	-0.002814	-0.002758	-0.002338
681	-0.002706	-0.002671	-0.002222
682	-0.002644	-0.002619	-0.002128
683	-0.002493	-0.002478	-0.002015
684	-0.002285	-0.002281	-0.001887
685	-0.002118	-0.002123	-0.001746
686	-0.001986	-0.002001	-0.001593
687	-0.001814	-0.001822	-0.001417
688	-0.001596	-0.001576	-0.001217
689	-0.00143	-0.001388	-0.001027
690	-0.001345	-0.001293	-0.000856
691	-0.001219	-0.001161	-0.000688
692	-0.001003	-0.000947	-0.000528
693	-0.000814	-0.00075	-0.000362
694	-0.000711	-0.000608	-0.000182
695	-0.000579	-0.000466	-0.000004
696	-0.000312	-0.00033	0.000165
697	-0.000062	-0.000198	0.000326
698	0.000028	-0.0001	0.000417
699	0.000121	0.000003	0.000509
700	0.000297	0.000261	0.00067
701	0.000472	0.000519	0.000831
702	0.000595	0.000676	0.001046
703	0.000716	0.000829	0.001264
704	0.000881	0.000978	0.001423
705	0.00105	0.001126	0.001575
706	0.001192	0.001222	0.001627
707	0.001329	0.001307	0.001659
708	0.001447	0.001461	0.001844
709	0.001559	0.001636	0.002077
710	0.001697	0.00179	0.002226
711	0.001844	0.001935	0.002339
712	0.001981	0.002034	0.002445
713	0.002111	0.002107	0.002547
714	0.002259	0.00226	0.002694
715	0.002422	0.002472	0.002875
716	0.002532	0.002589	0.003002
717	0.002595	0.002619	0.00308
718	0.002733	0.002746	0.003205
719	0.002957	0.002988	0.003388
720	0.00313	0.003187	0.003554
[LOG]
CHECKSUM{Ó