[HEADER]
Format	J&M ASCII Table
Comment	
Date	03/03/2026 19:39:29
Order	Y (evenX)
TechType	UV
NumPoints	411
FirstX	310
LastX	720
XType	nm
YType	Absorbance
ZType	s
NumSubFile	3
Matrix	Z vs X
[LOGIN]
Name=pcbob
[INSTRUMENT]
Name=TIDAS E Base UV/VI
Detector=MMS - ASPEN 97,5 kHz
Diodearray=256 Pixel
Serial#=36584
Calibrated=2011-07-01
Range=183.81-729.88 [nm] (F0)

SWVersion=v3.18.2 (build 0)[LOGIN]
Name=pcbob
[CONFIG]
ChannelName=Channel 1
ChannelType=Normalized
[PARAMETER]
It=400,00
Aver=5
Norm=3
Range=310,0-720,0 nm
Scan=Time
ScanTime=5,00 s
[TRIGGER]
Sweep=0
Scan=0
[DIO]
DigOut=0x0000
DigIn=0x0000
[DATA]
	00:00:00,000	00:00:02,000	00:00:04,000
310	0.503388	0.502994	0.502589
311	0.495678	0.495292	0.494883
312	0.48804	0.487616	0.487212
313	0.480625	0.480187	0.479757
314	0.473517	0.473101	0.4726
315	0.466432	0.466032	0.465487
316	0.459417	0.459022	0.458512
317	0.452419	0.452028	0.451553
318	0.445668	0.445269	0.444824
319	0.438917	0.43851	0.438094
320	0.432257	0.431862	0.431424
321	0.425608	0.425229	0.424762
322	0.419085	0.418732	0.418274
323	0.412614	0.412291	0.411858
324	0.406243	0.405889	0.405472
325	0.39996	0.39952	0.39911
326	0.393688	0.393193	0.392778
327	0.387435	0.386944	0.3865
328	0.38121	0.380724	0.380262
329	0.375111	0.374637	0.37421
330	0.369012	0.36855	0.368158
331	0.363033	0.362604	0.362207
332	0.357054	0.356659	0.356256
333	0.351209	0.35083	0.350349
334	0.345393	0.345027	0.344451
335	0.339665	0.339295	0.338775
336	0.333983	0.333603	0.333218
337	0.328381	0.32798	0.327675
338	0.322866	0.322436	0.322148
339	0.31738	0.316927	0.316624
340	0.311961	0.311502	0.311109
341	0.306576	0.306118	0.305649
342	0.301431	0.30102	0.300583
343	0.296286	0.295923	0.295517
344	0.291243	0.290885	0.290493
345	0.286207	0.285849	0.285472
346	0.281203	0.280804	0.280428
347	0.276209	0.275755	0.275378
348	0.271203	0.270767	0.270407
349	0.26619	0.26582	0.265489
350	0.261283	0.26096	0.260636
351	0.25652	0.256218	0.25587
352	0.251741	0.251459	0.251109
353	0.246918	0.246651	0.246359
354	0.242118	0.241863	0.241618
355	0.237577	0.237325	0.236975
356	0.233036	0.232787	0.232333
357	0.228474	0.228218	0.227808
358	0.22391	0.223645	0.223296
359	0.219513	0.219228	0.218852
360	0.215178	0.214867	0.214434
361	0.210866	0.21056	0.210107
362	0.206574	0.206296	0.205852
363	0.20226	0.201983	0.20155
364	0.197912	0.197593	0.197174
365	0.193618	0.193266	0.192861
366	0.189522	0.189165	0.188779
367	0.185432	0.185071	0.184699
368	0.181467	0.181132	0.180671
369	0.177503	0.177192	0.176642
370	0.173603	0.173294	0.172813
371	0.169713	0.169403	0.169012
372	0.165734	0.165382	0.165049
373	0.161716	0.161308	0.161017
374	0.157821	0.157427	0.157129
375	0.154035	0.153716	0.153368
376	0.150284	0.150011	0.149638
377	0.146599	0.146317	0.145961
378	0.142935	0.142648	0.14231
379	0.139366	0.139082	0.138768
380	0.1358	0.135518	0.135226
381	0.132333	0.131993	0.131711
382	0.128867	0.128468	0.128196
383	0.125473	0.125094	0.124802
384	0.122091	0.121747	0.121429
385	0.118784	0.118467	0.118122
386	0.115512	0.115219	0.114846
387	0.112337	0.112083	0.111692
388	0.109252	0.109053	0.108651
389	0.106207	0.106018	0.105637
390	0.103233	0.102972	0.102671
391	0.100225	0.099905	0.09967
392	0.097061	0.096737	0.096505
393	0.0939	0.093575	0.093344
394	0.091024	0.090727	0.090491
395	0.088147	0.08788	0.087639
396	0.085497	0.085301	0.085021
397	0.082887	0.08277	0.082447
398	0.08046	0.080302	0.079999
399	0.078118	0.077864	0.07761
400	0.075583	0.075294	0.075054
401	0.072865	0.072601	0.072339
402	0.070134	0.069918	0.069658
403	0.067378	0.067252	0.067039
404	0.064725	0.064663	0.064483
405	0.062537	0.062414	0.06221
406	0.060348	0.060165	0.059938
407	0.058123	0.057936	0.057708
408	0.055897	0.055706	0.055477
409	0.053563	0.053409	0.053152
410	0.05121	0.051101	0.050809
411	0.048837	0.048749	0.048449
412	0.046455	0.046378	0.04608
413	0.044171	0.044069	0.043823
414	0.041974	0.041818	0.041666
415	0.039751	0.039566	0.039457
416	0.03748	0.037313	0.037156
417	0.035219	0.035065	0.034874
418	0.032995	0.032841	0.032668
419	0.03078	0.030628	0.030471
420	0.028806	0.028707	0.028498
421	0.026831	0.026786	0.026525
422	0.024937	0.02485	0.024627
423	0.023054	0.022912	0.022739
424	0.021184	0.021056	0.02087
425	0.019318	0.019234	0.019007
426	0.017667	0.017567	0.017366
427	0.016188	0.016027	0.015904
428	0.014754	0.014581	0.014491
429	0.01339	0.013279	0.013154
430	0.012039	0.011978	0.01183
431	0.010733	0.010678	0.010544
432	0.00942	0.009367	0.009246
433	0.008019	0.00793	0.007802
434	0.006618	0.006492	0.006358
435	0.005374	0.00527	0.00516
436	0.004144	0.004069	0.003984
437	0.002863	0.002803	0.002693
438	0.001565	0.001516	0.001363
439	0.00037	0.0003	0.000146
440	-0.000755	-0.000868	-0.000996
441	-0.001858	-0.001971	-0.002079
442	-0.002931	-0.002989	-0.003087
443	-0.003974	-0.004004	-0.004102
444	-0.00494	-0.00501	-0.005137
445	-0.005891	-0.005996	-0.006145
446	-0.006733	-0.006837	-0.006953
447	-0.007575	-0.007679	-0.007762
448	-0.008304	-0.008448	-0.00848
449	-0.00903	-0.009215	-0.009195
450	-0.009784	-0.009893	-0.009947
451	-0.010545	-0.010551	-0.010707
452	-0.011238	-0.011269	-0.011416
453	-0.011896	-0.012019	-0.012099
454	-0.012591	-0.012755	-0.012815
455	-0.013322	-0.013477	-0.013563
456	-0.013998	-0.014133	-0.014229
457	-0.014571	-0.014665	-0.014742
458	-0.015121	-0.015179	-0.015245
459	-0.015571	-0.015619	-0.015712
460	-0.016029	-0.016065	-0.016182
461	-0.016641	-0.016656	-0.016761
462	-0.017253	-0.017247	-0.017339
463	-0.017769	-0.017737	-0.017841
464	-0.018272	-0.018214	-0.018333
465	-0.01862	-0.018624	-0.018764
466	-0.018913	-0.019009	-0.019173
467	-0.019143	-0.019264	-0.019399
468	-0.01933	-0.019425	-0.019494
469	-0.019555	-0.019634	-0.019659
470	-0.019828	-0.019905	-0.019915
471	-0.020078	-0.020158	-0.020153
472	-0.020266	-0.020367	-0.020342
473	-0.020467	-0.020585	-0.020551
474	-0.02075	-0.020857	-0.020895
475	-0.021033	-0.021129	-0.021239
476	-0.021291	-0.02135	-0.021426
477	-0.021549	-0.02157	-0.02161
478	-0.021787	-0.021794	-0.021825
479	-0.022022	-0.022019	-0.022045
480	-0.022352	-0.022343	-0.022398
481	-0.022727	-0.022711	-0.022812
482	-0.023172	-0.023164	-0.023281
483	-0.023678	-0.023691	-0.023798
484	-0.024188	-0.024223	-0.024313
485	-0.024707	-0.024763	-0.024825
486	-0.025057	-0.025122	-0.025178
487	-0.024874	-0.024914	-0.025029
488	-0.024687	-0.024704	-0.024864
489	-0.024454	-0.024469	-0.024545
490	-0.02422	-0.024234	-0.024225
491	-0.023922	-0.023893	-0.02394
492	-0.023621	-0.023546	-0.023657
493	-0.023407	-0.023363	-0.023492
494	-0.023215	-0.023218	-0.023357
495	-0.023088	-0.023088	-0.023216
496	-0.022994	-0.022963	-0.023074
497	-0.022954	-0.022947	-0.022991
498	-0.022963	-0.023032	-0.022965
499	-0.022967	-0.023059	-0.022958
500	-0.022962	-0.022987	-0.022983
501	-0.022933	-0.022919	-0.022981
502	-0.022825	-0.02286	-0.022887
503	-0.022721	-0.022801	-0.022797
504	-0.022661	-0.022731	-0.022744
505	-0.0226	-0.022661	-0.02269
506	-0.02249	-0.022522	-0.022525
507	-0.022377	-0.022378	-0.022354
508	-0.022291	-0.022297	-0.022308
509	-0.022211	-0.022231	-0.022293
510	-0.022092	-0.022096	-0.022164
511	-0.021954	-0.021925	-0.021977
512	-0.021888	-0.021841	-0.021891
513	-0.021887	-0.021836	-0.021897
514	-0.021852	-0.021816	-0.021871
515	-0.021763	-0.021772	-0.021793
516	-0.021668	-0.021711	-0.021698
517	-0.021556	-0.021596	-0.021547
518	-0.021434	-0.021472	-0.021396
519	-0.02124	-0.021266	-0.021254
520	-0.021045	-0.02106	-0.021111
521	-0.020898	-0.020934	-0.020933
522	-0.020752	-0.020811	-0.020753
523	-0.020581	-0.020589	-0.020606
524	-0.020405	-0.020348	-0.020466
525	-0.020304	-0.020259	-0.020345
526	-0.020237	-0.020236	-0.020232
527	-0.020188	-0.020208	-0.020168
528	-0.020156	-0.020175	-0.020143
529	-0.020093	-0.020109	-0.020085
530	-0.01999	-0.02	-0.019984
531	-0.019878	-0.019883	-0.019876
532	-0.019744	-0.019748	-0.01975
533	-0.019618	-0.019629	-0.019642
534	-0.019538	-0.01959	-0.019621
535	-0.019458	-0.019546	-0.019597
536	-0.019357	-0.019352	-0.019406
537	-0.019256	-0.019158	-0.019216
538	-0.019097	-0.019053	-0.019113
539	-0.018931	-0.018958	-0.019019
540	-0.018831	-0.018879	-0.01889
541	-0.018751	-0.018806	-0.018748
542	-0.018606	-0.018667	-0.018606
543	-0.018421	-0.01849	-0.018464
544	-0.018276	-0.018326	-0.018338
545	-0.018171	-0.018175	-0.018228
546	-0.018063	-0.018032	-0.018115
547	-0.017951	-0.017902	-0.017997
548	-0.017807	-0.017759	-0.017845
549	-0.017567	-0.017576	-0.017593
550	-0.017323	-0.017386	-0.017344
551	-0.017053	-0.017138	-0.017121
552	-0.016783	-0.01689	-0.016898
553	-0.016714	-0.01675	-0.016771
554	-0.016648	-0.016612	-0.016645
555	-0.016594	-0.016544	-0.016597
556	-0.016542	-0.016489	-0.016561
557	-0.016381	-0.016355	-0.016408
558	-0.016181	-0.016193	-0.016213
559	-0.016034	-0.016026	-0.01604
560	-0.015922	-0.015855	-0.015879
561	-0.015782	-0.015708	-0.015725
562	-0.015614	-0.015588	-0.015576
563	-0.015495	-0.015503	-0.015497
564	-0.015462	-0.015483	-0.015542
565	-0.015468	-0.015488	-0.015591
566	-0.015603	-0.015572	-0.015651
567	-0.015735	-0.015665	-0.01572
568	-0.015856	-0.015833	-0.015852
569	-0.015977	-0.016001	-0.015983
570	-0.016154	-0.016182	-0.016171
571	-0.016332	-0.016363	-0.01636
572	-0.016389	-0.016379	-0.01641
573	-0.016428	-0.01637	-0.016441
574	-0.016481	-0.01644	-0.016509
575	-0.016538	-0.016537	-0.01659
576	-0.016582	-0.016599	-0.016624
577	-0.016619	-0.01664	-0.016629
578	-0.016606	-0.016621	-0.016609
579	-0.016547	-0.016542	-0.016564
580	-0.016462	-0.016436	-0.016481
581	-0.016338	-0.016287	-0.016341
582	-0.016169	-0.016107	-0.016158
583	-0.015884	-0.015845	-0.015863
584	-0.015587	-0.015568	-0.015563
585	-0.015231	-0.015214	-0.015232
586	-0.014874	-0.014861	-0.014902
587	-0.014513	-0.014536	-0.014564
588	-0.014152	-0.01421	-0.014225
589	-0.01383	-0.013839	-0.013857
590	-0.013511	-0.013465	-0.013485
591	-0.013248	-0.013208	-0.013245
592	-0.012998	-0.012977	-0.013035
593	-0.012796	-0.012817	-0.012848
594	-0.012613	-0.012687	-0.012671
595	-0.012409	-0.012478	-0.012459
596	-0.012189	-0.012214	-0.012225
597	-0.011957	-0.011943	-0.011985
598	-0.011713	-0.011666	-0.01174
599	-0.011503	-0.01145	-0.011526
600	-0.011354	-0.011342	-0.011367
601	-0.011197	-0.011216	-0.011202
602	-0.011018	-0.011039	-0.011021
603	-0.010831	-0.010849	-0.010831
604	-0.010593	-0.010588	-0.010592
605	-0.01035	-0.010322	-0.010346
606	-0.009965	-0.009945	-0.009945
607	-0.00958	-0.009568	-0.009544
608	-0.009372	-0.009354	-0.009348
609	-0.009179	-0.009154	-0.009168
610	-0.008954	-0.008926	-0.008953
611	-0.008723	-0.008693	-0.008732
612	-0.00849	-0.008456	-0.008513
613	-0.008256	-0.008217	-0.008296
614	-0.008049	-0.00802	-0.008086
615	-0.00786	-0.00785	-0.007881
616	-0.007603	-0.007612	-0.007627
617	-0.00728	-0.007307	-0.007325
618	-0.006995	-0.007025	-0.007049
619	-0.006767	-0.006777	-0.006814
620	-0.006552	-0.006543	-0.006576
621	-0.00637	-0.006342	-0.006333
622	-0.006176	-0.006134	-0.006089
623	-0.005935	-0.005898	-0.005846
624	-0.005694	-0.005665	-0.00561
625	-0.005447	-0.005453	-0.005444
626	-0.0052	-0.005241	-0.005278
627	-0.004948	-0.005008	-0.005028
628	-0.004696	-0.004775	-0.004777
629	-0.004476	-0.004514	-0.004536
630	-0.004259	-0.004249	-0.004296
631	-0.004015	-0.003988	-0.004056
632	-0.003763	-0.003729	-0.003817
633	-0.003567	-0.003548	-0.003627
634	-0.003395	-0.003401	-0.00346
635	-0.003242	-0.00327	-0.003288
636	-0.003102	-0.003149	-0.003112
637	-0.002923	-0.002962	-0.002913
638	-0.002704	-0.00271	-0.002692
639	-0.002474	-0.002449	-0.002452
640	-0.00223	-0.002175	-0.002184
641	-0.002011	-0.001934	-0.001955
642	-0.001848	-0.001766	-0.001813
643	-0.00169	-0.001608	-0.001672
644	-0.001552	-0.001485	-0.001534
645	-0.001414	-0.00136	-0.001393
646	-0.001278	-0.001231	-0.001235
647	-0.001147	-0.001106	-0.001083
648	-0.001183	-0.001131	-0.001122
649	-0.001218	-0.001156	-0.00116
650	-0.001662	-0.001623	-0.001641
651	-0.002132	-0.002116	-0.00215
652	-0.002861	-0.002849	-0.002864
653	-0.003636	-0.003622	-0.003614
654	-0.004186	-0.004123	-0.004123
655	-0.004666	-0.00454	-0.004556
656	-0.004694	-0.00458	-0.004593
657	-0.004503	-0.004439	-0.004438
658	-0.004093	-0.004054	-0.004059
659	-0.003529	-0.003497	-0.003522
660	-0.002734	-0.002698	-0.00273
661	-0.001707	-0.001655	-0.001683
662	-0.000777	-0.000711	-0.000734
663	0.000018	0.000094	0.000077
664	0.000726	0.000798	0.000761
665	0.001256	0.001296	0.001189
666	0.001721	0.001737	0.001589
667	0.001989	0.002007	0.001901
668	0.002242	0.002257	0.002195
669	0.002423	0.002403	0.002398
670	0.002598	0.002548	0.002591
671	0.002695	0.002665	0.002669
672	0.002793	0.002783	0.002746
673	0.002958	0.002978	0.002939
674	0.003123	0.003173	0.003131
675	0.003233	0.003257	0.003234
676	0.003337	0.003331	0.003328
677	0.003483	0.003464	0.003474
678	0.003636	0.003607	0.00363
679	0.003728	0.003727	0.003701
680	0.0038	0.00384	0.003746
681	0.003904	0.00394	0.003874
682	0.004023	0.004033	0.004042
683	0.004147	0.004161	0.0042
684	0.004274	0.004312	0.004353
685	0.00441	0.004426	0.004465
686	0.004552	0.004509	0.00454
687	0.004717	0.004641	0.004659
688	0.004909	0.00483	0.00483
689	0.005087	0.005025	0.004993
690	0.005242	0.00523	0.005143
691	0.00541	0.005436	0.005327
692	0.005604	0.005643	0.005587
693	0.00579	0.005827	0.005813
694	0.005951	0.005935	0.005931
695	0.006096	0.006051	0.006056
696	0.006166	0.006205	0.006207
697	0.006248	0.006356	0.006353
698	0.006443	0.006474	0.006447
699	0.006637	0.006593	0.006547
700	0.006804	0.006759	0.006817
701	0.00697	0.006925	0.007088
702	0.007097	0.007094	0.007162
703	0.007223	0.007263	0.007229
704	0.007357	0.007419	0.007372
705	0.007492	0.007573	0.007523
706	0.007618	0.007713	0.007665
707	0.007742	0.007851	0.007805
708	0.007915	0.008	0.008007
709	0.008103	0.008153	0.008229
710	0.008241	0.008305	0.008345
711	0.008357	0.008457	0.008418
712	0.008502	0.008582	0.00856
713	0.008663	0.008691	0.00874
714	0.008869	0.008844	0.008913
715	0.009107	0.009029	0.009078
716	0.009304	0.009231	0.009268
717	0.009462	0.009448	0.00948
718	0.009629	0.009645	0.009683
719	0.009804	0.009817	0.009876
720	0.009954	0.009954	0.010019
[LOG]
CHECKSUM4|