[HEADER]
Format	J&M ASCII Table
Comment	
Date	03/03/2026 20:54:39
Order	Y (evenX)
TechType	UV
NumPoints	411
FirstX	310
LastX	720
XType	nm
YType	Absorbance
ZType	s
NumSubFile	3
Matrix	Z vs X
[LOGIN]
Name=pcbob
[INSTRUMENT]
Name=TIDAS E Base UV/VI
Detector=MMS - ASPEN 97,5 kHz
Diodearray=256 Pixel
Serial#=36584
Calibrated=2011-07-01
Range=183.81-729.88 [nm] (F0)

SWVersion=v3.18.2 (build 0)[LOGIN]
Name=pcbob
[CONFIG]
ChannelName=Channel 1
ChannelType=Normalized
[PARAMETER]
It=400,00
Aver=5
Norm=3
Range=310,0-720,0 nm
Scan=Time
ScanTime=5,00 s
[TRIGGER]
Sweep=0
Scan=0
[DIO]
DigOut=0x0000
DigIn=0x0000
[DATA]
	00:00:00,000	00:00:02,000	00:00:04,000
310	0.472622	0.472128	0.471698
311	0.465543	0.465033	0.464621
312	0.458584	0.458026	0.45763
313	0.451745	0.451187	0.450783
314	0.445074	0.444579	0.444137
315	0.438406	0.437963	0.437501
316	0.43175	0.431322	0.4309
317	0.425113	0.424697	0.424312
318	0.418742	0.41832	0.417919
319	0.412371	0.411942	0.411527
320	0.406162	0.405754	0.405308
321	0.399974	0.39959	0.399112
322	0.393847	0.393478	0.392977
323	0.387746	0.387387	0.386868
324	0.381709	0.381345	0.38082
325	0.375727	0.375348	0.374825
326	0.369792	0.369398	0.368902
327	0.36394	0.363534	0.363109
328	0.358103	0.357682	0.357302
329	0.35233	0.351891	0.351433
330	0.346557	0.3461	0.345564
331	0.34086	0.340457	0.339946
332	0.335164	0.334813	0.334329
333	0.32961	0.32929	0.328818
334	0.324087	0.323792	0.323329
335	0.318703	0.318329	0.317882
336	0.313394	0.312884	0.312459
337	0.308119	0.307563	0.307188
338	0.302881	0.302381	0.302086
339	0.297689	0.297243	0.296984
340	0.292602	0.292211	0.29188
341	0.287533	0.287188	0.286806
342	0.282585	0.282236	0.28195
343	0.277637	0.277284	0.277094
344	0.272895	0.272469	0.272194
345	0.268165	0.267662	0.267291
346	0.263426	0.262946	0.26262
347	0.258683	0.258257	0.258016
348	0.254055	0.253638	0.253398
349	0.249503	0.249066	0.24877
350	0.244958	0.244503	0.244164
351	0.240422	0.239953	0.239587
352	0.235933	0.23544	0.235066
353	0.231581	0.231036	0.230706
354	0.22723	0.226644	0.226353
355	0.222895	0.222394	0.222064
356	0.21856	0.218145	0.217776
357	0.214265	0.213837	0.213511
358	0.209975	0.209522	0.20925
359	0.205782	0.205357	0.205057
360	0.201625	0.201246	0.20089
361	0.197519	0.197194	0.196801
362	0.193454	0.193188	0.192775
363	0.189389	0.189142	0.188724
364	0.185323	0.185036	0.184634
365	0.181312	0.180992	0.180616
366	0.177498	0.177172	0.176864
367	0.173689	0.173358	0.173114
368	0.169984	0.169656	0.169389
369	0.166279	0.165953	0.165664
370	0.162536	0.162158	0.161897
371	0.158787	0.15835	0.158124
372	0.155035	0.15462	0.154407
373	0.151282	0.150924	0.150713
374	0.147644	0.147298	0.147076
375	0.144108	0.143735	0.143488
376	0.140588	0.14021	0.139954
377	0.137098	0.136753	0.136515
378	0.133619	0.133295	0.133069
379	0.130189	0.129831	0.129589
380	0.12676	0.126371	0.126114
381	0.123405	0.12311	0.12283
382	0.12005	0.119848	0.119546
383	0.116794	0.116514	0.116236
384	0.113555	0.113168	0.112921
385	0.110403	0.110001	0.109764
386	0.107291	0.106916	0.106681
387	0.104227	0.103893	0.103618
388	0.101208	0.100927	0.100575
389	0.098224	0.097963	0.097597
390	0.095304	0.095003	0.094743
391	0.092358	0.092039	0.091854
392	0.089295	0.089059	0.088813
393	0.086236	0.086082	0.085775
394	0.083484	0.08332	0.083025
395	0.080733	0.080557	0.080276
396	0.07825	0.078003	0.077752
397	0.075814	0.075487	0.075268
398	0.07347	0.073154	0.072965
399	0.071169	0.070909	0.070747
400	0.068757	0.068499	0.068352
401	0.066241	0.065935	0.065789
402	0.063663	0.063345	0.063193
403	0.06097	0.060708	0.060533
404	0.058341	0.05813	0.057939
405	0.055998	0.055817	0.055642
406	0.053658	0.053505	0.053346
407	0.051459	0.051262	0.051092
408	0.049259	0.049018	0.048838
409	0.046935	0.046711	0.046517
410	0.04459	0.044392	0.044186
411	0.042283	0.042089	0.041861
412	0.039994	0.039791	0.039539
413	0.037758	0.037525	0.037313
414	0.035569	0.035286	0.035174
415	0.033344	0.033065	0.032988
416	0.031054	0.030873	0.03072
417	0.028782	0.028675	0.028461
418	0.026581	0.026454	0.026238
419	0.024385	0.024238	0.02402
420	0.022285	0.022133	0.021953
421	0.020185	0.020028	0.019885
422	0.018175	0.018015	0.017865
423	0.016178	0.016016	0.015851
424	0.014313	0.01416	0.014008
425	0.012502	0.012361	0.012233
426	0.010812	0.010713	0.010578
427	0.00922	0.009186	0.009021
428	0.007769	0.007749	0.007556
429	0.006535	0.006447	0.006234
430	0.005254	0.005113	0.004897
431	0.003819	0.003675	0.003509
432	0.002378	0.002231	0.002112
433	0.000858	0.00071	0.000589
434	-0.000662	-0.000811	-0.000933
435	-0.002016	-0.002144	-0.002269
436	-0.003355	-0.003458	-0.003586
437	-0.004659	-0.004745	-0.004922
438	-0.005952	-0.006023	-0.006263
439	-0.007262	-0.007296	-0.007545
440	-0.008584	-0.008566	-0.008787
441	-0.009777	-0.009767	-0.009938
442	-0.010806	-0.010879	-0.010974
443	-0.011839	-0.011962	-0.011992
444	-0.012885	-0.01297	-0.012963
445	-0.013916	-0.013971	-0.01394
446	-0.014842	-0.01492	-0.014953
447	-0.015768	-0.01587	-0.015966
448	-0.016683	-0.016747	-0.016861
449	-0.017597	-0.017621	-0.017753
450	-0.018417	-0.018455	-0.018602
451	-0.019216	-0.019279	-0.019442
452	-0.020014	-0.020094	-0.020226
453	-0.02081	-0.020903	-0.02098
454	-0.021569	-0.021673	-0.021747
455	-0.02229	-0.022402	-0.022525
456	-0.022972	-0.023079	-0.023225
457	-0.023583	-0.023657	-0.02378
458	-0.024194	-0.024244	-0.024342
459	-0.024805	-0.024862	-0.024933
460	-0.025414	-0.025478	-0.025522
461	-0.025977	-0.026038	-0.026099
462	-0.026541	-0.026598	-0.026676
463	-0.027073	-0.027153	-0.027252
464	-0.027601	-0.027707	-0.027827
465	-0.028051	-0.028143	-0.028272
466	-0.028474	-0.028536	-0.028671
467	-0.028751	-0.028791	-0.028919
468	-0.028925	-0.028948	-0.029059
469	-0.029158	-0.029159	-0.02927
470	-0.029466	-0.02944	-0.029572
471	-0.029771	-0.029745	-0.029895
472	-0.030067	-0.030113	-0.030273
473	-0.030381	-0.030479	-0.030648
474	-0.030807	-0.030833	-0.031003
475	-0.031234	-0.031188	-0.031359
476	-0.031502	-0.03145	-0.031615
477	-0.031767	-0.031711	-0.031869
478	-0.032036	-0.032045	-0.032187
479	-0.032304	-0.032394	-0.032518
480	-0.032693	-0.032765	-0.032865
481	-0.033136	-0.033146	-0.033219
482	-0.0336	-0.033582	-0.033648
483	-0.034082	-0.034064	-0.034143
484	-0.034566	-0.034553	-0.034643
485	-0.035055	-0.035051	-0.035153
486	-0.035384	-0.035398	-0.035506
487	-0.035216	-0.035266	-0.035365
488	-0.035039	-0.035124	-0.035213
489	-0.034788	-0.034879	-0.03496
490	-0.034537	-0.034634	-0.034708
491	-0.034283	-0.034371	-0.03444
492	-0.034029	-0.034108	-0.034172
493	-0.033963	-0.034008	-0.034073
494	-0.033943	-0.033947	-0.034015
495	-0.033844	-0.033818	-0.033929
496	-0.033703	-0.033654	-0.033829
497	-0.033666	-0.03364	-0.033808
498	-0.033726	-0.033765	-0.033863
499	-0.033785	-0.033853	-0.033915
500	-0.03384	-0.033878	-0.033961
501	-0.033879	-0.033889	-0.033989
502	-0.033858	-0.03385	-0.033954
503	-0.033829	-0.033803	-0.033915
504	-0.033718	-0.033676	-0.033824
505	-0.033607	-0.033548	-0.033733
506	-0.033534	-0.033464	-0.033631
507	-0.033463	-0.033382	-0.033528
508	-0.033316	-0.033257	-0.033396
509	-0.033149	-0.03312	-0.033257
510	-0.033054	-0.033043	-0.033147
511	-0.032994	-0.032997	-0.033053
512	-0.032879	-0.032889	-0.032951
513	-0.032715	-0.032725	-0.032839
514	-0.032586	-0.032584	-0.032705
515	-0.032515	-0.032481	-0.032533
516	-0.032441	-0.032396	-0.032398
517	-0.032358	-0.032362	-0.032373
518	-0.032278	-0.032326	-0.032346
519	-0.032227	-0.032279	-0.032308
520	-0.032175	-0.032232	-0.03227
521	-0.032038	-0.032127	-0.032133
522	-0.031898	-0.03202	-0.031993
523	-0.031836	-0.031918	-0.031935
524	-0.031791	-0.031817	-0.031893
525	-0.031714	-0.031751	-0.031827
526	-0.031624	-0.0317	-0.03175
527	-0.031511	-0.031579	-0.03162
528	-0.031381	-0.031403	-0.031451
529	-0.031254	-0.031257	-0.031311
530	-0.03113	-0.03115	-0.031211
531	-0.031003	-0.03104	-0.031091
532	-0.030867	-0.030921	-0.030925
533	-0.03072	-0.030784	-0.030757
534	-0.030514	-0.030553	-0.030582
535	-0.030311	-0.030323	-0.030407
536	-0.030177	-0.030161	-0.030211
537	-0.030044	-0.029998	-0.030015
538	-0.029896	-0.029855	-0.029904
539	-0.029746	-0.029714	-0.029804
540	-0.029672	-0.029627	-0.029719
541	-0.029621	-0.029556	-0.02964
542	-0.029544	-0.0295	-0.029567
543	-0.029452	-0.029455	-0.029499
544	-0.029373	-0.029395	-0.029435
545	-0.029307	-0.029323	-0.029373
546	-0.029181	-0.029185	-0.029248
547	-0.028956	-0.028937	-0.029015
548	-0.028722	-0.028704	-0.028783
549	-0.028458	-0.028515	-0.028555
550	-0.028209	-0.028324	-0.028327
551	-0.028071	-0.028112	-0.028105
552	-0.027934	-0.027899	-0.027884
553	-0.027736	-0.02774	-0.027721
554	-0.027538	-0.027582	-0.027559
555	-0.027311	-0.027359	-0.027345
556	-0.027079	-0.027125	-0.027122
557	-0.026859	-0.026917	-0.026917
558	-0.026643	-0.026718	-0.026718
559	-0.02648	-0.026536	-0.026548
560	-0.026351	-0.026366	-0.026396
561	-0.026198	-0.026185	-0.026238
562	-0.026017	-0.025992	-0.026074
563	-0.025903	-0.025866	-0.025959
564	-0.025909	-0.025858	-0.025933
565	-0.025937	-0.025875	-0.025933
566	-0.026033	-0.025974	-0.026013
567	-0.026129	-0.026075	-0.026099
568	-0.026214	-0.026196	-0.026232
569	-0.026299	-0.026317	-0.026365
570	-0.026526	-0.026537	-0.026585
571	-0.026754	-0.026758	-0.026806
572	-0.026899	-0.026895	-0.026939
573	-0.027032	-0.027021	-0.027059
574	-0.02705	-0.027042	-0.027083
575	-0.02703	-0.02703	-0.027075
576	-0.027037	-0.027023	-0.027074
577	-0.027061	-0.027019	-0.027076
578	-0.02704	-0.027	-0.027064
579	-0.026977	-0.026966	-0.02704
580	-0.026858	-0.026862	-0.026951
581	-0.026654	-0.026651	-0.026763
582	-0.026417	-0.026406	-0.026528
583	-0.026092	-0.026076	-0.026171
584	-0.025753	-0.025728	-0.0258
585	-0.025341	-0.02529	-0.025354
586	-0.02493	-0.024857	-0.02491
587	-0.024521	-0.0245	-0.024527
588	-0.024111	-0.024144	-0.024143
589	-0.023699	-0.02373	-0.023755
590	-0.023286	-0.023312	-0.023367
591	-0.022979	-0.022991	-0.023056
592	-0.022696	-0.022691	-0.022763
593	-0.022513	-0.022501	-0.022566
594	-0.022373	-0.022359	-0.02241
595	-0.02218	-0.022161	-0.022213
596	-0.021951	-0.021926	-0.021987
597	-0.021738	-0.021708	-0.02178
598	-0.021542	-0.02151	-0.021594
599	-0.021353	-0.021328	-0.02141
600	-0.021174	-0.021172	-0.02123
601	-0.020998	-0.021005	-0.021055
602	-0.020831	-0.020802	-0.020894
603	-0.020652	-0.020596	-0.020719
604	-0.020408	-0.020368	-0.020462
605	-0.02016	-0.020136	-0.020202
606	-0.019792	-0.019787	-0.019867
607	-0.019423	-0.019439	-0.019533
608	-0.019182	-0.01918	-0.019291
609	-0.018951	-0.018929	-0.019055
610	-0.018661	-0.018677	-0.018756
611	-0.018358	-0.018426	-0.018444
612	-0.018075	-0.018113	-0.018139
613	-0.017801	-0.017776	-0.017838
614	-0.017536	-0.017498	-0.017559
615	-0.017277	-0.017259	-0.017294
616	-0.016941	-0.01693	-0.016975
617	-0.016527	-0.016514	-0.016604
618	-0.016171	-0.016154	-0.016266
619	-0.015902	-0.015877	-0.015977
620	-0.015652	-0.015621	-0.015708
621	-0.015447	-0.015413	-0.015486
622	-0.01522	-0.015189	-0.015249
623	-0.014907	-0.014898	-0.014957
624	-0.014606	-0.014615	-0.014676
625	-0.01443	-0.014414	-0.014506
626	-0.014253	-0.014213	-0.014335
627	-0.014099	-0.014046	-0.014174
628	-0.013944	-0.01388	-0.014014
629	-0.013706	-0.013645	-0.013767
630	-0.013457	-0.013401	-0.01351
631	-0.013298	-0.013236	-0.013339
632	-0.013161	-0.013091	-0.013189
633	-0.012933	-0.012864	-0.012945
634	-0.012665	-0.012601	-0.012659
635	-0.0125	-0.012435	-0.012517
636	-0.012404	-0.012335	-0.012472
637	-0.01226	-0.012192	-0.012331
638	-0.012069	-0.012008	-0.012095
639	-0.011847	-0.011791	-0.011843
640	-0.011581	-0.011524	-0.011569
641	-0.011314	-0.011264	-0.011304
642	-0.011046	-0.011016	-0.011059
643	-0.010799	-0.010775	-0.01083
644	-0.010628	-0.010554	-0.010659
645	-0.010456	-0.010344	-0.010487
646	-0.01028	-0.010212	-0.010305
647	-0.010109	-0.010082	-0.010126
648	-0.010045	-0.01002	-0.010043
649	-0.009981	-0.009959	-0.009961
650	-0.010307	-0.010283	-0.010329
651	-0.010657	-0.01063	-0.010725
652	-0.011388	-0.011328	-0.011419
653	-0.012186	-0.012088	-0.012165
654	-0.012693	-0.012617	-0.012678
655	-0.013111	-0.013074	-0.013119
656	-0.013124	-0.013102	-0.013145
657	-0.012942	-0.012922	-0.012972
658	-0.012527	-0.012526	-0.012566
659	-0.011948	-0.011977	-0.011995
660	-0.011156	-0.01116	-0.011223
661	-0.010151	-0.010074	-0.01025
662	-0.009232	-0.009141	-0.009342
663	-0.008432	-0.008423	-0.008526
664	-0.00776	-0.007811	-0.007832
665	-0.007349	-0.007416	-0.007388
666	-0.006989	-0.007067	-0.007019
667	-0.006789	-0.006866	-0.006879
668	-0.006587	-0.006663	-0.006721
669	-0.006375	-0.006456	-0.006468
670	-0.00617	-0.006252	-0.006226
671	-0.006044	-0.00608	-0.006103
672	-0.005918	-0.005908	-0.00598
673	-0.005778	-0.005725	-0.005802
674	-0.005637	-0.005543	-0.005625
675	-0.005509	-0.00539	-0.005457
676	-0.005382	-0.00524	-0.00529
677	-0.005185	-0.005086	-0.005101
678	-0.004975	-0.00493	-0.004908
679	-0.004769	-0.004738	-0.004759
680	-0.004565	-0.004534	-0.004623
681	-0.004405	-0.004386	-0.004484
682	-0.004266	-0.004264	-0.004344
683	-0.004117	-0.004136	-0.004177
684	-0.003963	-0.004005	-0.003993
685	-0.003813	-0.003845	-0.003839
686	-0.003666	-0.00366	-0.003713
687	-0.003484	-0.003456	-0.00352
688	-0.00326	-0.00323	-0.003247
689	-0.003074	-0.003052	-0.003032
690	-0.002947	-0.00295	-0.002907
691	-0.002799	-0.002799	-0.002768
692	-0.002608	-0.002537	-0.002597
693	-0.002405	-0.002293	-0.002413
694	-0.002167	-0.002108	-0.002189
695	-0.001947	-0.001932	-0.001975
696	-0.001814	-0.001804	-0.001813
697	-0.00168	-0.001672	-0.001654
698	-0.001544	-0.001503	-0.001525
699	-0.001405	-0.001334	-0.001393
700	-0.001203	-0.001145	-0.001176
701	-0.001001	-0.000957	-0.000958
702	-0.000808	-0.000779	-0.000764
703	-0.000615	-0.000602	-0.000571
704	-0.000456	-0.000501	-0.000451
705	-0.000302	-0.000408	-0.000339
706	-0.000176	-0.000227	-0.000223
707	-0.000056	-0.000029	-0.000105
708	0.000101	0.000143	0.000061
709	0.000268	0.000307	0.000241
710	0.000421	0.000488	0.000408
711	0.000568	0.000676	0.000568
712	0.000713	0.000808	0.00068
713	0.000857	0.000909	0.000764
714	0.000984	0.001018	0.000902
715	0.001099	0.001133	0.00108
716	0.001235	0.00126	0.001239
717	0.00139	0.001399	0.00138
718	0.001553	0.001552	0.001524
719	0.001724	0.00172	0.001669
720	0.001881	0.00188	0.001816
[LOG]
CHECKSUMÆ!