[HEADER]
Format	J&M ASCII Table
Comment	
Date	03/03/2026 20:40:44
Order	Y (evenX)
TechType	UV
NumPoints	411
FirstX	310
LastX	720
XType	nm
YType	Absorbance
ZType	s
NumSubFile	3
Matrix	Z vs X
[LOGIN]
Name=pcbob
[INSTRUMENT]
Name=TIDAS E Base UV/VI
Detector=MMS - ASPEN 97,5 kHz
Diodearray=256 Pixel
Serial#=36584
Calibrated=2011-07-01
Range=183.81-729.88 [nm] (F0)

SWVersion=v3.18.2 (build 0)[LOGIN]
Name=pcbob
[CONFIG]
ChannelName=Channel 1
ChannelType=Normalized
[PARAMETER]
It=400,00
Aver=5
Norm=3
Range=310,0-720,0 nm
Scan=Time
ScanTime=5,00 s
[TRIGGER]
Sweep=0
Scan=0
[DIO]
DigOut=0x0000
DigIn=0x0000
[DATA]
	00:00:00,000	00:00:02,000	00:00:04,000
310	0.541579	0.541273	0.540972
311	0.533448	0.533163	0.532832
312	0.525462	0.525196	0.524835
313	0.517552	0.517263	0.516879
314	0.50975	0.509379	0.50898
315	0.502005	0.50158	0.501179
316	0.494443	0.494049	0.493686
317	0.486897	0.486533	0.486201
318	0.479585	0.479221	0.478839
319	0.472272	0.471909	0.471477
320	0.465157	0.464805	0.464428
321	0.458067	0.457728	0.457419
322	0.451085	0.450729	0.450427
323	0.444148	0.443764	0.443443
324	0.437279	0.436852	0.436549
325	0.430469	0.429989	0.429736
326	0.423699	0.423196	0.422964
327	0.417001	0.416535	0.416266
328	0.410309	0.409895	0.409594
329	0.403652	0.403352	0.403045
330	0.396995	0.396809	0.396497
331	0.390781	0.39048	0.39015
332	0.384567	0.38415	0.383803
333	0.378339	0.377919	0.377513
334	0.372108	0.371709	0.371235
335	0.365853	0.365484	0.365028
336	0.359585	0.359252	0.358861
337	0.353496	0.353171	0.352817
338	0.347605	0.347258	0.346911
339	0.341745	0.341395	0.34105
340	0.335961	0.335648	0.335299
341	0.330201	0.329918	0.329565
342	0.324609	0.324306	0.323954
343	0.319018	0.318695	0.318344
344	0.31352	0.313203	0.312772
345	0.308027	0.307716	0.307203
346	0.302542	0.302199	0.301809
347	0.297059	0.296672	0.296467
348	0.291697	0.291298	0.291102
349	0.286417	0.286027	0.285724
350	0.281177	0.28079	0.280423
351	0.275992	0.275597	0.275228
352	0.270832	0.270458	0.270066
353	0.265748	0.265478	0.265004
354	0.260669	0.260492	0.259955
355	0.255664	0.255443	0.255061
356	0.250659	0.250395	0.250166
357	0.245707	0.245468	0.24521
358	0.240762	0.240554	0.240247
359	0.235945	0.235726	0.235432
360	0.231175	0.230928	0.230671
361	0.226495	0.22625	0.226009
362	0.221887	0.221665	0.221426
363	0.217277	0.217066	0.216827
364	0.212666	0.212442	0.212202
365	0.208105	0.20786	0.207621
366	0.203725	0.20343	0.203199
367	0.199347	0.199002	0.198778
368	0.195007	0.19465	0.194372
369	0.190667	0.190297	0.189966
370	0.18644	0.186081	0.185783
371	0.18223	0.181886	0.181633
372	0.178017	0.177692	0.177476
373	0.173802	0.1735	0.173316
374	0.169631	0.169365	0.169175
375	0.165501	0.165282	0.16505
376	0.161435	0.161271	0.160991
377	0.157485	0.157388	0.157048
378	0.153549	0.1535	0.153123
379	0.149675	0.149591	0.149272
380	0.145806	0.145688	0.145426
381	0.142199	0.142013	0.141771
382	0.138593	0.138339	0.138115
383	0.134988	0.134697	0.134456
384	0.131384	0.131061	0.130796
385	0.127838	0.127533	0.127268
386	0.124318	0.124054	0.123799
387	0.120906	0.120665	0.120416
388	0.117595	0.11736	0.117114
389	0.114311	0.114094	0.113838
390	0.11108	0.110901	0.110614
391	0.107835	0.107683	0.107376
392	0.104527	0.104347	0.104072
393	0.101223	0.101017	0.100774
394	0.098262	0.098149	0.097828
395	0.095301	0.09528	0.094883
396	0.092651	0.092562	0.092201
397	0.090056	0.089872	0.089567
398	0.087533	0.087314	0.087083
399	0.085043	0.084819	0.08467
400	0.08244	0.082234	0.082095
401	0.079732	0.079565	0.079366
402	0.077042	0.076888	0.07666
403	0.074389	0.074196	0.073996
404	0.071778	0.071557	0.071388
405	0.069358	0.069147	0.069033
406	0.066941	0.06674	0.066679
407	0.064682	0.064477	0.06435
408	0.062423	0.062214	0.06202
409	0.060009	0.059796	0.059638
410	0.057568	0.057352	0.057246
411	0.055195	0.055024	0.05489
412	0.052853	0.052748	0.05255
413	0.050591	0.050511	0.05026
414	0.048402	0.048309	0.048013
415	0.046179	0.046055	0.045767
416	0.043897	0.043712	0.043521
417	0.041611	0.04139	0.041273
418	0.03931	0.039149	0.039019
419	0.037022	0.036918	0.036775
420	0.035053	0.034903	0.034782
421	0.033083	0.032888	0.032788
422	0.031118	0.030945	0.030822
423	0.029152	0.029013	0.02886
424	0.027337	0.027204	0.027086
425	0.025583	0.025445	0.025388
426	0.023978	0.023827	0.023767
427	0.022494	0.022322	0.022207
428	0.021106	0.020935	0.020792
429	0.019867	0.019728	0.019597
430	0.01862	0.018507	0.018381
431	0.017348	0.017241	0.01709
432	0.016066	0.015965	0.015792
433	0.014662	0.01456	0.014393
434	0.013258	0.013154	0.012994
435	0.011997	0.011894	0.011757
436	0.010749	0.010648	0.010535
437	0.009505	0.00937	0.009322
438	0.008262	0.008082	0.008112
439	0.007108	0.006921	0.006938
440	0.006012	0.005847	0.005788
441	0.004951	0.004805	0.004707
442	0.003934	0.003806	0.003714
443	0.002959	0.002839	0.002746
444	0.002092	0.001955	0.00184
445	0.00123	0.001081	0.00095
446	0.000403	0.000271	0.000163
447	-0.000424	-0.000539	-0.000624
448	-0.001172	-0.001321	-0.001417
449	-0.001917	-0.002103	-0.00221
450	-0.002625	-0.002794	-0.002885
451	-0.003324	-0.003465	-0.003533
452	-0.004012	-0.004168	-0.004233
453	-0.004693	-0.004888	-0.004959
454	-0.005384	-0.005588	-0.00568
455	-0.006086	-0.006268	-0.006396
456	-0.006753	-0.006923	-0.007053
457	-0.007355	-0.00753	-0.0076
458	-0.00793	-0.00811	-0.008138
459	-0.008392	-0.008576	-0.008643
460	-0.008858	-0.009045	-0.009148
461	-0.009414	-0.009586	-0.00966
462	-0.00997	-0.010126	-0.010171
463	-0.010467	-0.01062	-0.010659
464	-0.010957	-0.011108	-0.011143
465	-0.011331	-0.011464	-0.011483
466	-0.011663	-0.011772	-0.011772
467	-0.011858	-0.011972	-0.011974
468	-0.011956	-0.012093	-0.012115
469	-0.012099	-0.012267	-0.012297
470	-0.012303	-0.012509	-0.012533
471	-0.012529	-0.012757	-0.012785
472	-0.01281	-0.013018	-0.013075
473	-0.013102	-0.013292	-0.013372
474	-0.013463	-0.013651	-0.013704
475	-0.013823	-0.014011	-0.014036
476	-0.014012	-0.014175	-0.014199
477	-0.014197	-0.014335	-0.01436
478	-0.014396	-0.014555	-0.014596
479	-0.014599	-0.014788	-0.014846
480	-0.014894	-0.015063	-0.015127
481	-0.015232	-0.015358	-0.015421
482	-0.015625	-0.01574	-0.015828
483	-0.016068	-0.016197	-0.016333
484	-0.016524	-0.016654	-0.016802
485	-0.017002	-0.017112	-0.017215
486	-0.017321	-0.017421	-0.017487
487	-0.017136	-0.017263	-0.017317
488	-0.016943	-0.017103	-0.017142
489	-0.016661	-0.016923	-0.016908
490	-0.016379	-0.016743	-0.016674
491	-0.016231	-0.016488	-0.016479
492	-0.01609	-0.016229	-0.016286
493	-0.016018	-0.016158	-0.016227
494	-0.015964	-0.016134	-0.016202
495	-0.015873	-0.016084	-0.016153
496	-0.015763	-0.016021	-0.016093
497	-0.015756	-0.016039	-0.016089
498	-0.015844	-0.016131	-0.016138
499	-0.015915	-0.016184	-0.016187
500	-0.015957	-0.01617	-0.016234
501	-0.015994	-0.01615	-0.016265
502	-0.016019	-0.016115	-0.01624
503	-0.016025	-0.016072	-0.016203
504	-0.015831	-0.01595	-0.016047
505	-0.015637	-0.015828	-0.015891
506	-0.015528	-0.015702	-0.015763
507	-0.015424	-0.015576	-0.015637
508	-0.015306	-0.015442	-0.015522
509	-0.015185	-0.015306	-0.01541
510	-0.015087	-0.015212	-0.015305
511	-0.015001	-0.01514	-0.015203
512	-0.014899	-0.015067	-0.01508
513	-0.014784	-0.014995	-0.014935
514	-0.01467	-0.014909	-0.014832
515	-0.014559	-0.0148	-0.014792
516	-0.014471	-0.014709	-0.014752
517	-0.014454	-0.014673	-0.014709
518	-0.01443	-0.014637	-0.014664
519	-0.014353	-0.014601	-0.014603
520	-0.014275	-0.014565	-0.014541
521	-0.014193	-0.014444	-0.014421
522	-0.01411	-0.01432	-0.014299
523	-0.014087	-0.01427	-0.014279
524	-0.014075	-0.014235	-0.014279
525	-0.014041	-0.014189	-0.014225
526	-0.013997	-0.014137	-0.014148
527	-0.013953	-0.014087	-0.014111
528	-0.013908	-0.014037	-0.014105
529	-0.013855	-0.013993	-0.014073
530	-0.013791	-0.013955	-0.014008
531	-0.013714	-0.013896	-0.01391
532	-0.013607	-0.013788	-0.013733
533	-0.013487	-0.013672	-0.013566
534	-0.013295	-0.013514	-0.013452
535	-0.013106	-0.013358	-0.01334
536	-0.013016	-0.013261	-0.013276
537	-0.012926	-0.013164	-0.013211
538	-0.0128	-0.01305	-0.013083
539	-0.01267	-0.012933	-0.012947
540	-0.012635	-0.012865	-0.012893
541	-0.012628	-0.012813	-0.012866
542	-0.012585	-0.012772	-0.012855
543	-0.012521	-0.012736	-0.012854
544	-0.012491	-0.012702	-0.012827
545	-0.012496	-0.01267	-0.012773
546	-0.012475	-0.012608	-0.012698
547	-0.012408	-0.012497	-0.012588
548	-0.012333	-0.012399	-0.012482
549	-0.012233	-0.012345	-0.012386
550	-0.012127	-0.012282	-0.012283
551	-0.011979	-0.012146	-0.012118
552	-0.01183	-0.012009	-0.011953
553	-0.011637	-0.011811	-0.011771
554	-0.011443	-0.011612	-0.011589
555	-0.011284	-0.011491	-0.011467
556	-0.011131	-0.011382	-0.011356
557	-0.011011	-0.011244	-0.011222
558	-0.010904	-0.011094	-0.01108
559	-0.010811	-0.010992	-0.010988
560	-0.010726	-0.01092	-0.010929
561	-0.010606	-0.010794	-0.010821
562	-0.010449	-0.01061	-0.010661
563	-0.010343	-0.010494	-0.010549
564	-0.010328	-0.010499	-0.01052
565	-0.010338	-0.01051	-0.010511
566	-0.010428	-0.010544	-0.010562
567	-0.010513	-0.010585	-0.010618
568	-0.010561	-0.010682	-0.010701
569	-0.01061	-0.010779	-0.010785
570	-0.010806	-0.010962	-0.010992
571	-0.011002	-0.011147	-0.011199
572	-0.011082	-0.011235	-0.011296
573	-0.011145	-0.011309	-0.011376
574	-0.011184	-0.011338	-0.011398
575	-0.011214	-0.011352	-0.011401
576	-0.011217	-0.01135	-0.011376
577	-0.011203	-0.011339	-0.011336
578	-0.01118	-0.011325	-0.011325
579	-0.01115	-0.011306	-0.01134
580	-0.011072	-0.011231	-0.011284
581	-0.010921	-0.01107	-0.011119
582	-0.010758	-0.010897	-0.010937
583	-0.010563	-0.010695	-0.010709
584	-0.010344	-0.010467	-0.010464
585	-0.010003	-0.010106	-0.010124
586	-0.009665	-0.009749	-0.009788
587	-0.009386	-0.009483	-0.009523
588	-0.009107	-0.009218	-0.009258
589	-0.00883	-0.008971	-0.00898
590	-0.008553	-0.008726	-0.008702
591	-0.008357	-0.008518	-0.008503
592	-0.008178	-0.008318	-0.008323
593	-0.008058	-0.008192	-0.00822
594	-0.007963	-0.008097	-0.008149
595	-0.007831	-0.007961	-0.008017
596	-0.007673	-0.007798	-0.007842
597	-0.00753	-0.007647	-0.007687
598	-0.007402	-0.00751	-0.007555
599	-0.007279	-0.00739	-0.007421
600	-0.007168	-0.0073	-0.007284
601	-0.007061	-0.0072	-0.007164
602	-0.006968	-0.007068	-0.007091
603	-0.006854	-0.006921	-0.006994
604	-0.006624	-0.006681	-0.006752
605	-0.006395	-0.006443	-0.006512
606	-0.006197	-0.006276	-0.00632
607	-0.005998	-0.006109	-0.006128
608	-0.005774	-0.005906	-0.005925
609	-0.005547	-0.005701	-0.005722
610	-0.005313	-0.005457	-0.005505
611	-0.005077	-0.005204	-0.005286
612	-0.004891	-0.005019	-0.005097
613	-0.004725	-0.004861	-0.004919
614	-0.004549	-0.004677	-0.004727
615	-0.004368	-0.004478	-0.004527
616	-0.004145	-0.004274	-0.004298
617	-0.003883	-0.004066	-0.004041
618	-0.003643	-0.003828	-0.003798
619	-0.003435	-0.003547	-0.003578
620	-0.003235	-0.003309	-0.00337
621	-0.003051	-0.003172	-0.003192
622	-0.002863	-0.003026	-0.003018
623	-0.002659	-0.002836	-0.002861
624	-0.002464	-0.002655	-0.002706
625	-0.002368	-0.002566	-0.002563
626	-0.002271	-0.002478	-0.002421
627	-0.002184	-0.002341	-0.002333
628	-0.002097	-0.002205	-0.002247
629	-0.001948	-0.00206	-0.002153
630	-0.001791	-0.001914	-0.002057
631	-0.001661	-0.001778	-0.001902
632	-0.001539	-0.001646	-0.001732
633	-0.001342	-0.00147	-0.001536
634	-0.001112	-0.001276	-0.001328
635	-0.001005	-0.001157	-0.001199
636	-0.000979	-0.001087	-0.001121
637	-0.000862	-0.000947	-0.000997
638	-0.000656	-0.000738	-0.000825
639	-0.000486	-0.000586	-0.00067
640	-0.000368	-0.000518	-0.000539
641	-0.000224	-0.000398	-0.000394
642	-0.000019	-0.000162	-0.000219
643	0.000181	0.000054	-0.000041
644	0.000363	0.000195	0.000149
645	0.000537	0.000338	0.00033
646	0.000655	0.000486	0.000457
647	0.000772	0.000633	0.000583
648	0.000853	0.000725	0.000695
649	0.000935	0.000817	0.000807
650	0.000718	0.000612	0.000585
651	0.000482	0.000388	0.000342
652	0.00008	-0.000004	-0.000074
653	-0.00035	-0.000424	-0.000521
654	-0.000671	-0.000738	-0.000836
655	-0.000957	-0.001018	-0.00111
656	-0.000971	-0.001049	-0.001096
657	-0.000854	-0.000959	-0.000942
658	-0.000575	-0.000669	-0.000656
659	-0.000182	-0.000237	-0.000278
660	0.000349	0.00031	0.000241
661	0.001018	0.000973	0.0009
662	0.001619	0.001556	0.001485
663	0.002124	0.002029	0.001967
664	0.002569	0.002459	0.002396
665	0.002891	0.002804	0.00272
666	0.003145	0.003071	0.002982
667	0.00319	0.003101	0.003057
668	0.00326	0.003156	0.003151
669	0.003458	0.003343	0.003338
670	0.003651	0.003523	0.003518
671	0.003783	0.00362	0.003607
672	0.003916	0.003717	0.003696
673	0.004088	0.003881	0.003857
674	0.004261	0.004045	0.004019
675	0.004351	0.004172	0.004138
676	0.004433	0.004295	0.004253
677	0.004581	0.004435	0.004373
678	0.004741	0.004579	0.004494
679	0.004892	0.004701	0.004624
680	0.005042	0.004817	0.004758
681	0.005117	0.004959	0.004867
682	0.005159	0.005114	0.004965
683	0.005314	0.005255	0.005142
684	0.005542	0.005387	0.00537
685	0.005737	0.005528	0.005524
686	0.005903	0.005675	0.005614
687	0.006064	0.005845	0.005762
688	0.006218	0.00604	0.005979
689	0.006332	0.006193	0.006147
690	0.006381	0.006276	0.006238
691	0.00648	0.00639	0.006344
692	0.006687	0.006573	0.006484
693	0.006868	0.006732	0.006619
694	0.006971	0.006819	0.006734
695	0.007077	0.006911	0.006854
696	0.007194	0.007031	0.006992
697	0.007309	0.007148	0.007124
698	0.007417	0.00725	0.00721
699	0.007526	0.007352	0.007298
700	0.007688	0.00747	0.007465
701	0.00785	0.007589	0.007632
702	0.007952	0.007712	0.007747
703	0.008052	0.007837	0.00786
704	0.008196	0.008007	0.007993
705	0.008345	0.008182	0.008127
706	0.008391	0.008263	0.008153
707	0.008418	0.008325	0.008157
708	0.008528	0.008449	0.00831
709	0.008663	0.008593	0.008509
710	0.008779	0.008676	0.00861
711	0.008887	0.008734	0.008671
712	0.008973	0.008821	0.00875
713	0.009046	0.008925	0.008839
714	0.009135	0.009046	0.008958
715	0.009236	0.009179	0.0091
716	0.00933	0.009272	0.009187
717	0.009419	0.009326	0.009224
718	0.009541	0.009425	0.009342
719	0.0097	0.009575	0.009555
720	0.00985	0.009731	0.009734
[LOG]
CHECKSUM¬Ú