[HEADER]
Format	J&M ASCII Table
Comment	
Date	05/03/2026 17:10:53
Order	Y (evenX)
TechType	UV
NumPoints	411
FirstX	310
LastX	720
XType	nm
YType	Absorbance
ZType	s
NumSubFile	3
Matrix	Z vs X
[LOGIN]
Name=pcbob
[INSTRUMENT]
Name=TIDAS E Base UV/VI
Detector=MMS - ASPEN 97,5 kHz
Diodearray=256 Pixel
Serial#=36584
Calibrated=2011-07-01
Range=183.81-729.88 [nm] (F0)

SWVersion=v3.18.2 (build 0)[LOGIN]
Name=pcbob
[CONFIG]
ChannelName=Channel 1
ChannelType=Normalized
[PARAMETER]
It=400,00
Aver=5
Norm=3
Range=310,0-720,0 nm
Scan=Time
ScanTime=5,00 s
[TRIGGER]
Sweep=0
Scan=0
[DIO]
DigOut=0x0000
DigIn=0x0000
[DATA]
	00:00:00,000	00:00:02,000	00:00:04,000
310	0.004323	0.004288	0.004343
311	0.004207	0.00419	0.004241
312	0.004092	0.004112	0.004153
313	0.00398	0.004021	0.00405
314	0.003874	0.003909	0.003925
315	0.003772	0.003802	0.003805
316	0.003684	0.003708	0.003702
317	0.003594	0.003613	0.0036
318	0.003493	0.003515	0.003514
319	0.003392	0.003417	0.003427
320	0.003258	0.003295	0.003314
321	0.003119	0.003169	0.003198
322	0.002952	0.003007	0.003037
323	0.002774	0.002828	0.002858
324	0.002652	0.002716	0.002727
325	0.002578	0.002663	0.002637
326	0.002502	0.002592	0.002557
327	0.002422	0.002488	0.002492
328	0.002329	0.002377	0.002413
329	0.00218	0.002234	0.002265
330	0.002031	0.002091	0.002118
331	0.001818	0.001883	0.001908
332	0.001606	0.001676	0.001699
333	0.001557	0.001624	0.001648
334	0.001542	0.001604	0.001631
335	0.001476	0.00153	0.00158
336	0.00138	0.001426	0.001512
337	0.00129	0.001353	0.001437
338	0.001206	0.001314	0.001353
339	0.001122	0.001234	0.00125
340	0.001038	0.001056	0.0011
341	0.000937	0.000882	0.000946
342	0.00072	0.000729	0.000768
343	0.000503	0.000576	0.00059
344	0.000436	0.000513	0.000541
345	0.000378	0.000456	0.000498
346	0.000353	0.000433	0.000456
347	0.000339	0.00042	0.000413
348	0.000297	0.000345	0.000352
349	0.000235	0.000228	0.00028
350	0.00014	0.000114	0.000189
351	-0.000003	0.000003	0.000073
352	-0.00012	-0.000092	-0.000043
353	-0.000165	-0.00014	-0.000156
354	-0.000207	-0.000189	-0.000261
355	-0.000233	-0.00024	-0.000263
356	-0.000258	-0.000291	-0.000266
357	-0.000318	-0.000303	-0.000311
358	-0.000381	-0.000312	-0.00036
359	-0.000449	-0.00035	-0.000405
360	-0.000519	-0.0004	-0.000447
361	-0.000593	-0.000506	-0.000548
362	-0.000672	-0.000656	-0.000693
363	-0.000768	-0.000793	-0.000803
364	-0.000893	-0.00091	-0.000857
365	-0.000999	-0.000995	-0.000919
366	-0.001032	-0.000968	-0.001014
367	-0.00106	-0.000941	-0.001101
368	-0.000996	-0.000939	-0.001025
369	-0.000931	-0.000936	-0.00095
370	-0.000979	-0.000969	-0.000982
371	-0.001043	-0.001007	-0.001031
372	-0.001102	-0.001038	-0.001065
373	-0.001158	-0.001066	-0.001092
374	-0.001212	-0.001137	-0.001153
375	-0.001265	-0.001246	-0.001242
376	-0.001336	-0.001352	-0.001336
377	-0.00144	-0.001452	-0.00144
378	-0.001526	-0.00153	-0.001521
379	-0.001541	-0.001521	-0.001505
380	-0.001553	-0.001509	-0.001488
381	-0.001483	-0.001437	-0.001432
382	-0.001413	-0.001365	-0.001376
383	-0.001412	-0.001325	-0.001372
384	-0.001422	-0.00129	-0.001377
385	-0.001513	-0.001397	-0.001456
386	-0.001641	-0.001569	-0.001569
387	-0.001697	-0.001643	-0.001631
388	-0.001686	-0.001626	-0.001645
389	-0.0017	-0.001631	-0.001659
390	-0.00176	-0.001678	-0.001674
391	-0.001814	-0.001723	-0.0017
392	-0.001837	-0.001756	-0.001781
393	-0.001859	-0.001788	-0.001859
394	-0.001822	-0.001703	-0.001791
395	-0.001785	-0.001618	-0.001722
396	-0.001838	-0.001743	-0.001788
397	-0.001908	-0.001907	-0.001878
398	-0.002044	-0.00206	-0.002028
399	-0.002211	-0.002208	-0.002206
400	-0.002375	-0.002369	-0.002375
401	-0.002536	-0.002541	-0.002536
402	-0.002665	-0.00267	-0.002646
403	-0.002735	-0.00272	-0.002661
404	-0.002803	-0.002767	-0.002684
405	-0.002867	-0.002805	-0.002744
406	-0.002931	-0.002842	-0.002804
407	-0.002963	-0.002886	-0.002838
408	-0.002996	-0.002929	-0.002873
409	-0.00292	-0.002888	-0.00282
410	-0.002826	-0.002833	-0.002752
411	-0.002965	-0.002952	-0.002836
412	-0.00321	-0.003149	-0.002989
413	-0.003365	-0.003295	-0.003153
414	-0.003437	-0.003394	-0.003328
415	-0.003533	-0.003502	-0.00348
416	-0.003669	-0.003623	-0.003592
417	-0.003785	-0.003724	-0.003695
418	-0.003821	-0.00374	-0.003761
419	-0.003858	-0.003759	-0.003828
420	-0.003924	-0.003821	-0.003899
421	-0.003989	-0.003882	-0.00397
422	-0.003933	-0.003869	-0.003929
423	-0.003859	-0.003845	-0.003872
424	-0.003952	-0.003907	-0.003913
425	-0.004111	-0.004003	-0.003993
426	-0.004213	-0.004111	-0.004084
427	-0.004269	-0.004226	-0.004181
428	-0.004342	-0.004336	-0.004288
429	-0.004441	-0.004436	-0.004409
430	-0.004553	-0.004534	-0.004527
431	-0.004706	-0.004627	-0.004638
432	-0.004856	-0.004721	-0.004749
433	-0.004982	-0.004824	-0.004869
434	-0.005108	-0.004926	-0.004988
435	-0.005091	-0.004946	-0.005006
436	-0.005061	-0.004958	-0.005015
437	-0.005093	-0.004987	-0.005037
438	-0.005147	-0.005021	-0.005064
439	-0.005207	-0.005062	-0.005095
440	-0.005274	-0.005107	-0.005131
441	-0.005283	-0.005133	-0.005135
442	-0.005221	-0.005134	-0.005098
443	-0.005233	-0.00518	-0.005128
444	-0.005436	-0.005341	-0.005326
445	-0.005623	-0.005496	-0.005513
446	-0.005702	-0.00561	-0.005627
447	-0.005782	-0.005724	-0.005742
448	-0.005908	-0.005859	-0.005884
449	-0.006035	-0.005994	-0.006028
450	-0.006119	-0.006082	-0.006056
451	-0.006193	-0.006158	-0.006058
452	-0.006287	-0.00623	-0.00612
453	-0.006392	-0.006301	-0.006213
454	-0.006451	-0.006344	-0.0063
455	-0.006466	-0.006358	-0.006381
456	-0.006475	-0.006376	-0.006442
457	-0.006472	-0.006402	-0.006464
458	-0.006484	-0.006432	-0.006493
459	-0.00656	-0.006479	-0.006553
460	-0.006633	-0.006526	-0.006613
461	-0.006649	-0.006597	-0.006658
462	-0.006665	-0.006667	-0.006703
463	-0.006772	-0.006747	-0.00676
464	-0.00689	-0.006828	-0.006817
465	-0.007028	-0.00695	-0.006918
466	-0.007174	-0.007086	-0.007034
467	-0.007297	-0.007217	-0.007164
468	-0.007403	-0.007345	-0.007305
469	-0.00754	-0.007469	-0.007479
470	-0.00772	-0.007589	-0.007697
471	-0.007874	-0.007704	-0.007868
472	-0.007963	-0.007808	-0.007921
473	-0.008038	-0.007895	-0.007963
474	-0.008017	-0.007873	-0.007932
475	-0.007995	-0.007851	-0.007901
476	-0.007982	-0.007849	-0.007873
477	-0.007969	-0.007847	-0.007846
478	-0.008001	-0.007877	-0.007866
479	-0.008042	-0.007913	-0.007895
480	-0.008056	-0.007921	-0.007873
481	-0.008056	-0.007916	-0.007827
482	-0.00801	-0.007874	-0.007799
483	-0.007925	-0.0078	-0.007785
484	-0.00792	-0.007805	-0.007808
485	-0.008044	-0.007938	-0.007887
486	-0.008149	-0.00805	-0.007974
487	-0.008192	-0.008098	-0.008088
488	-0.008257	-0.008167	-0.008215
489	-0.008528	-0.008437	-0.008466
490	-0.008799	-0.008706	-0.008717
491	-0.008915	-0.008812	-0.008837
492	-0.009023	-0.008908	-0.008951
493	-0.00907	-0.008965	-0.009004
494	-0.009102	-0.009013	-0.009042
495	-0.009052	-0.008976	-0.008999
496	-0.00896	-0.008896	-0.008914
497	-0.00893	-0.00886	-0.008849
498	-0.008961	-0.008866	-0.008804
499	-0.008973	-0.008847	-0.008779
500	-0.008955	-0.008785	-0.008791
501	-0.008928	-0.008739	-0.008794
502	-0.008871	-0.008745	-0.008766
503	-0.008829	-0.008762	-0.008749
504	-0.008952	-0.008892	-0.008845
505	-0.009074	-0.009022	-0.00894
506	-0.009167	-0.009051	-0.009014
507	-0.009258	-0.009075	-0.009087
508	-0.009322	-0.00919	-0.00923
509	-0.00938	-0.009327	-0.009391
510	-0.009482	-0.009428	-0.009509
511	-0.009607	-0.00951	-0.009605
512	-0.009725	-0.009604	-0.009698
513	-0.009838	-0.009708	-0.009787
514	-0.009905	-0.009783	-0.009862
515	-0.009898	-0.009812	-0.009911
516	-0.009891	-0.009834	-0.009925
517	-0.009884	-0.009836	-0.009832
518	-0.009883	-0.009833	-0.009751
519	-0.009928	-0.00979	-0.00977
520	-0.009973	-0.009747	-0.00979
521	-0.009869	-0.009699	-0.009733
522	-0.009761	-0.009651	-0.009673
523	-0.009679	-0.009564	-0.009582
524	-0.009603	-0.009469	-0.009485
525	-0.009591	-0.00942	-0.009466
526	-0.009608	-0.009392	-0.009481
527	-0.009649	-0.00942	-0.009549
528	-0.009709	-0.009492	-0.009657
529	-0.009806	-0.00961	-0.009773
530	-0.009953	-0.009789	-0.009899
531	-0.010078	-0.009946	-0.010009
532	-0.010155	-0.01005	-0.010079
533	-0.010229	-0.010143	-0.010144
534	-0.010292	-0.010177	-0.010182
535	-0.010356	-0.010211	-0.01022
536	-0.010398	-0.010272	-0.010252
537	-0.01044	-0.010333	-0.010285
538	-0.010406	-0.010258	-0.010219
539	-0.010363	-0.010166	-0.010141
540	-0.010302	-0.010145	-0.010137
541	-0.010237	-0.010146	-0.010157
542	-0.01014	-0.010084	-0.010103
543	-0.010024	-0.009985	-0.010006
544	-0.009923	-0.009882	-0.009903
545	-0.009837	-0.009774	-0.009792
546	-0.009766	-0.009685	-0.009685
547	-0.009722	-0.009629	-0.009583
548	-0.009678	-0.009577	-0.009511
549	-0.009636	-0.009538	-0.009532
550	-0.009603	-0.009503	-0.009545
551	-0.009634	-0.009489	-0.009502
552	-0.009665	-0.009474	-0.009458
553	-0.009667	-0.009504	-0.009514
554	-0.009667	-0.009535	-0.009572
555	-0.009758	-0.00964	-0.009667
556	-0.009863	-0.009758	-0.00977
557	-0.010043	-0.009925	-0.009921
558	-0.010251	-0.01011	-0.010089
559	-0.010349	-0.010203	-0.010199
560	-0.010376	-0.010237	-0.01027
561	-0.010401	-0.010263	-0.010305
562	-0.010424	-0.010281	-0.010302
563	-0.010462	-0.010313	-0.010314
564	-0.010525	-0.01037	-0.010355
565	-0.010541	-0.010383	-0.010358
566	-0.0104	-0.01025	-0.010236
567	-0.010249	-0.010108	-0.010105
568	-0.010014	-0.009898	-0.009898
569	-0.009779	-0.009688	-0.009692
570	-0.009583	-0.009525	-0.00952
571	-0.009387	-0.009362	-0.009349
572	-0.009205	-0.009131	-0.009161
573	-0.009026	-0.008891	-0.008971
574	-0.00889	-0.008754	-0.008818
575	-0.008769	-0.008652	-0.008677
576	-0.008656	-0.008532	-0.008545
577	-0.008548	-0.008399	-0.008417
578	-0.008487	-0.008346	-0.008367
579	-0.008472	-0.008367	-0.008391
580	-0.008488	-0.008396	-0.008416
581	-0.00855	-0.008437	-0.008443
582	-0.008649	-0.008523	-0.008523
583	-0.008843	-0.008726	-0.008744
584	-0.00903	-0.008919	-0.008948
585	-0.009178	-0.009056	-0.009058
586	-0.009324	-0.009193	-0.00917
587	-0.009441	-0.009322	-0.009348
588	-0.009558	-0.009451	-0.009526
589	-0.009719	-0.009608	-0.009646
590	-0.009883	-0.009766	-0.009761
591	-0.009951	-0.009838	-0.009869
592	-0.009998	-0.009889	-0.009975
593	-0.009964	-0.009862	-0.009938
594	-0.009896	-0.009802	-0.00984
595	-0.009836	-0.009739	-0.009751
596	-0.009782	-0.009674	-0.009666
597	-0.009713	-0.009595	-0.00959
598	-0.009629	-0.009498	-0.00952
599	-0.009562	-0.00943	-0.00946
600	-0.009527	-0.009411	-0.009415
601	-0.009477	-0.009374	-0.009375
602	-0.00938	-0.009283	-0.009354
603	-0.009295	-0.009205	-0.009327
604	-0.009282	-0.009204	-0.00927
605	-0.009268	-0.009201	-0.009213
606	-0.009226	-0.009136	-0.009173
607	-0.009184	-0.009072	-0.009133
608	-0.009285	-0.009212	-0.009218
609	-0.009397	-0.009369	-0.009312
610	-0.009532	-0.009481	-0.009445
611	-0.009671	-0.009583	-0.009587
612	-0.009787	-0.009691	-0.009705
613	-0.009894	-0.0098	-0.009813
614	-0.010056	-0.009988	-0.009986
615	-0.010252	-0.010226	-0.010202
616	-0.010387	-0.01036	-0.010327
617	-0.010461	-0.010393	-0.010364
618	-0.010567	-0.010476	-0.010455
619	-0.01072	-0.010636	-0.010627
620	-0.010857	-0.01078	-0.010771
621	-0.010957	-0.010889	-0.01085
622	-0.011039	-0.010974	-0.010916
623	-0.011051	-0.010961	-0.010929
624	-0.011069	-0.010956	-0.01095
625	-0.011152	-0.011036	-0.011046
626	-0.011235	-0.011115	-0.011141
627	-0.011189	-0.011075	-0.011089
628	-0.011142	-0.011034	-0.011035
629	-0.011094	-0.010988	-0.01097
630	-0.011045	-0.010942	-0.010903
631	-0.011006	-0.010902	-0.010885
632	-0.010971	-0.010863	-0.010881
633	-0.010888	-0.010769	-0.010797
634	-0.010785	-0.010651	-0.010679
635	-0.010706	-0.010581	-0.010588
636	-0.010644	-0.010544	-0.010516
637	-0.010666	-0.010544	-0.010503
638	-0.010769	-0.010581	-0.01055
639	-0.010781	-0.010578	-0.010555
640	-0.010662	-0.010517	-0.0105
641	-0.010591	-0.010481	-0.010464
642	-0.010625	-0.0105	-0.01047
643	-0.010672	-0.010532	-0.010506
644	-0.010763	-0.010609	-0.01065
645	-0.01085	-0.010689	-0.01078
646	-0.010911	-0.010784	-0.010817
647	-0.010972	-0.010878	-0.010857
648	-0.011055	-0.010973	-0.010968
649	-0.011138	-0.011068	-0.01108
650	-0.011008	-0.010903	-0.010898
651	-0.010865	-0.010723	-0.010698
652	-0.010602	-0.010484	-0.010455
653	-0.010317	-0.010236	-0.010203
654	-0.010149	-0.010061	-0.010015
655	-0.010018	-0.009909	-0.009846
656	-0.010004	-0.009902	-0.009866
657	-0.010048	-0.009963	-0.009977
658	-0.010186	-0.010093	-0.010147
659	-0.010392	-0.010271	-0.010358
660	-0.010602	-0.010458	-0.010553
661	-0.010817	-0.010656	-0.010734
662	-0.011033	-0.010866	-0.010927
663	-0.011248	-0.011095	-0.011138
664	-0.011442	-0.011306	-0.011316
665	-0.011595	-0.011481	-0.011428
666	-0.011683	-0.011581	-0.011502
667	-0.011574	-0.011446	-0.011462
668	-0.011469	-0.011328	-0.01141
669	-0.011387	-0.011291	-0.011296
670	-0.01131	-0.01125	-0.011189
671	-0.011288	-0.01116	-0.011147
672	-0.011266	-0.01107	-0.011105
673	-0.011226	-0.011046	-0.011096
674	-0.011185	-0.011022	-0.011086
675	-0.011171	-0.010988	-0.011038
676	-0.011159	-0.010954	-0.010987
677	-0.011183	-0.010962	-0.011015
678	-0.011215	-0.010978	-0.011059
679	-0.011242	-0.011035	-0.011118
680	-0.011267	-0.011105	-0.011183
681	-0.011294	-0.011155	-0.011215
682	-0.011321	-0.011197	-0.011232
683	-0.011345	-0.011247	-0.01126
684	-0.011369	-0.011302	-0.011296
685	-0.011434	-0.011348	-0.011325
686	-0.011538	-0.011387	-0.011348
687	-0.011602	-0.011435	-0.011405
688	-0.01162	-0.011496	-0.0115
689	-0.011655	-0.011548	-0.011584
690	-0.011716	-0.011589	-0.01165
691	-0.011771	-0.011645	-0.011715
692	-0.011814	-0.011736	-0.011781
693	-0.011873	-0.01182	-0.011848
694	-0.011981	-0.011882	-0.011915
695	-0.012086	-0.011947	-0.011986
696	-0.012179	-0.012024	-0.012078
697	-0.012265	-0.012094	-0.01216
698	-0.012295	-0.012109	-0.012147
699	-0.012324	-0.012124	-0.012134
700	-0.012293	-0.012153	-0.012147
701	-0.012263	-0.012181	-0.01216
702	-0.012324	-0.012189	-0.012233
703	-0.012389	-0.012197	-0.012308
704	-0.012302	-0.012163	-0.012229
705	-0.012198	-0.012124	-0.012133
706	-0.012168	-0.012089	-0.012112
707	-0.012152	-0.012055	-0.012107
708	-0.01212	-0.011992	-0.012065
709	-0.012082	-0.01192	-0.012012
710	-0.011975	-0.011814	-0.011903
711	-0.011838	-0.011692	-0.011772
712	-0.011726	-0.011624	-0.011661
713	-0.011627	-0.011585	-0.011562
714	-0.011602	-0.011519	-0.011493
715	-0.011632	-0.011434	-0.011448
716	-0.011548	-0.011356	-0.011347
717	-0.01136	-0.011286	-0.011196
718	-0.011251	-0.011221	-0.011119
719	-0.011234	-0.011163	-0.011132
720	-0.011244	-0.011146	-0.011154
[LOG]
CHECKSUMIÇ