[HEADER]
Format	J&M ASCII Table
Comment	
Date	05/03/2026 17:12:46
Order	Y (evenX)
TechType	UV
NumPoints	411
FirstX	310
LastX	720
XType	nm
YType	Absorbance
ZType	s
NumSubFile	3
Matrix	Z vs X
[LOGIN]
Name=pcbob
[INSTRUMENT]
Name=TIDAS E Base UV/VI
Detector=MMS - ASPEN 97,5 kHz
Diodearray=256 Pixel
Serial#=36584
Calibrated=2011-07-01
Range=183.81-729.88 [nm] (F0)

SWVersion=v3.18.2 (build 0)[LOGIN]
Name=pcbob
[CONFIG]
ChannelName=Channel 1
ChannelType=Normalized
[PARAMETER]
It=400,00
Aver=5
Norm=3
Range=310,0-720,0 nm
Scan=Time
ScanTime=5,00 s
[TRIGGER]
Sweep=0
Scan=0
[DIO]
DigOut=0x0000
DigIn=0x0000
[DATA]
	00:00:00,000	00:00:02,000	00:00:04,000
310	0.001143	0.001177	0.001158
311	0.001027	0.001072	0.001045
312	0.000916	0.000985	0.000934
313	0.000798	0.000879	0.000815
314	0.000669	0.000747	0.000685
315	0.000553	0.000623	0.00057
316	0.000478	0.000518	0.000502
317	0.0004	0.000413	0.000432
318	0.000296	0.000288	0.00032
319	0.000192	0.000162	0.000207
320	0.000082	0.000088	0.000098
321	-0.000029	0.00002	-0.000011
322	-0.000189	-0.00014	-0.00016
323	-0.000369	-0.000338	-0.000327
324	-0.000499	-0.000491	-0.000464
325	-0.000585	-0.000604	-0.000576
326	-0.000675	-0.000699	-0.000682
327	-0.000769	-0.000759	-0.000774
328	-0.00087	-0.000831	-0.000872
329	-0.001004	-0.000957	-0.000998
330	-0.001137	-0.001083	-0.001125
331	-0.001336	-0.001303	-0.001319
332	-0.001535	-0.001522	-0.001513
333	-0.00159	-0.001556	-0.001559
334	-0.001614	-0.001551	-0.001572
335	-0.00167	-0.001608	-0.001664
336	-0.001745	-0.001699	-0.001799
337	-0.001822	-0.001784	-0.001887
338	-0.001902	-0.001863	-0.001925
339	-0.002004	-0.001971	-0.001997
340	-0.002154	-0.002146	-0.002151
341	-0.002311	-0.002319	-0.002309
342	-0.002509	-0.002481	-0.002488
343	-0.002706	-0.002642	-0.002668
344	-0.002788	-0.002735	-0.00279
345	-0.002864	-0.002824	-0.002909
346	-0.002892	-0.002864	-0.002928
347	-0.002907	-0.002889	-0.002917
348	-0.002944	-0.002928	-0.002955
349	-0.002995	-0.002977	-0.003024
350	-0.003084	-0.003068	-0.003133
351	-0.003224	-0.003217	-0.003295
352	-0.003344	-0.003353	-0.003441
353	-0.003407	-0.003452	-0.003536
354	-0.003466	-0.003541	-0.00362
355	-0.003481	-0.003504	-0.003576
356	-0.003496	-0.003467	-0.003532
357	-0.003559	-0.003523	-0.003602
358	-0.003627	-0.003589	-0.003683
359	-0.00371	-0.003628	-0.003781
360	-0.003799	-0.003659	-0.003884
361	-0.003882	-0.00376	-0.003987
362	-0.003961	-0.003918	-0.00409
363	-0.004045	-0.004038	-0.004187
364	-0.004136	-0.004099	-0.004276
365	-0.004215	-0.00416	-0.004355
366	-0.004252	-0.00422	-0.004398
367	-0.004284	-0.004276	-0.004437
368	-0.004217	-0.004242	-0.004393
369	-0.00415	-0.004207	-0.004349
370	-0.004216	-0.004238	-0.004366
371	-0.004301	-0.004279	-0.004392
372	-0.004373	-0.004323	-0.004452
373	-0.004439	-0.004367	-0.004526
374	-0.004508	-0.004469	-0.00462
375	-0.004579	-0.004621	-0.004733
376	-0.004656	-0.004742	-0.004848
377	-0.004744	-0.004806	-0.004969
378	-0.004816	-0.004863	-0.005067
379	-0.004822	-0.004889	-0.00507
380	-0.004826	-0.004912	-0.005072
381	-0.004724	-0.004801	-0.004974
382	-0.004622	-0.004689	-0.004877
383	-0.004613	-0.004662	-0.00488
384	-0.00462	-0.004649	-0.004901
385	-0.004735	-0.004802	-0.005034
386	-0.004899	-0.005031	-0.005219
387	-0.004989	-0.005106	-0.005303
388	-0.005009	-0.005037	-0.005292
389	-0.005023	-0.005012	-0.005298
390	-0.005028	-0.005068	-0.005338
391	-0.005038	-0.00512	-0.005381
392	-0.005068	-0.005149	-0.005442
393	-0.005097	-0.005178	-0.005502
394	-0.005103	-0.005162	-0.005465
395	-0.005108	-0.005145	-0.005428
396	-0.005127	-0.005226	-0.005486
397	-0.005148	-0.005325	-0.005562
398	-0.005287	-0.005429	-0.005695
399	-0.005482	-0.005536	-0.005855
400	-0.005648	-0.00567	-0.006028
401	-0.005786	-0.005828	-0.006213
402	-0.005901	-0.005956	-0.006355
403	-0.005973	-0.006024	-0.006416
404	-0.006028	-0.006085	-0.006467
405	-0.006013	-0.006108	-0.006474
406	-0.005999	-0.006131	-0.006483
407	-0.006059	-0.006192	-0.006565
408	-0.006119	-0.006253	-0.006647
409	-0.006073	-0.00627	-0.006635
410	-0.006009	-0.006278	-0.006607
411	-0.006129	-0.006361	-0.006753
412	-0.006332	-0.006476	-0.006977
413	-0.0065	-0.006598	-0.007142
414	-0.006636	-0.006725	-0.007255
415	-0.006741	-0.006845	-0.00736
416	-0.006789	-0.006951	-0.00745
417	-0.006843	-0.007056	-0.007539
418	-0.00692	-0.00715	-0.007623
419	-0.006997	-0.007241	-0.007707
420	-0.007099	-0.007273	-0.007805
421	-0.007202	-0.007305	-0.007904
422	-0.007136	-0.007264	-0.007858
423	-0.007047	-0.007213	-0.007793
424	-0.007109	-0.007281	-0.007856
425	-0.007231	-0.007397	-0.00797
426	-0.007353	-0.007507	-0.008055
427	-0.007476	-0.007613	-0.008116
428	-0.007575	-0.007729	-0.008225
429	-0.00764	-0.007863	-0.008407
430	-0.007733	-0.007994	-0.008574
431	-0.00792	-0.008119	-0.008686
432	-0.008098	-0.008241	-0.008798
433	-0.008167	-0.008321	-0.008891
434	-0.008235	-0.008401	-0.008984
435	-0.008206	-0.008402	-0.009014
436	-0.008168	-0.008395	-0.009038
437	-0.008213	-0.008411	-0.009071
438	-0.008284	-0.008436	-0.009107
439	-0.00836	-0.008514	-0.009191
440	-0.008439	-0.008628	-0.009307
441	-0.008434	-0.008653	-0.009331
442	-0.008322	-0.008564	-0.009237
443	-0.008286	-0.008538	-0.009214
444	-0.008445	-0.008672	-0.009376
445	-0.0086	-0.008805	-0.009536
446	-0.008718	-0.008929	-0.009684
447	-0.008836	-0.009052	-0.009832
448	-0.008944	-0.00914	-0.009901
449	-0.009052	-0.009228	-0.009967
450	-0.009133	-0.009315	-0.010067
451	-0.009209	-0.009402	-0.010175
452	-0.00932	-0.00952	-0.010292
453	-0.00945	-0.009653	-0.010412
454	-0.009515	-0.00972	-0.010491
455	-0.009514	-0.009721	-0.010528
456	-0.009523	-0.009718	-0.010555
457	-0.00955	-0.009706	-0.010562
458	-0.009573	-0.009701	-0.010564
459	-0.009575	-0.009727	-0.010545
460	-0.009579	-0.009754	-0.010531
461	-0.009641	-0.009822	-0.01063
462	-0.009702	-0.009889	-0.010728
463	-0.009775	-0.010008	-0.010834
464	-0.009849	-0.010134	-0.01094
465	-0.009992	-0.010266	-0.011087
466	-0.010159	-0.010402	-0.01125
467	-0.010283	-0.010535	-0.011393
468	-0.010376	-0.010667	-0.011524
469	-0.010522	-0.010804	-0.011664
470	-0.010736	-0.010949	-0.011818
471	-0.010901	-0.011076	-0.011962
472	-0.010939	-0.011159	-0.012084
473	-0.010973	-0.011234	-0.012187
474	-0.01098	-0.011254	-0.012161
475	-0.010988	-0.011275	-0.012136
476	-0.010928	-0.011191	-0.012116
477	-0.010867	-0.011106	-0.012097
478	-0.010858	-0.01111	-0.012117
479	-0.010859	-0.011132	-0.012146
480	-0.010852	-0.011139	-0.012119
481	-0.010841	-0.011139	-0.012067
482	-0.010826	-0.01113	-0.012006
483	-0.010805	-0.011114	-0.011936
484	-0.010841	-0.011123	-0.011937
485	-0.010964	-0.011172	-0.012053
486	-0.011064	-0.011232	-0.012149
487	-0.011091	-0.011328	-0.012187
488	-0.011137	-0.011434	-0.01225
489	-0.011362	-0.011642	-0.012563
490	-0.011588	-0.01185	-0.012876
491	-0.011685	-0.011963	-0.012963
492	-0.011775	-0.012071	-0.013038
493	-0.011828	-0.012168	-0.013134
494	-0.011871	-0.012263	-0.013235
495	-0.011844	-0.012207	-0.013203
496	-0.011782	-0.012073	-0.013103
497	-0.011738	-0.012016	-0.01304
498	-0.011711	-0.012029	-0.013013
499	-0.011682	-0.012019	-0.013005
500	-0.011649	-0.011968	-0.013032
501	-0.011628	-0.011931	-0.013052
502	-0.011646	-0.011939	-0.013051
503	-0.011671	-0.011957	-0.013057
504	-0.011775	-0.012075	-0.013131
505	-0.01188	-0.012193	-0.013205
506	-0.011944	-0.01223	-0.013268
507	-0.012005	-0.012262	-0.013331
508	-0.012069	-0.012306	-0.013389
509	-0.012134	-0.012353	-0.013445
510	-0.012205	-0.01248	-0.013573
511	-0.012278	-0.012646	-0.013736
512	-0.012372	-0.012749	-0.013852
513	-0.012483	-0.012793	-0.013925
514	-0.012547	-0.012841	-0.013971
515	-0.012534	-0.012892	-0.013974
516	-0.012527	-0.012919	-0.013971
517	-0.012536	-0.012867	-0.013951
518	-0.012542	-0.012821	-0.013935
519	-0.012524	-0.012822	-0.013956
520	-0.012507	-0.012823	-0.013978
521	-0.012426	-0.012777	-0.013933
522	-0.012344	-0.012729	-0.013885
523	-0.012291	-0.012666	-0.013805
524	-0.012243	-0.012599	-0.013718
525	-0.012233	-0.012611	-0.01372
526	-0.012241	-0.012659	-0.013761
527	-0.012282	-0.012672	-0.013815
528	-0.012349	-0.012658	-0.013878
529	-0.012448	-0.012731	-0.013965
530	-0.01259	-0.012921	-0.014086
531	-0.012723	-0.013069	-0.014189
532	-0.012833	-0.013117	-0.014251
533	-0.012924	-0.01317	-0.014311
534	-0.012914	-0.013251	-0.014359
535	-0.012905	-0.013332	-0.014408
536	-0.012956	-0.013347	-0.014445
537	-0.013006	-0.013362	-0.014481
538	-0.012969	-0.01329	-0.014442
539	-0.01292	-0.013207	-0.014395
540	-0.012885	-0.013158	-0.014348
541	-0.012854	-0.013121	-0.014302
542	-0.012768	-0.013067	-0.014227
543	-0.012651	-0.013005	-0.014135
544	-0.012581	-0.012934	-0.014064
545	-0.012559	-0.012855	-0.014015
546	-0.012516	-0.012771	-0.013946
547	-0.012438	-0.012679	-0.013843
548	-0.012361	-0.012602	-0.013753
549	-0.012287	-0.012571	-0.013707
550	-0.01222	-0.01254	-0.013662
551	-0.012205	-0.012517	-0.013626
552	-0.01219	-0.012494	-0.01359
553	-0.012222	-0.01248	-0.01363
554	-0.012254	-0.012467	-0.013671
555	-0.012339	-0.012628	-0.013778
556	-0.012432	-0.012817	-0.013896
557	-0.012631	-0.012982	-0.014073
558	-0.012869	-0.013138	-0.014271
559	-0.012983	-0.01323	-0.014364
560	-0.013018	-0.01328	-0.014389
561	-0.013038	-0.013305	-0.014407
562	-0.01304	-0.013302	-0.014417
563	-0.013057	-0.013294	-0.014421
564	-0.013101	-0.013278	-0.014413
565	-0.013106	-0.013247	-0.014371
566	-0.012984	-0.01317	-0.014217
567	-0.012855	-0.013083	-0.014057
568	-0.012666	-0.012907	-0.013863
569	-0.012477	-0.012731	-0.013669
570	-0.01234	-0.012598	-0.013497
571	-0.012203	-0.012465	-0.013325
572	-0.012011	-0.012245	-0.013083
573	-0.011811	-0.012012	-0.012831
574	-0.011643	-0.011859	-0.012668
575	-0.011486	-0.011732	-0.012534
576	-0.011377	-0.011617	-0.01241
577	-0.011294	-0.011508	-0.012291
578	-0.011269	-0.011462	-0.012235
579	-0.011297	-0.011475	-0.01224
580	-0.011318	-0.011495	-0.01225
581	-0.011327	-0.011526	-0.012267
582	-0.011387	-0.0116	-0.012334
583	-0.011579	-0.011786	-0.012532
584	-0.011768	-0.011968	-0.012729
585	-0.011942	-0.012133	-0.012919
586	-0.012113	-0.012295	-0.013104
587	-0.012208	-0.012382	-0.013185
588	-0.012303	-0.01247	-0.013266
589	-0.012435	-0.012635	-0.013439
590	-0.012569	-0.012806	-0.013619
591	-0.012643	-0.012898	-0.013713
592	-0.012702	-0.012974	-0.013789
593	-0.012683	-0.012957	-0.013777
594	-0.01263	-0.012902	-0.013728
595	-0.012581	-0.012835	-0.013669
596	-0.012536	-0.012761	-0.013603
597	-0.012453	-0.012668	-0.013506
598	-0.012327	-0.012557	-0.013377
599	-0.012224	-0.012466	-0.013273
600	-0.01216	-0.012407	-0.013216
601	-0.012104	-0.012349	-0.013168
602	-0.012068	-0.012291	-0.013148
603	-0.012037	-0.012236	-0.013124
604	-0.012035	-0.012198	-0.013072
605	-0.012028	-0.01216	-0.013021
606	-0.011916	-0.012103	-0.012987
607	-0.011804	-0.012046	-0.012952
608	-0.011939	-0.01217	-0.013081
609	-0.012092	-0.012307	-0.013222
610	-0.012206	-0.012421	-0.013345
611	-0.012312	-0.012529	-0.013464
612	-0.012398	-0.012621	-0.013562
613	-0.012477	-0.012708	-0.013652
614	-0.012617	-0.012862	-0.013837
615	-0.012797	-0.01306	-0.014083
616	-0.012915	-0.013194	-0.014232
617	-0.012971	-0.013267	-0.014284
618	-0.013083	-0.01337	-0.014372
619	-0.013278	-0.013518	-0.014514
620	-0.013428	-0.013648	-0.014633
621	-0.013475	-0.013731	-0.0147
622	-0.013513	-0.013794	-0.014754
623	-0.013511	-0.013771	-0.014759
624	-0.013518	-0.013762	-0.014772
625	-0.013615	-0.013882	-0.014868
626	-0.013712	-0.014001	-0.014964
627	-0.013673	-0.013948	-0.014924
628	-0.013633	-0.013894	-0.014883
629	-0.01353	-0.013811	-0.014819
630	-0.013419	-0.013724	-0.014752
631	-0.013393	-0.013705	-0.014709
632	-0.013388	-0.013704	-0.014672
633	-0.013305	-0.013605	-0.014567
634	-0.013187	-0.013463	-0.014431
635	-0.013097	-0.013365	-0.014339
636	-0.013025	-0.013295	-0.014276
637	-0.013035	-0.013291	-0.014292
638	-0.013125	-0.013351	-0.014385
639	-0.013144	-0.013362	-0.014407
640	-0.013057	-0.0133	-0.014325
641	-0.012997	-0.013267	-0.014283
642	-0.012995	-0.013299	-0.014328
643	-0.013019	-0.013333	-0.014371
644	-0.013136	-0.01338	-0.014406
645	-0.013252	-0.013438	-0.01445
646	-0.013361	-0.013585	-0.014552
647	-0.013469	-0.013728	-0.014653
648	-0.013519	-0.013788	-0.014723
649	-0.013568	-0.013848	-0.014793
650	-0.013472	-0.0137	-0.014614
651	-0.013367	-0.013538	-0.014419
652	-0.01314	-0.013338	-0.01412
653	-0.012892	-0.01313	-0.013802
654	-0.012762	-0.012986	-0.013635
655	-0.012669	-0.012862	-0.013514
656	-0.012692	-0.01286	-0.01353
657	-0.012771	-0.012918	-0.013613
658	-0.012878	-0.013038	-0.013775
659	-0.013005	-0.013202	-0.013993
660	-0.01316	-0.013377	-0.0142
661	-0.013344	-0.013562	-0.014397
662	-0.013524	-0.013752	-0.014598
663	-0.013696	-0.013949	-0.014803
664	-0.013861	-0.014125	-0.015005
665	-0.01401	-0.01426	-0.015202
666	-0.01408	-0.014328	-0.015312
667	-0.01391	-0.014194	-0.015157
668	-0.013763	-0.01407	-0.015031
669	-0.013736	-0.014	-0.015048
670	-0.013701	-0.013929	-0.01505
671	-0.013566	-0.013855	-0.014872
672	-0.013431	-0.013781	-0.014694
673	-0.013456	-0.013764	-0.014713
674	-0.013482	-0.013747	-0.014732
675	-0.013448	-0.01371	-0.014676
676	-0.013408	-0.013671	-0.014613
677	-0.013392	-0.013686	-0.014659
678	-0.01338	-0.013712	-0.014727
679	-0.013403	-0.013733	-0.014725
680	-0.013437	-0.013752	-0.014702
681	-0.013492	-0.013773	-0.014715
682	-0.013557	-0.013794	-0.014745
683	-0.013616	-0.013848	-0.014784
684	-0.013672	-0.013925	-0.01483
685	-0.013716	-0.013991	-0.014877
686	-0.013748	-0.014048	-0.014926
687	-0.013824	-0.014108	-0.014989
688	-0.013952	-0.014169	-0.015066
689	-0.014041	-0.014228	-0.015128
690	-0.014069	-0.014284	-0.015163
691	-0.014105	-0.014343	-0.015225
692	-0.014158	-0.014408	-0.015345
693	-0.01422	-0.014483	-0.015453
694	-0.014313	-0.014586	-0.01552
695	-0.014404	-0.014672	-0.015588
696	-0.014487	-0.014675	-0.015657
697	-0.014559	-0.014682	-0.015719
698	-0.014535	-0.014729	-0.015709
699	-0.014512	-0.014776	-0.015701
700	-0.014537	-0.014816	-0.015733
701	-0.014561	-0.014856	-0.015764
702	-0.014677	-0.014914	-0.015857
703	-0.014796	-0.014972	-0.015952
704	-0.014685	-0.014866	-0.015879
705	-0.014548	-0.014742	-0.015787
706	-0.014518	-0.014737	-0.015741
707	-0.014511	-0.014755	-0.015704
708	-0.014447	-0.014726	-0.015653
709	-0.014367	-0.014682	-0.015598
710	-0.01428	-0.014593	-0.015518
711	-0.01419	-0.014486	-0.015428
712	-0.014104	-0.014373	-0.01531
713	-0.014021	-0.014257	-0.015177
714	-0.013919	-0.01418	-0.015082
715	-0.013803	-0.014131	-0.015017
716	-0.013711	-0.014022	-0.014928
717	-0.013641	-0.013857	-0.014816
718	-0.013594	-0.013757	-0.014758
719	-0.013577	-0.013732	-0.014761
720	-0.01355	-0.013721	-0.014748
[LOG]
CHECKSUMï‡