[HEADER]
Format	J&M ASCII Table
Comment	
Date	05/03/2026 15:56:25
Order	Y (evenX)
TechType	UV
NumPoints	411
FirstX	310
LastX	720
XType	nm
YType	Absorbance
ZType	s
NumSubFile	3
Matrix	Z vs X
[LOGIN]
Name=pcbob
[INSTRUMENT]
Name=TIDAS E Base UV/VI
Detector=MMS - ASPEN 97,5 kHz
Diodearray=256 Pixel
Serial#=36584
Calibrated=2011-07-01
Range=183.81-729.88 [nm] (F0)

SWVersion=v3.18.2 (build 0)[LOGIN]
Name=pcbob
[CONFIG]
ChannelName=Channel 1
ChannelType=Normalized
[PARAMETER]
It=400,00
Aver=5
Norm=3
Range=310,0-720,0 nm
Scan=Time
ScanTime=5,00 s
[TRIGGER]
Sweep=0
Scan=0
[DIO]
DigOut=0x0000
DigIn=0x0000
[DATA]
	00:00:00,000	00:00:02,000	00:00:04,000
310	0.001368	0.001433	0.001473
311	0.001331	0.00139	0.001433
312	0.00134	0.001376	0.001382
313	0.00134	0.001367	0.00136
314	0.001325	0.001364	0.001377
315	0.001308	0.001358	0.00138
316	0.001285	0.001346	0.001338
317	0.001261	0.001331	0.001297
318	0.001215	0.001295	0.001268
319	0.001169	0.001259	0.001239
320	0.001173	0.001219	0.001212
321	0.001183	0.001178	0.001186
322	0.001137	0.001161	0.001138
323	0.001069	0.001154	0.001081
324	0.001021	0.001116	0.001047
325	0.00099	0.001053	0.001033
326	0.000957	0.000991	0.001005
327	0.00092	0.000934	0.000949
328	0.000888	0.00089	0.000903
329	0.000875	0.000909	0.000897
330	0.000862	0.000928	0.000892
331	0.000767	0.000805	0.000818
332	0.000671	0.000683	0.000745
333	0.000722	0.000708	0.000745
334	0.000804	0.000764	0.000761
335	0.000796	0.000754	0.000731
336	0.000741	0.000709	0.000676
337	0.000704	0.000691	0.000648
338	0.000689	0.000702	0.00065
339	0.000667	0.000692	0.000654
340	0.000627	0.000627	0.000666
341	0.000583	0.000564	0.000665
342	0.00051	0.000509	0.00057
343	0.000438	0.000455	0.000475
344	0.000416	0.000452	0.000438
345	0.000396	0.000452	0.000404
346	0.000376	0.000406	0.000401
347	0.000356	0.000348	0.000407
348	0.000322	0.000315	0.000372
349	0.000279	0.000301	0.000309
350	0.000245	0.000283	0.000254
351	0.000224	0.00026	0.000208
352	0.000204	0.000231	0.00017
353	0.000187	0.000184	0.000157
354	0.000166	0.000141	0.000145
355	0.000106	0.000145	0.000133
356	0.000046	0.00015	0.000122
357	0.000011	0.000115	0.000074
358	-0.000021	0.000075	0.000024
359	-0.000061	0.000031	-0.00002
360	-0.000104	-0.000014	-0.000061
361	-0.000125	-0.000082	-0.000112
362	-0.000128	-0.000168	-0.00017
363	-0.000159	-0.000234	-0.000221
364	-0.000234	-0.000267	-0.000259
365	-0.000304	-0.000299	-0.000298
366	-0.000352	-0.000322	-0.000338
367	-0.000398	-0.000344	-0.000374
368	-0.00039	-0.000347	-0.00034
369	-0.000383	-0.00035	-0.000306
370	-0.00043	-0.00039	-0.000357
371	-0.000485	-0.000435	-0.000421
372	-0.000507	-0.000444	-0.000449
373	-0.000515	-0.000438	-0.000464
374	-0.000534	-0.000467	-0.000467
375	-0.000564	-0.000527	-0.000461
376	-0.000596	-0.000569	-0.000486
377	-0.000633	-0.000578	-0.000565
378	-0.000674	-0.000596	-0.000636
379	-0.000728	-0.000647	-0.000671
380	-0.000779	-0.000698	-0.000706
381	-0.000749	-0.000713	-0.000697
382	-0.000718	-0.000729	-0.000688
383	-0.000735	-0.000717	-0.000729
384	-0.00076	-0.0007	-0.000779
385	-0.00082	-0.000759	-0.00083
386	-0.000896	-0.000854	-0.00088
387	-0.000944	-0.000906	-0.000905
388	-0.000967	-0.00092	-0.000907
389	-0.000979	-0.000937	-0.000908
390	-0.00097	-0.000963	-0.000907
391	-0.000981	-0.000987	-0.00091
392	-0.001084	-0.001007	-0.000933
393	-0.001183	-0.001026	-0.000955
394	-0.001051	-0.001028	-0.000921
395	-0.000919	-0.001029	-0.000887
396	-0.000971	-0.001066	-0.000965
397	-0.001055	-0.001109	-0.001063
398	-0.001156	-0.001161	-0.00115
399	-0.001263	-0.001216	-0.001233
400	-0.001311	-0.001248	-0.001259
401	-0.001303	-0.001255	-0.00123
402	-0.001293	-0.001282	-0.001214
403	-0.00128	-0.001344	-0.00122
404	-0.001272	-0.001387	-0.001232
405	-0.001286	-0.001343	-0.001266
406	-0.0013	-0.001301	-0.0013
407	-0.001357	-0.001393	-0.001369
408	-0.001413	-0.001486	-0.001438
409	-0.001425	-0.001446	-0.001415
410	-0.001429	-0.001384	-0.001376
411	-0.001493	-0.001442	-0.001425
412	-0.001584	-0.001555	-0.001514
413	-0.001603	-0.001637	-0.001572
414	-0.001556	-0.001691	-0.001603
415	-0.001557	-0.001728	-0.001624
416	-0.001639	-0.001733	-0.001626
417	-0.001702	-0.001739	-0.001646
418	-0.00169	-0.00175	-0.001739
419	-0.001683	-0.001762	-0.001831
420	-0.001782	-0.001798	-0.001877
421	-0.00188	-0.001834	-0.001923
422	-0.001855	-0.001813	-0.001864
423	-0.001812	-0.001784	-0.001791
424	-0.001865	-0.001825	-0.00184
425	-0.001956	-0.001892	-0.001936
426	-0.002004	-0.001947	-0.001982
427	-0.002017	-0.001992	-0.001988
428	-0.002014	-0.002017	-0.002011
429	-0.001985	-0.002012	-0.002062
430	-0.001967	-0.002016	-0.002098
431	-0.001982	-0.00205	-0.002087
432	-0.002003	-0.002084	-0.002077
433	-0.002104	-0.002113	-0.002089
434	-0.002204	-0.002141	-0.002101
435	-0.002148	-0.002126	-0.002088
436	-0.002077	-0.002105	-0.002073
437	-0.002141	-0.00214	-0.002151
438	-0.00225	-0.002193	-0.00226
439	-0.002295	-0.002245	-0.002298
440	-0.002298	-0.002298	-0.00229
441	-0.002264	-0.00229	-0.002246
442	-0.002183	-0.002204	-0.002157
443	-0.002165	-0.002173	-0.002128
444	-0.002309	-0.00228	-0.002252
445	-0.00244	-0.002383	-0.002366
446	-0.002474	-0.002458	-0.002408
447	-0.002509	-0.002534	-0.002451
448	-0.002521	-0.002551	-0.002492
449	-0.002533	-0.002567	-0.002532
450	-0.002562	-0.002569	-0.00255
451	-0.002595	-0.002567	-0.002563
452	-0.002612	-0.002602	-0.002578
453	-0.00262	-0.002654	-0.002595
454	-0.00265	-0.002718	-0.002611
455	-0.002701	-0.002792	-0.002627
456	-0.002724	-0.002819	-0.002641
457	-0.002695	-0.002758	-0.002653
458	-0.002682	-0.002719	-0.00267
459	-0.002735	-0.002771	-0.002708
460	-0.002788	-0.002821	-0.002747
461	-0.002812	-0.00284	-0.002796
462	-0.002837	-0.002858	-0.002846
463	-0.002854	-0.00287	-0.002849
464	-0.00287	-0.002881	-0.002846
465	-0.002901	-0.002891	-0.002866
466	-0.002936	-0.002902	-0.002895
467	-0.002944	-0.002933	-0.002903
468	-0.002931	-0.002978	-0.002895
469	-0.002958	-0.003005	-0.002912
470	-0.003036	-0.003007	-0.00296
471	-0.003092	-0.003039	-0.003
472	-0.003094	-0.003146	-0.003019
473	-0.003088	-0.003228	-0.00303
474	-0.003038	-0.003144	-0.002997
475	-0.002989	-0.00306	-0.002963
476	-0.003011	-0.003078	-0.002986
477	-0.003036	-0.003097	-0.00301
478	-0.003073	-0.00313	-0.003065
479	-0.003113	-0.003165	-0.003126
480	-0.003133	-0.003157	-0.003144
481	-0.003145	-0.003128	-0.003141
482	-0.003114	-0.003116	-0.003123
483	-0.003047	-0.003116	-0.00309
484	-0.003026	-0.003113	-0.003079
485	-0.003077	-0.003104	-0.003102
486	-0.003107	-0.003104	-0.003124
487	-0.003074	-0.003132	-0.003144
488	-0.003053	-0.003162	-0.003168
489	-0.003158	-0.003211	-0.003239
490	-0.003264	-0.003261	-0.00331
491	-0.003243	-0.003265	-0.003267
492	-0.003215	-0.003266	-0.003219
493	-0.003266	-0.003338	-0.003274
494	-0.003337	-0.003426	-0.003355
495	-0.003333	-0.003414	-0.003323
496	-0.00329	-0.003349	-0.003233
497	-0.003299	-0.003322	-0.003218
498	-0.003357	-0.00333	-0.003273
499	-0.003391	-0.003344	-0.003318
500	-0.003387	-0.003369	-0.003343
501	-0.003377	-0.003396	-0.00336
502	-0.003349	-0.00343	-0.003349
503	-0.003327	-0.003464	-0.003347
504	-0.003363	-0.00351	-0.003432
505	-0.003399	-0.003556	-0.003517
506	-0.003415	-0.003529	-0.00348
507	-0.00343	-0.003497	-0.003437
508	-0.003391	-0.003479	-0.003422
509	-0.003338	-0.003465	-0.003416
510	-0.003357	-0.003465	-0.003447
511	-0.003414	-0.003473	-0.003499
512	-0.00345	-0.003503	-0.003521
513	-0.003468	-0.003554	-0.003517
514	-0.003466	-0.00359	-0.003511
515	-0.003432	-0.003601	-0.003504
516	-0.003415	-0.003598	-0.0035
517	-0.003444	-0.00355	-0.003509
518	-0.003477	-0.003513	-0.003522
519	-0.003533	-0.003579	-0.003571
520	-0.00359	-0.003645	-0.00362
521	-0.003571	-0.003638	-0.003569
522	-0.00355	-0.003629	-0.003515
523	-0.003551	-0.003646	-0.003515
524	-0.003557	-0.003668	-0.003526
525	-0.003523	-0.003635	-0.003538
526	-0.00347	-0.003577	-0.003551
527	-0.00346	-0.003566	-0.003541
528	-0.003484	-0.003592	-0.003513
529	-0.003516	-0.003606	-0.003517
530	-0.003562	-0.003608	-0.003565
531	-0.003619	-0.003633	-0.003625
532	-0.003707	-0.003719	-0.003715
533	-0.003776	-0.003783	-0.00378
534	-0.003744	-0.003741	-0.003715
535	-0.003713	-0.003698	-0.003651
536	-0.003695	-0.003663	-0.003616
537	-0.003678	-0.003629	-0.003582
538	-0.003593	-0.003601	-0.003536
539	-0.003499	-0.003575	-0.003488
540	-0.003525	-0.003568	-0.003502
541	-0.003588	-0.003567	-0.003536
542	-0.003603	-0.003578	-0.003535
543	-0.003591	-0.003598	-0.003516
544	-0.003573	-0.003604	-0.003512
545	-0.00355	-0.003596	-0.003526
546	-0.003527	-0.003597	-0.003525
547	-0.003505	-0.003611	-0.003497
548	-0.003495	-0.003622	-0.003475
549	-0.003521	-0.003625	-0.003474
550	-0.003544	-0.00363	-0.003479
551	-0.003549	-0.003651	-0.003543
552	-0.003553	-0.003673	-0.003606
553	-0.003526	-0.003701	-0.003568
554	-0.003498	-0.00373	-0.003528
555	-0.003509	-0.003721	-0.003494
556	-0.003526	-0.003706	-0.00346
557	-0.003545	-0.003685	-0.003493
558	-0.003565	-0.003661	-0.003551
559	-0.003572	-0.003668	-0.003576
560	-0.00357	-0.003696	-0.003582
561	-0.003573	-0.003671	-0.003573
562	-0.003583	-0.003589	-0.003548
563	-0.003578	-0.003541	-0.00354
564	-0.003548	-0.003554	-0.00356
565	-0.003529	-0.003567	-0.003575
566	-0.003548	-0.00358	-0.003577
567	-0.00356	-0.003587	-0.003569
568	-0.003515	-0.003547	-0.003491
569	-0.00347	-0.003508	-0.003413
570	-0.003472	-0.003466	-0.00344
571	-0.003475	-0.003425	-0.003469
572	-0.00344	-0.003409	-0.003407
573	-0.0034	-0.003398	-0.003331
574	-0.003355	-0.003365	-0.003282
575	-0.003309	-0.003325	-0.003241
576	-0.003236	-0.003266	-0.003179
577	-0.003149	-0.003195	-0.003103
578	-0.003132	-0.003174	-0.003098
579	-0.003185	-0.0032	-0.00316
580	-0.003203	-0.003207	-0.003183
581	-0.003168	-0.003182	-0.003145
582	-0.003174	-0.003194	-0.003146
583	-0.003289	-0.003303	-0.003244
584	-0.003377	-0.00339	-0.003322
585	-0.003323	-0.003362	-0.003288
586	-0.003273	-0.003337	-0.003258
587	-0.003311	-0.00336	-0.003303
588	-0.00335	-0.003384	-0.003347
589	-0.003373	-0.003391	-0.00336
590	-0.003394	-0.003397	-0.00337
591	-0.0034	-0.003407	-0.003385
592	-0.003402	-0.003418	-0.003401
593	-0.00339	-0.003419	-0.003383
594	-0.003373	-0.003417	-0.003352
595	-0.003348	-0.003384	-0.003311
596	-0.003317	-0.00333	-0.003263
597	-0.003314	-0.003324	-0.003264
598	-0.00334	-0.003372	-0.003321
599	-0.003369	-0.003417	-0.003364
600	-0.003401	-0.003455	-0.003381
601	-0.003431	-0.003479	-0.003406
602	-0.003455	-0.003458	-0.003451
603	-0.003469	-0.003441	-0.003485
604	-0.003416	-0.003446	-0.00345
605	-0.003366	-0.00345	-0.003415
606	-0.003356	-0.003442	-0.003378
607	-0.003347	-0.003434	-0.003341
608	-0.003364	-0.003428	-0.003338
609	-0.003382	-0.003422	-0.003338
610	-0.003439	-0.003444	-0.003377
611	-0.003504	-0.003472	-0.003424
612	-0.003489	-0.003508	-0.003446
613	-0.003441	-0.003549	-0.003459
614	-0.00345	-0.003583	-0.003475
615	-0.003495	-0.003613	-0.003493
616	-0.00351	-0.003605	-0.003509
617	-0.003495	-0.003558	-0.003524
618	-0.003503	-0.003558	-0.003543
619	-0.003545	-0.003627	-0.003565
620	-0.003573	-0.003678	-0.003581
621	-0.003569	-0.003688	-0.003583
622	-0.003572	-0.003687	-0.003592
623	-0.003599	-0.003644	-0.00363
624	-0.003626	-0.003616	-0.003668
625	-0.003652	-0.00373	-0.003711
626	-0.003679	-0.003845	-0.003754
627	-0.003627	-0.00375	-0.003683
628	-0.003574	-0.003653	-0.003611
629	-0.003546	-0.00365	-0.003601
630	-0.00352	-0.003657	-0.003599
631	-0.003574	-0.003703	-0.003623
632	-0.003649	-0.003758	-0.003654
633	-0.00362	-0.003733	-0.003631
634	-0.003544	-0.003673	-0.003584
635	-0.003529	-0.003645	-0.00357
636	-0.003554	-0.003638	-0.003579
637	-0.00358	-0.003658	-0.003612
638	-0.003607	-0.003704	-0.003668
639	-0.003604	-0.003712	-0.003655
640	-0.003559	-0.003666	-0.003543
641	-0.00355	-0.003637	-0.00349
642	-0.003621	-0.00365	-0.003567
643	-0.003665	-0.003662	-0.003629
644	-0.003608	-0.003674	-0.003637
645	-0.003568	-0.00369	-0.003646
646	-0.003646	-0.003724	-0.003661
647	-0.003719	-0.003757	-0.003676
648	-0.003676	-0.003747	-0.003705
649	-0.003632	-0.003736	-0.003734
650	-0.003609	-0.003651	-0.003633
651	-0.003587	-0.003562	-0.003525
652	-0.00349	-0.003457	-0.003422
653	-0.00338	-0.003349	-0.00332
654	-0.003298	-0.003282	-0.003253
655	-0.003225	-0.003228	-0.003195
656	-0.003235	-0.003253	-0.003207
657	-0.003285	-0.003317	-0.003252
658	-0.003337	-0.003403	-0.003323
659	-0.003392	-0.003505	-0.003413
660	-0.003441	-0.003558	-0.003457
661	-0.003487	-0.003563	-0.003457
662	-0.003556	-0.003599	-0.003504
663	-0.00366	-0.003677	-0.00362
664	-0.00373	-0.00373	-0.0037
665	-0.00373	-0.00373	-0.003705
666	-0.003725	-0.003724	-0.003702
667	-0.003706	-0.003703	-0.003668
668	-0.00369	-0.003689	-0.003646
669	-0.003684	-0.00371	-0.003684
670	-0.003673	-0.003725	-0.003713
671	-0.003608	-0.003675	-0.003638
672	-0.003543	-0.003624	-0.003563
673	-0.003574	-0.003632	-0.003575
674	-0.003606	-0.003639	-0.003587
675	-0.003656	-0.003657	-0.003592
676	-0.003708	-0.003677	-0.003597
677	-0.003714	-0.003688	-0.003622
678	-0.003711	-0.003698	-0.003652
679	-0.003712	-0.003693	-0.00365
680	-0.003712	-0.003684	-0.003638
681	-0.003699	-0.003678	-0.003635
682	-0.00368	-0.003674	-0.003635
683	-0.003674	-0.00367	-0.003633
684	-0.003678	-0.003666	-0.003629
685	-0.003704	-0.00366	-0.003613
686	-0.003751	-0.003653	-0.003585
687	-0.00377	-0.003672	-0.003611
688	-0.003755	-0.003721	-0.003698
689	-0.003746	-0.003754	-0.003741
690	-0.003747	-0.003759	-0.003713
691	-0.00376	-0.003777	-0.003709
692	-0.003801	-0.00382	-0.003754
693	-0.003834	-0.00385	-0.003801
694	-0.00384	-0.003835	-0.003848
695	-0.003845	-0.00383	-0.003888
696	-0.00385	-0.003868	-0.003893
697	-0.003852	-0.0039	-0.003889
698	-0.003834	-0.003883	-0.003812
699	-0.003818	-0.003867	-0.003737
700	-0.003803	-0.003876	-0.003749
701	-0.003789	-0.003885	-0.003761
702	-0.00386	-0.003955	-0.00383
703	-0.003934	-0.004026	-0.003901
704	-0.003913	-0.003987	-0.003864
705	-0.003882	-0.003935	-0.003815
706	-0.003892	-0.003891	-0.003819
707	-0.00391	-0.003848	-0.003835
708	-0.003882	-0.003846	-0.003818
709	-0.00384	-0.003857	-0.003792
710	-0.003776	-0.003843	-0.003772
711	-0.003704	-0.003818	-0.003755
712	-0.003663	-0.003757	-0.003698
713	-0.00364	-0.003676	-0.003619
714	-0.003634	-0.003666	-0.003612
715	-0.00364	-0.003707	-0.003655
716	-0.003581	-0.003659	-0.003619
717	-0.003461	-0.003529	-0.003508
718	-0.003467	-0.003489	-0.003494
719	-0.003621	-0.003553	-0.003595
720	-0.003711	-0.003622	-0.003674
[LOG]
CHECKSUMê×