[HEADER]
Format	J&M ASCII Table
Comment	
Date	05/03/2026 17:14:36
Order	Y (evenX)
TechType	UV
NumPoints	411
FirstX	310
LastX	720
XType	nm
YType	Absorbance
ZType	s
NumSubFile	3
Matrix	Z vs X
[LOGIN]
Name=pcbob
[INSTRUMENT]
Name=TIDAS E Base UV/VI
Detector=MMS - ASPEN 97,5 kHz
Diodearray=256 Pixel
Serial#=36584
Calibrated=2011-07-01
Range=183.81-729.88 [nm] (F0)

SWVersion=v3.18.2 (build 0)[LOGIN]
Name=pcbob
[CONFIG]
ChannelName=Channel 1
ChannelType=Normalized
[PARAMETER]
It=400,00
Aver=5
Norm=3
Range=310,0-720,0 nm
Scan=Time
ScanTime=5,00 s
[TRIGGER]
Sweep=0
Scan=0
[DIO]
DigOut=0x0000
DigIn=0x0000
[DATA]
	00:00:00,000	00:00:02,000	00:00:04,000
310	-0.000075	0	0.000019
311	-0.000192	-0.000123	-0.0001
312	-0.000305	-0.000252	-0.000229
313	-0.000408	-0.000366	-0.000352
314	-0.000495	-0.000461	-0.000466
315	-0.000585	-0.000559	-0.000567
316	-0.000683	-0.000669	-0.00063
317	-0.000781	-0.000775	-0.000697
318	-0.000862	-0.000848	-0.000815
319	-0.000944	-0.00092	-0.000933
320	-0.001067	-0.001019	-0.00104
321	-0.001196	-0.001122	-0.001147
322	-0.001364	-0.001268	-0.001276
323	-0.001547	-0.001432	-0.001415
324	-0.001676	-0.00157	-0.001548
325	-0.001758	-0.001685	-0.001676
326	-0.001853	-0.001795	-0.001788
327	-0.001974	-0.001897	-0.001868
328	-0.002098	-0.002002	-0.001956
329	-0.002233	-0.002126	-0.002079
330	-0.002369	-0.00225	-0.002202
331	-0.002567	-0.002455	-0.0024
332	-0.002766	-0.002659	-0.002597
333	-0.002804	-0.002699	-0.002635
334	-0.002808	-0.002704	-0.002639
335	-0.002857	-0.002762	-0.002708
336	-0.002929	-0.002848	-0.002812
337	-0.003026	-0.002939	-0.002927
338	-0.003149	-0.003037	-0.003055
339	-0.003278	-0.003138	-0.003187
340	-0.003418	-0.003248	-0.003329
341	-0.003563	-0.00337	-0.003469
342	-0.003747	-0.003586	-0.0036
343	-0.00393	-0.003801	-0.00373
344	-0.004006	-0.003873	-0.003804
345	-0.004077	-0.003937	-0.003875
346	-0.004098	-0.003982	-0.003922
347	-0.004105	-0.004021	-0.00396
348	-0.004144	-0.004092	-0.004026
349	-0.004205	-0.004182	-0.004109
350	-0.004298	-0.004286	-0.004205
351	-0.004435	-0.004408	-0.004317
352	-0.00456	-0.004514	-0.004429
353	-0.004646	-0.004575	-0.004542
354	-0.004724	-0.004633	-0.004645
355	-0.004701	-0.004646	-0.004622
356	-0.004678	-0.00466	-0.004599
357	-0.004773	-0.004688	-0.004673
358	-0.00488	-0.004718	-0.004758
359	-0.004945	-0.004803	-0.004851
360	-0.004996	-0.004909	-0.004947
361	-0.005083	-0.005002	-0.005021
362	-0.005198	-0.005085	-0.005077
363	-0.005313	-0.005181	-0.005136
364	-0.005427	-0.005297	-0.005197
365	-0.005518	-0.005401	-0.005267
366	-0.005525	-0.005463	-0.005368
367	-0.005529	-0.00552	-0.005461
368	-0.005471	-0.005448	-0.005378
369	-0.005413	-0.005376	-0.005294
370	-0.005451	-0.005411	-0.005343
371	-0.005502	-0.005463	-0.00541
372	-0.005576	-0.005516	-0.005488
373	-0.005659	-0.005569	-0.005569
374	-0.005774	-0.005673	-0.005668
375	-0.005916	-0.00582	-0.005782
376	-0.006048	-0.005951	-0.00589
377	-0.006159	-0.006055	-0.00599
378	-0.006249	-0.006139	-0.006068
379	-0.006245	-0.00614	-0.006053
380	-0.006238	-0.00614	-0.006037
381	-0.006137	-0.006048	-0.005968
382	-0.006036	-0.005956	-0.0059
383	-0.00602	-0.005972	-0.005889
384	-0.006019	-0.006007	-0.005888
385	-0.006159	-0.006138	-0.006054
386	-0.006363	-0.006313	-0.006298
387	-0.00646	-0.006391	-0.006396
388	-0.006456	-0.006379	-0.006357
389	-0.006467	-0.006387	-0.00634
390	-0.006504	-0.006432	-0.006363
391	-0.006554	-0.006485	-0.006396
392	-0.00666	-0.006574	-0.006475
393	-0.006762	-0.00666	-0.006553
394	-0.006671	-0.006622	-0.006515
395	-0.006581	-0.006584	-0.006478
396	-0.006639	-0.006606	-0.006501
397	-0.006725	-0.006638	-0.006535
398	-0.006873	-0.006791	-0.006671
399	-0.00705	-0.006999	-0.006857
400	-0.007194	-0.007183	-0.007022
401	-0.007308	-0.007344	-0.00717
402	-0.007402	-0.007475	-0.007286
403	-0.007459	-0.00755	-0.007342
404	-0.007514	-0.007616	-0.00739
405	-0.00756	-0.007642	-0.007397
406	-0.007606	-0.007668	-0.007406
407	-0.007639	-0.007696	-0.007514
408	-0.007672	-0.007724	-0.007622
409	-0.007659	-0.00767	-0.007557
410	-0.007639	-0.007602	-0.007462
411	-0.00775	-0.007733	-0.007593
412	-0.007919	-0.007953	-0.007826
413	-0.008086	-0.008094	-0.007982
414	-0.008249	-0.008163	-0.00807
415	-0.008387	-0.008263	-0.008165
416	-0.008481	-0.008416	-0.008274
417	-0.008573	-0.008555	-0.008375
418	-0.008654	-0.008645	-0.008444
419	-0.008734	-0.008733	-0.008514
420	-0.008804	-0.008784	-0.008615
421	-0.008873	-0.008834	-0.008716
422	-0.008824	-0.008777	-0.008674
423	-0.008759	-0.008705	-0.008611
424	-0.008813	-0.008788	-0.008634
425	-0.008913	-0.008933	-0.008691
426	-0.009009	-0.009037	-0.008799
427	-0.009102	-0.00911	-0.008947
428	-0.009212	-0.009198	-0.009066
429	-0.009348	-0.009311	-0.009138
430	-0.00948	-0.00943	-0.009224
431	-0.009599	-0.009567	-0.009355
432	-0.009718	-0.009699	-0.009486
433	-0.009831	-0.009782	-0.009601
434	-0.009945	-0.009865	-0.009716
435	-0.009924	-0.009871	-0.009689
436	-0.009889	-0.009871	-0.009648
437	-0.009894	-0.00993	-0.009702
438	-0.009912	-0.010009	-0.009787
439	-0.009991	-0.01009	-0.009856
440	-0.010113	-0.010172	-0.009916
441	-0.01013	-0.010167	-0.009917
442	-0.010014	-0.01005	-0.009844
443	-0.009978	-0.010015	-0.009827
444	-0.010147	-0.010188	-0.009952
445	-0.010309	-0.010354	-0.010079
446	-0.010413	-0.010472	-0.010223
447	-0.010518	-0.010591	-0.010366
448	-0.010641	-0.0107	-0.0105
449	-0.010764	-0.01081	-0.010633
450	-0.010861	-0.010907	-0.010749
451	-0.010952	-0.011002	-0.010859
452	-0.011061	-0.011097	-0.010932
453	-0.011181	-0.011192	-0.010985
454	-0.011254	-0.011249	-0.011028
455	-0.011281	-0.011266	-0.011061
456	-0.011303	-0.011296	-0.011081
457	-0.011313	-0.011347	-0.011078
458	-0.011325	-0.011383	-0.01108
459	-0.011338	-0.011359	-0.011109
460	-0.011353	-0.01134	-0.011139
461	-0.011388	-0.011452	-0.0112
462	-0.011422	-0.011563	-0.011261
463	-0.011505	-0.01161	-0.011374
464	-0.011594	-0.011649	-0.011493
465	-0.011759	-0.01181	-0.011623
466	-0.011951	-0.012015	-0.011755
467	-0.012058	-0.012152	-0.011867
468	-0.012103	-0.012239	-0.011964
469	-0.012204	-0.012361	-0.01208
470	-0.012376	-0.012528	-0.012222
471	-0.012524	-0.012687	-0.012352
472	-0.012607	-0.012823	-0.012451
473	-0.012684	-0.012937	-0.012545
474	-0.012731	-0.012902	-0.012612
475	-0.012777	-0.012867	-0.012678
476	-0.012704	-0.012813	-0.012541
477	-0.012628	-0.012759	-0.012401
478	-0.012649	-0.012749	-0.012432
479	-0.012689	-0.012747	-0.012497
480	-0.012682	-0.012751	-0.012529
481	-0.012653	-0.012758	-0.012545
482	-0.012633	-0.012753	-0.012511
483	-0.01262	-0.012738	-0.012431
484	-0.012655	-0.012767	-0.01245
485	-0.012766	-0.012863	-0.012621
486	-0.012852	-0.012935	-0.012749
487	-0.012859	-0.012931	-0.012738
488	-0.012889	-0.012954	-0.012753
489	-0.013138	-0.013227	-0.013016
490	-0.013386	-0.013501	-0.013279
491	-0.013487	-0.013587	-0.013352
492	-0.013579	-0.013663	-0.013414
493	-0.013646	-0.013737	-0.013499
494	-0.013705	-0.013809	-0.013591
495	-0.013678	-0.013787	-0.013545
496	-0.013606	-0.013715	-0.013429
497	-0.013555	-0.013653	-0.013349
498	-0.013524	-0.0136	-0.013304
499	-0.013512	-0.01358	-0.013297
500	-0.013532	-0.013614	-0.013354
501	-0.013542	-0.013634	-0.013393
502	-0.013517	-0.013607	-0.013373
503	-0.013498	-0.01359	-0.013359
504	-0.013543	-0.013685	-0.013409
505	-0.013587	-0.013779	-0.013458
506	-0.013639	-0.01382	-0.013472
507	-0.01369	-0.013857	-0.013484
508	-0.01377	-0.013934	-0.013575
509	-0.013856	-0.014022	-0.013685
510	-0.013977	-0.014113	-0.01379
511	-0.014117	-0.014205	-0.013891
512	-0.014218	-0.014291	-0.01398
513	-0.014282	-0.014372	-0.01406
514	-0.014329	-0.014416	-0.014133
515	-0.014347	-0.014402	-0.014195
516	-0.014354	-0.014405	-0.014232
517	-0.014324	-0.014463	-0.014189
518	-0.014301	-0.014518	-0.014157
519	-0.014329	-0.014546	-0.014227
520	-0.014357	-0.014574	-0.014297
521	-0.014301	-0.014496	-0.014197
522	-0.014243	-0.014414	-0.014092
523	-0.014204	-0.014333	-0.013996
524	-0.014169	-0.014252	-0.013902
525	-0.014168	-0.014255	-0.01391
526	-0.014183	-0.014294	-0.013961
527	-0.014225	-0.014328	-0.013999
528	-0.014288	-0.01436	-0.014025
529	-0.014365	-0.014425	-0.014095
530	-0.014459	-0.014534	-0.014224
531	-0.014548	-0.014647	-0.014342
532	-0.014627	-0.014769	-0.014433
533	-0.014702	-0.014877	-0.014521
534	-0.014754	-0.014909	-0.014587
535	-0.014806	-0.01494	-0.014653
536	-0.014839	-0.014964	-0.014679
537	-0.014873	-0.014988	-0.014706
538	-0.014799	-0.014938	-0.01463
539	-0.014712	-0.01488	-0.014543
540	-0.014659	-0.014814	-0.0145
541	-0.014617	-0.014745	-0.014471
542	-0.014517	-0.014645	-0.014389
543	-0.014384	-0.014528	-0.014275
544	-0.014293	-0.014461	-0.014184
545	-0.014244	-0.014444	-0.014116
546	-0.014193	-0.014393	-0.014036
547	-0.01414	-0.014283	-0.013936
548	-0.01408	-0.014183	-0.013848
549	-0.014002	-0.014118	-0.013793
550	-0.013936	-0.014061	-0.013744
551	-0.013965	-0.014064	-0.013737
552	-0.013993	-0.014066	-0.013731
553	-0.013975	-0.01411	-0.013781
554	-0.013957	-0.014154	-0.013832
555	-0.014068	-0.014261	-0.013949
556	-0.014199	-0.014378	-0.014076
557	-0.01438	-0.014562	-0.014238
558	-0.01458	-0.01477	-0.014414
559	-0.014681	-0.014854	-0.014513
560	-0.014719	-0.014856	-0.014563
561	-0.014737	-0.014865	-0.014599
562	-0.014735	-0.01488	-0.014618
563	-0.014757	-0.014898	-0.014635
564	-0.014823	-0.01492	-0.014645
565	-0.014838	-0.014901	-0.014618
566	-0.014684	-0.014747	-0.01447
567	-0.014526	-0.014593	-0.014317
568	-0.014335	-0.014441	-0.014127
569	-0.014145	-0.01429	-0.013938
570	-0.013991	-0.014124	-0.013773
571	-0.013838	-0.013957	-0.013609
572	-0.013635	-0.013736	-0.013429
573	-0.013426	-0.013506	-0.013248
574	-0.013286	-0.013363	-0.013125
575	-0.013169	-0.013248	-0.013021
576	-0.013055	-0.013133	-0.012904
577	-0.012944	-0.013019	-0.012779
578	-0.012896	-0.012958	-0.012726
579	-0.012908	-0.012947	-0.01274
580	-0.012917	-0.012952	-0.012764
581	-0.012921	-0.012981	-0.012802
582	-0.01298	-0.013049	-0.012886
583	-0.013186	-0.013219	-0.013087
584	-0.013383	-0.013391	-0.013279
585	-0.013532	-0.013578	-0.013426
586	-0.01368	-0.01376	-0.013571
587	-0.01382	-0.013853	-0.013667
588	-0.013961	-0.013947	-0.013762
589	-0.014104	-0.014102	-0.013896
590	-0.014247	-0.014262	-0.014032
591	-0.014311	-0.014332	-0.014117
592	-0.014356	-0.014381	-0.014191
593	-0.014353	-0.014392	-0.014178
594	-0.014329	-0.014386	-0.014129
595	-0.014273	-0.014336	-0.014064
596	-0.014195	-0.014254	-0.01399
597	-0.014104	-0.014171	-0.013913
598	-0.014	-0.014089	-0.013834
599	-0.013906	-0.014012	-0.013761
600	-0.013829	-0.013942	-0.013699
601	-0.013757	-0.01387	-0.013639
602	-0.013701	-0.013792	-0.013589
603	-0.013647	-0.013721	-0.013539
604	-0.013602	-0.013693	-0.013492
605	-0.013557	-0.013664	-0.013445
606	-0.013502	-0.013606	-0.01339
607	-0.013447	-0.013549	-0.013334
608	-0.01358	-0.013655	-0.01342
609	-0.013728	-0.013774	-0.013517
610	-0.013841	-0.013887	-0.013647
611	-0.013947	-0.013999	-0.013784
612	-0.014016	-0.0141	-0.013892
613	-0.01407	-0.014197	-0.013989
614	-0.01424	-0.014348	-0.014143
615	-0.014484	-0.014533	-0.014333
616	-0.014624	-0.01466	-0.014455
617	-0.01466	-0.01473	-0.014508
618	-0.014752	-0.014847	-0.0146
619	-0.014925	-0.015034	-0.014748
620	-0.015057	-0.015185	-0.014871
621	-0.01509	-0.015248	-0.014936
622	-0.015119	-0.015297	-0.014979
623	-0.015125	-0.015281	-0.014934
624	-0.015141	-0.015274	-0.014903
625	-0.015252	-0.015352	-0.015011
626	-0.015363	-0.01543	-0.015119
627	-0.015327	-0.01541	-0.015083
628	-0.015289	-0.01539	-0.015046
629	-0.015184	-0.015299	-0.015003
630	-0.015071	-0.0152	-0.014959
631	-0.015028	-0.01517	-0.014909
632	-0.015004	-0.015157	-0.014857
633	-0.014931	-0.015065	-0.014764
634	-0.014836	-0.014938	-0.014654
635	-0.01472	-0.014843	-0.014554
636	-0.014592	-0.014769	-0.014462
637	-0.014584	-0.014768	-0.014454
638	-0.014696	-0.014839	-0.01453
639	-0.014729	-0.014846	-0.014554
640	-0.014648	-0.014762	-0.0145
641	-0.014594	-0.014716	-0.014464
642	-0.014597	-0.014754	-0.014466
643	-0.014618	-0.014796	-0.014475
644	-0.014699	-0.014853	-0.014507
645	-0.014784	-0.014917	-0.014556
646	-0.014895	-0.015028	-0.014724
647	-0.015004	-0.015136	-0.014887
648	-0.01506	-0.015175	-0.01491
649	-0.015117	-0.015213	-0.014934
650	-0.014989	-0.015074	-0.014814
651	-0.014849	-0.014924	-0.014685
652	-0.014631	-0.014692	-0.014469
653	-0.0144	-0.014447	-0.014239
654	-0.014295	-0.014345	-0.014146
655	-0.014229	-0.014288	-0.014095
656	-0.014221	-0.014302	-0.014086
657	-0.014242	-0.014349	-0.014097
658	-0.014329	-0.014439	-0.0142
659	-0.014462	-0.014558	-0.014369
660	-0.014598	-0.014705	-0.014509
661	-0.014737	-0.014878	-0.014619
662	-0.014914	-0.015071	-0.014781
663	-0.015147	-0.01529	-0.015019
664	-0.015341	-0.015468	-0.015214
665	-0.015455	-0.015564	-0.015324
666	-0.015515	-0.015611	-0.015381
667	-0.01541	-0.01551	-0.015277
668	-0.015317	-0.015426	-0.015186
669	-0.015286	-0.015436	-0.015161
670	-0.01525	-0.015435	-0.015127
671	-0.015159	-0.015301	-0.014977
672	-0.015067	-0.015167	-0.014828
673	-0.015037	-0.015142	-0.014795
674	-0.015007	-0.015116	-0.014761
675	-0.014958	-0.015095	-0.014737
676	-0.014908	-0.015075	-0.014713
677	-0.0149	-0.015059	-0.014706
678	-0.0149	-0.015045	-0.014703
679	-0.014942	-0.01508	-0.014718
680	-0.014998	-0.015131	-0.014739
681	-0.015037	-0.015128	-0.014753
682	-0.01507	-0.015099	-0.014763
683	-0.015085	-0.015141	-0.014811
684	-0.01509	-0.01523	-0.014884
685	-0.015142	-0.015298	-0.014985
686	-0.015236	-0.01535	-0.015111
687	-0.015327	-0.01542	-0.0152
688	-0.015415	-0.015512	-0.015246
689	-0.01549	-0.015576	-0.015295
690	-0.015544	-0.015597	-0.015351
691	-0.015589	-0.015642	-0.015403
692	-0.015618	-0.015741	-0.015449
693	-0.015659	-0.015836	-0.015512
694	-0.015745	-0.015922	-0.015632
695	-0.015828	-0.015996	-0.015738
696	-0.015898	-0.016013	-0.01577
697	-0.015961	-0.016032	-0.015798
698	-0.015959	-0.016063	-0.015791
699	-0.015959	-0.016094	-0.015785
700	-0.015993	-0.016106	-0.01582
701	-0.016028	-0.016118	-0.015854
702	-0.016118	-0.016216	-0.015947
703	-0.016211	-0.016316	-0.016042
704	-0.01615	-0.016235	-0.015976
705	-0.01607	-0.016133	-0.015891
706	-0.016023	-0.016098	-0.015825
707	-0.015981	-0.016077	-0.015763
708	-0.015951	-0.016044	-0.015732
709	-0.015925	-0.016007	-0.01571
710	-0.015823	-0.015919	-0.015622
711	-0.01569	-0.015809	-0.015507
712	-0.015599	-0.01571	-0.015422
713	-0.015531	-0.015618	-0.015354
714	-0.015474	-0.015519	-0.015294
715	-0.015424	-0.015416	-0.01524
716	-0.015301	-0.015295	-0.015142
717	-0.015112	-0.015156	-0.015002
718	-0.015002	-0.015094	-0.01491
719	-0.014986	-0.015121	-0.014874
720	-0.014976	-0.015139	-0.014848
[LOG]
CHECKSUMDõ