[HEADER]
Format	J&M ASCII Table
Comment	
Date	05/03/2026 16:20:23
Order	Y (evenX)
TechType	UV
NumPoints	411
FirstX	310
LastX	720
XType	nm
YType	Absorbance
ZType	s
NumSubFile	3
Matrix	Z vs X
[LOGIN]
Name=pcbob
[INSTRUMENT]
Name=TIDAS E Base UV/VI
Detector=MMS - ASPEN 97,5 kHz
Diodearray=256 Pixel
Serial#=36584
Calibrated=2011-07-01
Range=183.81-729.88 [nm] (F0)

SWVersion=v3.18.2 (build 0)[LOGIN]
Name=pcbob
[CONFIG]
ChannelName=Channel 1
ChannelType=Normalized
[PARAMETER]
It=400,00
Aver=5
Norm=3
Range=310,0-720,0 nm
Scan=Time
ScanTime=5,00 s
[TRIGGER]
Sweep=0
Scan=0
[DIO]
DigOut=0x0000
DigIn=0x0000
[DATA]
	00:00:00,000	00:00:02,000	00:00:04,000
310	0.450956	0.45048	0.450096
311	0.443767	0.443285	0.442884
312	0.436777	0.436329	0.435877
313	0.429861	0.429446	0.428969
314	0.423049	0.422664	0.4222
315	0.416295	0.415945	0.415485
316	0.409727	0.409421	0.408938
317	0.403177	0.402907	0.402403
318	0.396877	0.396534	0.396056
319	0.390577	0.39016	0.38971
320	0.384411	0.383958	0.383539
321	0.378262	0.377779	0.377391
322	0.372157	0.37166	0.37126
323	0.366069	0.365566	0.365136
324	0.360045	0.359563	0.359126
325	0.354078	0.35364	0.353216
326	0.348155	0.347754	0.347336
327	0.342312	0.341937	0.341512
328	0.336503	0.336146	0.335717
329	0.330849	0.330475	0.330063
330	0.325195	0.324805	0.324408
331	0.319563	0.319206	0.318776
332	0.313931	0.313607	0.313144
333	0.30856	0.30821	0.307805
334	0.303245	0.302855	0.302528
335	0.297964	0.29755	0.297249
336	0.292702	0.292273	0.291969
337	0.287448	0.287022	0.286709
338	0.282204	0.281801	0.281472
339	0.277089	0.276696	0.276346
340	0.27228	0.271863	0.271483
341	0.267458	0.267023	0.266622
342	0.26254	0.26213	0.261772
343	0.257622	0.257237	0.256922
344	0.252915	0.252542	0.252175
345	0.248219	0.247859	0.247433
346	0.243504	0.243156	0.242765
347	0.238782	0.238448	0.238119
348	0.234122	0.233857	0.233512
349	0.229503	0.229343	0.228931
350	0.224945	0.224828	0.224394
351	0.220469	0.220311	0.21992
352	0.216033	0.215826	0.215464
353	0.211716	0.211436	0.211065
354	0.207403	0.207058	0.206679
355	0.203138	0.202822	0.20245
356	0.198873	0.198585	0.198221
357	0.194708	0.194368	0.194031
358	0.190552	0.190153	0.189845
359	0.186353	0.185965	0.185678
360	0.182139	0.181788	0.181519
361	0.178042	0.177692	0.177437
362	0.174037	0.173662	0.173414
363	0.17003	0.169664	0.169404
364	0.166017	0.165719	0.165411
365	0.16207	0.161834	0.161478
366	0.158364	0.158163	0.157761
367	0.154664	0.154493	0.154049
368	0.151077	0.150861	0.150456
369	0.14749	0.147228	0.146862
370	0.14382	0.143596	0.14323
371	0.140137	0.139965	0.139592
372	0.136486	0.136341	0.135977
373	0.132847	0.132721	0.132372
374	0.129316	0.129176	0.128863
375	0.125879	0.125699	0.12544
376	0.122485	0.12226	0.122027
377	0.119165	0.11889	0.118633
378	0.115852	0.115548	0.115261
379	0.11257	0.112329	0.11198
380	0.109292	0.109112	0.108703
381	0.106202	0.106008	0.105635
382	0.103112	0.102905	0.102566
383	0.099955	0.099806	0.099481
384	0.096787	0.096708	0.096392
385	0.093743	0.09366	0.09333
386	0.090756	0.090635	0.090282
387	0.087862	0.087715	0.087377
388	0.085055	0.084893	0.084608
389	0.082313	0.082151	0.081888
390	0.079693	0.079558	0.07926
391	0.077051	0.076942	0.076615
392	0.074316	0.074216	0.073895
393	0.071583	0.071493	0.071178
394	0.069036	0.068966	0.068724
395	0.066489	0.066439	0.06627
396	0.064202	0.064106	0.063926
397	0.061963	0.061808	0.061601
398	0.059735	0.059568	0.059399
399	0.057512	0.057356	0.057255
400	0.055194	0.055083	0.054978
401	0.052788	0.052752	0.052576
402	0.050397	0.050417	0.050205
403	0.048037	0.048073	0.047893
404	0.045755	0.0458	0.045645
405	0.043827	0.043849	0.043687
406	0.041898	0.041898	0.04173
407	0.039931	0.039931	0.039792
408	0.037965	0.037965	0.037854
409	0.03598	0.035991	0.035879
410	0.033992	0.034017	0.033898
411	0.031975	0.031988	0.031854
412	0.029944	0.029934	0.029783
413	0.028014	0.028001	0.027837
414	0.026173	0.026177	0.026004
415	0.024265	0.024287	0.024129
416	0.022236	0.022284	0.02218
417	0.020236	0.020312	0.020245
418	0.018351	0.018468	0.018369
419	0.016475	0.016631	0.0165
420	0.014819	0.014971	0.014823
421	0.013163	0.013311	0.013146
422	0.011681	0.01181	0.011689
423	0.010224	0.010331	0.010263
424	0.008677	0.008798	0.00872
425	0.007094	0.007244	0.007131
426	0.005686	0.005848	0.005728
427	0.00442	0.00458	0.004474
428	0.003268	0.003441	0.003299
429	0.002294	0.002501	0.002246
430	0.001301	0.001526	0.001203
431	0.000243	0.00044	0.000198
432	-0.00082	-0.000645	-0.000811
433	-0.001931	-0.001729	-0.001873
434	-0.003043	-0.002812	-0.002936
435	-0.003997	-0.003722	-0.003859
436	-0.004936	-0.004614	-0.004769
437	-0.005834	-0.005566	-0.005659
438	-0.006719	-0.006537	-0.006543
439	-0.007624	-0.007441	-0.007447
440	-0.008541	-0.0083	-0.008364
441	-0.009335	-0.009065	-0.009149
442	-0.009971	-0.009711	-0.009764
443	-0.010649	-0.010383	-0.01043
444	-0.011434	-0.011121	-0.011223
445	-0.012201	-0.011848	-0.011998
446	-0.012845	-0.012504	-0.012641
447	-0.01349	-0.01316	-0.013284
448	-0.014108	-0.013772	-0.013899
449	-0.014725	-0.014382	-0.014513
450	-0.01523	-0.014883	-0.015021
451	-0.015709	-0.015359	-0.015504
452	-0.016203	-0.015867	-0.015984
453	-0.016706	-0.016393	-0.016463
454	-0.01715	-0.016852	-0.016899
455	-0.017535	-0.017246	-0.017295
456	-0.017917	-0.017617	-0.017665
457	-0.018292	-0.017943	-0.017987
458	-0.018646	-0.018257	-0.0183
459	-0.018909	-0.018519	-0.018576
460	-0.019177	-0.018786	-0.018856
461	-0.019544	-0.019147	-0.019236
462	-0.019912	-0.019508	-0.019617
463	-0.020237	-0.019875	-0.019914
464	-0.020557	-0.020242	-0.020201
465	-0.020843	-0.020484	-0.020476
466	-0.021117	-0.020682	-0.020746
467	-0.021275	-0.020838	-0.020902
468	-0.02135	-0.020964	-0.020978
469	-0.021481	-0.021102	-0.021114
470	-0.021685	-0.021257	-0.021327
471	-0.021865	-0.021407	-0.021511
472	-0.021984	-0.021541	-0.021618
473	-0.022102	-0.021669	-0.021719
474	-0.022209	-0.021754	-0.021779
475	-0.022316	-0.021838	-0.021839
476	-0.022344	-0.021913	-0.021904
477	-0.02237	-0.021987	-0.02197
478	-0.022458	-0.022073	-0.022076
479	-0.02256	-0.02216	-0.022191
480	-0.022696	-0.022276	-0.022322
481	-0.022848	-0.022404	-0.022461
482	-0.023015	-0.022572	-0.0226
483	-0.023196	-0.022774	-0.022739
484	-0.023406	-0.023027	-0.022962
485	-0.023663	-0.023359	-0.023319
486	-0.023822	-0.023562	-0.023543
487	-0.023676	-0.023363	-0.023349
488	-0.023533	-0.023162	-0.023157
489	-0.023428	-0.022938	-0.022977
490	-0.023322	-0.022714	-0.022797
491	-0.023023	-0.022442	-0.022494
492	-0.022713	-0.022168	-0.022184
493	-0.022512	-0.021989	-0.022005
494	-0.022338	-0.021834	-0.021857
495	-0.022138	-0.021637	-0.02166
496	-0.021924	-0.021419	-0.021437
497	-0.021742	-0.02125	-0.02126
498	-0.02159	-0.021127	-0.021128
499	-0.021468	-0.021029	-0.021022
500	-0.021396	-0.02097	-0.020958
501	-0.021313	-0.020883	-0.020867
502	-0.021191	-0.0207	-0.020679
503	-0.021071	-0.020525	-0.0205
504	-0.020963	-0.020432	-0.020407
505	-0.020856	-0.020339	-0.020314
506	-0.020673	-0.020159	-0.020156
507	-0.020487	-0.019973	-0.019994
508	-0.020324	-0.019786	-0.019811
509	-0.020166	-0.019598	-0.019623
510	-0.020056	-0.019492	-0.019488
511	-0.019969	-0.019429	-0.01938
512	-0.019888	-0.019366	-0.019295
513	-0.019813	-0.019304	-0.019228
514	-0.019695	-0.019204	-0.019131
515	-0.01951	-0.019043	-0.018983
516	-0.019337	-0.018863	-0.018829
517	-0.0192	-0.018629	-0.018651
518	-0.019059	-0.018406	-0.018477
519	-0.018881	-0.018278	-0.018328
520	-0.018703	-0.01815	-0.01818
521	-0.0185	-0.017946	-0.017937
522	-0.018296	-0.017739	-0.017692
523	-0.018129	-0.017553	-0.017492
524	-0.017969	-0.017371	-0.017301
525	-0.017831	-0.017208	-0.017162
526	-0.017703	-0.017052	-0.017044
527	-0.017596	-0.016948	-0.016947
528	-0.017506	-0.016886	-0.016864
529	-0.017395	-0.016789	-0.016761
530	-0.017255	-0.016648	-0.01663
531	-0.017131	-0.01653	-0.016529
532	-0.017043	-0.016471	-0.016496
533	-0.016947	-0.016395	-0.016444
534	-0.0168	-0.016229	-0.016285
535	-0.016653	-0.016063	-0.016126
536	-0.016523	-0.015931	-0.015943
537	-0.016394	-0.0158	-0.01576
538	-0.016127	-0.015569	-0.015557
539	-0.015844	-0.015326	-0.015352
540	-0.015687	-0.015139	-0.015175
541	-0.01557	-0.014971	-0.015006
542	-0.01537	-0.014785	-0.01481
543	-0.015123	-0.014588	-0.0146
544	-0.014911	-0.014391	-0.014393
545	-0.014735	-0.014193	-0.014192
546	-0.014554	-0.013995	-0.014001
547	-0.014364	-0.013798	-0.013831
548	-0.014166	-0.013598	-0.013652
549	-0.013945	-0.013394	-0.013446
550	-0.013727	-0.013195	-0.013242
551	-0.013536	-0.013032	-0.013051
552	-0.013346	-0.012868	-0.012861
553	-0.013179	-0.012667	-0.012652
554	-0.013013	-0.012466	-0.012443
555	-0.012915	-0.012387	-0.012349
556	-0.012828	-0.012328	-0.012274
557	-0.012798	-0.012289	-0.012254
558	-0.012789	-0.012258	-0.012253
559	-0.012681	-0.012124	-0.012127
560	-0.01251	-0.011924	-0.01192
561	-0.012336	-0.011746	-0.011737
562	-0.012159	-0.011591	-0.011579
563	-0.012014	-0.011459	-0.011449
564	-0.011926	-0.011367	-0.011368
565	-0.011837	-0.011273	-0.011289
566	-0.011746	-0.011173	-0.011217
567	-0.011658	-0.011078	-0.01114
568	-0.011587	-0.011015	-0.011027
569	-0.011515	-0.010952	-0.010915
570	-0.011475	-0.010926	-0.010887
571	-0.011436	-0.010901	-0.01086
572	-0.01133	-0.010813	-0.010778
573	-0.011216	-0.010715	-0.010686
574	-0.011089	-0.0106	-0.010573
575	-0.010959	-0.010479	-0.010453
576	-0.010815	-0.010374	-0.010342
577	-0.010662	-0.010278	-0.010236
578	-0.010571	-0.01019	-0.010142
579	-0.010539	-0.010108	-0.010059
580	-0.01045	-0.009996	-0.009962
581	-0.010273	-0.009837	-0.009843
582	-0.010115	-0.009696	-0.00972
583	-0.010003	-0.009598	-0.009585
584	-0.009873	-0.009482	-0.009433
585	-0.009648	-0.009271	-0.009196
586	-0.009424	-0.009058	-0.008959
587	-0.009207	-0.008792	-0.008731
588	-0.008991	-0.008526	-0.008504
589	-0.008768	-0.008304	-0.008273
590	-0.008545	-0.008085	-0.008043
591	-0.008348	-0.007878	-0.007853
592	-0.008156	-0.007674	-0.007672
593	-0.007957	-0.007443	-0.007442
594	-0.007754	-0.0072	-0.00719
595	-0.007496	-0.00692	-0.006929
596	-0.007201	-0.006616	-0.00666
597	-0.006917	-0.006356	-0.006394
598	-0.006648	-0.006147	-0.00613
599	-0.006418	-0.005942	-0.005881
600	-0.006256	-0.005747	-0.005657
601	-0.006082	-0.005553	-0.005454
602	-0.005871	-0.005364	-0.005311
603	-0.005646	-0.005163	-0.005149
604	-0.005344	-0.004893	-0.00487
605	-0.005042	-0.004623	-0.004592
606	-0.004779	-0.004347	-0.004295
607	-0.004516	-0.00407	-0.003999
608	-0.004335	-0.003875	-0.003814
609	-0.004161	-0.003686	-0.003637
610	-0.004029	-0.003544	-0.003516
611	-0.003907	-0.003411	-0.003407
612	-0.003775	-0.003277	-0.003235
613	-0.003639	-0.003143	-0.003038
614	-0.003486	-0.002979	-0.002889
615	-0.003322	-0.002796	-0.002771
616	-0.003134	-0.00261	-0.002625
617	-0.002922	-0.002422	-0.002453
618	-0.002749	-0.002252	-0.002271
619	-0.002635	-0.002108	-0.002072
620	-0.002503	-0.001954	-0.001888
621	-0.002331	-0.001776	-0.001737
622	-0.002158	-0.001592	-0.001577
623	-0.001977	-0.001383	-0.001382
624	-0.001794	-0.00118	-0.001185
625	-0.00158	-0.001026	-0.00097
626	-0.001366	-0.000873	-0.000755
627	-0.001051	-0.000545	-0.000487
628	-0.000734	-0.000216	-0.000218
629	-0.000542	-0.000003	-0.000011
630	-0.000364	0.000197	0.000189
631	-0.000188	0.000393	0.000389
632	-0.000012	0.000587	0.000589
633	0.000221	0.000807	0.000833
634	0.00048	0.001037	0.001096
635	0.00069	0.001275	0.001332
636	0.000868	0.001518	0.001548
637	0.001038	0.001689	0.00172
638	0.001199	0.00179	0.001848
639	0.00139	0.001931	0.002012
640	0.001623	0.002133	0.002227
641	0.001822	0.00231	0.002417
642	0.001944	0.002431	0.00255
643	0.00206	0.002569	0.002689
644	0.002156	0.002762	0.002848
645	0.002257	0.002938	0.002992
646	0.002398	0.002989	0.003037
647	0.002535	0.00304	0.003082
648	0.002523	0.003064	0.003114
649	0.002511	0.003088	0.003146
650	0.002386	0.002875	0.002967
651	0.002255	0.002648	0.002775
652	0.001981	0.002388	0.002476
653	0.001682	0.002122	0.002158
654	0.001508	0.001926	0.001949
655	0.001373	0.001752	0.001774
656	0.001379	0.001751	0.001766
657	0.001452	0.001833	0.00184
658	0.001705	0.002083	0.002095
659	0.002084	0.002451	0.002476
660	0.00256	0.002946	0.002974
661	0.003135	0.003567	0.003588
662	0.003684	0.00414	0.004169
663	0.004195	0.004644	0.004704
664	0.004638	0.005087	0.005171
665	0.004941	0.005405	0.005501
666	0.00523	0.005704	0.005813
667	0.005478	0.005946	0.006071
668	0.005717	0.006177	0.00631
669	0.005916	0.006355	0.006454
670	0.00611	0.006535	0.006604
671	0.006257	0.006734	0.006812
672	0.006403	0.006932	0.007021
673	0.00655	0.00705	0.007139
674	0.006696	0.007167	0.007257
675	0.006863	0.007351	0.007411
676	0.007031	0.007542	0.007568
677	0.007134	0.007636	0.007688
678	0.007225	0.007713	0.007801
679	0.007318	0.007837	0.007941
680	0.007412	0.007976	0.008091
681	0.00751	0.008064	0.008189
682	0.00761	0.008128	0.008264
683	0.007727	0.008223	0.008381
684	0.007857	0.008338	0.008524
685	0.007984	0.008474	0.008639
686	0.008109	0.008629	0.00873
687	0.008218	0.008746	0.008803
688	0.008308	0.008819	0.008857
689	0.008418	0.00892	0.008955
690	0.008564	0.009066	0.009123
691	0.008696	0.00923	0.009276
692	0.008798	0.009432	0.009399
693	0.008906	0.009593	0.009522
694	0.00903	0.009626	0.009651
695	0.009149	0.009669	0.009771
696	0.00924	0.009764	0.009844
697	0.009335	0.009863	0.009925
698	0.00947	0.009998	0.010071
699	0.009604	0.010133	0.010216
700	0.009743	0.01027	0.010318
701	0.009881	0.010407	0.010419
702	0.009963	0.01043	0.010454
703	0.010043	0.010448	0.010486
704	0.010196	0.010683	0.010696
705	0.010357	0.010943	0.010925
706	0.010525	0.011071	0.01111
707	0.010694	0.011173	0.011286
708	0.010844	0.011319	0.011413
709	0.010989	0.011478	0.011526
710	0.011144	0.011655	0.011703
711	0.011303	0.011841	0.011908
712	0.011492	0.012036	0.012112
713	0.011696	0.012237	0.012316
714	0.011868	0.012372	0.012454
715	0.012017	0.012458	0.012544
716	0.01219	0.012638	0.012712
717	0.012385	0.012904	0.012953
718	0.012515	0.013062	0.01309
719	0.01257	0.013091	0.013106
720	0.012667	0.013178	0.013212
[LOG]
CHECKSUM›ß