[HEADER]
Format	J&M ASCII Table
Comment	
Date	05/03/2026 16:18:30
Order	Y (evenX)
TechType	UV
NumPoints	411
FirstX	310
LastX	720
XType	nm
YType	Absorbance
ZType	s
NumSubFile	3
Matrix	Z vs X
[LOGIN]
Name=pcbob
[INSTRUMENT]
Name=TIDAS E Base UV/VI
Detector=MMS - ASPEN 97,5 kHz
Diodearray=256 Pixel
Serial#=36584
Calibrated=2011-07-01
Range=183.81-729.88 [nm] (F0)

SWVersion=v3.18.2 (build 0)[LOGIN]
Name=pcbob
[CONFIG]
ChannelName=Channel 1
ChannelType=Normalized
[PARAMETER]
It=400,00
Aver=5
Norm=3
Range=310,0-720,0 nm
Scan=Time
ScanTime=5,00 s
[TRIGGER]
Sweep=0
Scan=0
[DIO]
DigOut=0x0000
DigIn=0x0000
[DATA]
	00:00:00,000	00:00:02,000	00:00:04,000
310	0.446963	0.446397	0.445952
311	0.439717	0.439153	0.438782
312	0.432652	0.432109	0.431793
313	0.425744	0.425197	0.424872
314	0.419055	0.418468	0.418047
315	0.412396	0.411789	0.411288
316	0.405836	0.405271	0.404734
317	0.39929	0.398763	0.398196
318	0.39297	0.392392	0.391894
319	0.38665	0.386021	0.385592
320	0.380498	0.379876	0.37937
321	0.374367	0.37376	0.373158
322	0.368246	0.367698	0.367059
323	0.362128	0.361657	0.361006
324	0.356148	0.355695	0.355049
325	0.350289	0.349802	0.349177
326	0.34444	0.343932	0.343314
327	0.338608	0.338105	0.337467
328	0.332811	0.332305	0.331665
329	0.327177	0.326631	0.326071
330	0.321544	0.320957	0.320477
331	0.315992	0.315379	0.314905
332	0.31044	0.309801	0.309334
333	0.305052	0.304457	0.303982
334	0.299699	0.299161	0.298676
335	0.294509	0.293962	0.293423
336	0.289407	0.288815	0.288199
337	0.284241	0.283645	0.282979
338	0.279005	0.27845	0.277765
339	0.273888	0.27334	0.272666
340	0.269052	0.268432	0.26784
341	0.26421	0.26353	0.263017
342	0.259326	0.258671	0.258207
343	0.254442	0.253813	0.253398
344	0.249708	0.249047	0.248628
345	0.244981	0.244286	0.24386
346	0.240309	0.239682	0.239233
347	0.235653	0.235125	0.234648
348	0.231039	0.230531	0.230058
349	0.226451	0.225913	0.225466
350	0.221919	0.221393	0.220923
351	0.217461	0.217004	0.216445
352	0.213016	0.212608	0.211991
353	0.208605	0.208192	0.207604
354	0.204213	0.203793	0.203232
355	0.20005	0.199598	0.19903
356	0.195887	0.195402	0.194829
357	0.191637	0.191127	0.19056
358	0.187379	0.186843	0.186284
359	0.183145	0.182636	0.182115
360	0.17892	0.178457	0.177986
361	0.174833	0.17438	0.173919
362	0.170854	0.170384	0.169902
363	0.166881	0.166381	0.16591
364	0.162917	0.162365	0.161955
365	0.158992	0.158404	0.15804
366	0.155212	0.154642	0.154271
367	0.151439	0.150889	0.150508
368	0.147816	0.147309	0.146873
369	0.144193	0.14373	0.143237
370	0.140529	0.140079	0.139572
371	0.136858	0.136417	0.135903
372	0.133244	0.132815	0.132371
373	0.129653	0.129238	0.128897
374	0.126119	0.125693	0.125375
375	0.122636	0.122177	0.12181
376	0.119193	0.118726	0.118334
377	0.11582	0.115386	0.115013
378	0.112481	0.112062	0.111703
379	0.109278	0.108806	0.108437
380	0.106077	0.105555	0.105175
381	0.102987	0.102499	0.102059
382	0.099897	0.099443	0.098942
383	0.096798	0.096359	0.095912
384	0.093697	0.093269	0.092896
385	0.090627	0.090198	0.089877
386	0.08757	0.087136	0.086857
387	0.084692	0.084202	0.083949
388	0.081982	0.081388	0.081145
389	0.079291	0.07867	0.078377
390	0.076632	0.076129	0.075673
391	0.073952	0.073552	0.072972
392	0.071176	0.070811	0.070281
393	0.068405	0.068072	0.067593
394	0.065961	0.065552	0.065141
395	0.063517	0.063032	0.062688
396	0.061273	0.060744	0.06039
397	0.059065	0.058498	0.058119
398	0.056829	0.056298	0.05593
399	0.054581	0.054119	0.05378
400	0.052244	0.051812	0.051503
401	0.049821	0.049383	0.049106
402	0.047463	0.047031	0.046729
403	0.045224	0.044823	0.044389
404	0.043025	0.042661	0.042133
405	0.041009	0.040701	0.04025
406	0.038995	0.038741	0.038367
407	0.037136	0.036754	0.036485
408	0.035277	0.034767	0.034604
409	0.033274	0.032843	0.032653
410	0.031246	0.030929	0.030691
411	0.029263	0.02893	0.028704
412	0.027299	0.026891	0.026706
413	0.025439	0.025016	0.024821
414	0.023673	0.023288	0.023038
415	0.021829	0.021466	0.021194
416	0.019852	0.019478	0.019242
417	0.017908	0.017517	0.017311
418	0.016099	0.015659	0.015459
419	0.014294	0.013812	0.013616
420	0.012599	0.012231	0.011997
421	0.010904	0.01065	0.010378
422	0.009486	0.009183	0.008935
423	0.008108	0.007733	0.007518
424	0.006594	0.00624	0.006018
425	0.005026	0.004729	0.004485
426	0.003629	0.003363	0.003104
427	0.002369	0.002113	0.001843
428	0.001226	0.000955	0.000699
429	0.000265	-0.000061	-0.000265
430	-0.000727	-0.001077	-0.00126
431	-0.001817	-0.002091	-0.002354
432	-0.002906	-0.003111	-0.003443
433	-0.003977	-0.004212	-0.004471
434	-0.005048	-0.005314	-0.005499
435	-0.005907	-0.006163	-0.006365
436	-0.006746	-0.006989	-0.007217
437	-0.00764	-0.007882	-0.008103
438	-0.008553	-0.008797	-0.009
439	-0.00944	-0.00968	-0.009876
440	-0.01031	-0.010542	-0.010737
441	-0.011053	-0.01127	-0.01146
442	-0.011631	-0.011825	-0.012005
443	-0.012251	-0.012432	-0.012607
444	-0.012976	-0.013169	-0.013351
445	-0.013696	-0.013899	-0.014083
446	-0.014375	-0.014581	-0.014722
447	-0.015054	-0.015262	-0.015361
448	-0.015618	-0.015803	-0.015926
449	-0.016178	-0.01634	-0.016487
450	-0.016665	-0.01681	-0.017007
451	-0.017135	-0.017266	-0.017517
452	-0.017604	-0.01776	-0.017983
453	-0.018072	-0.018275	-0.018427
454	-0.018484	-0.018714	-0.018822
455	-0.01884	-0.019079	-0.019169
456	-0.019179	-0.019416	-0.019496
457	-0.019484	-0.0197	-0.019785
458	-0.01978	-0.019984	-0.020075
459	-0.02003	-0.020269	-0.020369
460	-0.020284	-0.020554	-0.020665
461	-0.020635	-0.020854	-0.021003
462	-0.020985	-0.021153	-0.02134
463	-0.021282	-0.021457	-0.021616
464	-0.021572	-0.021761	-0.021885
465	-0.021888	-0.022047	-0.022193
466	-0.022212	-0.022328	-0.022517
467	-0.022412	-0.022513	-0.022682
468	-0.022523	-0.022631	-0.022735
469	-0.022654	-0.022785	-0.022855
470	-0.02281	-0.022987	-0.023062
471	-0.02296	-0.023171	-0.02325
472	-0.023096	-0.023311	-0.023389
473	-0.023221	-0.023443	-0.023519
474	-0.02327	-0.023518	-0.02359
475	-0.02332	-0.023594	-0.023661
476	-0.02341	-0.023616	-0.023693
477	-0.0235	-0.023638	-0.023723
478	-0.023552	-0.023691	-0.023782
479	-0.023596	-0.023751	-0.023847
480	-0.023675	-0.023823	-0.023933
481	-0.023769	-0.0239	-0.024029
482	-0.023833	-0.02396	-0.024096
483	-0.023871	-0.024006	-0.024139
484	-0.023995	-0.024135	-0.024274
485	-0.024255	-0.024397	-0.024554
486	-0.024414	-0.024546	-0.024725
487	-0.024255	-0.024345	-0.024555
488	-0.024102	-0.024159	-0.02439
489	-0.024014	-0.024119	-0.024276
490	-0.023925	-0.024078	-0.024162
491	-0.02365	-0.023837	-0.023921
492	-0.023365	-0.023585	-0.023673
493	-0.023251	-0.023443	-0.023521
494	-0.02318	-0.023326	-0.023392
495	-0.022985	-0.023087	-0.023205
496	-0.022727	-0.022785	-0.022988
497	-0.022536	-0.022603	-0.022822
498	-0.022409	-0.022535	-0.022704
499	-0.022295	-0.022471	-0.022596
500	-0.022202	-0.022413	-0.022504
501	-0.022104	-0.022326	-0.022395
502	-0.021989	-0.02214	-0.022223
503	-0.021872	-0.021961	-0.022054
504	-0.021726	-0.021852	-0.02192
505	-0.02158	-0.021744	-0.021786
506	-0.021434	-0.021571	-0.021649
507	-0.021287	-0.021394	-0.021512
508	-0.021106	-0.021249	-0.021372
509	-0.020915	-0.021111	-0.021231
510	-0.020808	-0.020992	-0.021129
511	-0.020743	-0.020883	-0.021047
512	-0.020671	-0.020784	-0.020966
513	-0.020593	-0.020697	-0.020887
514	-0.020471	-0.020597	-0.020768
515	-0.020277	-0.020479	-0.020586
516	-0.020088	-0.020348	-0.020407
517	-0.01991	-0.020179	-0.02024
518	-0.019735	-0.020008	-0.020074
519	-0.019594	-0.019828	-0.019914
520	-0.019452	-0.019648	-0.019755
521	-0.019235	-0.019417	-0.019517
522	-0.019016	-0.019184	-0.019278
523	-0.018834	-0.018986	-0.019071
524	-0.01866	-0.018796	-0.018872
525	-0.018522	-0.018636	-0.018712
526	-0.018401	-0.018489	-0.018569
527	-0.01825	-0.018349	-0.018422
528	-0.018077	-0.018213	-0.01827
529	-0.017934	-0.018095	-0.01814
530	-0.017832	-0.018001	-0.01804
531	-0.017733	-0.0179	-0.017954
532	-0.017644	-0.017781	-0.017905
533	-0.017546	-0.017658	-0.017839
534	-0.017403	-0.017514	-0.017683
535	-0.017257	-0.017368	-0.017525
536	-0.016994	-0.017123	-0.017304
537	-0.01673	-0.016878	-0.017083
538	-0.016501	-0.016677	-0.016824
539	-0.016276	-0.016482	-0.016561
540	-0.016092	-0.016303	-0.016368
541	-0.015922	-0.016129	-0.016197
542	-0.015694	-0.015912	-0.016015
543	-0.015431	-0.015671	-0.015826
544	-0.01523	-0.015462	-0.015631
545	-0.015087	-0.015287	-0.015433
546	-0.014908	-0.015092	-0.015224
547	-0.014664	-0.014867	-0.014999
548	-0.014436	-0.014641	-0.014772
549	-0.014259	-0.014416	-0.014539
550	-0.014078	-0.014192	-0.014308
551	-0.013874	-0.013979	-0.014108
552	-0.013669	-0.013766	-0.013908
553	-0.013467	-0.013587	-0.013733
554	-0.013264	-0.013408	-0.013558
555	-0.013163	-0.013321	-0.013468
556	-0.013077	-0.013249	-0.01339
557	-0.013024	-0.013204	-0.013317
558	-0.012982	-0.01317	-0.013246
559	-0.012843	-0.013026	-0.013118
560	-0.012642	-0.01281	-0.012953
561	-0.012437	-0.012605	-0.012753
562	-0.01223	-0.012412	-0.012516
563	-0.01206	-0.012244	-0.012326
564	-0.011958	-0.012123	-0.012219
565	-0.011837	-0.011995	-0.012093
566	-0.011658	-0.01184	-0.011908
567	-0.011482	-0.011685	-0.011729
568	-0.011331	-0.011522	-0.011598
569	-0.01118	-0.01136	-0.011468
570	-0.011088	-0.011251	-0.011384
571	-0.010996	-0.011143	-0.011299
572	-0.01082	-0.010963	-0.011114
573	-0.010632	-0.010771	-0.010913
574	-0.010486	-0.010612	-0.010737
575	-0.010354	-0.010463	-0.010571
576	-0.01018	-0.010293	-0.010382
577	-0.009982	-0.01011	-0.01018
578	-0.009837	-0.009967	-0.010041
579	-0.009742	-0.009862	-0.009961
580	-0.009632	-0.009739	-0.009857
581	-0.009499	-0.009588	-0.009716
582	-0.009365	-0.009452	-0.009583
583	-0.009231	-0.009355	-0.009469
584	-0.009081	-0.009238	-0.009338
585	-0.008848	-0.009016	-0.009118
586	-0.008617	-0.008794	-0.008899
587	-0.008441	-0.008583	-0.008692
588	-0.008266	-0.008371	-0.008485
589	-0.008061	-0.00816	-0.008283
590	-0.007855	-0.007949	-0.008081
591	-0.007666	-0.007769	-0.0079
592	-0.00748	-0.007597	-0.007723
593	-0.007214	-0.007381	-0.00749
594	-0.006914	-0.007146	-0.007232
595	-0.006635	-0.006877	-0.006958
596	-0.00637	-0.006583	-0.006672
597	-0.006131	-0.006324	-0.006402
598	-0.005922	-0.006103	-0.00615
599	-0.005708	-0.005882	-0.005927
600	-0.005489	-0.005663	-0.005754
601	-0.005277	-0.005448	-0.005569
602	-0.005084	-0.005248	-0.005346
603	-0.004882	-0.005036	-0.005119
604	-0.004624	-0.004753	-0.004863
605	-0.004366	-0.00447	-0.004607
606	-0.004088	-0.004209	-0.004359
607	-0.003811	-0.003948	-0.004111
608	-0.003616	-0.003726	-0.00392
609	-0.003428	-0.003508	-0.003733
610	-0.00327	-0.003427	-0.003578
611	-0.003118	-0.003375	-0.00343
612	-0.002976	-0.003226	-0.003295
613	-0.002839	-0.003038	-0.003163
614	-0.002704	-0.002878	-0.003018
615	-0.002572	-0.002736	-0.002864
616	-0.0024	-0.002565	-0.002694
617	-0.00219	-0.002365	-0.002509
618	-0.002019	-0.002193	-0.00234
619	-0.001907	-0.002063	-0.002196
620	-0.001767	-0.00192	-0.002045
621	-0.001563	-0.001747	-0.001877
622	-0.001365	-0.001573	-0.001703
623	-0.001195	-0.001391	-0.001504
624	-0.001028	-0.001208	-0.001305
625	-0.000882	-0.001003	-0.001109
626	-0.000735	-0.000797	-0.000912
627	-0.000411	-0.00052	-0.000685
628	-0.000086	-0.000242	-0.000457
629	0.0001	-0.000045	-0.000218
630	0.000268	0.000143	0.000023
631	0.000452	0.000331	0.000211
632	0.000639	0.000519	0.000386
633	0.000917	0.000762	0.00063
634	0.001235	0.001031	0.000905
635	0.00148	0.001271	0.001138
636	0.001676	0.001494	0.001343
637	0.001823	0.001675	0.001513
638	0.001922	0.001815	0.001649
639	0.002076	0.001976	0.001815
640	0.002309	0.00217	0.002022
641	0.002509	0.002352	0.002207
642	0.002637	0.002506	0.002346
643	0.002766	0.00265	0.002493
644	0.002901	0.002756	0.002675
645	0.003034	0.002863	0.002844
646	0.003157	0.002983	0.00292
647	0.003278	0.003102	0.002996
648	0.003339	0.003177	0.003081
649	0.0034	0.003251	0.003165
650	0.003369	0.003206	0.003117
651	0.003333	0.003154	0.003061
652	0.003185	0.003037	0.002959
653	0.003019	0.00291	0.002848
654	0.002916	0.002795	0.002729
655	0.002833	0.002683	0.002609
656	0.002871	0.002711	0.002623
657	0.002967	0.002806	0.002702
658	0.003183	0.003023	0.002909
659	0.003482	0.003327	0.003205
660	0.003864	0.00373	0.003616
661	0.004329	0.004233	0.004141
662	0.004786	0.004695	0.004593
663	0.005229	0.0051	0.004941
664	0.005612	0.005469	0.005274
665	0.00587	0.005763	0.005574
666	0.006137	0.006037	0.005857
667	0.006425	0.006249	0.006088
668	0.006685	0.00645	0.006313
669	0.006791	0.0066	0.006507
670	0.006907	0.006754	0.006701
671	0.007132	0.006953	0.006895
672	0.007357	0.007152	0.007089
673	0.007483	0.007323	0.007263
674	0.007609	0.007495	0.007437
675	0.007793	0.007677	0.007575
676	0.007982	0.007861	0.00771
677	0.008128	0.007969	0.007839
678	0.008265	0.008062	0.007968
679	0.008371	0.008174	0.008061
680	0.008467	0.008293	0.008144
681	0.008593	0.008398	0.008282
682	0.008733	0.008497	0.008445
683	0.008867	0.008637	0.008574
684	0.008996	0.008805	0.008682
685	0.009118	0.008955	0.008802
686	0.009236	0.00909	0.008934
687	0.009321	0.009207	0.009059
688	0.009368	0.009301	0.009174
689	0.009482	0.009407	0.0093
690	0.009701	0.009531	0.009442
691	0.009899	0.009658	0.009578
692	0.010049	0.009792	0.009701
693	0.01018	0.009932	0.009815
694	0.010249	0.010094	0.009902
695	0.010319	0.010238	0.009992
696	0.010396	0.010294	0.010101
697	0.01048	0.010354	0.010212
698	0.010622	0.010452	0.010343
699	0.010764	0.010553	0.010472
700	0.01091	0.010715	0.010555
701	0.011057	0.010877	0.010638
702	0.011096	0.010956	0.010717
703	0.011132	0.011033	0.010796
704	0.011382	0.011223	0.011033
705	0.011656	0.011426	0.011287
706	0.011765	0.011538	0.011411
707	0.011841	0.011632	0.011507
708	0.011988	0.011807	0.011714
709	0.012156	0.012005	0.011953
710	0.012344	0.012172	0.012111
711	0.012539	0.012326	0.012234
712	0.012756	0.012539	0.012433
713	0.012984	0.012787	0.012674
714	0.01313	0.012931	0.012829
715	0.013214	0.013001	0.01292
716	0.013382	0.013164	0.013086
717	0.013627	0.013413	0.013321
718	0.01379	0.013555	0.013477
719	0.013856	0.013571	0.013541
720	0.013959	0.013692	0.013639
[LOG]
CHECKSUM„S