[HEADER]
Format	J&M ASCII Table
Comment	
Date	05/03/2026 17:05:53
Order	Y (evenX)
TechType	UV
NumPoints	411
FirstX	310
LastX	720
XType	nm
YType	Absorbance
ZType	s
NumSubFile	3
Matrix	Z vs X
[LOGIN]
Name=pcbob
[INSTRUMENT]
Name=TIDAS E Base UV/VI
Detector=MMS - ASPEN 97,5 kHz
Diodearray=256 Pixel
Serial#=36584
Calibrated=2011-07-01
Range=183.81-729.88 [nm] (F0)

SWVersion=v3.18.2 (build 0)[LOGIN]
Name=pcbob
[CONFIG]
ChannelName=Channel 1
ChannelType=Normalized
[PARAMETER]
It=400,00
Aver=5
Norm=3
Range=310,0-720,0 nm
Scan=Time
ScanTime=5,00 s
[TRIGGER]
Sweep=0
Scan=0
[DIO]
DigOut=0x0000
DigIn=0x0000
[DATA]
	00:00:00,000	00:00:02,000	00:00:04,000
310	0.446775	0.446346	0.445772
311	0.439552	0.439126	0.438528
312	0.432562	0.432074	0.431473
313	0.425627	0.425134	0.424563
314	0.418769	0.418349	0.417854
315	0.411997	0.411621	0.411175
316	0.405498	0.405073	0.404589
317	0.399005	0.398532	0.398013
318	0.392605	0.392106	0.391572
319	0.386204	0.385679	0.385132
320	0.379937	0.379436	0.378944
321	0.373688	0.373215	0.372788
322	0.367512	0.367031	0.3666
323	0.361367	0.360861	0.360398
324	0.355331	0.354838	0.354342
325	0.349392	0.348945	0.348414
326	0.343461	0.343027	0.342486
327	0.337546	0.337064	0.336556
328	0.331655	0.331143	0.330664
329	0.325873	0.325414	0.324945
330	0.32009	0.319686	0.319226
331	0.314528	0.314051	0.313649
332	0.308966	0.308416	0.308072
333	0.303563	0.302995	0.302639
334	0.298195	0.297619	0.297237
335	0.292919	0.292352	0.291932
336	0.287694	0.287145	0.286679
337	0.282462	0.281919	0.281456
338	0.277221	0.276672	0.276266
339	0.272092	0.271567	0.271176
340	0.267226	0.266799	0.266324
341	0.262362	0.262012	0.261472
342	0.257516	0.257085	0.256616
343	0.25267	0.252159	0.25176
344	0.24797	0.247441	0.247022
345	0.243279	0.242735	0.242291
346	0.238662	0.238162	0.237699
347	0.234066	0.233627	0.233147
348	0.229522	0.229105	0.228614
349	0.225012	0.224591	0.224091
350	0.220546	0.220103	0.219613
351	0.21614	0.21565	0.215195
352	0.211749	0.211219	0.210804
353	0.207401	0.206855	0.206493
354	0.203067	0.202518	0.202199
355	0.198915	0.198504	0.198086
356	0.194762	0.19449	0.193974
357	0.190546	0.190296	0.189764
358	0.186323	0.186084	0.185544
359	0.182213	0.181912	0.181422
360	0.178143	0.177755	0.177334
361	0.174136	0.173721	0.173329
362	0.170177	0.169783	0.16939
363	0.166231	0.165847	0.165453
364	0.162303	0.161912	0.16152
365	0.158436	0.15803	0.157647
366	0.154789	0.154342	0.153987
367	0.151145	0.150661	0.150331
368	0.14755	0.147142	0.146747
369	0.143954	0.143623	0.143163
370	0.140395	0.140015	0.139585
371	0.136842	0.136393	0.136008
372	0.133283	0.132833	0.132459
373	0.129721	0.129299	0.128921
374	0.126171	0.12576	0.125391
375	0.122632	0.122218	0.121869
376	0.119142	0.118745	0.118397
377	0.115742	0.115398	0.115013
378	0.11238	0.11207	0.111668
379	0.109177	0.108827	0.108482
380	0.105977	0.105587	0.105297
381	0.102876	0.102503	0.102147
382	0.099775	0.099419	0.098997
383	0.096689	0.096319	0.095904
384	0.093607	0.093217	0.092821
385	0.090481	0.090105	0.089702
386	0.087337	0.086989	0.086568
387	0.08436	0.084014	0.083594
388	0.08154	0.081171	0.080769
389	0.078751	0.078362	0.077985
390	0.076021	0.075616	0.075274
391	0.073289	0.072871	0.07256
392	0.070548	0.070131	0.069826
393	0.067809	0.067394	0.067094
394	0.065232	0.064867	0.064552
395	0.062655	0.06234	0.06201
396	0.060311	0.059971	0.059626
397	0.05801	0.05763	0.05727
398	0.055688	0.055319	0.054946
399	0.053358	0.053023	0.052636
400	0.050955	0.050617	0.050246
401	0.048485	0.04811	0.04778
402	0.046018	0.045648	0.045347
403	0.043558	0.043274	0.042978
404	0.041189	0.040966	0.040673
405	0.039224	0.038956	0.038649
406	0.037256	0.036945	0.036625
407	0.035149	0.034895	0.034541
408	0.033042	0.032844	0.032457
409	0.030986	0.030805	0.030363
410	0.028939	0.028768	0.028268
411	0.026806	0.026652	0.026121
412	0.024634	0.024501	0.023952
413	0.022574	0.022426	0.021925
414	0.020613	0.02042	0.020027
415	0.018613	0.018374	0.018054
416	0.016544	0.016261	0.015949
417	0.014455	0.014158	0.013844
418	0.012286	0.012098	0.011741
419	0.010132	0.010048	0.009651
420	0.008336	0.008249	0.007866
421	0.00654	0.006449	0.006082
422	0.004997	0.004853	0.004534
423	0.00349	0.003285	0.003019
424	0.001847	0.001595	0.001359
425	0.000151	-0.000144	-0.000358
426	-0.001379	-0.001672	-0.001885
427	-0.002774	-0.003031	-0.003257
428	-0.004088	-0.004305	-0.004562
429	-0.005275	-0.005449	-0.005763
430	-0.006466	-0.006614	-0.006968
431	-0.007673	-0.007848	-0.008188
432	-0.008885	-0.009086	-0.009414
433	-0.010172	-0.010373	-0.010708
434	-0.011459	-0.011661	-0.012002
435	-0.012485	-0.01265	-0.01296
436	-0.013487	-0.013612	-0.013887
437	-0.014564	-0.014718	-0.014964
438	-0.015665	-0.015871	-0.016089
439	-0.016736	-0.016967	-0.017156
440	-0.017785	-0.018026	-0.018184
441	-0.018705	-0.018954	-0.019127
442	-0.019458	-0.019714	-0.019961
443	-0.020266	-0.020515	-0.02079
444	-0.021212	-0.021421	-0.021605
445	-0.022138	-0.022309	-0.022424
446	-0.022925	-0.023082	-0.02327
447	-0.023713	-0.023855	-0.024116
448	-0.024415	-0.024547	-0.02482
449	-0.025114	-0.025236	-0.02552
450	-0.025693	-0.025813	-0.026082
451	-0.026244	-0.026364	-0.026611
452	-0.026802	-0.026959	-0.027158
453	-0.027362	-0.027578	-0.027714
454	-0.027898	-0.02809	-0.028251
455	-0.028411	-0.028499	-0.028768
456	-0.0289	-0.028941	-0.029261
457	-0.029346	-0.029444	-0.02971
458	-0.029782	-0.029928	-0.030148
459	-0.030179	-0.030325	-0.03054
460	-0.030578	-0.030723	-0.030934
461	-0.031	-0.031121	-0.031345
462	-0.031422	-0.031519	-0.031756
463	-0.031839	-0.031959	-0.032138
464	-0.032255	-0.032404	-0.032517
465	-0.032645	-0.032798	-0.032917
466	-0.033024	-0.033174	-0.033325
467	-0.033251	-0.033385	-0.033562
468	-0.033368	-0.033478	-0.033678
469	-0.033537	-0.033637	-0.03385
470	-0.033775	-0.033882	-0.034095
471	-0.034018	-0.034127	-0.034347
472	-0.034278	-0.034369	-0.034615
473	-0.034519	-0.034598	-0.03486
474	-0.034629	-0.03475	-0.034959
475	-0.034739	-0.034902	-0.035058
476	-0.03485	-0.035004	-0.035181
477	-0.034961	-0.035105	-0.035304
478	-0.035108	-0.03524	-0.035461
479	-0.035261	-0.035383	-0.035626
480	-0.035455	-0.03556	-0.035828
481	-0.035667	-0.035754	-0.036049
482	-0.035994	-0.036066	-0.036347
483	-0.036421	-0.03648	-0.036711
484	-0.036827	-0.036893	-0.037075
485	-0.0372	-0.037302	-0.037439
486	-0.03745	-0.037586	-0.037696
487	-0.037312	-0.037474	-0.037616
488	-0.037171	-0.037354	-0.037525
489	-0.037001	-0.037159	-0.037328
490	-0.036831	-0.036965	-0.03713
491	-0.036535	-0.036673	-0.036855
492	-0.036232	-0.036375	-0.036577
493	-0.036074	-0.036184	-0.036414
494	-0.03595	-0.036019	-0.036279
495	-0.035773	-0.035815	-0.036053
496	-0.035569	-0.035593	-0.03578
497	-0.035407	-0.035421	-0.035593
498	-0.035284	-0.035299	-0.035486
499	-0.035169	-0.035221	-0.035415
500	-0.035068	-0.035218	-0.035405
501	-0.034973	-0.03518	-0.035363
502	-0.034897	-0.035022	-0.035214
503	-0.034819	-0.034869	-0.035073
504	-0.03472	-0.034774	-0.035012
505	-0.034621	-0.034679	-0.034951
506	-0.034498	-0.034533	-0.034834
507	-0.034373	-0.034383	-0.034713
508	-0.034259	-0.034291	-0.034582
509	-0.034146	-0.034212	-0.034448
510	-0.034064	-0.034138	-0.034365
511	-0.033996	-0.034065	-0.034307
512	-0.033943	-0.033982	-0.034245
513	-0.033903	-0.033889	-0.03418
514	-0.033801	-0.033776	-0.034068
515	-0.033599	-0.033631	-0.03388
516	-0.033405	-0.033472	-0.033698
517	-0.03324	-0.033272	-0.033533
518	-0.03307	-0.033069	-0.033358
519	-0.032867	-0.032855	-0.033114
520	-0.032665	-0.032641	-0.032869
521	-0.03241	-0.032384	-0.03262
522	-0.032154	-0.032126	-0.032371
523	-0.031949	-0.03191	-0.03219
524	-0.031754	-0.031702	-0.032024
525	-0.031573	-0.031558	-0.031849
526	-0.031398	-0.031442	-0.031671
527	-0.031231	-0.031321	-0.031522
528	-0.03107	-0.031194	-0.031395
529	-0.030964	-0.031092	-0.03129
530	-0.030931	-0.031021	-0.031214
531	-0.030884	-0.030952	-0.031146
532	-0.030807	-0.030888	-0.031097
533	-0.03072	-0.030806	-0.031031
534	-0.030578	-0.030639	-0.030881
535	-0.030437	-0.030473	-0.030731
536	-0.030292	-0.03034	-0.03058
537	-0.030147	-0.030207	-0.030429
538	-0.02993	-0.029989	-0.030212
539	-0.029704	-0.029761	-0.029988
540	-0.029527	-0.029578	-0.029814
541	-0.029365	-0.02941	-0.029656
542	-0.029149	-0.029188	-0.029417
543	-0.028903	-0.028935	-0.029131
544	-0.02867	-0.028697	-0.02889
545	-0.028451	-0.028474	-0.028692
546	-0.028209	-0.02824	-0.028488
547	-0.02793	-0.027987	-0.028271
548	-0.027645	-0.027727	-0.028024
549	-0.027345	-0.027447	-0.027686
550	-0.027059	-0.027174	-0.027366
551	-0.026881	-0.026962	-0.027197
552	-0.026703	-0.026751	-0.027028
553	-0.026603	-0.026651	-0.026881
554	-0.026503	-0.026553	-0.026733
555	-0.026457	-0.026473	-0.026663
556	-0.026419	-0.026395	-0.026605
557	-0.026354	-0.026346	-0.026555
558	-0.026279	-0.026306	-0.026506
559	-0.026132	-0.026187	-0.026382
560	-0.025939	-0.026017	-0.026208
561	-0.025766	-0.025851	-0.026051
562	-0.025616	-0.025688	-0.025912
563	-0.025508	-0.025561	-0.025804
564	-0.025475	-0.025496	-0.025752
565	-0.02543	-0.025433	-0.025691
566	-0.025346	-0.02538	-0.025597
567	-0.025267	-0.025326	-0.025507
568	-0.025218	-0.025262	-0.025438
569	-0.02517	-0.025197	-0.025369
570	-0.025165	-0.025171	-0.025323
571	-0.025159	-0.025145	-0.025277
572	-0.025028	-0.025034	-0.025159
573	-0.024878	-0.024911	-0.025031
574	-0.024761	-0.024796	-0.024919
575	-0.024655	-0.024684	-0.024812
576	-0.024533	-0.024572	-0.024688
577	-0.024403	-0.024459	-0.024555
578	-0.024324	-0.024371	-0.024474
579	-0.024293	-0.024307	-0.024444
580	-0.024223	-0.024223	-0.024372
581	-0.024093	-0.024109	-0.024236
582	-0.023957	-0.023983	-0.024098
583	-0.023806	-0.023826	-0.023957
584	-0.023644	-0.023655	-0.023806
585	-0.023425	-0.02341	-0.023608
586	-0.023204	-0.023165	-0.023406
587	-0.022957	-0.022948	-0.023123
588	-0.022709	-0.022731	-0.022841
589	-0.022436	-0.022486	-0.022595
590	-0.022161	-0.022239	-0.022353
591	-0.021951	-0.022	-0.022127
592	-0.021755	-0.021763	-0.021905
593	-0.021528	-0.021529	-0.021659
594	-0.021287	-0.021296	-0.021403
595	-0.021001	-0.021019	-0.021125
596	-0.020683	-0.020711	-0.020832
597	-0.020378	-0.020396	-0.020535
598	-0.020085	-0.020072	-0.020235
599	-0.01981	-0.019784	-0.019959
600	-0.019565	-0.019561	-0.019724
601	-0.019314	-0.019336	-0.019487
602	-0.019048	-0.019105	-0.019241
603	-0.018782	-0.018865	-0.018992
604	-0.018526	-0.018576	-0.018726
605	-0.018266	-0.018284	-0.018457
606	-0.017925	-0.017929	-0.018109
607	-0.017585	-0.017575	-0.017761
608	-0.017396	-0.017405	-0.017577
609	-0.017219	-0.01725	-0.017405
610	-0.017085	-0.017143	-0.017278
611	-0.01696	-0.017047	-0.017162
612	-0.016828	-0.016891	-0.017014
613	-0.016692	-0.016712	-0.016854
614	-0.016562	-0.016562	-0.016718
615	-0.016437	-0.01643	-0.016598
616	-0.016242	-0.016259	-0.016413
617	-0.015978	-0.016048	-0.016164
618	-0.015791	-0.015871	-0.01598
619	-0.015718	-0.015745	-0.015894
620	-0.015605	-0.015608	-0.015784
621	-0.015397	-0.015447	-0.015618
622	-0.015178	-0.015268	-0.015427
623	-0.014913	-0.015014	-0.015126
624	-0.014662	-0.014768	-0.01484
625	-0.014538	-0.014584	-0.0147
626	-0.014414	-0.0144	-0.014559
627	-0.014134	-0.014134	-0.014274
628	-0.013853	-0.013867	-0.013987
629	-0.013552	-0.013564	-0.013673
630	-0.013247	-0.013256	-0.013356
631	-0.012963	-0.012988	-0.013094
632	-0.012684	-0.01273	-0.012847
633	-0.012406	-0.012483	-0.012574
634	-0.012127	-0.01224	-0.01229
635	-0.01187	-0.011969	-0.012048
636	-0.011628	-0.011678	-0.011836
637	-0.011463	-0.01149	-0.011679
638	-0.011374	-0.011405	-0.011578
639	-0.011191	-0.011227	-0.0114
640	-0.01087	-0.010913	-0.01111
641	-0.010603	-0.01064	-0.010852
642	-0.010452	-0.010456	-0.010663
643	-0.01031	-0.01029	-0.010491
644	-0.0102	-0.010191	-0.01038
645	-0.010096	-0.010095	-0.010275
646	-0.010031	-0.010029	-0.010208
647	-0.00997	-0.009966	-0.010146
648	-0.01	-0.010024	-0.010199
649	-0.010031	-0.010081	-0.010252
650	-0.010289	-0.010318	-0.010496
651	-0.010562	-0.010566	-0.010752
652	-0.011002	-0.011014	-0.011171
653	-0.011472	-0.011498	-0.011619
654	-0.011818	-0.011819	-0.011947
655	-0.012125	-0.012089	-0.012238
656	-0.012123	-0.0121	-0.01226
657	-0.011973	-0.011985	-0.012151
658	-0.011652	-0.011694	-0.011869
659	-0.011211	-0.011277	-0.011464
660	-0.010627	-0.010702	-0.010876
661	-0.009902	-0.009967	-0.010105
662	-0.009222	-0.009282	-0.009405
663	-0.008608	-0.008667	-0.008807
664	-0.008086	-0.008142	-0.008288
665	-0.007752	-0.007798	-0.007933
666	-0.007416	-0.007444	-0.007568
667	-0.007073	-0.007059	-0.007172
668	-0.006749	-0.00671	-0.006811
669	-0.006518	-0.006547	-0.006624
670	-0.006288	-0.006378	-0.006437
671	-0.00606	-0.006136	-0.006234
672	-0.005832	-0.005894	-0.006031
673	-0.005698	-0.00572	-0.00584
674	-0.005563	-0.005546	-0.00565
675	-0.005384	-0.005373	-0.005521
676	-0.005201	-0.005199	-0.005397
677	-0.005089	-0.005084	-0.005283
678	-0.00499	-0.004981	-0.00517
679	-0.004906	-0.004888	-0.005052
680	-0.004826	-0.004798	-0.004932
681	-0.004703	-0.004701	-0.004857
682	-0.00456	-0.0046	-0.004802
683	-0.004465	-0.004516	-0.004685
684	-0.004401	-0.004443	-0.004529
685	-0.004313	-0.004328	-0.004428
686	-0.004204	-0.004179	-0.004377
687	-0.004126	-0.004075	-0.004326
688	-0.004084	-0.004025	-0.004275
689	-0.003998	-0.003954	-0.004191
690	-0.00384	-0.003847	-0.004054
691	-0.003701	-0.003736	-0.003916
692	-0.003606	-0.003615	-0.003774
693	-0.003501	-0.003503	-0.003637
694	-0.003369	-0.003423	-0.003513
695	-0.003243	-0.003337	-0.003396
696	-0.003145	-0.003223	-0.003311
697	-0.003042	-0.003104	-0.003218
698	-0.002901	-0.002934	-0.003062
699	-0.002759	-0.002764	-0.002904
700	-0.002595	-0.002614	-0.002733
701	-0.002432	-0.002464	-0.002562
702	-0.002366	-0.002396	-0.002499
703	-0.002303	-0.002331	-0.002439
704	-0.002049	-0.002105	-0.002212
705	-0.001773	-0.001861	-0.001965
706	-0.001614	-0.001663	-0.001782
707	-0.001478	-0.001473	-0.001612
708	-0.001286	-0.001284	-0.001418
709	-0.001077	-0.001093	-0.001218
710	-0.000845	-0.000859	-0.000979
711	-0.000602	-0.000606	-0.000723
712	-0.000385	-0.000379	-0.000527
713	-0.000181	-0.000167	-0.000364
714	-0.000011	0.000017	-0.000179
715	0.000133	0.000181	0.000022
716	0.000348	0.000358	0.000219
717	0.000626	0.000548	0.000414
718	0.00082	0.00072	0.00058
719	0.000915	0.00087	0.000713
720	0.001019	0.001012	0.000852
[LOG]
CHECKSUMPý