[HEADER]
Format	J&M ASCII Table
Comment	
Date	05/03/2026 16:51:15
Order	Y (evenX)
TechType	UV
NumPoints	411
FirstX	310
LastX	720
XType	nm
YType	Absorbance
ZType	s
NumSubFile	3
Matrix	Z vs X
[LOGIN]
Name=pcbob
[INSTRUMENT]
Name=TIDAS E Base UV/VI
Detector=MMS - ASPEN 97,5 kHz
Diodearray=256 Pixel
Serial#=36584
Calibrated=2011-07-01
Range=183.81-729.88 [nm] (F0)

SWVersion=v3.18.2 (build 0)[LOGIN]
Name=pcbob
[CONFIG]
ChannelName=Channel 1
ChannelType=Normalized
[PARAMETER]
It=400,00
Aver=5
Norm=3
Range=310,0-720,0 nm
Scan=Time
ScanTime=5,00 s
[TRIGGER]
Sweep=0
Scan=0
[DIO]
DigOut=0x0000
DigIn=0x0000
[DATA]
	00:00:00,000	00:00:02,000	00:00:04,000
310	0.490614	0.490127	0.489685
311	0.482655	0.482165	0.481682
312	0.474692	0.474235	0.473716
313	0.466917	0.466497	0.465963
314	0.459401	0.459024	0.458506
315	0.451948	0.451591	0.451098
316	0.444691	0.444285	0.443849
317	0.437447	0.436998	0.436612
318	0.430412	0.430008	0.429556
319	0.423377	0.423017	0.422499
320	0.416496	0.416073	0.41562
321	0.409635	0.409135	0.408763
322	0.402818	0.402344	0.40199
323	0.396019	0.395614	0.395251
324	0.389391	0.389016	0.388603
325	0.382915	0.382535	0.382037
326	0.376482	0.376071	0.375544
327	0.370132	0.369638	0.369186
328	0.363789	0.363238	0.362842
329	0.357483	0.356997	0.356565
330	0.351177	0.350756	0.350288
331	0.344992	0.344581	0.344167
332	0.338807	0.338405	0.338046
333	0.332901	0.332533	0.332163
334	0.327056	0.326726	0.326331
335	0.32138	0.321007	0.320579
336	0.315795	0.315334	0.31487
337	0.310222	0.309727	0.309249
338	0.304663	0.304192	0.303728
339	0.29913	0.298678	0.298209
340	0.293657	0.293214	0.292694
341	0.288199	0.287769	0.287213
342	0.282839	0.282451	0.281979
343	0.27748	0.277134	0.276744
344	0.272424	0.27207	0.271627
345	0.267385	0.267021	0.266517
346	0.262392	0.262043	0.26156
347	0.257412	0.257086	0.256648
348	0.252491	0.252131	0.251726
349	0.24761	0.247179	0.246798
350	0.242769	0.242287	0.241927
351	0.237982	0.237473	0.237135
352	0.233199	0.232701	0.23237
353	0.22843	0.228052	0.227688
354	0.223684	0.223408	0.223015
355	0.219204	0.218833	0.218455
356	0.214725	0.214258	0.213895
357	0.210144	0.209763	0.209357
358	0.205552	0.205277	0.204821
359	0.201127	0.200844	0.200377
360	0.196762	0.19643	0.195967
361	0.192402	0.192043	0.19161
362	0.188047	0.187678	0.187295
363	0.183709	0.183348	0.182972
364	0.179401	0.179073	0.178638
365	0.17516	0.174837	0.174381
366	0.171168	0.170742	0.170407
367	0.167183	0.166662	0.166441
368	0.163331	0.162938	0.16268
369	0.15948	0.159214	0.158918
370	0.155554	0.155283	0.154923
371	0.151618	0.151321	0.150894
372	0.14778	0.147435	0.147066
373	0.143983	0.14358	0.143323
374	0.140172	0.139779	0.139551
375	0.13635	0.136025	0.135753
376	0.132621	0.132329	0.132016
377	0.129055	0.128736	0.128386
378	0.12551	0.12517	0.124791
379	0.122053	0.121714	0.121338
380	0.118598	0.11826	0.117888
381	0.115252	0.114905	0.114546
382	0.111907	0.11155	0.111203
383	0.108606	0.108264	0.107917
384	0.105314	0.104989	0.104641
385	0.102053	0.101745	0.1014
386	0.098806	0.098514	0.098176
387	0.095711	0.095423	0.095088
388	0.092758	0.092461	0.092127
389	0.089877	0.089568	0.089244
390	0.087129	0.086803	0.086505
391	0.084349	0.084017	0.083726
392	0.08142	0.08113	0.080765
393	0.078495	0.078246	0.077809
394	0.075884	0.075627	0.075228
395	0.073273	0.073007	0.072646
396	0.070825	0.070577	0.07022
397	0.068407	0.068181	0.067822
398	0.066009	0.065788	0.065481
399	0.063621	0.063394	0.063168
400	0.061182	0.060938	0.06074
401	0.058694	0.058423	0.058204
402	0.056225	0.055945	0.055715
403	0.05379	0.053535	0.053315
404	0.051435	0.051197	0.050984
405	0.049441	0.049179	0.048962
406	0.047446	0.047161	0.046942
407	0.045421	0.045105	0.044965
408	0.043397	0.04305	0.042988
409	0.04132	0.041013	0.040906
410	0.039233	0.03898	0.038807
411	0.037104	0.036882	0.036667
412	0.034957	0.034756	0.03451
413	0.032929	0.032763	0.032493
414	0.031008	0.030889	0.030602
415	0.029077	0.02898	0.028692
416	0.027128	0.027009	0.026749
417	0.025184	0.025051	0.024808
418	0.023257	0.023138	0.022875
419	0.02134	0.021234	0.020951
420	0.019674	0.019547	0.019265
421	0.018008	0.01786	0.017579
422	0.016485	0.016289	0.016083
423	0.014983	0.014734	0.014614
424	0.01341	0.013191	0.013083
425	0.01181	0.011653	0.011526
426	0.010397	0.010268	0.010136
427	0.009137	0.009006	0.008881
428	0.007966	0.007835	0.007729
429	0.006933	0.006803	0.006735
430	0.005879	0.00577	0.005707
431	0.004758	0.004728	0.004566
432	0.003638	0.003681	0.003425
433	0.002528	0.002563	0.002294
434	0.001417	0.001444	0.001162
435	0.000479	0.000415	0.000224
436	-0.000443	-0.000605	-0.000697
437	-0.001441	-0.001604	-0.001661
438	-0.002463	-0.002595	-0.00264
439	-0.003402	-0.003506	-0.003574
440	-0.004285	-0.004364	-0.004479
441	-0.005084	-0.005163	-0.005296
442	-0.005778	-0.005887	-0.005999
443	-0.006499	-0.006621	-0.006724
444	-0.007288	-0.007385	-0.0075
445	-0.008065	-0.008136	-0.008265
446	-0.008754	-0.008806	-0.008947
447	-0.009444	-0.009475	-0.00963
448	-0.010085	-0.01009	-0.010248
449	-0.010724	-0.010703	-0.010865
450	-0.011252	-0.011258	-0.011427
451	-0.011755	-0.011801	-0.011977
452	-0.012289	-0.012341	-0.012514
453	-0.01284	-0.01288	-0.013045
454	-0.013373	-0.01341	-0.013544
455	-0.013888	-0.01393	-0.014013
456	-0.01434	-0.014387	-0.014434
457	-0.014674	-0.014727	-0.014763
458	-0.015008	-0.015062	-0.015106
459	-0.015343	-0.015384	-0.015504
460	-0.015681	-0.015711	-0.0159
461	-0.016098	-0.016173	-0.016276
462	-0.016516	-0.016634	-0.016652
463	-0.016894	-0.017009	-0.017011
464	-0.017268	-0.017374	-0.017367
465	-0.017568	-0.017688	-0.017702
466	-0.017841	-0.017984	-0.018028
467	-0.018026	-0.018169	-0.018216
468	-0.018148	-0.018275	-0.018306
469	-0.018325	-0.018442	-0.018456
470	-0.018574	-0.018691	-0.018686
471	-0.018796	-0.018897	-0.018892
472	-0.018953	-0.018994	-0.019038
473	-0.019104	-0.019095	-0.019183
474	-0.019223	-0.019218	-0.019318
475	-0.019342	-0.019342	-0.019453
476	-0.019447	-0.019465	-0.01955
477	-0.019552	-0.019589	-0.019647
478	-0.019678	-0.019738	-0.019826
479	-0.019807	-0.019892	-0.020021
480	-0.020003	-0.02006	-0.020185
481	-0.020229	-0.020234	-0.020335
482	-0.020477	-0.020471	-0.020546
483	-0.020746	-0.020762	-0.02081
484	-0.021057	-0.021086	-0.021128
485	-0.021436	-0.02146	-0.021531
486	-0.021699	-0.021717	-0.021807
487	-0.021599	-0.021605	-0.021685
488	-0.021492	-0.02149	-0.02156
489	-0.021319	-0.021345	-0.021411
490	-0.021145	-0.0212	-0.021262
491	-0.020918	-0.020965	-0.021041
492	-0.020687	-0.020724	-0.020815
493	-0.020543	-0.020551	-0.02065
494	-0.02042	-0.020395	-0.0205
495	-0.020257	-0.020212	-0.020305
496	-0.020073	-0.020013	-0.020085
497	-0.019954	-0.01988	-0.019939
498	-0.019896	-0.019808	-0.019862
499	-0.019817	-0.019725	-0.019793
500	-0.019703	-0.019625	-0.019738
501	-0.019584	-0.019531	-0.019673
502	-0.019452	-0.019455	-0.019574
503	-0.019328	-0.019383	-0.019476
504	-0.01929	-0.019341	-0.019388
505	-0.019252	-0.019298	-0.019301
506	-0.019146	-0.019158	-0.01919
507	-0.019036	-0.019013	-0.019077
508	-0.018966	-0.018919	-0.018978
509	-0.018905	-0.018837	-0.018882
510	-0.018834	-0.018787	-0.018843
511	-0.018757	-0.018752	-0.018834
512	-0.018691	-0.018707	-0.018805
513	-0.018633	-0.018652	-0.018759
514	-0.018583	-0.018578	-0.018693
515	-0.018541	-0.018475	-0.018594
516	-0.01847	-0.018368	-0.018478
517	-0.018306	-0.018248	-0.018308
518	-0.018144	-0.018125	-0.01814
519	-0.017988	-0.017976	-0.017994
520	-0.017833	-0.017828	-0.017847
521	-0.017692	-0.017656	-0.017669
522	-0.017552	-0.017484	-0.01749
523	-0.01736	-0.017306	-0.017316
524	-0.017158	-0.017127	-0.017144
525	-0.017031	-0.017048	-0.017077
526	-0.016937	-0.017013	-0.017056
527	-0.01689	-0.016959	-0.016983
528	-0.01688	-0.01689	-0.016871
529	-0.016846	-0.016848	-0.016796
530	-0.01678	-0.016845	-0.01677
531	-0.016739	-0.016821	-0.016753
532	-0.01676	-0.016747	-0.016757
533	-0.016759	-0.016673	-0.016742
534	-0.016642	-0.016602	-0.016633
535	-0.016524	-0.016528	-0.016525
536	-0.016404	-0.016378	-0.016446
537	-0.016284	-0.016228	-0.016366
538	-0.016109	-0.016063	-0.016161
539	-0.015927	-0.015896	-0.01594
540	-0.015795	-0.015779	-0.01581
541	-0.015679	-0.015678	-0.015708
542	-0.015543	-0.015528	-0.015548
543	-0.015396	-0.015351	-0.015354
544	-0.015236	-0.015194	-0.015186
545	-0.015064	-0.015058	-0.015042
546	-0.014883	-0.014904	-0.014876
547	-0.014686	-0.014719	-0.014671
548	-0.014504	-0.014535	-0.014487
549	-0.014369	-0.014355	-0.014368
550	-0.01423	-0.014182	-0.014246
551	-0.014065	-0.014056	-0.014106
552	-0.013899	-0.013931	-0.013967
553	-0.013765	-0.01383	-0.013833
554	-0.013632	-0.01373	-0.013699
555	-0.013624	-0.013672	-0.013679
556	-0.013636	-0.013621	-0.013678
557	-0.013649	-0.013618	-0.013675
558	-0.013664	-0.013633	-0.013671
559	-0.013581	-0.013564	-0.013589
560	-0.013437	-0.013441	-0.013457
561	-0.013307	-0.013315	-0.013328
562	-0.013191	-0.013186	-0.013202
563	-0.013106	-0.013084	-0.013098
564	-0.013072	-0.013033	-0.013033
565	-0.013025	-0.012976	-0.012975
566	-0.012936	-0.0129	-0.012938
567	-0.012859	-0.012836	-0.012902
568	-0.01288	-0.01286	-0.012866
569	-0.0129	-0.012885	-0.012829
570	-0.01284	-0.012833	-0.012804
571	-0.012779	-0.012781	-0.012778
572	-0.012689	-0.0127	-0.012715
573	-0.012594	-0.012614	-0.012647
574	-0.012507	-0.012513	-0.012559
575	-0.012421	-0.012408	-0.012463
576	-0.012343	-0.012314	-0.01237
577	-0.012269	-0.012227	-0.012278
578	-0.012206	-0.012164	-0.01221
579	-0.012155	-0.012124	-0.012165
580	-0.012089	-0.012053	-0.012097
581	-0.012001	-0.011935	-0.011993
582	-0.011912	-0.011837	-0.011896
583	-0.011821	-0.011793	-0.011815
584	-0.011721	-0.011735	-0.011727
585	-0.01157	-0.011596	-0.011602
586	-0.011417	-0.011453	-0.011474
587	-0.011206	-0.011227	-0.011285
588	-0.010995	-0.011001	-0.011096
589	-0.01083	-0.010828	-0.01088
590	-0.010669	-0.01066	-0.010661
591	-0.010527	-0.010499	-0.010518
592	-0.01039	-0.01034	-0.010392
593	-0.010183	-0.010156	-0.010194
594	-0.009945	-0.009963	-0.009965
595	-0.009713	-0.009742	-0.009725
596	-0.009486	-0.009503	-0.009478
597	-0.009235	-0.009251	-0.009225
598	-0.008956	-0.008985	-0.008964
599	-0.008728	-0.008757	-0.008737
600	-0.008586	-0.008594	-0.00857
601	-0.008436	-0.00842	-0.008402
602	-0.008257	-0.00821	-0.008227
603	-0.008072	-0.008	-0.008044
604	-0.007846	-0.007787	-0.007814
605	-0.007619	-0.007571	-0.007583
606	-0.007361	-0.007315	-0.007329
607	-0.007104	-0.007058	-0.007075
608	-0.006967	-0.006937	-0.006955
609	-0.006838	-0.006826	-0.006844
610	-0.006736	-0.006739	-0.006732
611	-0.006639	-0.006656	-0.006619
612	-0.00652	-0.006546	-0.006509
613	-0.006392	-0.006424	-0.006401
614	-0.006334	-0.006346	-0.006323
615	-0.006321	-0.006295	-0.006265
616	-0.006215	-0.00619	-0.006165
617	-0.006017	-0.006033	-0.006021
618	-0.005859	-0.005888	-0.005891
619	-0.005759	-0.005761	-0.005781
620	-0.00566	-0.005627	-0.005668
621	-0.00556	-0.005476	-0.00555
622	-0.005439	-0.005319	-0.00541
623	-0.005225	-0.005136	-0.005181
624	-0.005022	-0.004961	-0.004964
625	-0.004914	-0.004864	-0.004866
626	-0.004806	-0.004768	-0.004768
627	-0.004517	-0.004488	-0.004508
628	-0.004228	-0.004207	-0.004248
629	-0.004007	-0.003979	-0.003986
630	-0.003795	-0.003757	-0.003725
631	-0.003615	-0.003598	-0.003553
632	-0.003445	-0.003456	-0.003405
633	-0.003226	-0.003217	-0.003213
634	-0.002986	-0.002935	-0.003003
635	-0.0028	-0.002723	-0.002821
636	-0.00265	-0.002559	-0.002657
637	-0.002504	-0.002425	-0.002506
638	-0.002362	-0.002321	-0.002368
639	-0.002188	-0.002157	-0.002179
640	-0.001968	-0.001905	-0.001917
641	-0.001793	-0.001717	-0.001729
642	-0.001718	-0.00167	-0.001705
643	-0.00164	-0.001614	-0.001658
644	-0.001552	-0.00153	-0.001526
645	-0.001468	-0.001453	-0.001404
646	-0.001414	-0.001433	-0.001358
647	-0.001362	-0.001411	-0.001311
648	-0.001319	-0.00134	-0.001278
649	-0.001276	-0.001269	-0.001245
650	-0.001492	-0.001444	-0.001463
651	-0.001724	-0.001634	-0.001695
652	-0.001957	-0.001897	-0.001924
653	-0.00219	-0.002173	-0.002151
654	-0.00236	-0.002347	-0.002323
655	-0.002511	-0.00249	-0.002479
656	-0.002522	-0.002522	-0.002533
657	-0.002466	-0.002501	-0.002537
658	-0.002279	-0.002305	-0.002349
659	-0.002	-0.001985	-0.002026
660	-0.00162	-0.001574	-0.001613
661	-0.001138	-0.001072	-0.001113
662	-0.000671	-0.000619	-0.000641
663	-0.000225	-0.000235	-0.00021
664	0.000193	0.000139	0.000202
665	0.000554	0.000491	0.000574
666	0.000884	0.00082	0.000914
667	0.001119	0.001075	0.001149
668	0.001329	0.001312	0.001363
669	0.001412	0.001449	0.001468
670	0.001504	0.00159	0.00158
671	0.001692	0.001761	0.001764
672	0.001881	0.001932	0.001948
673	0.002031	0.00204	0.002028
674	0.002181	0.002148	0.002109
675	0.002326	0.00232	0.002296
676	0.002471	0.002497	0.002494
677	0.002587	0.002595	0.002607
678	0.002697	0.002678	0.002706
679	0.002717	0.002743	0.002734
680	0.002709	0.002804	0.002741
681	0.002755	0.002856	0.00282
682	0.002825	0.002903	0.002932
683	0.002903	0.002966	0.003017
684	0.002984	0.003037	0.003086
685	0.003062	0.003106	0.003132
686	0.003137	0.003173	0.003158
687	0.00322	0.003249	0.003204
688	0.003313	0.003334	0.003273
689	0.003411	0.003439	0.003365
690	0.003517	0.003577	0.003492
691	0.003616	0.00369	0.003611
692	0.003696	0.003747	0.00371
693	0.003772	0.003801	0.003795
694	0.003834	0.003843	0.003838
695	0.003898	0.003896	0.00389
696	0.003979	0.003992	0.003984
697	0.004063	0.004088	0.00408
698	0.004168	0.004175	0.004196
699	0.004271	0.004263	0.004312
700	0.004299	0.00439	0.004423
701	0.004328	0.004518	0.004535
702	0.004392	0.004555	0.00454
703	0.004458	0.004589	0.004542
704	0.004675	0.00476	0.00471
705	0.00491	0.004946	0.004896
706	0.005022	0.005055	0.005038
707	0.00511	0.005147	0.005172
708	0.005244	0.005302	0.005308
709	0.005392	0.005474	0.005446
710	0.005551	0.00566	0.00562
711	0.005714	0.00585	0.005811
712	0.005892	0.005994	0.005987
713	0.006078	0.006113	0.006154
714	0.006211	0.006216	0.006269
715	0.006303	0.006309	0.006346
716	0.006462	0.006466	0.006483
717	0.006681	0.006682	0.006677
718	0.006818	0.006825	0.00682
719	0.006857	0.006882	0.006902
720	0.006923	0.00697	0.006996
[LOG]
CHECKSUMW'