[HEADER]
Format	J&M ASCII Table
Comment	
Date	05/03/2026 16:56:56
Order	Y (evenX)
TechType	UV
NumPoints	411
FirstX	310
LastX	720
XType	nm
YType	Absorbance
ZType	s
NumSubFile	3
Matrix	Z vs X
[LOGIN]
Name=pcbob
[INSTRUMENT]
Name=TIDAS E Base UV/VI
Detector=MMS - ASPEN 97,5 kHz
Diodearray=256 Pixel
Serial#=36584
Calibrated=2011-07-01
Range=183.81-729.88 [nm] (F0)

SWVersion=v3.18.2 (build 0)[LOGIN]
Name=pcbob
[CONFIG]
ChannelName=Channel 1
ChannelType=Normalized
[PARAMETER]
It=400,00
Aver=5
Norm=3
Range=310,0-720,0 nm
Scan=Time
ScanTime=5,00 s
[TRIGGER]
Sweep=0
Scan=0
[DIO]
DigOut=0x0000
DigIn=0x0000
[DATA]
	00:00:00,000	00:00:02,000	00:00:04,000
310	0.596328	0.59594	0.595314
311	0.587361	0.586913	0.586287
312	0.578568	0.578035	0.577413
313	0.569858	0.569274	0.56868
314	0.561262	0.560675	0.560143
315	0.55272	0.552149	0.551664
316	0.544347	0.543848	0.543366
317	0.535984	0.535554	0.535073
318	0.527776	0.527369	0.526859
319	0.519567	0.519183	0.518646
320	0.511535	0.511151	0.510634
321	0.503525	0.503139	0.502648
322	0.495619	0.495165	0.494713
323	0.487756	0.487206	0.486799
324	0.480023	0.479447	0.479041
325	0.472407	0.471864	0.47142
326	0.464857	0.464331	0.463868
327	0.457427	0.45689	0.456442
328	0.450011	0.449468	0.449038
329	0.442661	0.44213	0.441741
330	0.435311	0.434792	0.434443
331	0.427942	0.427455	0.427065
332	0.420572	0.420118	0.419686
333	0.413695	0.413236	0.412776
334	0.406923	0.406451	0.405966
335	0.40017	0.399745	0.39927
336	0.393426	0.393081	0.392635
337	0.38675	0.386429	0.385999
338	0.380149	0.379789	0.379361
339	0.373614	0.373215	0.372784
340	0.367233	0.366798	0.366349
341	0.360871	0.360405	0.359934
342	0.354656	0.354181	0.353671
343	0.348441	0.347957	0.347407
344	0.342514	0.341998	0.341443
345	0.336604	0.336053	0.335496
346	0.33064	0.330153	0.329673
347	0.324662	0.324265	0.323886
348	0.318879	0.318479	0.318126
349	0.313228	0.31276	0.312385
350	0.307525	0.307068	0.306658
351	0.30175	0.301414	0.300951
352	0.296015	0.295768	0.29527
353	0.2904	0.290151	0.289666
354	0.284807	0.284548	0.284078
355	0.279475	0.279119	0.27869
356	0.274143	0.273691	0.273301
357	0.268812	0.268301	0.267947
358	0.263482	0.262914	0.262596
359	0.258239	0.257691	0.257362
360	0.253028	0.252527	0.252172
361	0.247927	0.247467	0.247111
362	0.242913	0.24249	0.242153
363	0.237912	0.237523	0.23717
364	0.232934	0.232573	0.232148
365	0.228011	0.227663	0.227193
366	0.223285	0.222897	0.222479
367	0.218567	0.218139	0.217774
368	0.214	0.213571	0.21324
369	0.209434	0.209003	0.208705
370	0.204874	0.20443	0.204097
371	0.200316	0.199855	0.199479
372	0.195802	0.195384	0.194952
373	0.191306	0.190958	0.190462
374	0.186865	0.186546	0.186061
375	0.182472	0.182149	0.181736
376	0.178094	0.177789	0.17741
377	0.17374	0.173494	0.173078
378	0.169439	0.169224	0.168795
379	0.165357	0.165056	0.164716
380	0.161278	0.160894	0.160641
381	0.157334	0.157017	0.156755
382	0.153391	0.15314	0.152869
383	0.14952	0.149269	0.148971
384	0.145662	0.145398	0.14507
385	0.141815	0.14153	0.141224
386	0.137973	0.137662	0.137402
387	0.134283	0.133958	0.133712
388	0.130736	0.130408	0.130147
389	0.127215	0.12691	0.126639
390	0.123744	0.123513	0.12324
391	0.120256	0.120076	0.119806
392	0.116691	0.116462	0.116214
393	0.113131	0.112855	0.112628
394	0.109995	0.109723	0.109497
395	0.106859	0.10659	0.106366
396	0.103815	0.103566	0.103395
397	0.100788	0.100561	0.100453
398	0.097837	0.097594	0.097513
399	0.09492	0.094645	0.094573
400	0.092014	0.09172	0.091631
401	0.089118	0.088819	0.088688
402	0.086212	0.085927	0.085741
403	0.083287	0.08305	0.082787
404	0.080422	0.080221	0.079904
405	0.077832	0.077606	0.077338
406	0.075242	0.074992	0.074772
407	0.072681	0.072455	0.072242
408	0.070121	0.069919	0.069712
409	0.067576	0.06741	0.067235
410	0.065033	0.064907	0.064766
411	0.062336	0.062251	0.06212
412	0.05957	0.059528	0.059394
413	0.056968	0.05697	0.056817
414	0.054513	0.054563	0.054374
415	0.051982	0.052054	0.051845
416	0.049318	0.049366	0.049166
417	0.046694	0.046725	0.046529
418	0.044234	0.044273	0.044064
419	0.04179	0.041837	0.041618
420	0.039777	0.039789	0.039621
421	0.037764	0.037742	0.037624
422	0.035742	0.035749	0.035624
423	0.033718	0.033764	0.033624
424	0.031688	0.031746	0.031627
425	0.029654	0.029714	0.029631
426	0.027792	0.027859	0.027796
427	0.026067	0.026144	0.026091
428	0.024442	0.02454	0.024481
429	0.022972	0.023106	0.023019
430	0.021485	0.021645	0.021541
431	0.019941	0.020094	0.020015
432	0.018397	0.018547	0.018492
433	0.016851	0.017043	0.017012
434	0.015306	0.015539	0.015532
435	0.013999	0.014198	0.014202
436	0.012714	0.012873	0.012887
437	0.011333	0.011482	0.011473
438	0.009922	0.01007	0.010027
439	0.008623	0.008785	0.008718
440	0.007401	0.007587	0.0075
441	0.006255	0.006427	0.006386
442	0.005205	0.005317	0.005405
443	0.004141	0.004234	0.004387
444	0.003041	0.00322	0.003277
445	0.001954	0.002208	0.00219
446	0.000962	0.00121	0.001259
447	-0.000031	0.000212	0.000329
448	-0.000935	-0.000688	-0.000588
449	-0.001837	-0.001584	-0.001505
450	-0.002656	-0.002393	-0.002331
451	-0.003456	-0.003181	-0.003136
452	-0.004235	-0.00397	-0.00394
453	-0.005005	-0.004759	-0.004743
454	-0.005752	-0.005525	-0.005528
455	-0.006476	-0.006269	-0.006296
456	-0.007183	-0.006968	-0.007
457	-0.00786	-0.007585	-0.007585
458	-0.008515	-0.008192	-0.008174
459	-0.00908	-0.008763	-0.00878
460	-0.009647	-0.009336	-0.009384
461	-0.010249	-0.009959	-0.009967
462	-0.010851	-0.010582	-0.010549
463	-0.011466	-0.011157	-0.011142
464	-0.012082	-0.011726	-0.011736
465	-0.012616	-0.012247	-0.012246
466	-0.013121	-0.01275	-0.012726
467	-0.013509	-0.013131	-0.013102
468	-0.013813	-0.013423	-0.013404
469	-0.014149	-0.013742	-0.013729
470	-0.014527	-0.014094	-0.014084
471	-0.014904	-0.014453	-0.014435
472	-0.015277	-0.014829	-0.014779
473	-0.015639	-0.0152	-0.015122
474	-0.015923	-0.015539	-0.015456
475	-0.016208	-0.015878	-0.01579
476	-0.01645	-0.016137	-0.016019
477	-0.016692	-0.016394	-0.016246
478	-0.016977	-0.01664	-0.016506
479	-0.01727	-0.016883	-0.016772
480	-0.017565	-0.017183	-0.017097
481	-0.01786	-0.01751	-0.01745
482	-0.018246	-0.017928	-0.017864
483	-0.018712	-0.018426	-0.018333
484	-0.019187	-0.018911	-0.018803
485	-0.019676	-0.019377	-0.019275
486	-0.020045	-0.019724	-0.019629
487	-0.020037	-0.019696	-0.019614
488	-0.02003	-0.019663	-0.019598
489	-0.020037	-0.019582	-0.019572
490	-0.020044	-0.019501	-0.019546
491	-0.019904	-0.01943	-0.019425
492	-0.019757	-0.019359	-0.0193
493	-0.019706	-0.019289	-0.019233
494	-0.019679	-0.019218	-0.019181
495	-0.019568	-0.019099	-0.019049
496	-0.019416	-0.018954	-0.018875
497	-0.019375	-0.018901	-0.018823
498	-0.01944	-0.018936	-0.018887
499	-0.019466	-0.018954	-0.018914
500	-0.019426	-0.018941	-0.018878
501	-0.019388	-0.018924	-0.018842
502	-0.019358	-0.018889	-0.018805
503	-0.019332	-0.018857	-0.018769
504	-0.019341	-0.018851	-0.018742
505	-0.019351	-0.018845	-0.018714
506	-0.019332	-0.018813	-0.018688
507	-0.019311	-0.018779	-0.018662
508	-0.019297	-0.018743	-0.018631
509	-0.019284	-0.018707	-0.0186
510	-0.01929	-0.018716	-0.01861
511	-0.019307	-0.018749	-0.018641
512	-0.019345	-0.018795	-0.018685
513	-0.019402	-0.018853	-0.018741
514	-0.019414	-0.018876	-0.01875
515	-0.019353	-0.018843	-0.018683
516	-0.019287	-0.018793	-0.018613
517	-0.019208	-0.018691	-0.018534
518	-0.019129	-0.018594	-0.018456
519	-0.019058	-0.018534	-0.018392
520	-0.018987	-0.018475	-0.018328
521	-0.018779	-0.0183	-0.018129
522	-0.018566	-0.018121	-0.017924
523	-0.018454	-0.01799	-0.017817
524	-0.018362	-0.01787	-0.017728
525	-0.01831	-0.01779	-0.017661
526	-0.018276	-0.017727	-0.017604
527	-0.018244	-0.017692	-0.017576
528	-0.018215	-0.017678	-0.017572
529	-0.018197	-0.017679	-0.017564
530	-0.018196	-0.017698	-0.017551
531	-0.018202	-0.017723	-0.017551
532	-0.018223	-0.017761	-0.017586
533	-0.01824	-0.017785	-0.017611
534	-0.01823	-0.017731	-0.017584
535	-0.018218	-0.017676	-0.017556
536	-0.018127	-0.017596	-0.017469
537	-0.018037	-0.017516	-0.017382
538	-0.017929	-0.017422	-0.017261
539	-0.017818	-0.017326	-0.017137
540	-0.017669	-0.017201	-0.017019
541	-0.017508	-0.017066	-0.016903
542	-0.017352	-0.016887	-0.016756
543	-0.017199	-0.016681	-0.016591
544	-0.017051	-0.016535	-0.016428
545	-0.016907	-0.016449	-0.016265
546	-0.016759	-0.016339	-0.016103
547	-0.016603	-0.016188	-0.015942
548	-0.01645	-0.016029	-0.015787
549	-0.016306	-0.015846	-0.015649
550	-0.016158	-0.015665	-0.015511
551	-0.015981	-0.015501	-0.015368
552	-0.015804	-0.015338	-0.015225
553	-0.015751	-0.015306	-0.015165
554	-0.015698	-0.015277	-0.015107
555	-0.01573	-0.015263	-0.015077
556	-0.015775	-0.015251	-0.015053
557	-0.015806	-0.015281	-0.015091
558	-0.015832	-0.015326	-0.015152
559	-0.015789	-0.015283	-0.015135
560	-0.015704	-0.015185	-0.015068
561	-0.015602	-0.015086	-0.014979
562	-0.015482	-0.014986	-0.014867
563	-0.015396	-0.014934	-0.014796
564	-0.015369	-0.014968	-0.014801
565	-0.015343	-0.014976	-0.014795
566	-0.015323	-0.014902	-0.014757
567	-0.015303	-0.014834	-0.014721
568	-0.015275	-0.014819	-0.014701
569	-0.015247	-0.014804	-0.01468
570	-0.015264	-0.014836	-0.014719
571	-0.015282	-0.014869	-0.014759
572	-0.015202	-0.014793	-0.014676
573	-0.015108	-0.0147	-0.014575
574	-0.015045	-0.01464	-0.014522
575	-0.014992	-0.01459	-0.014485
576	-0.014907	-0.014533	-0.014416
577	-0.014803	-0.014471	-0.014328
578	-0.014748	-0.014419	-0.01428
579	-0.01474	-0.014376	-0.014268
580	-0.014698	-0.014321	-0.014232
581	-0.014605	-0.01425	-0.014159
582	-0.014523	-0.014186	-0.014092
583	-0.014475	-0.014137	-0.014042
584	-0.014416	-0.014077	-0.013978
585	-0.014304	-0.01395	-0.013841
586	-0.014189	-0.01382	-0.013701
587	-0.013994	-0.013634	-0.013508
588	-0.013798	-0.013449	-0.013315
589	-0.013658	-0.013293	-0.013183
590	-0.013521	-0.013139	-0.013055
591	-0.013386	-0.013003	-0.0129
592	-0.013251	-0.01287	-0.012739
593	-0.013104	-0.012696	-0.012574
594	-0.012952	-0.012503	-0.012407
595	-0.012738	-0.012267	-0.012172
596	-0.012481	-0.012	-0.01189
597	-0.012214	-0.011731	-0.011616
598	-0.011938	-0.011461	-0.011351
599	-0.011691	-0.011224	-0.011125
600	-0.011496	-0.011046	-0.010965
601	-0.011302	-0.010866	-0.010798
602	-0.011115	-0.01068	-0.010607
603	-0.010919	-0.010487	-0.010409
604	-0.010674	-0.010251	-0.010175
605	-0.010426	-0.010012	-0.009937
606	-0.01012	-0.00969	-0.00962
607	-0.009815	-0.009369	-0.009303
608	-0.009693	-0.009242	-0.009161
609	-0.009586	-0.00913	-0.009033
610	-0.009495	-0.009077	-0.008939
611	-0.009409	-0.009038	-0.008852
612	-0.009332	-0.008951	-0.008763
613	-0.009259	-0.008846	-0.008673
614	-0.009229	-0.008775	-0.008626
615	-0.009227	-0.008726	-0.008607
616	-0.009127	-0.00862	-0.008508
617	-0.00893	-0.00846	-0.00833
618	-0.008769	-0.008321	-0.008193
619	-0.008661	-0.008213	-0.008116
620	-0.008563	-0.008111	-0.008032
621	-0.008491	-0.008021	-0.007935
622	-0.008393	-0.007911	-0.007822
623	-0.008185	-0.00772	-0.007645
624	-0.007988	-0.007534	-0.00747
625	-0.007891	-0.007401	-0.007308
626	-0.007794	-0.007267	-0.007147
627	-0.007477	-0.007008	-0.006844
628	-0.007158	-0.006748	-0.00654
629	-0.006921	-0.006511	-0.006341
630	-0.006693	-0.006277	-0.006155
631	-0.006522	-0.006065	-0.005952
632	-0.006366	-0.005859	-0.005745
633	-0.006118	-0.005622	-0.005506
634	-0.005829	-0.005372	-0.005252
635	-0.005627	-0.005164	-0.005035
636	-0.005483	-0.004986	-0.004843
637	-0.005333	-0.004828	-0.004676
638	-0.005177	-0.00469	-0.004533
639	-0.005	-0.004519	-0.004369
640	-0.004793	-0.004301	-0.004177
641	-0.004609	-0.004125	-0.004008
642	-0.004479	-0.004043	-0.00389
643	-0.00437	-0.00396	-0.003785
644	-0.004334	-0.003879	-0.003722
645	-0.004301	-0.003804	-0.003661
646	-0.004281	-0.003768	-0.003617
647	-0.004262	-0.003736	-0.003575
648	-0.004251	-0.00377	-0.003589
649	-0.00424	-0.003805	-0.003602
650	-0.004457	-0.004062	-0.003879
651	-0.004688	-0.004333	-0.004172
652	-0.005044	-0.004707	-0.004568
653	-0.005422	-0.005099	-0.004983
654	-0.005668	-0.005378	-0.00527
655	-0.005874	-0.005621	-0.005516
656	-0.005921	-0.005669	-0.005573
657	-0.005891	-0.005624	-0.005538
658	-0.005676	-0.005368	-0.00532
659	-0.005332	-0.004964	-0.004974
660	-0.004886	-0.004469	-0.004472
661	-0.004338	-0.003884	-0.003816
662	-0.003801	-0.003327	-0.0032
663	-0.00328	-0.002808	-0.002642
664	-0.002818	-0.002365	-0.002169
665	-0.002479	-0.002074	-0.001872
666	-0.002165	-0.001778	-0.001576
667	-0.001928	-0.001469	-0.001286
668	-0.001694	-0.001186	-0.001016
669	-0.001473	-0.00104	-0.000849
670	-0.001256	-0.000891	-0.000682
671	-0.001102	-0.000711	-0.000511
672	-0.000948	-0.000531	-0.00034
673	-0.000865	-0.00034	-0.000231
674	-0.000783	-0.00015	-0.000123
675	-0.00059	-0.000011	0.000026
676	-0.000387	0.000124	0.000179
677	-0.000277	0.000172	0.000263
678	-0.000184	0.000202	0.000334
679	-0.000112	0.000305	0.000429
680	-0.000047	0.000429	0.000531
681	0.000007	0.000512	0.000606
682	0.000055	0.000577	0.000667
683	0.000116	0.000621	0.000727
684	0.000185	0.000653	0.000784
685	0.000256	0.000704	0.000851
686	0.000328	0.000771	0.000927
687	0.000391	0.000856	0.000997
688	0.000443	0.000961	0.001061
689	0.000523	0.001039	0.001146
690	0.000645	0.001072	0.001262
691	0.000772	0.001162	0.001396
692	0.000906	0.001375	0.001568
693	0.001028	0.001545	0.001708
694	0.001111	0.001577	0.001746
695	0.001193	0.001612	0.001786
696	0.001263	0.001663	0.001837
697	0.001334	0.001719	0.001895
698	0.001407	0.001833	0.002023
699	0.001482	0.001947	0.00215
700	0.001588	0.002068	0.00226
701	0.001694	0.002188	0.00237
702	0.001795	0.002257	0.002454
703	0.001897	0.002324	0.002538
704	0.002108	0.002554	0.00276
705	0.002331	0.002802	0.002997
706	0.002458	0.002929	0.003103
707	0.002566	0.003032	0.003182
708	0.002724	0.003203	0.003326
709	0.002897	0.003393	0.00349
710	0.003101	0.003603	0.003715
711	0.003318	0.003821	0.003966
712	0.003543	0.004027	0.004144
713	0.003773	0.004226	0.00428
714	0.003922	0.004348	0.0044
715	0.004011	0.004415	0.004509
716	0.004195	0.004571	0.004717
717	0.004464	0.004809	0.005018
718	0.004617	0.004981	0.005208
719	0.004633	0.005073	0.005268
720	0.00469	0.005168	0.005345
[LOG]
CHECKSUMG%