[HEADER]
Format	J&M ASCII Table
Comment	
Date	05/03/2026 16:41:44
Order	Y (evenX)
TechType	UV
NumPoints	411
FirstX	310
LastX	720
XType	nm
YType	Absorbance
ZType	s
NumSubFile	3
Matrix	Z vs X
[LOGIN]
Name=pcbob
[INSTRUMENT]
Name=TIDAS E Base UV/VI
Detector=MMS - ASPEN 97,5 kHz
Diodearray=256 Pixel
Serial#=36584
Calibrated=2011-07-01
Range=183.81-729.88 [nm] (F0)

SWVersion=v3.18.2 (build 0)[LOGIN]
Name=pcbob
[CONFIG]
ChannelName=Channel 1
ChannelType=Normalized
[PARAMETER]
It=400,00
Aver=5
Norm=3
Range=310,0-720,0 nm
Scan=Time
ScanTime=5,00 s
[TRIGGER]
Sweep=0
Scan=0
[DIO]
DigOut=0x0000
DigIn=0x0000
[DATA]
	00:00:00,000	00:00:02,000	00:00:04,000
310	0.435888	0.435404	0.43481
311	0.429179	0.428665	0.428112
312	0.422614	0.422122	0.421619
313	0.41612	0.415638	0.415145
314	0.409723	0.409237	0.408694
315	0.403419	0.402926	0.402346
316	0.397408	0.3969	0.396319
317	0.391404	0.390882	0.390301
318	0.385504	0.384971	0.384419
319	0.379605	0.379059	0.378537
320	0.373797	0.373237	0.372752
321	0.368001	0.367427	0.36698
322	0.362291	0.361716	0.361261
323	0.356616	0.356046	0.355564
324	0.351058	0.35048	0.349982
325	0.345603	0.345005	0.3445
326	0.340125	0.339527	0.339003
327	0.334605	0.334044	0.333478
328	0.329112	0.328582	0.327983
329	0.323747	0.323221	0.322631
330	0.318382	0.317861	0.317279
331	0.313136	0.312545	0.312051
332	0.30789	0.30723	0.306823
333	0.302716	0.302137	0.301673
334	0.297557	0.297091	0.296539
335	0.29254	0.292082	0.29151
336	0.287601	0.287094	0.286538
337	0.282554	0.282039	0.281507
338	0.277387	0.276911	0.27641
339	0.272373	0.271904	0.271447
340	0.26772	0.267187	0.2668
341	0.263048	0.262465	0.262134
342	0.258238	0.257704	0.257326
343	0.253429	0.252943	0.252517
344	0.2488	0.248306	0.247857
345	0.244181	0.243676	0.243205
346	0.239636	0.239132	0.238678
347	0.235111	0.234613	0.234187
348	0.230554	0.2301	0.229689
349	0.225974	0.22559	0.225187
350	0.22154	0.221158	0.220781
351	0.217304	0.216829	0.216505
352	0.213065	0.212528	0.212234
353	0.208816	0.208308	0.207975
354	0.204582	0.2041	0.203735
355	0.200521	0.200032	0.199713
356	0.19646	0.195964	0.195692
357	0.192408	0.191949	0.191659
358	0.188357	0.18794	0.187625
359	0.184324	0.183932	0.183619
360	0.180297	0.179925	0.179624
361	0.176411	0.176065	0.175748
362	0.172637	0.17232	0.171967
363	0.168915	0.168597	0.16824
364	0.165276	0.164909	0.1646
365	0.161678	0.161285	0.161005
366	0.158229	0.157898	0.157576
367	0.154786	0.154515	0.154153
368	0.151482	0.151221	0.150868
369	0.148177	0.147927	0.147583
370	0.144896	0.144676	0.144315
371	0.141619	0.141432	0.14105
372	0.138466	0.138242	0.137889
373	0.135367	0.135074	0.134771
374	0.132309	0.131981	0.131678
375	0.129285	0.128956	0.128605
376	0.126277	0.125968	0.125597
377	0.123298	0.123046	0.122704
378	0.120364	0.120157	0.119839
379	0.117621	0.117404	0.117089
380	0.114882	0.114656	0.114342
381	0.112297	0.112096	0.111736
382	0.109712	0.109537	0.109131
383	0.10717	0.107006	0.106609
384	0.104634	0.10448	0.104102
385	0.102159	0.10199	0.101613
386	0.099712	0.099518	0.099132
387	0.097407	0.097199	0.096836
388	0.095236	0.095024	0.094715
389	0.093106	0.092896	0.092645
390	0.091055	0.090855	0.090668
391	0.088983	0.088792	0.088646
392	0.086819	0.086631	0.086415
393	0.08466	0.084474	0.084188
394	0.082793	0.082643	0.082281
395	0.080926	0.080812	0.080374
396	0.079065	0.078996	0.078538
397	0.077205	0.077183	0.076714
398	0.07549	0.075407	0.075016
399	0.073843	0.073648	0.073377
400	0.072109	0.071892	0.071629
401	0.070293	0.070137	0.069779
402	0.068506	0.068373	0.06799
403	0.066772	0.066591	0.066314
404	0.065089	0.064864	0.064682
405	0.063635	0.063382	0.063244
406	0.062181	0.061903	0.061806
407	0.060755	0.060579	0.06037
408	0.059328	0.059254	0.058935
409	0.0579	0.057802	0.057543
410	0.056471	0.056328	0.056158
411	0.054942	0.054776	0.054602
412	0.053367	0.053189	0.052968
413	0.05192	0.051732	0.051495
414	0.050588	0.050391	0.050166
415	0.049136	0.048963	0.048741
416	0.047473	0.04738	0.047147
417	0.045872	0.045838	0.045595
418	0.044515	0.044452	0.044206
419	0.043164	0.043075	0.042825
420	0.041951	0.041898	0.041641
421	0.040738	0.04072	0.040458
422	0.0397	0.039659	0.039358
423	0.038687	0.038613	0.038271
424	0.037501	0.037446	0.037125
425	0.036247	0.03623	0.035955
426	0.035184	0.03514	0.034948
427	0.034275	0.034152	0.034072
428	0.033394	0.033264	0.033201
429	0.032558	0.032528	0.032337
430	0.031732	0.03178	0.031493
431	0.030941	0.030991	0.030715
432	0.030149	0.030202	0.029938
433	0.029363	0.029417	0.029185
434	0.028576	0.028633	0.028431
435	0.027892	0.027958	0.027689
436	0.027218	0.027293	0.026947
437	0.026472	0.026502	0.026217
438	0.025703	0.02567	0.02549
439	0.02499	0.02497	0.024808
440	0.024315	0.024359	0.024156
441	0.023717	0.023799	0.023559
442	0.023219	0.023303	0.023033
443	0.022683	0.02276	0.022479
444	0.022054	0.022097	0.021856
445	0.02143	0.021444	0.021243
446	0.020841	0.020855	0.020694
447	0.020252	0.020266	0.020145
448	0.01972	0.019794	0.019592
449	0.01919	0.019326	0.019038
450	0.018752	0.018876	0.018572
451	0.018335	0.018431	0.018125
452	0.017925	0.017958	0.0177
453	0.01752	0.017471	0.017285
454	0.017106	0.017051	0.016882
455	0.016682	0.016698	0.016489
456	0.016274	0.016352	0.016107
457	0.015895	0.01602	0.015745
458	0.015523	0.015677	0.01539
459	0.015184	0.015295	0.015065
460	0.014843	0.014912	0.014735
461	0.014456	0.014499	0.014295
462	0.01407	0.014087	0.013856
463	0.013668	0.01374	0.01351
464	0.013264	0.013402	0.013175
465	0.012849	0.012993	0.012801
466	0.01243	0.012559	0.012412
467	0.012171	0.012285	0.01213
468	0.012027	0.012124	0.011923
469	0.011799	0.011893	0.011661
470	0.011459	0.011572	0.011328
471	0.011133	0.011252	0.011005
472	0.01084	0.010934	0.010706
473	0.010557	0.010636	0.010419
474	0.010339	0.010466	0.01021
475	0.010121	0.010297	0.010001
476	0.009914	0.010099	0.009816
477	0.009708	0.0099	0.009631
478	0.009457	0.009655	0.00942
479	0.009198	0.0094	0.009205
480	0.008974	0.009159	0.008984
481	0.008768	0.008924	0.00876
482	0.008553	0.008693	0.008553
483	0.008332	0.008467	0.008361
484	0.008084	0.008209	0.008111
485	0.007796	0.007901	0.007769
486	0.00755	0.007637	0.007476
487	0.007438	0.007514	0.007342
488	0.007322	0.007394	0.007216
489	0.007163	0.007306	0.007168
490	0.007005	0.007219	0.007121
491	0.007	0.00722	0.007061
492	0.007004	0.007225	0.007
493	0.006932	0.007152	0.0069
494	0.006842	0.00706	0.00679
495	0.006833	0.007071	0.006801
496	0.006866	0.007135	0.006874
497	0.006838	0.007126	0.006869
498	0.006752	0.007047	0.006791
499	0.006663	0.006948	0.00669
500	0.006568	0.006814	0.006549
501	0.006485	0.006695	0.006427
502	0.006444	0.006623	0.006368
503	0.006393	0.00655	0.006305
504	0.006249	0.006473	0.006198
505	0.006104	0.006397	0.006092
506	0.006086	0.006312	0.006049
507	0.006074	0.006227	0.00601
508	0.005978	0.006156	0.005922
509	0.005861	0.006088	0.005823
510	0.005704	0.00595	0.005676
511	0.005528	0.005777	0.005504
512	0.005406	0.00566	0.005405
513	0.005334	0.005595	0.005372
514	0.005286	0.005543	0.00532
515	0.005277	0.005514	0.005239
516	0.005262	0.005481	0.005168
517	0.005228	0.005435	0.005132
518	0.00519	0.005386	0.005101
519	0.005122	0.005323	0.00512
520	0.005054	0.00526	0.005139
521	0.005078	0.00527	0.005128
522	0.005105	0.005282	0.005116
523	0.005112	0.005275	0.005121
524	0.005116	0.005264	0.00513
525	0.005081	0.005221	0.005091
526	0.005029	0.005164	0.005032
527	0.004987	0.005106	0.004963
528	0.004952	0.005047	0.004886
529	0.004862	0.004991	0.004782
530	0.004698	0.004939	0.004641
531	0.004551	0.004852	0.004528
532	0.004444	0.004683	0.004482
533	0.004341	0.004531	0.004423
534	0.004257	0.004463	0.004295
535	0.004174	0.004395	0.004168
536	0.004119	0.00431	0.004094
537	0.004065	0.004225	0.00402
538	0.004087	0.00425	0.004067
539	0.004118	0.004289	0.004129
540	0.004109	0.004304	0.004134
541	0.004089	0.004312	0.004122
542	0.00412	0.00437	0.004139
543	0.004183	0.004458	0.004174
544	0.004215	0.004477	0.004178
545	0.004218	0.004428	0.004152
546	0.004231	0.004419	0.004185
547	0.004263	0.004481	0.00432
548	0.0043	0.004534	0.00441
549	0.00435	0.004562	0.004361
550	0.004391	0.004582	0.004317
551	0.004368	0.004541	0.00432
552	0.004344	0.0045	0.004323
553	0.004222	0.004389	0.004222
554	0.004098	0.004278	0.004119
555	0.003963	0.004193	0.003999
556	0.003827	0.004112	0.003876
557	0.003753	0.004024	0.003832
558	0.003702	0.003933	0.003816
559	0.003685	0.00387	0.003775
560	0.00369	0.003824	0.003718
561	0.00366	0.003785	0.003667
562	0.003593	0.00375	0.003623
563	0.003549	0.003737	0.003601
564	0.003547	0.003759	0.003615
565	0.003546	0.003778	0.003628
566	0.003544	0.003783	0.003636
567	0.003548	0.003793	0.003646
568	0.0036	0.003841	0.003674
569	0.003651	0.003889	0.003703
570	0.003713	0.003936	0.00373
571	0.003774	0.003983	0.003758
572	0.003826	0.004	0.003826
573	0.003877	0.004013	0.0039
574	0.00389	0.004025	0.00392
575	0.00389	0.004035	0.003923
576	0.003912	0.004059	0.003931
577	0.003947	0.004091	0.003941
578	0.003948	0.004091	0.003957
579	0.003916	0.004061	0.003977
580	0.003896	0.00404	0.003979
581	0.003896	0.004034	0.003955
582	0.003871	0.004012	0.003919
583	0.00378	0.003953	0.003851
584	0.003699	0.0039	0.003794
585	0.003673	0.003885	0.003793
586	0.003651	0.003871	0.003792
587	0.003704	0.003885	0.003784
588	0.003758	0.0039	0.003777
589	0.003728	0.003895	0.003762
590	0.003692	0.003889	0.003747
591	0.003678	0.003883	0.003737
592	0.003668	0.003879	0.003729
593	0.003723	0.003916	0.003779
594	0.003805	0.003971	0.003853
595	0.003896	0.004048	0.003924
596	0.003993	0.00414	0.003992
597	0.004071	0.004239	0.004071
598	0.004127	0.004346	0.004162
599	0.004184	0.004432	0.004241
600	0.004245	0.00448	0.004299
601	0.004308	0.004534	0.004359
602	0.004379	0.004603	0.004427
603	0.004442	0.004667	0.00449
604	0.004457	0.004696	0.004527
605	0.004476	0.004727	0.004567
606	0.004591	0.004837	0.004661
607	0.004706	0.004948	0.004755
608	0.004693	0.004936	0.004774
609	0.004669	0.004914	0.004787
610	0.00464	0.00489	0.004743
611	0.00461	0.004866	0.004686
612	0.004586	0.004808	0.004671
613	0.004564	0.004737	0.004673
614	0.004548	0.004705	0.004636
615	0.004537	0.004697	0.004575
616	0.00454	0.004704	0.004555
617	0.004556	0.004723	0.004574
618	0.004545	0.004715	0.004572
619	0.004494	0.004667	0.004534
620	0.004444	0.004626	0.004497
621	0.004396	0.004603	0.004458
622	0.004363	0.004597	0.004432
623	0.004394	0.004659	0.004458
624	0.004428	0.004719	0.004489
625	0.004498	0.004769	0.004577
626	0.004568	0.004819	0.004664
627	0.004626	0.004889	0.004762
628	0.004685	0.004959	0.00486
629	0.004831	0.00504	0.004908
630	0.004988	0.005122	0.004951
631	0.005036	0.005181	0.004997
632	0.005056	0.005234	0.005043
633	0.005123	0.005334	0.005139
634	0.005211	0.005455	0.005255
635	0.005327	0.005569	0.005389
636	0.005461	0.005678	0.005534
637	0.005535	0.00573	0.005614
638	0.005549	0.005725	0.005629
639	0.005552	0.005732	0.005633
640	0.005536	0.005757	0.00562
641	0.00553	0.005784	0.005616
642	0.005544	0.005815	0.00563
643	0.00555	0.005837	0.005648
644	0.005531	0.005829	0.005679
645	0.005517	0.005814	0.0057
646	0.005529	0.005751	0.005652
647	0.005538	0.005688	0.005602
648	0.005443	0.005621	0.00548
649	0.005347	0.005553	0.005358
650	0.005232	0.005435	0.005257
651	0.005115	0.005314	0.005157
652	0.005064	0.005254	0.005113
653	0.005024	0.005205	0.005078
654	0.005	0.005165	0.005063
655	0.004982	0.005129	0.005054
656	0.004956	0.00512	0.005032
657	0.004926	0.005125	0.005004
658	0.004986	0.005161	0.005025
659	0.00511	0.005218	0.00508
660	0.005211	0.005311	0.005164
661	0.00529	0.00544	0.005275
662	0.005358	0.005539	0.005371
663	0.005411	0.005599	0.005444
664	0.005486	0.005676	0.005536
665	0.005605	0.00579	0.005664
666	0.005705	0.005902	0.005774
667	0.005744	0.00601	0.005832
668	0.005793	0.006108	0.005892
669	0.00589	0.006149	0.005961
670	0.005985	0.006194	0.006033
671	0.006061	0.006283	0.006124
672	0.006137	0.006372	0.006215
673	0.006146	0.006394	0.006257
674	0.006154	0.006416	0.006299
675	0.006208	0.006455	0.006318
676	0.006265	0.006495	0.006335
677	0.006278	0.006482	0.00632
678	0.006282	0.006458	0.006298
679	0.006281	0.006431	0.006303
680	0.006278	0.006403	0.006316
681	0.006257	0.006394	0.006288
682	0.006228	0.006394	0.006241
683	0.006206	0.006358	0.006219
684	0.006188	0.006298	0.006214
685	0.00616	0.006261	0.006185
686	0.006123	0.006243	0.006136
687	0.006107	0.006241	0.006108
688	0.006116	0.006257	0.006106
689	0.006116	0.006272	0.006105
690	0.0061	0.006283	0.006106
691	0.006082	0.006295	0.006109
692	0.006058	0.006308	0.006119
693	0.006041	0.006316	0.006121
694	0.006049	0.006309	0.006098
695	0.00605	0.006297	0.006079
696	0.006013	0.006257	0.006085
697	0.005983	0.006225	0.006088
698	0.00602	0.006257	0.006077
699	0.006055	0.006289	0.006067
700	0.006019	0.006327	0.006061
701	0.005984	0.006364	0.006055
702	0.005943	0.006258	0.006046
703	0.005901	0.006147	0.006036
704	0.006031	0.006251	0.006132
705	0.006182	0.006381	0.006239
706	0.006182	0.006389	0.00623
707	0.006152	0.006373	0.006198
708	0.006198	0.006409	0.006243
709	0.006267	0.006462	0.006312
710	0.006372	0.006542	0.006433
711	0.006494	0.006634	0.006576
712	0.006518	0.006688	0.006597
713	0.006487	0.006721	0.00655
714	0.006511	0.006753	0.006555
715	0.006575	0.006785	0.006597
716	0.00665	0.006831	0.006691
717	0.006736	0.006889	0.006833
718	0.006757	0.006905	0.006868
719	0.006702	0.006872	0.006777
720	0.006659	0.006852	0.006721
[LOG]
CHECKSUME