[HEADER]
Format	J&M ASCII Table
Comment	
Date	05/03/2026 16:10:05
Order	Y (evenX)
TechType	UV
NumPoints	411
FirstX	310
LastX	720
XType	nm
YType	Absorbance
ZType	s
NumSubFile	3
Matrix	Z vs X
[LOGIN]
Name=pcbob
[INSTRUMENT]
Name=TIDAS E Base UV/VI
Detector=MMS - ASPEN 97,5 kHz
Diodearray=256 Pixel
Serial#=36584
Calibrated=2011-07-01
Range=183.81-729.88 [nm] (F0)

SWVersion=v3.18.2 (build 0)[LOGIN]
Name=pcbob
[CONFIG]
ChannelName=Channel 1
ChannelType=Normalized
[PARAMETER]
It=400,00
Aver=5
Norm=3
Range=310,0-720,0 nm
Scan=Time
ScanTime=5,00 s
[TRIGGER]
Sweep=0
Scan=0
[DIO]
DigOut=0x0000
DigIn=0x0000
[DATA]
	00:00:00,000	00:00:02,000	00:00:04,000
310	0.432426	0.431971	0.431729
311	0.42548	0.425025	0.424786
312	0.418644	0.418233	0.417966
313	0.411895	0.411532	0.411241
314	0.405268	0.404958	0.404645
315	0.398733	0.398451	0.398128
316	0.392489	0.392157	0.391855
317	0.386248	0.385871	0.385583
318	0.380044	0.379695	0.379324
319	0.373839	0.373519	0.373066
320	0.367763	0.367453	0.367034
321	0.361704	0.361401	0.361032
322	0.355742	0.355489	0.355068
323	0.349819	0.349635	0.34912
324	0.344007	0.343811	0.343315
325	0.338294	0.338015	0.337634
326	0.332604	0.332266	0.331963
327	0.326954	0.326604	0.326312
328	0.321308	0.32095	0.320664
329	0.315683	0.31533	0.315036
330	0.310058	0.309711	0.309407
331	0.304686	0.304396	0.304108
332	0.299315	0.299081	0.298809
333	0.294118	0.293918	0.293641
334	0.288958	0.288787	0.2885
335	0.283852	0.283657	0.283373
336	0.278775	0.278527	0.278254
337	0.273711	0.273454	0.273178
338	0.26866	0.268442	0.268152
339	0.263658	0.263481	0.26316
340	0.258771	0.25864	0.258251
341	0.253912	0.253812	0.253373
342	0.249259	0.249086	0.248709
343	0.244605	0.24436	0.244046
344	0.240142	0.239795	0.239513
345	0.235689	0.235238	0.234987
346	0.231082	0.230725	0.230411
347	0.226429	0.226224	0.225821
348	0.221897	0.221727	0.221325
349	0.217446	0.217231	0.216891
350	0.213071	0.212817	0.212519
351	0.208799	0.208513	0.208231
352	0.204531	0.204223	0.203953
353	0.200273	0.199978	0.199709
354	0.196023	0.195745	0.195479
355	0.191866	0.191662	0.191408
356	0.187708	0.187578	0.187337
357	0.183508	0.183348	0.183121
358	0.179302	0.179103	0.178889
359	0.175238	0.175013	0.174817
360	0.171224	0.170979	0.170804
361	0.167323	0.16706	0.166861
362	0.163511	0.16323	0.162973
363	0.159692	0.159375	0.159121
364	0.155863	0.155482	0.155326
365	0.152073	0.151662	0.151562
366	0.148425	0.148105	0.147911
367	0.144782	0.144547	0.144265
368	0.141222	0.140965	0.140748
369	0.137662	0.137384	0.13723
370	0.134105	0.133809	0.133659
371	0.130548	0.130234	0.130081
372	0.127056	0.126786	0.126594
373	0.123591	0.123391	0.123145
374	0.120144	0.119989	0.119721
375	0.116713	0.11658	0.116318
376	0.113334	0.113213	0.112961
377	0.110049	0.109918	0.109683
378	0.106789	0.106643	0.106416
379	0.103638	0.103452	0.103189
380	0.100487	0.100263	0.099966
381	0.097373	0.097179	0.096899
382	0.09426	0.094095	0.093832
383	0.09126	0.091055	0.090879
384	0.08828	0.088022	0.087946
385	0.085327	0.085086	0.084969
386	0.082387	0.082194	0.081972
387	0.079535	0.079372	0.079116
388	0.076765	0.076616	0.076391
389	0.074038	0.073885	0.073697
390	0.07139	0.071201	0.07106
391	0.068742	0.068526	0.068409
392	0.066091	0.065891	0.065696
393	0.063443	0.063259	0.062988
394	0.060997	0.0608	0.060573
395	0.058552	0.05834	0.058159
396	0.056221	0.056013	0.055835
397	0.053911	0.053711	0.053528
398	0.05168	0.051524	0.051355
399	0.049488	0.049391	0.049246
400	0.047239	0.047132	0.047028
401	0.044936	0.044753	0.044708
402	0.042645	0.042429	0.042391
403	0.040378	0.040209	0.040082
404	0.038173	0.038038	0.037843
405	0.036244	0.036087	0.035918
406	0.034315	0.034136	0.033991
407	0.032347	0.03219	0.031995
408	0.030379	0.030244	0.03
409	0.028355	0.02822	0.028016
410	0.026321	0.026182	0.026033
411	0.024283	0.02414	0.024015
412	0.022244	0.022095	0.021981
413	0.02034	0.020187	0.02009
414	0.01856	0.018402	0.018327
415	0.016705	0.016566	0.016499
416	0.01472	0.014643	0.014559
417	0.012751	0.012724	0.01262
418	0.010845	0.010816	0.010693
419	0.008949	0.008916	0.008774
420	0.007278	0.007226	0.007042
421	0.005606	0.005535	0.00531
422	0.004132	0.00405	0.003875
423	0.002685	0.002595	0.002483
424	0.001109	0.001028	0.000888
425	-0.000518	-0.000583	-0.000788
426	-0.001924	-0.001994	-0.002193
427	-0.00315	-0.003243	-0.003381
428	-0.004312	-0.004417	-0.004518
429	-0.005372	-0.005476	-0.005578
430	-0.006434	-0.006539	-0.006635
431	-0.007504	-0.007617	-0.007683
432	-0.008579	-0.0087	-0.008737
433	-0.009722	-0.009837	-0.009874
434	-0.010865	-0.010974	-0.01101
435	-0.011773	-0.011866	-0.011925
436	-0.01266	-0.012735	-0.012819
437	-0.013613	-0.013679	-0.01376
438	-0.014588	-0.014648	-0.014716
439	-0.01549	-0.015563	-0.015606
440	-0.016343	-0.016443	-0.016452
441	-0.017118	-0.017206	-0.017221
442	-0.017794	-0.01782	-0.01789
443	-0.018503	-0.018489	-0.018596
444	-0.019297	-0.019295	-0.019395
445	-0.020074	-0.020085	-0.020177
446	-0.020732	-0.020758	-0.020842
447	-0.02139	-0.021432	-0.021507
448	-0.022	-0.021991	-0.022085
449	-0.022608	-0.022547	-0.022661
450	-0.023126	-0.023071	-0.023162
451	-0.023622	-0.023587	-0.023647
452	-0.024094	-0.024091	-0.024122
453	-0.024553	-0.02459	-0.024592
454	-0.024998	-0.02501	-0.025022
455	-0.02543	-0.025352	-0.025413
456	-0.025806	-0.025696	-0.025783
457	-0.026078	-0.026044	-0.026118
458	-0.026362	-0.026382	-0.02645
459	-0.026699	-0.026678	-0.02677
460	-0.027036	-0.026977	-0.02709
461	-0.02738	-0.027341	-0.027407
462	-0.027724	-0.027706	-0.027723
463	-0.028069	-0.028048	-0.028069
464	-0.028415	-0.028388	-0.028418
465	-0.028738	-0.028697	-0.028764
466	-0.029054	-0.028994	-0.029108
467	-0.029271	-0.029218	-0.029308
468	-0.029419	-0.029389	-0.029404
469	-0.029591	-0.029611	-0.029583
470	-0.029794	-0.029901	-0.029868
471	-0.029994	-0.03014	-0.03011
472	-0.030184	-0.030249	-0.03024
473	-0.030362	-0.030358	-0.030365
474	-0.030465	-0.03046	-0.030457
475	-0.030568	-0.030563	-0.030549
476	-0.030612	-0.030613	-0.030623
477	-0.030654	-0.030662	-0.030696
478	-0.030778	-0.030756	-0.030792
479	-0.030918	-0.030858	-0.030892
480	-0.031015	-0.030944	-0.030972
481	-0.031091	-0.031021	-0.031043
482	-0.031157	-0.031088	-0.03109
483	-0.031214	-0.031145	-0.031116
484	-0.031336	-0.031276	-0.031223
485	-0.03156	-0.031522	-0.031455
486	-0.03169	-0.031678	-0.031604
487	-0.031526	-0.031547	-0.031495
488	-0.031373	-0.03142	-0.03139
489	-0.031318	-0.031327	-0.031341
490	-0.031264	-0.031233	-0.031291
491	-0.031057	-0.031046	-0.031034
492	-0.030843	-0.030853	-0.030766
493	-0.030756	-0.030756	-0.030661
494	-0.030701	-0.030682	-0.030595
495	-0.030527	-0.030499	-0.030457
496	-0.030291	-0.030258	-0.030282
497	-0.030133	-0.030095	-0.030131
498	-0.030048	-0.030006	-0.030004
499	-0.029957	-0.029912	-0.029887
500	-0.029856	-0.029811	-0.029786
501	-0.029751	-0.029694	-0.029679
502	-0.029633	-0.029522	-0.029552
503	-0.029513	-0.029357	-0.029424
504	-0.029371	-0.029258	-0.029289
505	-0.02923	-0.029158	-0.029155
506	-0.029071	-0.029019	-0.028997
507	-0.028911	-0.028878	-0.028837
508	-0.028822	-0.028735	-0.028728
509	-0.028749	-0.028592	-0.02863
510	-0.028675	-0.028538	-0.028548
511	-0.0286	-0.02853	-0.028474
512	-0.028537	-0.028469	-0.0284
513	-0.028484	-0.02836	-0.028328
514	-0.028346	-0.028215	-0.028197
515	-0.028072	-0.028013	-0.027973
516	-0.027826	-0.027822	-0.027761
517	-0.027666	-0.027664	-0.02759
518	-0.027507	-0.027506	-0.027423
519	-0.027354	-0.027341	-0.027287
520	-0.0272	-0.027177	-0.027152
521	-0.026994	-0.02695	-0.026926
522	-0.026786	-0.026722	-0.026698
523	-0.026609	-0.02657	-0.02652
524	-0.026438	-0.026433	-0.026352
525	-0.026284	-0.026302	-0.026209
526	-0.026137	-0.026172	-0.026078
527	-0.026026	-0.02603	-0.025957
528	-0.025941	-0.025877	-0.025845
529	-0.025828	-0.025743	-0.025727
530	-0.025675	-0.025634	-0.025603
531	-0.025524	-0.02551	-0.025467
532	-0.025381	-0.02535	-0.025303
533	-0.025217	-0.025179	-0.025129
534	-0.024941	-0.024952	-0.024909
535	-0.024668	-0.024725	-0.024689
536	-0.024522	-0.02452	-0.024493
537	-0.024376	-0.024315	-0.024296
538	-0.024143	-0.024058	-0.024035
539	-0.0239	-0.023795	-0.023766
540	-0.023713	-0.023612	-0.02359
541	-0.023542	-0.023452	-0.023444
542	-0.023372	-0.023306	-0.023278
543	-0.023201	-0.023168	-0.023102
544	-0.023047	-0.023011	-0.022946
545	-0.02291	-0.022837	-0.022809
546	-0.02273	-0.022641	-0.022645
547	-0.022477	-0.022406	-0.022434
548	-0.022233	-0.022178	-0.022212
549	-0.022016	-0.021971	-0.021959
550	-0.0218	-0.021764	-0.021709
551	-0.021592	-0.02156	-0.021483
552	-0.021384	-0.021356	-0.021257
553	-0.021206	-0.021153	-0.021124
554	-0.02103	-0.020951	-0.020992
555	-0.020922	-0.020871	-0.020856
556	-0.020827	-0.02081	-0.020719
557	-0.020693	-0.020691	-0.020602
558	-0.020546	-0.020551	-0.020494
559	-0.020362	-0.020344	-0.020307
560	-0.020155	-0.020095	-0.02007
561	-0.019945	-0.019873	-0.019859
562	-0.019733	-0.019681	-0.019675
563	-0.019545	-0.019509	-0.019492
564	-0.0194	-0.019372	-0.01931
565	-0.019246	-0.01923	-0.019132
566	-0.019063	-0.019072	-0.018966
567	-0.018887	-0.01891	-0.018805
568	-0.01876	-0.018721	-0.018676
569	-0.018632	-0.018531	-0.018546
570	-0.018486	-0.018409	-0.018403
571	-0.018339	-0.018288	-0.018259
572	-0.018146	-0.018118	-0.01808
573	-0.017946	-0.017942	-0.017896
574	-0.017774	-0.01779	-0.017744
575	-0.017612	-0.017646	-0.017602
576	-0.017454	-0.01745	-0.017426
577	-0.017297	-0.017223	-0.01723
578	-0.017125	-0.017041	-0.017064
579	-0.016938	-0.0169	-0.016928
580	-0.016765	-0.016747	-0.016771
581	-0.016615	-0.016572	-0.016583
582	-0.016452	-0.016403	-0.016399
583	-0.016258	-0.016245	-0.016228
584	-0.016067	-0.016079	-0.016055
585	-0.015896	-0.015869	-0.015868
586	-0.015724	-0.015659	-0.015678
587	-0.015513	-0.01544	-0.015406
588	-0.015301	-0.015222	-0.015134
589	-0.015133	-0.015059	-0.014989
590	-0.014969	-0.014899	-0.014854
591	-0.014739	-0.014701	-0.014666
592	-0.014495	-0.014494	-0.014466
593	-0.014291	-0.014299	-0.014236
594	-0.014105	-0.014109	-0.013994
595	-0.013888	-0.013882	-0.013776
596	-0.013651	-0.013628	-0.013575
597	-0.013413	-0.013384	-0.013353
598	-0.013176	-0.013152	-0.013109
599	-0.012967	-0.012937	-0.012885
600	-0.012808	-0.012753	-0.012697
601	-0.012641	-0.012569	-0.012512
602	-0.012447	-0.012388	-0.012334
603	-0.01225	-0.012205	-0.012153
604	-0.01203	-0.012005	-0.011946
605	-0.011808	-0.0118	-0.011736
606	-0.011527	-0.011459	-0.011433
607	-0.011247	-0.011118	-0.011129
608	-0.011091	-0.010988	-0.01096
609	-0.010945	-0.010875	-0.010802
610	-0.010792	-0.010721	-0.010655
611	-0.010637	-0.010559	-0.010511
612	-0.010481	-0.010366	-0.01035
613	-0.010325	-0.010161	-0.010181
614	-0.010185	-0.010018	-0.010052
615	-0.010057	-0.009914	-0.009949
616	-0.009854	-0.009737	-0.009754
617	-0.009577	-0.009489	-0.009471
618	-0.009355	-0.009286	-0.009245
619	-0.009215	-0.009148	-0.009105
620	-0.009073	-0.009002	-0.00896
621	-0.008927	-0.008839	-0.008806
622	-0.008763	-0.008664	-0.008641
623	-0.008524	-0.008442	-0.00843
624	-0.008296	-0.008231	-0.008226
625	-0.008169	-0.008116	-0.008093
626	-0.008042	-0.008001	-0.00796
627	-0.007805	-0.00775	-0.007719
628	-0.007567	-0.007499	-0.007478
629	-0.007347	-0.00728	-0.007272
630	-0.007129	-0.007065	-0.00707
631	-0.00697	-0.006902	-0.0069
632	-0.006827	-0.006752	-0.006739
633	-0.006599	-0.006548	-0.006532
634	-0.006333	-0.006321	-0.006305
635	-0.006157	-0.006139	-0.006119
636	-0.006042	-0.005985	-0.005962
637	-0.0059	-0.005842	-0.005816
638	-0.005731	-0.005709	-0.005683
639	-0.00555	-0.005512	-0.005496
640	-0.005351	-0.005221	-0.00523
641	-0.005163	-0.004977	-0.005003
642	-0.004999	-0.004839	-0.004863
643	-0.00484	-0.004712	-0.004726
644	-0.004701	-0.00462	-0.004597
645	-0.004561	-0.00452	-0.004468
646	-0.004407	-0.004366	-0.004333
647	-0.004256	-0.004213	-0.004199
648	-0.004181	-0.004097	-0.004079
649	-0.004107	-0.003981	-0.003959
650	-0.003967	-0.003883	-0.003845
651	-0.003824	-0.003785	-0.003732
652	-0.003813	-0.003767	-0.003742
653	-0.003826	-0.003763	-0.003774
654	-0.003835	-0.003762	-0.00378
655	-0.003842	-0.003762	-0.003778
656	-0.003822	-0.003727	-0.003745
657	-0.00379	-0.003676	-0.003697
658	-0.003643	-0.003544	-0.003569
659	-0.003414	-0.003355	-0.003385
660	-0.003111	-0.003061	-0.003082
661	-0.002732	-0.00266	-0.00266
662	-0.002365	-0.002299	-0.002289
663	-0.002011	-0.001993	-0.001989
664	-0.001707	-0.001714	-0.001725
665	-0.001502	-0.001488	-0.001532
666	-0.001298	-0.001271	-0.001328
667	-0.001099	-0.001081	-0.00109
668	-0.000905	-0.000893	-0.000865
669	-0.000743	-0.000716	-0.000705
670	-0.000579	-0.000538	-0.000541
671	-0.00039	-0.000354	-0.000324
672	-0.000201	-0.00017	-0.000108
673	-0.000022	-0.000041	0.000063
674	0.000157	0.000088	0.000235
675	0.000291	0.000297	0.000397
676	0.000422	0.000513	0.000558
677	0.000561	0.000617	0.000685
678	0.000701	0.000699	0.000806
679	0.000791	0.000801	0.000924
680	0.000866	0.000908	0.001042
681	0.001023	0.001052	0.00115
682	0.001218	0.001211	0.001254
683	0.001357	0.001365	0.001377
684	0.001458	0.001515	0.001512
685	0.001565	0.00163	0.001645
686	0.001675	0.001712	0.001776
687	0.001816	0.001825	0.00193
688	0.001993	0.001973	0.00211
689	0.00215	0.002119	0.002273
690	0.002274	0.002258	0.002411
691	0.002413	0.002428	0.002545
692	0.002582	0.002663	0.00267
693	0.002733	0.002863	0.002796
694	0.002823	0.002953	0.002923
695	0.002924	0.003047	0.003044
696	0.003074	0.003155	0.003134
697	0.003222	0.00327	0.003229
698	0.003349	0.00344	0.003375
699	0.003477	0.003608	0.003522
700	0.003611	0.003718	0.003685
701	0.003745	0.003829	0.003849
702	0.003859	0.003869	0.003894
703	0.003971	0.003907	0.003934
704	0.00414	0.004138	0.004156
705	0.004315	0.004391	0.004398
706	0.004437	0.00455	0.00454
707	0.004547	0.004691	0.004662
708	0.004711	0.004837	0.004834
709	0.004891	0.004984	0.005023
710	0.005072	0.005177	0.005235
711	0.005252	0.005388	0.005457
712	0.005455	0.005568	0.005633
713	0.00567	0.005732	0.005782
714	0.005849	0.005861	0.005902
715	0.006001	0.005966	0.005998
716	0.006181	0.00612	0.006172
717	0.006387	0.006321	0.006418
718	0.006542	0.006479	0.006586
719	0.006636	0.006587	0.006664
720	0.00673	0.006682	0.006756
[LOG]
CHECKSUM