[HEADER]
Format	J&M ASCII Table
Comment	
Date	05/03/2026 16:29:43
Order	Y (evenX)
TechType	UV
NumPoints	411
FirstX	310
LastX	720
XType	nm
YType	Absorbance
ZType	s
NumSubFile	3
Matrix	Z vs X
[LOGIN]
Name=pcbob
[INSTRUMENT]
Name=TIDAS E Base UV/VI
Detector=MMS - ASPEN 97,5 kHz
Diodearray=256 Pixel
Serial#=36584
Calibrated=2011-07-01
Range=183.81-729.88 [nm] (F0)

SWVersion=v3.18.2 (build 0)[LOGIN]
Name=pcbob
[CONFIG]
ChannelName=Channel 1
ChannelType=Normalized
[PARAMETER]
It=400,00
Aver=5
Norm=3
Range=310,0-720,0 nm
Scan=Time
ScanTime=5,00 s
[TRIGGER]
Sweep=0
Scan=0
[DIO]
DigOut=0x0000
DigIn=0x0000
[DATA]
	00:00:00,000	00:00:02,000	00:00:04,000
310	0.601497	0.600982	0.600623
311	0.592325	0.591826	0.591522
312	0.583363	0.582907	0.582641
313	0.574531	0.57409	0.573866
314	0.565879	0.565414	0.565234
315	0.557304	0.556811	0.556642
316	0.548971	0.548436	0.548171
317	0.540651	0.540082	0.539723
318	0.532536	0.532028	0.531609
319	0.52442	0.523973	0.523495
320	0.51644	0.515977	0.515558
321	0.508478	0.507989	0.507644
322	0.500639	0.500162	0.499838
323	0.49285	0.492401	0.492078
324	0.48524	0.484782	0.484479
325	0.477788	0.477287	0.477024
326	0.470355	0.469849	0.469586
327	0.46296	0.462514	0.462179
328	0.455564	0.455177	0.454785
329	0.448166	0.447825	0.447448
330	0.440769	0.440473	0.440111
331	0.433664	0.433208	0.432847
332	0.426558	0.425943	0.425584
333	0.419659	0.419036	0.418752
334	0.412804	0.412205	0.412012
335	0.406018	0.405503	0.40528
336	0.399269	0.398872	0.398551
337	0.392554	0.392229	0.391851
338	0.385877	0.385574	0.385181
339	0.379295	0.378986	0.378581
340	0.372938	0.372558	0.372144
341	0.36659	0.366149	0.365729
342	0.360306	0.35987	0.359469
343	0.354021	0.353591	0.35321
344	0.347794	0.347393	0.347021
345	0.34157	0.3412	0.340836
346	0.335565	0.335155	0.334875
347	0.329624	0.329153	0.328979
348	0.3237	0.323208	0.323018
349	0.317786	0.317299	0.317013
350	0.311952	0.311476	0.311154
351	0.306226	0.305767	0.305492
352	0.300522	0.300071	0.299837
353	0.294882	0.294417	0.294198
354	0.289253	0.288773	0.288571
355	0.283755	0.283255	0.283081
356	0.278257	0.277737	0.277591
357	0.272724	0.272231	0.272064
358	0.267186	0.266727	0.266533
359	0.261892	0.261419	0.261238
360	0.256688	0.256182	0.256029
361	0.251581	0.251047	0.250884
362	0.246549	0.245992	0.24579
363	0.241524	0.240998	0.240762
364	0.236509	0.236099	0.235839
365	0.231549	0.231216	0.230937
366	0.226788	0.22639	0.226111
367	0.222036	0.221576	0.221294
368	0.217456	0.217011	0.216685
369	0.212876	0.212447	0.212076
370	0.208298	0.207834	0.207528
371	0.20372	0.203214	0.202988
372	0.199291	0.198785	0.198573
373	0.194926	0.194436	0.194212
374	0.190647	0.190179	0.189944
375	0.186443	0.186003	0.185758
376	0.182266	0.181839	0.181594
377	0.178138	0.177697	0.177467
378	0.174055	0.173603	0.173376
379	0.170164	0.169708	0.16944
380	0.166276	0.165815	0.165509
381	0.162535	0.162061	0.161778
382	0.158793	0.158307	0.158047
383	0.15515	0.154656	0.154429
384	0.151524	0.151022	0.15083
385	0.147981	0.147512	0.147298
386	0.144477	0.14406	0.143796
387	0.141162	0.140761	0.140465
388	0.138024	0.137605	0.137293
389	0.134883	0.134476	0.134168
390	0.131735	0.131395	0.13113
391	0.128585	0.128301	0.128072
392	0.125424	0.125148	0.124925
393	0.122269	0.122	0.121782
394	0.119508	0.119193	0.118935
395	0.116748	0.116385	0.116089
396	0.11414	0.113815	0.113551
397	0.111559	0.111287	0.111069
398	0.109102	0.108814	0.10867
399	0.106704	0.106367	0.106309
400	0.104262	0.103908	0.103826
401	0.10178	0.101437	0.101226
402	0.0993	0.098951	0.098679
403	0.096825	0.096435	0.096231
404	0.094405	0.093988	0.093843
405	0.092233	0.091844	0.091721
406	0.09006	0.089701	0.089598
407	0.087843	0.087558	0.087404
408	0.085625	0.085416	0.08521
409	0.083495	0.083254	0.083096
410	0.08138	0.081088	0.080996
411	0.079231	0.078927	0.078846
412	0.077066	0.076768	0.076674
413	0.074971	0.074681	0.074607
414	0.072938	0.072658	0.072634
415	0.070878	0.070567	0.070553
416	0.068768	0.068355	0.068283
417	0.066655	0.066183	0.066059
418	0.06453	0.064165	0.064019
419	0.062416	0.062153	0.061988
420	0.060609	0.060288	0.060149
421	0.058801	0.058423	0.05831
422	0.057215	0.056864	0.056766
423	0.055661	0.055347	0.055264
424	0.053965	0.053688	0.05362
425	0.052213	0.051972	0.05192
426	0.050655	0.050379	0.05035
427	0.049252	0.048885	0.048886
428	0.047914	0.047502	0.047516
429	0.046676	0.04629	0.046289
430	0.045431	0.045073	0.045065
431	0.044166	0.043839	0.043854
432	0.042912	0.042609	0.042644
433	0.041792	0.04141	0.041434
434	0.040672	0.040212	0.040224
435	0.039517	0.039102	0.039123
436	0.03836	0.038001	0.038032
437	0.03718	0.036874	0.036876
438	0.035994	0.03574	0.035698
439	0.034917	0.034633	0.034587
440	0.033913	0.033545	0.033522
441	0.032988	0.032585	0.03258
442	0.032161	0.031788	0.031794
443	0.031286	0.030955	0.030951
444	0.030288	0.030032	0.029961
445	0.029313	0.02912	0.028998
446	0.028505	0.028292	0.028221
447	0.027698	0.027463	0.027443
448	0.026965	0.026707	0.026728
449	0.026234	0.025953	0.026016
450	0.025542	0.025277	0.025306
451	0.024858	0.024617	0.024597
452	0.024171	0.023916	0.023906
453	0.023482	0.023192	0.023223
454	0.022846	0.02254	0.022587
455	0.022262	0.021959	0.021999
456	0.021676	0.021386	0.021413
457	0.02109	0.020827	0.020833
458	0.02052	0.020274	0.020268
459	0.020022	0.019743	0.019769
460	0.019522	0.019212	0.01927
461	0.018981	0.018694	0.018756
462	0.018441	0.018176	0.018242
463	0.017945	0.017669	0.017712
464	0.017454	0.017163	0.017179
465	0.016949	0.016649	0.016666
466	0.016437	0.016131	0.016159
467	0.016084	0.015786	0.015814
468	0.015844	0.015565	0.015584
469	0.015512	0.015245	0.015259
470	0.015061	0.014795	0.01481
471	0.014635	0.014378	0.014387
472	0.014275	0.014044	0.014029
473	0.01392	0.013715	0.013684
474	0.013603	0.013414	0.013427
475	0.013286	0.013113	0.01317
476	0.012983	0.012824	0.012843
477	0.01268	0.012536	0.012516
478	0.012328	0.01215	0.012131
479	0.011967	0.011744	0.011736
480	0.011633	0.011412	0.011407
481	0.011314	0.011114	0.011109
482	0.010982	0.010789	0.010785
483	0.010641	0.010441	0.01044
484	0.010267	0.010055	0.010077
485	0.009842	0.009609	0.009685
486	0.009496	0.009243	0.009349
487	0.009401	0.009134	0.009192
488	0.009305	0.009026	0.00904
489	0.009191	0.008929	0.008941
490	0.009077	0.008832	0.008843
491	0.008971	0.00874	0.008734
492	0.008864	0.008649	0.008626
493	0.008707	0.008487	0.008474
494	0.008538	0.008307	0.008312
495	0.008479	0.008242	0.008238
496	0.008477	0.008237	0.00821
497	0.008411	0.008151	0.00812
498	0.008286	0.007988	0.007973
499	0.00813	0.007812	0.007829
500	0.007922	0.007615	0.00769
501	0.007739	0.007442	0.007558
502	0.00764	0.007349	0.007449
503	0.00754	0.007252	0.007338
504	0.007416	0.007109	0.007192
505	0.007293	0.006965	0.007046
506	0.007206	0.006904	0.006923
507	0.007121	0.006848	0.006802
508	0.006977	0.006698	0.006707
509	0.006818	0.006526	0.006619
510	0.00667	0.006378	0.006483
511	0.006528	0.006242	0.006322
512	0.006416	0.00613	0.006206
513	0.00633	0.006041	0.006131
514	0.006249	0.005984	0.006064
515	0.006178	0.005981	0.006012
516	0.006109	0.005955	0.005961
517	0.00605	0.005857	0.005912
518	0.00599	0.00576	0.005854
519	0.005921	0.005665	0.005728
520	0.005853	0.00557	0.005602
521	0.005873	0.00554	0.005659
522	0.005895	0.005511	0.005723
523	0.005824	0.005495	0.005677
524	0.005735	0.005481	0.00561
525	0.005659	0.005431	0.005547
526	0.005588	0.005366	0.005486
527	0.005553	0.005315	0.005423
528	0.005548	0.005274	0.005359
529	0.005481	0.005208	0.00528
530	0.005332	0.005108	0.005181
531	0.0052	0.005011	0.005088
532	0.005107	0.004924	0.005005
533	0.005015	0.004834	0.004919
534	0.004933	0.004726	0.004816
535	0.004851	0.004618	0.004714
536	0.004796	0.004538	0.00459
537	0.004741	0.004458	0.004467
538	0.004792	0.004503	0.004526
539	0.004857	0.004564	0.004606
540	0.004812	0.004549	0.004593
541	0.004734	0.004512	0.00455
542	0.004731	0.004501	0.004564
543	0.004774	0.004505	0.00461
544	0.004796	0.004511	0.00463
545	0.004799	0.00452	0.004626
546	0.004813	0.004535	0.004652
547	0.004849	0.004563	0.00473
548	0.004883	0.004592	0.004787
549	0.00491	0.004626	0.004781
550	0.00493	0.004654	0.004771
551	0.004892	0.004645	0.00473
552	0.004854	0.004635	0.00469
553	0.004783	0.004554	0.004614
554	0.004711	0.004472	0.004537
555	0.004656	0.004393	0.004464
556	0.004604	0.004315	0.004391
557	0.004568	0.004272	0.004342
558	0.004538	0.004243	0.004303
559	0.004518	0.004225	0.004294
560	0.004506	0.004215	0.004306
561	0.004511	0.004214	0.004307
562	0.004534	0.004221	0.004297
563	0.004535	0.004221	0.004286
564	0.004496	0.004208	0.004274
565	0.004452	0.004195	0.004265
566	0.004395	0.004185	0.004269
567	0.004347	0.004176	0.004268
568	0.004361	0.004186	0.004234
569	0.004376	0.004195	0.004199
570	0.00437	0.004176	0.0042
571	0.004365	0.004156	0.004202
572	0.004378	0.00418	0.004201
573	0.004394	0.00421	0.0042
574	0.004399	0.004193	0.00421
575	0.004401	0.00416	0.004223
576	0.00441	0.004147	0.004225
577	0.004423	0.004145	0.004218
578	0.004405	0.004135	0.004204
579	0.004359	0.004115	0.004181
580	0.004335	0.004102	0.004158
581	0.004345	0.004097	0.004133
582	0.004338	0.004077	0.004102
583	0.004286	0.004013	0.004051
584	0.00424	0.003959	0.004007
585	0.004232	0.003963	0.003998
586	0.004227	0.003968	0.003995
587	0.004262	0.004031	0.004082
588	0.004298	0.004094	0.00417
589	0.004321	0.004114	0.004182
590	0.004343	0.004131	0.004189
591	0.004346	0.004126	0.0042
592	0.004345	0.004117	0.004212
593	0.004398	0.00416	0.004264
594	0.004474	0.004225	0.004334
595	0.004553	0.004305	0.004395
596	0.004634	0.004394	0.004452
597	0.004701	0.00448	0.004514
598	0.004753	0.004564	0.004584
599	0.004802	0.004623	0.004649
600	0.004849	0.004638	0.004704
601	0.004897	0.004664	0.004764
602	0.004948	0.004725	0.004839
603	0.005	0.004785	0.004908
604	0.005055	0.004836	0.004942
605	0.005113	0.00489	0.004979
606	0.005224	0.005005	0.0051
607	0.005336	0.005121	0.005221
608	0.005338	0.005113	0.005207
609	0.005332	0.005095	0.005184
610	0.005321	0.005086	0.005164
611	0.00531	0.005079	0.005144
612	0.005306	0.005071	0.005118
613	0.005305	0.005064	0.005088
614	0.005315	0.005061	0.005123
615	0.005333	0.005062	0.005198
616	0.005383	0.005099	0.005249
617	0.005464	0.005172	0.005275
618	0.005497	0.005214	0.005291
619	0.005459	0.00521	0.00529
620	0.005431	0.005208	0.00529
621	0.005428	0.00521	0.005289
622	0.005437	0.00522	0.005298
623	0.005495	0.005261	0.005344
624	0.005555	0.005307	0.005391
625	0.005639	0.005394	0.005456
626	0.005722	0.005482	0.005521
627	0.00581	0.005587	0.005647
628	0.005898	0.005692	0.005774
629	0.005967	0.005775	0.005855
630	0.006034	0.005856	0.00593
631	0.00611	0.005905	0.005987
632	0.006187	0.005946	0.006039
633	0.006284	0.006024	0.006105
634	0.00639	0.006117	0.006177
635	0.006482	0.006227	0.006285
636	0.006565	0.006349	0.006418
637	0.006601	0.006399	0.006467
638	0.006591	0.006379	0.006435
639	0.00661	0.006395	0.006455
640	0.006673	0.006464	0.006553
641	0.006725	0.006521	0.006628
642	0.006754	0.006551	0.006652
643	0.00679	0.006577	0.006671
644	0.006849	0.006588	0.006672
645	0.006893	0.006598	0.006667
646	0.006822	0.006589	0.006618
647	0.006752	0.006577	0.00657
648	0.006722	0.006469	0.006529
649	0.006691	0.006361	0.006488
650	0.006499	0.006208	0.006343
651	0.006296	0.006053	0.006191
652	0.006232	0.005959	0.00608
653	0.006191	0.005874	0.005976
654	0.006125	0.005792	0.005896
655	0.006051	0.005709	0.005824
656	0.006033	0.005697	0.005798
657	0.006044	0.00572	0.005794
658	0.006109	0.005826	0.005869
659	0.006212	0.005991	0.005998
660	0.006325	0.006127	0.006134
661	0.006449	0.006234	0.006276
662	0.006566	0.006335	0.006412
663	0.006675	0.006427	0.006539
664	0.006796	0.006539	0.006663
665	0.006943	0.006692	0.00678
666	0.007078	0.006829	0.006909
667	0.007174	0.006915	0.007075
668	0.007265	0.006991	0.007212
669	0.007332	0.007016	0.007204
670	0.007398	0.007048	0.007201
671	0.007445	0.007153	0.007269
672	0.007493	0.007257	0.007336
673	0.007566	0.007335	0.007373
674	0.00764	0.007413	0.007411
675	0.007625	0.007414	0.007465
676	0.007602	0.007409	0.007521
677	0.007622	0.007383	0.00751
678	0.00765	0.007354	0.007486
679	0.007647	0.007376	0.00747
680	0.007633	0.007414	0.007457
681	0.00765	0.00743	0.007484
682	0.00768	0.007437	0.007529
683	0.007688	0.007447	0.007556
684	0.007682	0.007459	0.007571
685	0.007705	0.007502	0.007581
686	0.007751	0.007571	0.007589
687	0.00779	0.007597	0.007589
688	0.007818	0.007569	0.00758
689	0.007857	0.007568	0.007587
690	0.007914	0.007609	0.00762
691	0.007969	0.007659	0.007664
692	0.008019	0.00773	0.007735
693	0.008058	0.007781	0.007804
694	0.008061	0.00777	0.007864
695	0.008073	0.00777	0.007919
696	0.008133	0.007826	0.007946
697	0.008185	0.007881	0.007977
698	0.008172	0.007927	0.008042
699	0.008161	0.007972	0.008105
700	0.008199	0.007988	0.00813
701	0.008238	0.008005	0.008155
702	0.00821	0.007957	0.008068
703	0.008179	0.007907	0.007978
704	0.008267	0.00801	0.008087
705	0.008369	0.00813	0.008218
706	0.00839	0.008175	0.00826
707	0.008396	0.008205	0.008284
708	0.00845	0.00833	0.008371
709	0.00852	0.008483	0.008475
710	0.00861	0.008554	0.008574
711	0.008709	0.00859	0.00867
712	0.008832	0.00869	0.008774
713	0.008968	0.008826	0.008883
714	0.009055	0.008856	0.00889
715	0.009106	0.008808	0.008824
716	0.009173	0.008813	0.008838
717	0.009254	0.008867	0.008928
718	0.00929	0.00894	0.008999
719	0.009275	0.009037	0.009048
720	0.009275	0.009088	0.009089
[LOG]
CHECKSUMÚ?