[HEADER]
Format	J&M ASCII Table
Comment	
Date	05/03/2026 15:59:48
Order	Y (evenX)
TechType	UV
NumPoints	411
FirstX	310
LastX	720
XType	nm
YType	Absorbance
ZType	s
NumSubFile	3
Matrix	Z vs X
[LOGIN]
Name=pcbob
[INSTRUMENT]
Name=TIDAS E Base UV/VI
Detector=MMS - ASPEN 97,5 kHz
Diodearray=256 Pixel
Serial#=36584
Calibrated=2011-07-01
Range=183.81-729.88 [nm] (F0)

SWVersion=v3.18.2 (build 0)[LOGIN]
Name=pcbob
[CONFIG]
ChannelName=Channel 1
ChannelType=Normalized
[PARAMETER]
It=400,00
Aver=5
Norm=3
Range=310,0-720,0 nm
Scan=Time
ScanTime=5,00 s
[TRIGGER]
Sweep=0
Scan=0
[DIO]
DigOut=0x0000
DigIn=0x0000
[DATA]
	00:00:00,000	00:00:02,000	00:00:04,000
310	0.443619	0.443193	0.442873
311	0.436956	0.43653	0.436241
312	0.430464	0.430032	0.429738
313	0.424062	0.423632	0.423329
314	0.417782	0.417369	0.417049
315	0.41154	0.411147	0.410801
316	0.405422	0.405057	0.404655
317	0.399311	0.398973	0.398522
318	0.393308	0.392987	0.392581
319	0.387305	0.387	0.38664
320	0.381479	0.38115	0.380838
321	0.375676	0.375317	0.375054
322	0.369919	0.369577	0.369299
323	0.364181	0.363873	0.363556
324	0.358491	0.358188	0.357889
325	0.352844	0.352519	0.35229
326	0.347233	0.346883	0.346687
327	0.341685	0.341307	0.341077
328	0.336161	0.335765	0.335499
329	0.330741	0.330379	0.330063
330	0.325321	0.324994	0.324629
331	0.319967	0.319649	0.319269
332	0.314612	0.314305	0.31391
333	0.309468	0.309096	0.308748
334	0.304369	0.303916	0.303629
335	0.299266	0.298806	0.298548
336	0.294161	0.293734	0.293487
337	0.289069	0.288679	0.288401
338	0.283992	0.283643	0.283288
339	0.27904	0.278735	0.278322
340	0.274383	0.274128	0.273704
341	0.269712	0.269493	0.269062
342	0.264938	0.26466	0.264243
343	0.260163	0.259828	0.259424
344	0.255517	0.255194	0.25486
345	0.250878	0.250571	0.250309
346	0.24633	0.246023	0.2458
347	0.241809	0.241497	0.241303
348	0.237345	0.237044	0.236824
349	0.232919	0.232641	0.232355
350	0.228544	0.228253	0.227942
351	0.224238	0.223887	0.223603
352	0.219932	0.219541	0.219292
353	0.215628	0.215258	0.215066
354	0.21134	0.21099	0.21085
355	0.207245	0.206901	0.20674
356	0.203149	0.202813	0.202631
357	0.199096	0.198799	0.19854
358	0.195047	0.194794	0.194451
359	0.190998	0.190759	0.190373
360	0.186949	0.186714	0.186299
361	0.182997	0.18277	0.182343
362	0.179121	0.178905	0.178479
363	0.175251	0.174997	0.174614
364	0.171391	0.171022	0.170746
365	0.167561	0.167115	0.166914
366	0.163841	0.163459	0.163217
367	0.160127	0.159807	0.159524
368	0.156566	0.15626	0.155932
369	0.153004	0.152712	0.15234
370	0.149395	0.149133	0.148786
371	0.14578	0.145549	0.145238
372	0.142248	0.142023	0.141756
373	0.138751	0.138521	0.138301
374	0.135313	0.135052	0.134857
375	0.131927	0.131612	0.131423
376	0.128537	0.128206	0.12801
377	0.125137	0.12486	0.124637
378	0.121763	0.121527	0.12128
379	0.118491	0.118248	0.117991
380	0.115221	0.114972	0.114705
381	0.11203	0.111806	0.111543
382	0.108838	0.10864	0.108382
383	0.105726	0.105535	0.105261
384	0.102627	0.102441	0.102147
385	0.099533	0.099362	0.099086
386	0.096442	0.096291	0.096051
387	0.093528	0.09334	0.093103
388	0.09078	0.090501	0.090236
389	0.088027	0.087703	0.08744
390	0.085267	0.084979	0.084779
391	0.082487	0.082228	0.082081
392	0.07962	0.079347	0.079222
393	0.076757	0.07647	0.076365
394	0.074156	0.073872	0.073729
395	0.071555	0.071274	0.071094
396	0.069113	0.068815	0.068633
397	0.0667	0.066381	0.066203
398	0.064271	0.064024	0.063838
399	0.061835	0.061703	0.061503
400	0.059391	0.059269	0.059064
401	0.056939	0.056729	0.056529
402	0.054474	0.054199	0.054004
403	0.051986	0.051687	0.051499
404	0.04956	0.049247	0.049069
405	0.047409	0.047125	0.046977
406	0.045256	0.045001	0.044881
407	0.042997	0.042755	0.042621
408	0.040739	0.040509	0.040361
409	0.038496	0.038245	0.038112
410	0.036254	0.035977	0.035864
411	0.033965	0.033718	0.033618
412	0.031655	0.031462	0.031373
413	0.029515	0.029341	0.029232
414	0.027527	0.027342	0.027187
415	0.025443	0.025242	0.025078
416	0.02319	0.022966	0.02286
417	0.020951	0.020723	0.02066
418	0.018768	0.01861	0.018539
419	0.016594	0.016501	0.016421
420	0.014652	0.014498	0.014392
421	0.01271	0.012495	0.012362
422	0.010911	0.010704	0.010626
423	0.009132	0.008943	0.008931
424	0.00726	0.00709	0.007082
425	0.005352	0.005199	0.005173
426	0.003642	0.003474	0.003451
427	0.002092	0.001881	0.001879
428	0.000654	0.000424	0.00042
429	-0.000611	-0.000822	-0.000864
430	-0.001907	-0.002103	-0.002169
431	-0.003309	-0.0035	-0.003539
432	-0.004715	-0.004899	-0.004917
433	-0.00618	-0.006326	-0.006376
434	-0.007646	-0.007753	-0.007834
435	-0.008847	-0.008961	-0.009084
436	-0.010024	-0.010148	-0.010315
437	-0.011309	-0.011425	-0.011527
438	-0.012629	-0.012731	-0.012733
439	-0.013873	-0.014003	-0.013961
440	-0.015067	-0.015252	-0.015204
441	-0.016118	-0.016345	-0.016313
442	-0.016987	-0.017239	-0.017249
443	-0.017925	-0.018186	-0.018226
444	-0.019039	-0.019265	-0.019309
445	-0.020133	-0.020322	-0.020371
446	-0.021086	-0.021227	-0.021291
447	-0.022039	-0.022133	-0.022212
448	-0.022855	-0.023028	-0.023099
449	-0.023667	-0.023922	-0.023986
450	-0.024456	-0.024693	-0.024737
451	-0.02524	-0.025436	-0.025456
452	-0.026009	-0.026158	-0.026174
453	-0.026771	-0.02687	-0.026891
454	-0.027445	-0.027534	-0.027551
455	-0.028031	-0.028151	-0.028153
456	-0.028615	-0.028746	-0.028759
457	-0.029197	-0.029298	-0.029375
458	-0.029778	-0.029858	-0.029982
459	-0.030359	-0.030443	-0.030558
460	-0.030939	-0.031027	-0.031132
461	-0.031493	-0.031585	-0.03166
462	-0.032046	-0.032144	-0.032188
463	-0.032525	-0.032667	-0.032695
464	-0.032995	-0.033185	-0.0332
465	-0.033475	-0.03369	-0.033695
466	-0.03396	-0.034191	-0.034187
467	-0.034305	-0.034529	-0.034527
468	-0.034551	-0.034751	-0.034759
469	-0.034827	-0.035014	-0.035039
470	-0.035142	-0.035331	-0.035384
471	-0.035481	-0.035677	-0.035727
472	-0.035881	-0.036095	-0.036066
473	-0.036258	-0.036481	-0.036394
474	-0.036489	-0.036651	-0.036639
475	-0.036721	-0.03682	-0.036884
476	-0.036976	-0.03708	-0.037084
477	-0.037231	-0.037342	-0.037282
478	-0.037486	-0.037586	-0.037579
479	-0.037741	-0.037825	-0.037895
480	-0.037979	-0.038091	-0.038139
481	-0.038208	-0.038369	-0.03835
482	-0.038487	-0.038665	-0.03863
483	-0.038806	-0.038977	-0.038971
484	-0.039155	-0.039314	-0.039337
485	-0.039547	-0.039692	-0.039741
486	-0.039817	-0.039954	-0.040009
487	-0.039702	-0.039855	-0.039852
488	-0.039589	-0.039758	-0.039705
489	-0.039503	-0.039694	-0.039656
490	-0.039417	-0.03963	-0.039606
491	-0.039326	-0.039494	-0.03946
492	-0.039235	-0.039354	-0.039309
493	-0.039126	-0.039262	-0.039187
494	-0.039013	-0.039182	-0.039072
495	-0.038889	-0.0391	-0.038994
496	-0.038759	-0.039016	-0.038936
497	-0.038727	-0.038954	-0.038917
498	-0.038788	-0.038912	-0.038937
499	-0.038818	-0.038915	-0.038953
500	-0.038794	-0.038992	-0.038962
501	-0.038758	-0.03903	-0.038947
502	-0.038687	-0.038933	-0.038848
503	-0.038619	-0.03884	-0.038757
504	-0.038599	-0.03879	-0.038752
505	-0.038578	-0.03874	-0.038747
506	-0.038461	-0.038614	-0.038611
507	-0.038338	-0.038484	-0.038468
508	-0.038217	-0.038404	-0.038362
509	-0.038096	-0.038336	-0.038265
510	-0.038037	-0.03828	-0.038171
511	-0.038009	-0.038229	-0.038078
512	-0.037965	-0.038165	-0.038015
513	-0.037905	-0.038089	-0.03798
514	-0.037804	-0.037983	-0.037906
515	-0.037634	-0.037829	-0.037769
516	-0.037473	-0.037673	-0.03763
517	-0.037338	-0.037511	-0.037486
518	-0.037207	-0.037358	-0.037342
519	-0.037108	-0.037268	-0.037193
520	-0.03701	-0.037178	-0.037044
521	-0.036823	-0.037006	-0.036926
522	-0.036634	-0.036832	-0.036809
523	-0.036464	-0.036662	-0.036664
524	-0.036299	-0.036492	-0.036514
525	-0.036191	-0.036377	-0.03636
526	-0.036108	-0.036287	-0.036205
527	-0.035985	-0.036184	-0.036089
528	-0.03583	-0.036069	-0.036006
529	-0.035724	-0.035956	-0.035909
530	-0.035681	-0.035844	-0.035795
531	-0.035604	-0.035732	-0.035673
532	-0.035443	-0.035621	-0.035531
533	-0.035276	-0.035493	-0.035385
534	-0.035071	-0.035275	-0.035221
535	-0.034867	-0.035058	-0.035056
536	-0.034688	-0.034931	-0.034839
537	-0.034509	-0.034803	-0.034621
538	-0.034277	-0.034551	-0.03439
539	-0.034038	-0.034284	-0.034157
540	-0.033879	-0.034108	-0.034007
541	-0.033744	-0.033959	-0.033883
542	-0.03362	-0.033799	-0.033741
543	-0.033502	-0.033631	-0.03359
544	-0.033342	-0.033458	-0.033411
545	-0.033139	-0.033281	-0.033205
546	-0.032901	-0.033084	-0.032973
547	-0.032607	-0.032854	-0.032694
548	-0.032338	-0.032611	-0.032431
549	-0.03215	-0.032328	-0.032212
550	-0.031959	-0.032055	-0.032
551	-0.031744	-0.031852	-0.031834
552	-0.031529	-0.031649	-0.031668
553	-0.031372	-0.031521	-0.031464
554	-0.031215	-0.031394	-0.03126
555	-0.031025	-0.031219	-0.031074
556	-0.03083	-0.031036	-0.03089
557	-0.030639	-0.030874	-0.030753
558	-0.03045	-0.030719	-0.030633
559	-0.030239	-0.030513	-0.030422
560	-0.030015	-0.030274	-0.030153
561	-0.029809	-0.030048	-0.029915
562	-0.029623	-0.029836	-0.029711
563	-0.029465	-0.029645	-0.029552
564	-0.029358	-0.02949	-0.029471
565	-0.02926	-0.02936	-0.02939
566	-0.029193	-0.029311	-0.029312
567	-0.02913	-0.029265	-0.029238
568	-0.029098	-0.029245	-0.029196
569	-0.029066	-0.029224	-0.029155
570	-0.029074	-0.029201	-0.029162
571	-0.029083	-0.029179	-0.02917
572	-0.028978	-0.02909	-0.029071
573	-0.028855	-0.028991	-0.028955
574	-0.02874	-0.028873	-0.028844
575	-0.028627	-0.02875	-0.028733
576	-0.028505	-0.02862	-0.028596
577	-0.028377	-0.028487	-0.028443
578	-0.028275	-0.028374	-0.028322
579	-0.028198	-0.028279	-0.028233
580	-0.028066	-0.028144	-0.028109
581	-0.027848	-0.027947	-0.027931
582	-0.027616	-0.027727	-0.02773
583	-0.027349	-0.027447	-0.027467
584	-0.027074	-0.027165	-0.027194
585	-0.026753	-0.026873	-0.026867
586	-0.026432	-0.02658	-0.026539
587	-0.026115	-0.026259	-0.026191
588	-0.025797	-0.025938	-0.025843
589	-0.025489	-0.025606	-0.025528
590	-0.025181	-0.025273	-0.025215
591	-0.024902	-0.025003	-0.024967
592	-0.024629	-0.024747	-0.024735
593	-0.024368	-0.024508	-0.024489
594	-0.024112	-0.024276	-0.024236
595	-0.023871	-0.024022	-0.023994
596	-0.023642	-0.023752	-0.023759
597	-0.023391	-0.023482	-0.023501
598	-0.023118	-0.023211	-0.023219
599	-0.022862	-0.022976	-0.02296
600	-0.022636	-0.022799	-0.022742
601	-0.022415	-0.022605	-0.022521
602	-0.022205	-0.022358	-0.022292
603	-0.021986	-0.022105	-0.022054
604	-0.021708	-0.021818	-0.021763
605	-0.021428	-0.021529	-0.02147
606	-0.021056	-0.021216	-0.021137
607	-0.020685	-0.020903	-0.020804
608	-0.020402	-0.020599	-0.02053
609	-0.020126	-0.020296	-0.020259
610	-0.019942	-0.020066	-0.02004
611	-0.019779	-0.019852	-0.019833
612	-0.0195	-0.019599	-0.019567
613	-0.019174	-0.019331	-0.019278
614	-0.018913	-0.019103	-0.019047
615	-0.018693	-0.018901	-0.018853
616	-0.018441	-0.018621	-0.018583
617	-0.018158	-0.018264	-0.018237
618	-0.017913	-0.017982	-0.017944
619	-0.017726	-0.017813	-0.017727
620	-0.01753	-0.017623	-0.017518
621	-0.017309	-0.017385	-0.017327
622	-0.017079	-0.017146	-0.017121
623	-0.016814	-0.016903	-0.016855
624	-0.016553	-0.016661	-0.016595
625	-0.016329	-0.016442	-0.016394
626	-0.016104	-0.016222	-0.016193
627	-0.015851	-0.015976	-0.01591
628	-0.015597	-0.01573	-0.015627
629	-0.015281	-0.015472	-0.015385
630	-0.014958	-0.015214	-0.015147
631	-0.014765	-0.014982	-0.014922
632	-0.014605	-0.014757	-0.0147
633	-0.014383	-0.01453	-0.014465
634	-0.014133	-0.014301	-0.014224
635	-0.013911	-0.014039	-0.013999
636	-0.013708	-0.013756	-0.013785
637	-0.013548	-0.01359	-0.013609
638	-0.013431	-0.01354	-0.013472
639	-0.013235	-0.013396	-0.013266
640	-0.012923	-0.013114	-0.012959
641	-0.012637	-0.012835	-0.012692
642	-0.01241	-0.012561	-0.012515
643	-0.012194	-0.012315	-0.012335
644	-0.012019	-0.01217	-0.012144
645	-0.011845	-0.012026	-0.011958
646	-0.01168	-0.011887	-0.011808
647	-0.011519	-0.011751	-0.011662
648	-0.011497	-0.011681	-0.011619
649	-0.011474	-0.011612	-0.011575
650	-0.011642	-0.011768	-0.011707
651	-0.01182	-0.011938	-0.011849
652	-0.012157	-0.012289	-0.012174
653	-0.012522	-0.01267	-0.01253
654	-0.012827	-0.012949	-0.012845
655	-0.013115	-0.013197	-0.013146
656	-0.013109	-0.013195	-0.013154
657	-0.012962	-0.013074	-0.013021
658	-0.012647	-0.012775	-0.012717
659	-0.012212	-0.012351	-0.012292
660	-0.01159	-0.011713	-0.011691
661	-0.010781	-0.010862	-0.010914
662	-0.010051	-0.010101	-0.010193
663	-0.009432	-0.009469	-0.009549
664	-0.008905	-0.008959	-0.009008
665	-0.008563	-0.008697	-0.008677
666	-0.008228	-0.008436	-0.008357
667	-0.007913	-0.008178	-0.008072
668	-0.007622	-0.007919	-0.007801
669	-0.007454	-0.007652	-0.007603
670	-0.007282	-0.00739	-0.0074
671	-0.00706	-0.007188	-0.007142
672	-0.006838	-0.006986	-0.006884
673	-0.006653	-0.006803	-0.006733
674	-0.006467	-0.00662	-0.006582
675	-0.006341	-0.00646	-0.006438
676	-0.00622	-0.006303	-0.006295
677	-0.006049	-0.006181	-0.006146
678	-0.005869	-0.006065	-0.005996
679	-0.005725	-0.005918	-0.005869
680	-0.005591	-0.00576	-0.005748
681	-0.005437	-0.0056	-0.005591
682	-0.005272	-0.005438	-0.005417
683	-0.005133	-0.005279	-0.005242
684	-0.00501	-0.005121	-0.005066
685	-0.004855	-0.004971	-0.004912
686	-0.00467	-0.004827	-0.004776
687	-0.004523	-0.004676	-0.004638
688	-0.004418	-0.004516	-0.004498
689	-0.004276	-0.004348	-0.004341
690	-0.004073	-0.004169	-0.004156
691	-0.003865	-0.003984	-0.003967
692	-0.003646	-0.003788	-0.003769
693	-0.003459	-0.003605	-0.003579
694	-0.003371	-0.003457	-0.003417
695	-0.003268	-0.003313	-0.003257
696	-0.003094	-0.003184	-0.003111
697	-0.002911	-0.003045	-0.002958
698	-0.002646	-0.002822	-0.002733
699	-0.002386	-0.0026	-0.00251
700	-0.002248	-0.002397	-0.002351
701	-0.00211	-0.002194	-0.002192
702	-0.00207	-0.002139	-0.002121
703	-0.002033	-0.002089	-0.002053
704	-0.001717	-0.001841	-0.001836
705	-0.001369	-0.00157	-0.001602
706	-0.001204	-0.001418	-0.001423
707	-0.001075	-0.001289	-0.001254
708	-0.000903	-0.001105	-0.001049
709	-0.000717	-0.000904	-0.000831
710	-0.000503	-0.00069	-0.000615
711	-0.000275	-0.000472	-0.000399
712	-0.000075	-0.000269	-0.00023
713	0.000112	-0.000076	-0.000088
714	0.000286	0.000118	0.000112
715	0.000451	0.000313	0.000352
716	0.000614	0.000521	0.000579
717	0.000775	0.000742	0.000792
718	0.000956	0.000914	0.000954
719	0.001162	0.001026	0.001056
720	0.001344	0.001173	0.001206
[LOG]
CHECKSUMø–