[HEADER]
Format	J&M ASCII Table
Comment	
Date	05/03/2026 16:35:33
Order	Y (evenX)
TechType	UV
NumPoints	411
FirstX	310
LastX	720
XType	nm
YType	Absorbance
ZType	s
NumSubFile	3
Matrix	Z vs X
[LOGIN]
Name=pcbob
[INSTRUMENT]
Name=TIDAS E Base UV/VI
Detector=MMS - ASPEN 97,5 kHz
Diodearray=256 Pixel
Serial#=36584
Calibrated=2011-07-01
Range=183.81-729.88 [nm] (F0)

SWVersion=v3.18.2 (build 0)[LOGIN]
Name=pcbob
[CONFIG]
ChannelName=Channel 1
ChannelType=Normalized
[PARAMETER]
It=400,00
Aver=5
Norm=3
Range=310,0-720,0 nm
Scan=Time
ScanTime=5,00 s
[TRIGGER]
Sweep=0
Scan=0
[DIO]
DigOut=0x0000
DigIn=0x0000
[DATA]
	00:00:00,000	00:00:02,000	00:00:04,000
310	0.51793	0.517459	0.516821
311	0.51022	0.50974	0.5091
312	0.502732	0.5022	0.501581
313	0.495325	0.494761	0.494161
314	0.488033	0.487461	0.486878
315	0.480792	0.480215	0.479647
316	0.473714	0.473139	0.47258
317	0.466655	0.466083	0.46553
318	0.459881	0.459314	0.458713
319	0.453107	0.452544	0.451896
320	0.44636	0.445731	0.445123
321	0.439616	0.438911	0.438357
322	0.432897	0.432199	0.431661
323	0.426189	0.425531	0.424995
324	0.419558	0.418907	0.418369
325	0.412993	0.412321	0.411777
326	0.406439	0.405767	0.405226
327	0.399902	0.399272	0.398747
328	0.393365	0.392762	0.392245
329	0.386828	0.38618	0.385636
330	0.380291	0.379598	0.379027
331	0.373619	0.373025	0.372476
332	0.366947	0.366451	0.365924
333	0.360598	0.360155	0.359635
334	0.354317	0.353918	0.353401
335	0.347987	0.347575	0.347065
336	0.341631	0.341174	0.340673
337	0.335272	0.334777	0.334246
338	0.32891	0.328384	0.32778
339	0.322597	0.322055	0.321418
340	0.316401	0.315876	0.315303
341	0.310216	0.309707	0.309205
342	0.304114	0.303604	0.303227
343	0.298012	0.297502	0.297249
344	0.292094	0.291647	0.291304
345	0.286186	0.285807	0.28536
346	0.280413	0.280048	0.279575
347	0.274679	0.274314	0.273836
348	0.269009	0.268691	0.268174
349	0.263382	0.263141	0.262564
350	0.257842	0.257646	0.257072
351	0.252423	0.252223	0.251741
352	0.24707	0.246834	0.246453
353	0.241918	0.241548	0.241294
354	0.23677	0.236287	0.236145
355	0.231675	0.231321	0.231126
356	0.226579	0.226355	0.226107
357	0.221719	0.221542	0.22119
358	0.216885	0.216744	0.216283
359	0.212122	0.211935	0.211503
360	0.207386	0.207121	0.20677
361	0.202801	0.202486	0.202213
362	0.198335	0.197991	0.197795
363	0.193873	0.193521	0.193363
364	0.189416	0.189089	0.188912
365	0.185012	0.184704	0.184513
366	0.180798	0.180488	0.180308
367	0.1766	0.176292	0.176117
368	0.17274	0.172528	0.172238
369	0.168881	0.168764	0.16836
370	0.164883	0.164718	0.164376
371	0.160865	0.160632	0.160377
372	0.156936	0.15672	0.156458
373	0.153044	0.152883	0.152573
374	0.149226	0.14905	0.148742
375	0.145472	0.14522	0.144961
376	0.141748	0.141471	0.141232
377	0.138076	0.137864	0.137595
378	0.134441	0.134279	0.133988
379	0.130966	0.130789	0.130508
380	0.127494	0.127302	0.127033
381	0.124146	0.123996	0.123738
382	0.120797	0.120691	0.120442
383	0.117508	0.117377	0.117157
384	0.114228	0.114062	0.113874
385	0.111015	0.11084	0.110663
386	0.107832	0.107662	0.107486
387	0.104803	0.104635	0.104474
388	0.101917	0.101749	0.101615
389	0.09907	0.098903	0.098775
390	0.096297	0.09613	0.09597
391	0.093493	0.093328	0.093139
392	0.090549	0.090393	0.090191
393	0.087609	0.087462	0.087248
394	0.085007	0.084877	0.084667
395	0.082404	0.082292	0.082086
396	0.079967	0.079833	0.079645
397	0.07756	0.077396	0.077229
398	0.075198	0.075012	0.074871
399	0.072858	0.072654	0.072541
400	0.070433	0.070254	0.070106
401	0.067928	0.067814	0.067573
402	0.06544	0.065386	0.0651
403	0.062981	0.062981	0.062741
404	0.060611	0.060647	0.06045
405	0.058634	0.05863	0.058466
406	0.056656	0.056612	0.056481
407	0.054621	0.05457	0.054394
408	0.052586	0.052529	0.052308
409	0.050524	0.05046	0.050299
410	0.048458	0.048386	0.048304
411	0.046424	0.046342	0.04624
412	0.044406	0.044311	0.044146
413	0.042456	0.042364	0.042142
414	0.040568	0.040493	0.040217
415	0.038659	0.038554	0.038294
416	0.036715	0.036494	0.036375
417	0.034777	0.034482	0.034457
418	0.032861	0.032658	0.032547
419	0.030958	0.030842	0.030649
420	0.029367	0.029218	0.02908
421	0.027775	0.027594	0.02751
422	0.026238	0.026063	0.025958
423	0.024709	0.024546	0.024408
424	0.023177	0.023005	0.022901
425	0.021645	0.021455	0.02141
426	0.020228	0.020076	0.020064
427	0.018904	0.018836	0.018835
428	0.017739	0.017704	0.017689
429	0.016819	0.016739	0.016671
430	0.015855	0.015764	0.015647
431	0.01475	0.014759	0.014601
432	0.013648	0.013746	0.013551
433	0.012586	0.012642	0.012452
434	0.011523	0.011538	0.011352
435	0.010578	0.010562	0.010437
436	0.009645	0.009599	0.00954
437	0.008636	0.008603	0.008528
438	0.007604	0.007598	0.007478
439	0.006705	0.006689	0.006568
440	0.005897	0.005845	0.005752
441	0.005111	0.00504	0.004986
442	0.004352	0.004285	0.004284
443	0.00359	0.00354	0.00356
444	0.00282	0.002817	0.002776
445	0.002062	0.002098	0.002008
446	0.001399	0.001397	0.001339
447	0.000735	0.000697	0.000669
448	0.000158	0.000119	0.000102
449	-0.000416	-0.000455	-0.000462
450	-0.000915	-0.000963	-0.000971
451	-0.001398	-0.001455	-0.001467
452	-0.001888	-0.001925	-0.001942
453	-0.002383	-0.002384	-0.002407
454	-0.002863	-0.002836	-0.002884
455	-0.00333	-0.003283	-0.003374
456	-0.003766	-0.003735	-0.003817
457	-0.004144	-0.004195	-0.004174
458	-0.00452	-0.004632	-0.004535
459	-0.004886	-0.00497	-0.004912
460	-0.005252	-0.005309	-0.005291
461	-0.005619	-0.005643	-0.005695
462	-0.005986	-0.005977	-0.006099
463	-0.006321	-0.006325	-0.006413
464	-0.006652	-0.006676	-0.006714
465	-0.006939	-0.006955	-0.00699
466	-0.00721	-0.007208	-0.007256
467	-0.007377	-0.007377	-0.007399
468	-0.00747	-0.007485	-0.007454
469	-0.007573	-0.007601	-0.007537
470	-0.007688	-0.007728	-0.007653
471	-0.007818	-0.007863	-0.007794
472	-0.007985	-0.008016	-0.007995
473	-0.008144	-0.008159	-0.00818
474	-0.008248	-0.008228	-0.008259
475	-0.008352	-0.008298	-0.008338
476	-0.008453	-0.008446	-0.008474
477	-0.008553	-0.008595	-0.008612
478	-0.008693	-0.008718	-0.008749
479	-0.008842	-0.008836	-0.008885
480	-0.009002	-0.008978	-0.00904
481	-0.009168	-0.009131	-0.009204
482	-0.00943	-0.009404	-0.009464
483	-0.009774	-0.009781	-0.009806
484	-0.01012	-0.01014	-0.010157
485	-0.010469	-0.01047	-0.010519
486	-0.010703	-0.01069	-0.010754
487	-0.010575	-0.010561	-0.010585
488	-0.010436	-0.010427	-0.010412
489	-0.010198	-0.010241	-0.0102
490	-0.00996	-0.010055	-0.009988
491	-0.009767	-0.009821	-0.009796
492	-0.009576	-0.009585	-0.009606
493	-0.009412	-0.009422	-0.009441
494	-0.009255	-0.009277	-0.009282
495	-0.009075	-0.00913	-0.009086
496	-0.008882	-0.008981	-0.008871
497	-0.008796	-0.008857	-0.008751
498	-0.008812	-0.008755	-0.008721
499	-0.008787	-0.008675	-0.008684
500	-0.008691	-0.008631	-0.008638
501	-0.008586	-0.008565	-0.008558
502	-0.008446	-0.008428	-0.008365
503	-0.008314	-0.008298	-0.008188
504	-0.008255	-0.008234	-0.008182
505	-0.008195	-0.00817	-0.008177
506	-0.008105	-0.008079	-0.008062
507	-0.008013	-0.007987	-0.007941
508	-0.007963	-0.007945	-0.007889
509	-0.007923	-0.007914	-0.007854
510	-0.00785	-0.007833	-0.007823
511	-0.007762	-0.007725	-0.007794
512	-0.007695	-0.00766	-0.007727
513	-0.007649	-0.007632	-0.007624
514	-0.00758	-0.007557	-0.007515
515	-0.007475	-0.007405	-0.007395
516	-0.007364	-0.007267	-0.007273
517	-0.007235	-0.007174	-0.007142
518	-0.007106	-0.007078	-0.007013
519	-0.006979	-0.006962	-0.006902
520	-0.006851	-0.006846	-0.006791
521	-0.006677	-0.006711	-0.006656
522	-0.006502	-0.006575	-0.00652
523	-0.00635	-0.006378	-0.006348
524	-0.006204	-0.006168	-0.006169
525	-0.006117	-0.006085	-0.006065
526	-0.006055	-0.006056	-0.005995
527	-0.006002	-0.005996	-0.005919
528	-0.005955	-0.005912	-0.00584
529	-0.005931	-0.005884	-0.005801
530	-0.00594	-0.005932	-0.005814
531	-0.005956	-0.005958	-0.005846
532	-0.005993	-0.005934	-0.005924
533	-0.006003	-0.0059	-0.005973
534	-0.005872	-0.005816	-0.00587
535	-0.005744	-0.005734	-0.005767
536	-0.005704	-0.005708	-0.005703
537	-0.005665	-0.005682	-0.00564
538	-0.00552	-0.005516	-0.005462
539	-0.005363	-0.005333	-0.005271
540	-0.005257	-0.00521	-0.005162
541	-0.005167	-0.005105	-0.00508
542	-0.005021	-0.005006	-0.004961
543	-0.004841	-0.00491	-0.004821
544	-0.004683	-0.00478	-0.00468
545	-0.004547	-0.004616	-0.004538
546	-0.004412	-0.004445	-0.00439
547	-0.004281	-0.004261	-0.004235
548	-0.004143	-0.004094	-0.004084
549	-0.003986	-0.003983	-0.003947
550	-0.003844	-0.003875	-0.003819
551	-0.003825	-0.003799	-0.003765
552	-0.003806	-0.003724	-0.003711
553	-0.003665	-0.003643	-0.00361
554	-0.003522	-0.003562	-0.003509
555	-0.003459	-0.00347	-0.003425
556	-0.003409	-0.003376	-0.003345
557	-0.00337	-0.003327	-0.003306
558	-0.003336	-0.003293	-0.003281
559	-0.003263	-0.003264	-0.003235
560	-0.003164	-0.003238	-0.003175
561	-0.003083	-0.003164	-0.003088
562	-0.00302	-0.00304	-0.002974
563	-0.00296	-0.002936	-0.002876
564	-0.002906	-0.002867	-0.002806
565	-0.002867	-0.002817	-0.002762
566	-0.002876	-0.002827	-0.002796
567	-0.002883	-0.002836	-0.002823
568	-0.002877	-0.002831	-0.002798
569	-0.002871	-0.002827	-0.002773
570	-0.002901	-0.002886	-0.002816
571	-0.002931	-0.002945	-0.002859
572	-0.002907	-0.002905	-0.002839
573	-0.002874	-0.002849	-0.002809
574	-0.002834	-0.002802	-0.002762
575	-0.002793	-0.002757	-0.002708
576	-0.002706	-0.002695	-0.002644
577	-0.002592	-0.002622	-0.002573
578	-0.002546	-0.00259	-0.002546
579	-0.002564	-0.002597	-0.002559
580	-0.002537	-0.002562	-0.002518
581	-0.00244	-0.002461	-0.002393
582	-0.002349	-0.002363	-0.002281
583	-0.002275	-0.00227	-0.0022
584	-0.002177	-0.002155	-0.002099
585	-0.001955	-0.001929	-0.001885
586	-0.001734	-0.001706	-0.001672
587	-0.00153	-0.001534	-0.001464
588	-0.001327	-0.001363	-0.001255
589	-0.001163	-0.001173	-0.001108
590	-0.001003	-0.000982	-0.000965
591	-0.000821	-0.000783	-0.000809
592	-0.000635	-0.000581	-0.000649
593	-0.000465	-0.000423	-0.000464
594	-0.000302	-0.000284	-0.000269
595	-0.000113	-0.000091	-0.00007
596	0.000093	0.00014	0.000131
597	0.000285	0.000352	0.000335
598	0.00046	0.000543	0.000541
599	0.000632	0.000724	0.000729
600	0.0008	0.000889	0.000887
601	0.00097	0.001048	0.001052
602	0.001149	0.001188	0.001239
603	0.001328	0.00134	0.001427
604	0.001513	0.001567	0.001625
605	0.0017	0.001794	0.001824
606	0.001926	0.002053	0.002034
607	0.002153	0.002312	0.002245
608	0.002345	0.002449	0.002413
609	0.002535	0.002576	0.002578
610	0.002629	0.002653	0.002686
611	0.002702	0.002719	0.002782
612	0.002811	0.002843	0.002885
613	0.002936	0.002991	0.002991
614	0.003058	0.003096	0.003106
615	0.003179	0.003173	0.003225
616	0.003314	0.003317	0.003371
617	0.003465	0.003527	0.003543
618	0.003602	0.003699	0.003682
619	0.003718	0.003816	0.003774
620	0.003836	0.003921	0.003877
621	0.003958	0.003997	0.004007
622	0.00409	0.004093	0.004147
623	0.004258	0.004279	0.004324
624	0.004429	0.004465	0.004499
625	0.004631	0.004651	0.004647
626	0.004834	0.004838	0.004796
627	0.005048	0.005067	0.005033
628	0.005262	0.005296	0.005271
629	0.005472	0.005482	0.005488
630	0.005681	0.005663	0.005701
631	0.005829	0.005817	0.005883
632	0.005961	0.005964	0.006057
633	0.006174	0.006181	0.006257
634	0.006423	0.006428	0.006468
635	0.006686	0.006651	0.006715
636	0.00696	0.006857	0.006987
637	0.007102	0.007012	0.007145
638	0.007116	0.007115	0.00719
639	0.007209	0.007255	0.007282
640	0.007419	0.007449	0.007441
641	0.00758	0.007592	0.007592
642	0.007633	0.007623	0.007727
643	0.00771	0.007684	0.007856
644	0.007868	0.007854	0.007967
645	0.008005	0.008007	0.008069
646	0.007989	0.008047	0.008113
647	0.007972	0.008083	0.008153
648	0.007935	0.00799	0.008064
649	0.007898	0.007897	0.007974
650	0.00762	0.007667	0.00768
651	0.007326	0.007428	0.007373
652	0.006988	0.007075	0.007043
653	0.006643	0.006702	0.00671
654	0.006414	0.006458	0.006495
655	0.006221	0.006255	0.006316
656	0.006209	0.006252	0.006292
657	0.006285	0.006345	0.006343
658	0.006505	0.006574	0.006577
659	0.006827	0.006898	0.006939
660	0.007281	0.007313	0.007392
661	0.007867	0.007818	0.007935
662	0.008397	0.008324	0.008457
663	0.008846	0.008828	0.00895
664	0.00925	0.009276	0.009381
665	0.00956	0.009609	0.009689
666	0.009863	0.009919	0.009984
667	0.010141	0.010158	0.010242
668	0.010394	0.010382	0.010469
669	0.010512	0.010523	0.01054
670	0.010634	0.010663	0.01062
671	0.010793	0.010792	0.0108
672	0.010953	0.010921	0.010979
673	0.011079	0.011045	0.011096
674	0.011206	0.011169	0.011212
675	0.011296	0.011328	0.011337
676	0.011384	0.011489	0.011463
677	0.011473	0.011522	0.011546
678	0.011563	0.011529	0.011621
679	0.011623	0.011597	0.011726
680	0.011673	0.011683	0.011842
681	0.011732	0.01178	0.011902
682	0.011795	0.011882	0.011936
683	0.011841	0.011958	0.011955
684	0.011876	0.012017	0.011964
685	0.011953	0.012053	0.012031
686	0.012068	0.012067	0.012148
687	0.012173	0.012134	0.012241
688	0.012267	0.012263	0.012303
689	0.012367	0.012375	0.012374
690	0.012477	0.012461	0.012457
691	0.012569	0.012546	0.01254
692	0.012618	0.012627	0.012622
693	0.012671	0.012712	0.012696
694	0.012736	0.012809	0.012747
695	0.012794	0.012895	0.012799
696	0.012822	0.012932	0.01286
697	0.012862	0.012972	0.012928
698	0.013017	0.013051	0.01307
699	0.013169	0.01313	0.013209
700	0.013219	0.013205	0.013287
701	0.013269	0.01328	0.013364
702	0.013299	0.013289	0.013326
703	0.013327	0.013295	0.013283
704	0.01348	0.013483	0.013452
705	0.013648	0.013692	0.013644
706	0.013748	0.013763	0.01375
707	0.013835	0.013805	0.01384
708	0.013923	0.01392	0.013933
709	0.014013	0.014056	0.014028
710	0.014152	0.0142	0.014193
711	0.014313	0.014347	0.014387
712	0.014484	0.01448	0.014579
713	0.014661	0.014607	0.01477
714	0.014736	0.014677	0.014855
715	0.014738	0.014707	0.014864
716	0.014861	0.01486	0.014982
717	0.015095	0.015126	0.015203
718	0.015244	0.015266	0.015338
719	0.015291	0.015258	0.015371
720	0.015362	0.015309	0.015447
[LOG]
CHECKSUMºÎ