[HEADER]
Format	J&M ASCII Table
Comment	
Date	05/03/2026 16:25:54
Order	Y (evenX)
TechType	UV
NumPoints	411
FirstX	310
LastX	720
XType	nm
YType	Absorbance
ZType	s
NumSubFile	3
Matrix	Z vs X
[LOGIN]
Name=pcbob
[INSTRUMENT]
Name=TIDAS E Base UV/VI
Detector=MMS - ASPEN 97,5 kHz
Diodearray=256 Pixel
Serial#=36584
Calibrated=2011-07-01
Range=183.81-729.88 [nm] (F0)

SWVersion=v3.18.2 (build 0)[LOGIN]
Name=pcbob
[CONFIG]
ChannelName=Channel 1
ChannelType=Normalized
[PARAMETER]
It=400,00
Aver=5
Norm=3
Range=310,0-720,0 nm
Scan=Time
ScanTime=5,00 s
[TRIGGER]
Sweep=0
Scan=0
[DIO]
DigOut=0x0000
DigIn=0x0000
[DATA]
	00:00:00,000	00:00:02,000	00:00:04,000
310	0.594683	0.594487	0.594271
311	0.585535	0.585357	0.585147
312	0.576587	0.5764	0.576159
313	0.567761	0.567546	0.567302
314	0.559104	0.558837	0.558625
315	0.55053	0.550232	0.550031
316	0.542221	0.541958	0.541697
317	0.533921	0.533691	0.533378
318	0.525745	0.525527	0.525297
319	0.517569	0.517363	0.517217
320	0.50959	0.509423	0.509228
321	0.501636	0.501513	0.50125
322	0.493822	0.493694	0.493415
323	0.486066	0.485914	0.485638
324	0.478458	0.478281	0.478019
325	0.470981	0.470779	0.470538
326	0.463574	0.463346	0.463129
327	0.456296	0.456039	0.455848
328	0.449022	0.44874	0.448568
329	0.441761	0.441474	0.441295
330	0.4345	0.434208	0.434022
331	0.427297	0.426996	0.426864
332	0.420095	0.419784	0.419707
333	0.413273	0.412979	0.412846
334	0.406532	0.40626	0.406049
335	0.399848	0.399556	0.399329
336	0.393195	0.39286	0.392649
337	0.386512	0.386158	0.385971
338	0.379795	0.379449	0.379294
339	0.373188	0.372835	0.372687
340	0.366837	0.366445	0.366241
341	0.360487	0.360065	0.359821
342	0.354141	0.353762	0.353579
343	0.347796	0.347459	0.347337
344	0.341773	0.341489	0.341335
345	0.335768	0.335537	0.335346
346	0.329857	0.329567	0.329386
347	0.323974	0.323592	0.323433
348	0.318066	0.3177	0.317561
349	0.312142	0.311863	0.311743
350	0.30627	0.306046	0.305972
351	0.300471	0.300257	0.300264
352	0.294716	0.294509	0.294546
353	0.289094	0.288884	0.288797
354	0.283479	0.28327	0.283064
355	0.277955	0.277783	0.277528
356	0.272431	0.272297	0.271992
357	0.26697	0.266845	0.266623
358	0.261516	0.261396	0.261271
359	0.256299	0.256127	0.256061
360	0.251169	0.250923	0.250902
361	0.246108	0.245854	0.245815
362	0.241101	0.240892	0.240784
363	0.236101	0.235917	0.235768
364	0.231109	0.230922	0.230773
365	0.226176	0.225996	0.225833
366	0.221455	0.221318	0.221093
367	0.216746	0.216648	0.216365
368	0.212277	0.212175	0.211907
369	0.207808	0.207702	0.207449
370	0.20331	0.203196	0.202993
371	0.198807	0.198685	0.198537
372	0.194422	0.194286	0.194117
373	0.190087	0.189934	0.189711
374	0.185848	0.185672	0.185435
375	0.181694	0.18149	0.181274
376	0.177551	0.177313	0.177135
377	0.173431	0.173148	0.173037
378	0.169352	0.169041	0.16898
379	0.165451	0.165183	0.165098
380	0.161557	0.161329	0.161221
381	0.157909	0.157684	0.157579
382	0.154262	0.154039	0.153937
383	0.150693	0.150488	0.150381
384	0.147139	0.146953	0.14684
385	0.143607	0.143405	0.143332
386	0.140087	0.13985	0.13984
387	0.136775	0.136526	0.136536
388	0.133659	0.133416	0.133408
389	0.130561	0.130335	0.130307
390	0.127496	0.127311	0.127256
391	0.124429	0.124269	0.124204
392	0.121357	0.121147	0.121143
393	0.118288	0.11803	0.118087
394	0.11554	0.115255	0.115303
395	0.112791	0.11248	0.112518
396	0.110169	0.109951	0.10997
397	0.107569	0.107465	0.107464
398	0.105167	0.105061	0.105063
399	0.102857	0.102695	0.102711
400	0.100477	0.100259	0.10024
401	0.098031	0.097758	0.097657
402	0.095575	0.095281	0.09514
403	0.093099	0.092847	0.092745
404	0.090687	0.090466	0.090409
405	0.088557	0.088318	0.088334
406	0.08643	0.086173	0.086257
407	0.084394	0.084169	0.084159
408	0.082358	0.082165	0.082061
409	0.080267	0.080135	0.080005
410	0.078168	0.0781	0.077956
411	0.076041	0.075987	0.075856
412	0.073903	0.073838	0.073733
413	0.07186	0.071776	0.071699
414	0.069902	0.069791	0.069743
415	0.067851	0.067727	0.067714
416	0.065635	0.065522	0.065558
417	0.063466	0.063362	0.063426
418	0.061482	0.061376	0.061389
419	0.059508	0.059401	0.059363
420	0.05777	0.057707	0.057607
421	0.056033	0.056014	0.055851
422	0.054576	0.054502	0.054438
423	0.05316	0.053016	0.053073
424	0.051574	0.051439	0.051435
425	0.049922	0.049827	0.049688
426	0.048381	0.048305	0.048136
427	0.046931	0.046855	0.046741
428	0.045603	0.045521	0.045449
429	0.044466	0.044365	0.044316
430	0.043308	0.043194	0.043169
431	0.042085	0.041974	0.041975
432	0.040868	0.040761	0.040785
433	0.039739	0.039622	0.039657
434	0.03861	0.038483	0.038529
435	0.037551	0.037453	0.037439
436	0.036498	0.036434	0.036354
437	0.03539	0.035346	0.035278
438	0.034264	0.034236	0.034205
439	0.033268	0.033236	0.033205
440	0.032359	0.032311	0.032254
441	0.031504	0.031452	0.031382
442	0.030719	0.030675	0.030608
443	0.029908	0.029846	0.029797
444	0.029031	0.028888	0.028888
445	0.028162	0.027953	0.027997
446	0.027353	0.027177	0.027232
447	0.026544	0.026402	0.026467
448	0.025826	0.025711	0.025737
449	0.025111	0.025023	0.025007
450	0.024458	0.024379	0.024372
451	0.023818	0.023746	0.023758
452	0.023161	0.023078	0.023123
453	0.022495	0.022391	0.022476
454	0.021899	0.02179	0.021852
455	0.021371	0.021274	0.02125
456	0.020856	0.020762	0.020702
457	0.020363	0.020258	0.020255
458	0.019865	0.019758	0.019792
459	0.019345	0.019277	0.01926
460	0.018826	0.018794	0.018729
461	0.01832	0.018259	0.018231
462	0.017814	0.017724	0.017733
463	0.017337	0.017232	0.017257
464	0.016864	0.016747	0.016784
465	0.01639	0.01629	0.016326
466	0.015915	0.015843	0.015873
467	0.01557	0.015511	0.01552
468	0.015319	0.01526	0.015239
469	0.015	0.014907	0.014893
470	0.014592	0.014421	0.014465
471	0.014192	0.013983	0.014056
472	0.013811	0.013669	0.013695
473	0.013442	0.013361	0.013348
474	0.013157	0.013093	0.013099
475	0.012872	0.012824	0.01285
476	0.012575	0.012511	0.01254
477	0.012279	0.012198	0.012229
478	0.011957	0.011885	0.011935
479	0.01163	0.011572	0.011644
480	0.01131	0.011268	0.011309
481	0.010994	0.010967	0.010952
482	0.010706	0.010662	0.010649
483	0.010442	0.010355	0.010394
484	0.010123	0.010004	0.010067
485	0.009715	0.009584	0.009627
486	0.009374	0.009233	0.00927
487	0.009245	0.009097	0.009179
488	0.009114	0.008963	0.009081
489	0.008965	0.008845	0.00892
490	0.008815	0.008727	0.008759
491	0.008753	0.008658	0.008696
492	0.008695	0.008591	0.008637
493	0.008548	0.008441	0.008512
494	0.00838	0.008271	0.00837
495	0.008332	0.008247	0.008314
496	0.008348	0.008297	0.008301
497	0.008275	0.008246	0.008237
498	0.00812	0.008098	0.008125
499	0.00798	0.007953	0.007998
500	0.007865	0.007811	0.007846
501	0.007754	0.007678	0.007705
502	0.007653	0.007575	0.007602
503	0.007544	0.007465	0.007493
504	0.00734	0.007286	0.007335
505	0.007136	0.007108	0.007176
506	0.007127	0.006997	0.007071
507	0.007131	0.00689	0.006969
508	0.006978	0.006778	0.006852
509	0.006787	0.006665	0.006731
510	0.006592	0.006491	0.00657
511	0.006397	0.006286	0.006389
512	0.006266	0.006147	0.006239
513	0.006195	0.00607	0.006118
514	0.006124	0.006001	0.006021
515	0.006053	0.005947	0.005964
516	0.005984	0.005896	0.00591
517	0.005923	0.005857	0.00586
518	0.005865	0.005813	0.005809
519	0.005832	0.00573	0.005743
520	0.0058	0.005647	0.005677
521	0.005809	0.005645	0.005653
522	0.005819	0.005646	0.005629
523	0.005773	0.005662	0.005625
524	0.005715	0.005681	0.005625
525	0.005632	0.005621	0.005601
526	0.005537	0.005527	0.005567
527	0.005488	0.005461	0.005519
528	0.005476	0.005417	0.005461
529	0.005409	0.005341	0.005394
530	0.00527	0.005222	0.005314
531	0.005148	0.0051	0.00522
532	0.005067	0.004973	0.005095
533	0.004987	0.004851	0.004974
534	0.004909	0.004753	0.004875
535	0.004831	0.004657	0.004779
536	0.004733	0.004604	0.00474
537	0.004636	0.00455	0.004701
538	0.004664	0.004582	0.004686
539	0.004708	0.004624	0.004674
540	0.004761	0.004638	0.004688
541	0.004817	0.004643	0.00471
542	0.004834	0.004661	0.004768
543	0.004829	0.004687	0.004846
544	0.004841	0.004718	0.004902
545	0.004871	0.004752	0.004935
546	0.004921	0.004808	0.004969
547	0.005007	0.004901	0.005005
548	0.005072	0.004979	0.005042
549	0.005072	0.005007	0.005078
550	0.005065	0.005028	0.005107
551	0.005013	0.004985	0.00508
552	0.00496	0.004943	0.005052
553	0.004924	0.004845	0.004975
554	0.004888	0.004747	0.004898
555	0.004792	0.004653	0.004818
556	0.004687	0.004558	0.004738
557	0.004619	0.004494	0.004664
558	0.004564	0.00444	0.004594
559	0.004535	0.004426	0.004548
560	0.004524	0.004438	0.004518
561	0.004499	0.004425	0.004477
562	0.004458	0.004385	0.004424
563	0.004424	0.004355	0.004391
564	0.004404	0.004343	0.004396
565	0.004385	0.004323	0.004396
566	0.004369	0.00428	0.004382
567	0.00436	0.004245	0.004372
568	0.004405	0.004283	0.004395
569	0.00445	0.004321	0.004418
570	0.00441	0.004324	0.004446
571	0.004369	0.004328	0.004475
572	0.004416	0.004369	0.004502
573	0.004476	0.004417	0.004529
574	0.004496	0.004462	0.004511
575	0.004503	0.004506	0.004478
576	0.004528	0.004532	0.004512
577	0.004564	0.004548	0.004586
578	0.004562	0.004528	0.004592
579	0.004524	0.004474	0.004533
580	0.004484	0.004436	0.004495
581	0.00444	0.004423	0.00449
582	0.004409	0.004401	0.004471
583	0.00441	0.004355	0.004417
584	0.004405	0.004315	0.004368
585	0.004368	0.0043	0.004345
586	0.004336	0.004288	0.004326
587	0.004391	0.004343	0.004385
588	0.004447	0.004398	0.004444
589	0.004458	0.004386	0.00445
590	0.004465	0.004369	0.004453
591	0.004431	0.00436	0.004451
592	0.004387	0.004352	0.004448
593	0.004458	0.004432	0.004514
594	0.004577	0.004548	0.004611
595	0.004675	0.004644	0.004707
596	0.004758	0.004724	0.004803
597	0.004862	0.004822	0.004916
598	0.004988	0.004939	0.005048
599	0.005098	0.005045	0.005147
600	0.00518	0.005132	0.005188
601	0.005265	0.005215	0.005238
602	0.005363	0.005291	0.005316
603	0.005463	0.005368	0.005395
604	0.005569	0.005454	0.005481
605	0.005674	0.005541	0.005567
606	0.005739	0.005635	0.005686
607	0.005805	0.005729	0.005804
608	0.005806	0.005774	0.005841
609	0.005802	0.005815	0.005871
610	0.005801	0.005788	0.005853
611	0.005801	0.005747	0.005825
612	0.005769	0.005709	0.005784
613	0.005725	0.005671	0.005739
614	0.005725	0.005668	0.005722
615	0.005754	0.005686	0.005724
616	0.005795	0.005717	0.005746
617	0.005847	0.00576	0.005788
618	0.005861	0.005771	0.005805
619	0.005817	0.005736	0.005783
620	0.005797	0.005711	0.005776
621	0.005831	0.005712	0.005802
622	0.005863	0.005724	0.005828
623	0.005881	0.005786	0.005859
624	0.005907	0.00585	0.005897
625	0.005995	0.005933	0.006006
626	0.006083	0.006017	0.006114
627	0.006215	0.006122	0.006215
628	0.006348	0.006227	0.006316
629	0.00638	0.006334	0.006395
630	0.006401	0.00644	0.006471
631	0.006465	0.006482	0.006545
632	0.00654	0.006506	0.006617
633	0.006651	0.006606	0.006723
634	0.006777	0.006739	0.006843
635	0.006918	0.00688	0.006961
636	0.007069	0.007024	0.007077
637	0.007111	0.007084	0.007109
638	0.007046	0.007061	0.007056
639	0.007043	0.007058	0.007052
640	0.007131	0.007084	0.007119
641	0.007196	0.007101	0.007175
642	0.007209	0.007103	0.007207
643	0.007225	0.007106	0.007238
644	0.007257	0.007119	0.007265
645	0.007278	0.007128	0.007278
646	0.00723	0.007116	0.007199
647	0.00718	0.0071	0.00712
648	0.007074	0.007	0.007036
649	0.006968	0.006899	0.006953
650	0.006822	0.006739	0.0068
651	0.006674	0.006575	0.006643
652	0.006549	0.006503	0.006518
653	0.006428	0.006447	0.0064
654	0.006331	0.006348	0.00634
655	0.00624	0.006235	0.0063
656	0.006209	0.006194	0.006267
657	0.006206	0.006188	0.006239
658	0.006281	0.00625	0.006289
659	0.00641	0.006359	0.006394
660	0.006532	0.006501	0.006516
661	0.006646	0.006674	0.006656
662	0.006785	0.006814	0.006821
663	0.00696	0.006906	0.007022
664	0.007136	0.00702	0.007207
665	0.007315	0.007177	0.00736
666	0.007484	0.007335	0.007507
667	0.00762	0.007499	0.007634
668	0.00774	0.007646	0.007745
669	0.007774	0.007705	0.007782
670	0.007813	0.007763	0.007822
671	0.007905	0.007809	0.007896
672	0.007997	0.007855	0.00797
673	0.008026	0.007965	0.008058
674	0.008055	0.008075	0.008145
675	0.008127	0.008163	0.008213
676	0.008202	0.008248	0.008278
677	0.008252	0.008227	0.008284
678	0.008297	0.008185	0.008277
679	0.008301	0.008161	0.008282
680	0.008291	0.008143	0.008291
681	0.008276	0.008193	0.0083
682	0.008257	0.008273	0.008311
683	0.008315	0.008309	0.008339
684	0.008423	0.008318	0.008379
685	0.008454	0.008321	0.008382
686	0.008418	0.008319	0.008355
687	0.008371	0.008313	0.008355
688	0.008308	0.008303	0.00839
689	0.008296	0.008294	0.008414
690	0.008365	0.008286	0.008419
691	0.008441	0.008305	0.008446
692	0.008532	0.008383	0.008518
693	0.008583	0.00844	0.008563
694	0.008507	0.008433	0.008519
695	0.008441	0.008427	0.008482
696	0.008426	0.008429	0.008484
697	0.008423	0.008429	0.008489
698	0.008515	0.008419	0.008525
699	0.008604	0.008412	0.008559
700	0.008594	0.008489	0.008539
701	0.008585	0.008565	0.008519
702	0.008545	0.008507	0.008533
703	0.008504	0.008445	0.008549
704	0.008626	0.008576	0.008576
705	0.008766	0.00873	0.008605
706	0.008801	0.00876	0.00875
707	0.008815	0.008766	0.008919
708	0.008927	0.008853	0.009002
709	0.009068	0.008964	0.009059
710	0.009141	0.009032	0.009125
711	0.009186	0.009083	0.009195
712	0.009275	0.009179	0.009294
713	0.009389	0.0093	0.00941
714	0.009466	0.009365	0.009482
715	0.009516	0.00939	0.009521
716	0.009617	0.009478	0.00959
717	0.009765	0.009626	0.009688
718	0.009845	0.00973	0.00977
719	0.009845	0.009783	0.009835
720	0.009861	0.009802	0.009879
[LOG]
CHECKSUM”È