[HEADER]
Format	J&M ASCII Table
Comment	
Date	05/03/2026 16:02:06
Order	Y (evenX)
TechType	UV
NumPoints	411
FirstX	310
LastX	720
XType	nm
YType	Absorbance
ZType	s
NumSubFile	3
Matrix	Z vs X
[LOGIN]
Name=pcbob
[INSTRUMENT]
Name=TIDAS E Base UV/VI
Detector=MMS - ASPEN 97,5 kHz
Diodearray=256 Pixel
Serial#=36584
Calibrated=2011-07-01
Range=183.81-729.88 [nm] (F0)

SWVersion=v3.18.2 (build 0)[LOGIN]
Name=pcbob
[CONFIG]
ChannelName=Channel 1
ChannelType=Normalized
[PARAMETER]
It=400,00
Aver=5
Norm=3
Range=310,0-720,0 nm
Scan=Time
ScanTime=5,00 s
[TRIGGER]
Sweep=0
Scan=0
[DIO]
DigOut=0x0000
DigIn=0x0000
[DATA]
	00:00:00,000	00:00:02,000	00:00:04,000
310	0.444162	0.443783	0.443383
311	0.43749	0.437126	0.436715
312	0.430945	0.430631	0.430192
313	0.42451	0.42422	0.423765
314	0.418227	0.417923	0.417472
315	0.411968	0.411668	0.41122
316	0.405782	0.405541	0.405101
317	0.399604	0.399418	0.398992
318	0.393543	0.393356	0.393031
319	0.387481	0.387295	0.38707
320	0.381663	0.381435	0.381209
321	0.375876	0.375601	0.375361
322	0.370116	0.369824	0.369583
323	0.364366	0.364071	0.363833
324	0.358671	0.358381	0.358137
325	0.353023	0.352749	0.352489
326	0.347389	0.347125	0.346872
327	0.341779	0.341518	0.341312
328	0.336202	0.335953	0.335776
329	0.330781	0.33058	0.33035
330	0.325359	0.325208	0.324924
331	0.319969	0.319808	0.319499
332	0.314578	0.314407	0.314074
333	0.309385	0.309164	0.308864
334	0.304234	0.303954	0.303701
335	0.299103	0.298838	0.298596
336	0.293985	0.293774	0.293522
337	0.288898	0.288705	0.288415
338	0.283845	0.283632	0.283271
339	0.278892	0.278659	0.278272
340	0.274172	0.27392	0.273614
341	0.269446	0.269172	0.268947
342	0.264679	0.264355	0.26422
343	0.259913	0.259537	0.259492
344	0.255312	0.254934	0.254822
345	0.25072	0.250343	0.250155
346	0.246147	0.245787	0.245643
347	0.24158	0.24124	0.241176
348	0.237076	0.236761	0.236651
349	0.232616	0.232327	0.232087
350	0.228199	0.227922	0.227637
351	0.22384	0.223557	0.22334
352	0.219494	0.219234	0.219034
353	0.215184	0.215038	0.214701
354	0.21089	0.210842	0.210387
355	0.206769	0.206633	0.206296
356	0.202648	0.202424	0.202205
357	0.198581	0.198381	0.198089
358	0.194521	0.194356	0.193969
359	0.190447	0.190271	0.189929
360	0.186368	0.186163	0.185918
361	0.182391	0.182148	0.181984
362	0.178493	0.178204	0.178111
363	0.174599	0.174309	0.174224
364	0.170712	0.170489	0.170317
365	0.166878	0.166693	0.16647
366	0.163232	0.162988	0.162842
367	0.159585	0.159286	0.159213
368	0.15589	0.155643	0.155545
369	0.152195	0.152	0.151877
370	0.148611	0.148453	0.148265
371	0.145042	0.144921	0.144661
372	0.141538	0.1414	0.141132
373	0.138061	0.137883	0.137635
374	0.134609	0.134405	0.134173
375	0.131181	0.130963	0.130741
376	0.127766	0.127548	0.127323
377	0.124376	0.124184	0.123929
378	0.121003	0.120822	0.120554
379	0.117702	0.117469	0.117256
380	0.114402	0.11412	0.113961
381	0.111182	0.110978	0.110808
382	0.107961	0.107836	0.107655
383	0.104887	0.104738	0.104559
384	0.101838	0.101648	0.101474
385	0.098723	0.098559	0.0984
386	0.095577	0.095469	0.09533
387	0.092614	0.092526	0.092386
388	0.08982	0.08972	0.089559
389	0.087042	0.086947	0.08675
390	0.084293	0.084236	0.083972
391	0.081515	0.081476	0.081179
392	0.078609	0.078488	0.078318
393	0.075707	0.075506	0.07546
394	0.073046	0.072892	0.07279
395	0.070385	0.070278	0.070121
396	0.067947	0.067866	0.067669
397	0.06555	0.065489	0.065257
398	0.06315	0.063132	0.062891
399	0.060748	0.060784	0.060547
400	0.058269	0.058293	0.058061
401	0.055718	0.055668	0.055441
402	0.053171	0.053088	0.052883
403	0.050632	0.050591	0.05044
404	0.048163	0.048155	0.048044
405	0.046003	0.045996	0.045852
406	0.043844	0.043836	0.043659
407	0.041676	0.041608	0.041395
408	0.039507	0.039381	0.03913
409	0.037238	0.037058	0.036897
410	0.034951	0.034719	0.03467
411	0.032638	0.032462	0.03237
412	0.030314	0.030243	0.030038
413	0.028131	0.028076	0.027855
414	0.026077	0.025955	0.025807
415	0.023946	0.023794	0.023696
416	0.02168	0.02156	0.021475
417	0.019432	0.019341	0.019267
418	0.017256	0.017182	0.017109
419	0.015089	0.01503	0.014959
420	0.013112	0.013055	0.012977
421	0.011136	0.01108	0.010995
422	0.009331	0.009243	0.009192
423	0.00755	0.007425	0.007414
424	0.005692	0.005582	0.005514
425	0.003803	0.00373	0.003565
426	0.002092	0.002039	0.001834
427	0.000523	0.000479	0.000279
428	-0.000935	-0.000976	-0.001162
429	-0.002222	-0.002268	-0.002426
430	-0.003556	-0.003595	-0.003732
431	-0.005041	-0.005038	-0.005175
432	-0.006525	-0.006481	-0.006617
433	-0.007987	-0.007932	-0.008043
434	-0.00945	-0.009383	-0.009469
435	-0.010681	-0.010638	-0.010724
436	-0.011891	-0.011874	-0.011964
437	-0.013154	-0.013171	-0.013278
438	-0.014435	-0.014488	-0.014615
439	-0.015684	-0.015709	-0.015858
440	-0.016911	-0.016864	-0.017038
441	-0.018008	-0.017944	-0.018119
442	-0.018942	-0.018928	-0.019077
443	-0.019912	-0.019926	-0.02006
444	-0.020977	-0.020963	-0.021109
445	-0.022029	-0.021995	-0.022152
446	-0.022993	-0.022995	-0.023152
447	-0.023958	-0.023994	-0.024152
448	-0.024879	-0.02491	-0.025001
449	-0.025798	-0.025824	-0.025846
450	-0.026566	-0.026603	-0.026623
451	-0.027299	-0.027352	-0.027384
452	-0.028052	-0.028074	-0.028146
453	-0.028814	-0.028783	-0.028908
454	-0.029511	-0.029473	-0.029605
455	-0.030144	-0.030144	-0.030239
456	-0.030764	-0.030791	-0.030847
457	-0.031357	-0.031395	-0.031407
458	-0.031939	-0.031986	-0.031969
459	-0.032479	-0.032524	-0.032538
460	-0.033021	-0.033065	-0.033109
461	-0.033621	-0.033676	-0.033723
462	-0.034221	-0.034286	-0.034337
463	-0.034782	-0.034825	-0.034883
464	-0.035339	-0.035354	-0.03542
465	-0.035845	-0.035861	-0.035918
466	-0.036331	-0.036359	-0.036402
467	-0.036687	-0.036709	-0.036748
468	-0.036949	-0.036951	-0.036996
469	-0.037256	-0.037256	-0.0373
470	-0.037623	-0.037641	-0.037678
471	-0.038006	-0.038017	-0.03806
472	-0.038431	-0.038367	-0.038454
473	-0.038827	-0.038702	-0.038826
474	-0.039033	-0.038938	-0.039058
475	-0.03924	-0.039175	-0.039291
476	-0.039459	-0.039462	-0.03951
477	-0.039677	-0.03975	-0.039729
478	-0.039932	-0.039958	-0.039945
479	-0.040194	-0.040151	-0.040162
480	-0.040435	-0.04038	-0.040422
481	-0.040666	-0.040627	-0.040702
482	-0.040935	-0.040925	-0.040995
483	-0.041238	-0.041268	-0.0413
484	-0.041553	-0.041583	-0.041605
485	-0.041888	-0.041853	-0.04191
486	-0.042125	-0.042052	-0.042126
487	-0.042056	-0.04203	-0.042061
488	-0.041991	-0.042008	-0.042002
489	-0.041968	-0.041983	-0.041999
490	-0.041944	-0.041958	-0.041997
491	-0.041866	-0.041831	-0.041904
492	-0.041784	-0.041699	-0.041806
493	-0.041709	-0.041659	-0.041738
494	-0.041636	-0.041642	-0.041676
495	-0.041552	-0.04157	-0.041587
496	-0.041462	-0.041472	-0.041483
497	-0.041414	-0.041433	-0.041445
498	-0.041406	-0.041452	-0.041469
499	-0.041412	-0.041476	-0.041499
500	-0.041444	-0.041507	-0.041542
501	-0.041455	-0.041516	-0.041557
502	-0.041397	-0.041449	-0.041479
503	-0.04134	-0.041381	-0.041402
504	-0.041289	-0.041301	-0.041345
505	-0.041239	-0.041222	-0.041288
506	-0.041155	-0.041116	-0.041177
507	-0.041068	-0.04101	-0.041064
508	-0.040967	-0.040922	-0.040996
509	-0.040862	-0.04084	-0.040941
510	-0.04079	-0.040783	-0.040879
511	-0.040734	-0.040738	-0.040814
512	-0.040678	-0.040693	-0.040768
513	-0.040621	-0.040647	-0.04074
514	-0.040541	-0.040566	-0.040638
515	-0.040421	-0.040426	-0.040417
516	-0.040301	-0.040281	-0.040228
517	-0.040182	-0.040115	-0.040135
518	-0.04006	-0.039962	-0.040039
519	-0.039918	-0.039902	-0.039921
520	-0.039776	-0.039843	-0.039803
521	-0.039634	-0.039674	-0.039645
522	-0.039492	-0.039501	-0.039485
523	-0.039331	-0.039305	-0.039361
524	-0.039166	-0.039103	-0.039244
525	-0.03908	-0.038989	-0.039128
526	-0.039028	-0.038914	-0.039011
527	-0.03891	-0.038821	-0.038886
528	-0.038741	-0.038714	-0.038755
529	-0.038594	-0.038614	-0.038632
530	-0.038476	-0.038521	-0.038518
531	-0.038364	-0.038405	-0.038406
532	-0.038266	-0.038232	-0.038298
533	-0.038151	-0.038056	-0.038179
534	-0.037942	-0.037869	-0.038007
535	-0.037734	-0.037682	-0.037833
536	-0.037558	-0.037539	-0.037573
537	-0.037382	-0.037396	-0.037314
538	-0.037169	-0.037174	-0.037126
539	-0.036952	-0.036943	-0.036947
540	-0.036796	-0.03678	-0.036794
541	-0.036658	-0.036639	-0.036649
542	-0.036485	-0.036463	-0.036493
543	-0.036291	-0.036267	-0.036332
544	-0.036105	-0.036069	-0.036135
545	-0.035927	-0.035869	-0.035902
546	-0.035713	-0.035655	-0.035663
547	-0.035438	-0.035419	-0.035414
548	-0.035168	-0.035177	-0.035171
549	-0.034918	-0.034914	-0.034951
550	-0.034677	-0.03466	-0.034732
551	-0.034504	-0.03447	-0.034521
552	-0.03433	-0.03428	-0.034311
553	-0.034142	-0.034101	-0.034151
554	-0.033954	-0.033923	-0.033992
555	-0.033777	-0.033786	-0.033821
556	-0.033602	-0.033656	-0.033649
557	-0.03344	-0.033474	-0.033464
558	-0.033284	-0.033273	-0.033275
559	-0.033083	-0.03307	-0.033067
560	-0.032853	-0.032867	-0.032847
561	-0.032628	-0.032648	-0.032635
562	-0.03241	-0.032411	-0.032429
563	-0.032237	-0.032208	-0.032243
564	-0.032144	-0.032065	-0.032092
565	-0.032035	-0.031936	-0.031956
566	-0.031873	-0.031855	-0.031873
567	-0.031727	-0.031772	-0.03179
568	-0.031711	-0.031679	-0.031716
569	-0.031695	-0.031586	-0.031642
570	-0.031666	-0.031564	-0.031608
571	-0.031638	-0.031543	-0.031575
572	-0.031467	-0.031397	-0.03145
573	-0.031274	-0.031233	-0.031312
574	-0.031133	-0.031109	-0.031169
575	-0.031009	-0.030999	-0.031024
576	-0.030858	-0.030846	-0.030869
577	-0.03069	-0.030668	-0.030708
578	-0.030555	-0.030535	-0.030573
579	-0.030451	-0.030447	-0.030463
580	-0.030309	-0.03031	-0.030311
581	-0.030109	-0.030095	-0.030096
582	-0.029904	-0.029875	-0.02988
583	-0.029682	-0.029638	-0.029662
584	-0.029447	-0.02939	-0.029435
585	-0.029147	-0.029089	-0.029155
586	-0.028847	-0.028788	-0.028874
587	-0.028544	-0.028474	-0.028564
588	-0.028242	-0.028161	-0.028255
589	-0.027916	-0.02787	-0.027902
590	-0.027589	-0.027581	-0.027547
591	-0.027333	-0.027309	-0.027325
592	-0.027093	-0.02704	-0.027134
593	-0.026869	-0.026797	-0.026891
594	-0.026651	-0.026566	-0.026626
595	-0.026387	-0.0263	-0.026353
596	-0.026092	-0.026008	-0.026075
597	-0.025807	-0.025731	-0.025808
598	-0.025534	-0.02547	-0.025553
599	-0.025295	-0.025238	-0.025323
600	-0.025115	-0.025053	-0.025133
601	-0.02492	-0.024865	-0.024941
602	-0.024684	-0.024662	-0.024745
603	-0.024442	-0.024446	-0.024533
604	-0.024169	-0.024145	-0.024225
605	-0.023894	-0.023844	-0.023914
606	-0.023565	-0.023513	-0.023528
607	-0.023235	-0.023182	-0.023142
608	-0.022942	-0.02289	-0.022897
609	-0.022652	-0.022601	-0.022662
610	-0.022471	-0.022398	-0.02249
611	-0.022313	-0.022213	-0.022331
612	-0.022063	-0.02198	-0.022055
613	-0.021775	-0.021728	-0.021731
614	-0.02154	-0.021521	-0.021501
615	-0.021338	-0.021345	-0.02133
616	-0.021097	-0.02109	-0.021086
617	-0.020815	-0.020758	-0.02077
618	-0.02057	-0.020496	-0.020515
619	-0.020381	-0.02034	-0.020348
620	-0.02018	-0.020159	-0.020164
621	-0.019953	-0.019921	-0.01994
622	-0.019718	-0.019683	-0.019709
623	-0.019447	-0.019447	-0.01945
624	-0.01918	-0.019214	-0.019196
625	-0.018953	-0.019009	-0.018989
626	-0.018727	-0.018803	-0.018782
627	-0.018539	-0.018574	-0.018568
628	-0.018351	-0.018344	-0.018354
629	-0.018072	-0.01802	-0.018081
630	-0.017781	-0.017686	-0.017802
631	-0.017567	-0.017482	-0.017597
632	-0.017373	-0.017313	-0.01741
633	-0.017111	-0.017081	-0.017143
634	-0.016821	-0.016821	-0.016842
635	-0.016607	-0.016584	-0.016606
636	-0.016445	-0.016362	-0.016414
637	-0.016294	-0.016188	-0.016271
638	-0.016156	-0.01606	-0.016176
639	-0.015983	-0.015884	-0.016013
640	-0.015762	-0.015637	-0.015751
641	-0.015531	-0.015396	-0.015486
642	-0.015278	-0.015168	-0.015215
643	-0.01503	-0.014935	-0.014957
644	-0.014797	-0.014683	-0.014746
645	-0.014576	-0.014454	-0.014546
646	-0.014449	-0.014373	-0.014423
647	-0.014322	-0.014292	-0.014302
648	-0.01419	-0.014189	-0.014251
649	-0.014058	-0.014087	-0.0142
650	-0.014204	-0.014159	-0.014234
651	-0.014367	-0.014243	-0.014273
652	-0.01459	-0.014497	-0.01449
653	-0.014823	-0.014781	-0.014737
654	-0.015084	-0.015046	-0.015007
655	-0.015354	-0.015304	-0.015284
656	-0.015335	-0.015299	-0.015283
657	-0.015177	-0.015166	-0.015149
658	-0.0149	-0.01488	-0.014879
659	-0.014539	-0.014487	-0.014513
660	-0.014004	-0.013934	-0.013953
661	-0.013297	-0.013223	-0.013198
662	-0.012619	-0.012547	-0.012529
663	-0.011982	-0.011921	-0.011983
664	-0.011486	-0.011428	-0.011526
665	-0.011279	-0.011207	-0.011246
666	-0.01104	-0.010966	-0.010958
667	-0.010702	-0.010663	-0.010641
668	-0.010382	-0.01037	-0.010345
669	-0.01015	-0.010129	-0.010159
670	-0.009921	-0.009892	-0.009974
671	-0.009718	-0.009701	-0.009802
672	-0.009515	-0.00951	-0.009631
673	-0.009354	-0.009345	-0.009381
674	-0.009194	-0.009179	-0.00913
675	-0.009019	-0.008974	-0.008974
676	-0.008842	-0.008765	-0.008827
677	-0.008716	-0.008659	-0.008735
678	-0.008601	-0.008574	-0.008655
679	-0.008491	-0.008469	-0.008513
680	-0.008384	-0.008359	-0.008354
681	-0.00823	-0.00817	-0.00817
682	-0.008056	-0.007946	-0.007976
683	-0.007874	-0.007788	-0.007825
684	-0.007686	-0.007673	-0.007703
685	-0.007511	-0.007533	-0.007542
686	-0.007347	-0.007372	-0.007348
687	-0.00719	-0.007198	-0.007192
688	-0.007039	-0.00701	-0.007082
689	-0.006867	-0.006827	-0.00692
690	-0.00666	-0.006653	-0.006676
691	-0.006471	-0.006483	-0.006472
692	-0.00632	-0.006319	-0.00636
693	-0.006176	-0.006155	-0.006239
694	-0.006054	-0.005989	-0.006091
695	-0.005921	-0.005827	-0.005937
696	-0.005737	-0.005687	-0.005756
697	-0.005553	-0.005544	-0.005577
698	-0.005373	-0.005374	-0.005417
699	-0.005192	-0.005203	-0.005256
700	-0.005013	-0.00501	-0.005035
701	-0.004834	-0.004818	-0.004814
702	-0.004751	-0.004732	-0.004709
703	-0.004671	-0.00465	-0.004608
704	-0.004478	-0.004425	-0.004398
705	-0.004271	-0.004184	-0.004176
706	-0.004076	-0.004005	-0.004
707	-0.003883	-0.003839	-0.003833
708	-0.003683	-0.003663	-0.00366
709	-0.003482	-0.003486	-0.003485
710	-0.003261	-0.003244	-0.003276
711	-0.003033	-0.002976	-0.003053
712	-0.0028	-0.002729	-0.002819
713	-0.002565	-0.002493	-0.002578
714	-0.002372	-0.002301	-0.002358
715	-0.002209	-0.002141	-0.002152
716	-0.001986	-0.001922	-0.001928
717	-0.001705	-0.00165	-0.001689
718	-0.001512	-0.001465	-0.001518
719	-0.001422	-0.001383	-0.001428
720	-0.001299	-0.001257	-0.001317
[LOG]
CHECKSUMy]