[HEADER]
Format	J&M ASCII Table
Comment	
Date	05/03/2026 16:49:37
Order	Y (evenX)
TechType	UV
NumPoints	411
FirstX	310
LastX	720
XType	nm
YType	Absorbance
ZType	s
NumSubFile	3
Matrix	Z vs X
[LOGIN]
Name=pcbob
[INSTRUMENT]
Name=TIDAS E Base UV/VI
Detector=MMS - ASPEN 97,5 kHz
Diodearray=256 Pixel
Serial#=36584
Calibrated=2011-07-01
Range=183.81-729.88 [nm] (F0)

SWVersion=v3.18.2 (build 0)[LOGIN]
Name=pcbob
[CONFIG]
ChannelName=Channel 1
ChannelType=Normalized
[PARAMETER]
It=400,00
Aver=5
Norm=3
Range=310,0-720,0 nm
Scan=Time
ScanTime=5,00 s
[TRIGGER]
Sweep=0
Scan=0
[DIO]
DigOut=0x0000
DigIn=0x0000
[DATA]
	00:00:00,000	00:00:02,000	00:00:04,000
310	3.387346	3.394985	3.371964
311	3.420056	3.416501	3.404193
312	3.468174	3.44791	3.467299
313	3.494997	3.469398	3.507186
314	3.49235	3.477156	3.514945
315	3.489102	3.474752	3.514685
316	3.483965	3.440397	3.489217
317	3.479223	3.410563	3.466042
318	3.480341	3.447495	3.476734
319	3.481458	3.484427	3.487427
320	3.499887	3.517415	3.504076
321	3.520549	3.549894	3.521495
322	3.531946	3.519803	3.493396
323	3.539527	3.463937	3.446548
324	3.518259	3.442143	3.430412
325	3.471513	3.450438	3.4414
326	3.42983	3.446301	3.435841
327	3.397382	3.419484	3.400095
328	3.36852	3.392544	3.367987
329	3.35629	3.36503	3.352757
330	3.34409	3.337568	3.337531
331	3.364849	3.36872	3.327953
332	3.385608	3.399873	3.318375
333	3.382681	3.395807	3.294204
334	3.374721	3.384255	3.26693
335	3.405666	3.343962	3.268282
336	3.457674	3.288111	3.285131
337	3.408665	3.255577	3.278759
338	3.247143	3.249013	3.246523
339	3.163235	3.250362	3.233782
340	3.262424	3.270376	3.267034
341	3.345747	3.282916	3.29112
342	3.315505	3.241958	3.249606
343	3.285262	3.201001	3.208091
344	3.251862	3.207301	3.204757
345	3.218288	3.216206	3.203528
346	3.208385	3.202777	3.185712
347	3.205425	3.182797	3.16303
348	3.187418	3.153659	3.158694
349	3.159335	3.118389	3.166643
350	3.151568	3.099081	3.160392
351	3.171292	3.10137	3.134926
352	3.17976	3.104078	3.121761
353	3.154693	3.108035	3.145249
354	3.133367	3.114742	3.167704
355	3.156318	3.153986	3.177935
356	3.179269	3.19323	3.188167
357	3.150848	3.144607	3.163494
358	3.117024	3.086743	3.135152
359	3.112226	3.063766	3.120913
360	3.118049	3.053557	3.111836
361	3.143193	3.09837	3.12599
362	3.183539	3.186474	3.158423
363	3.182897	3.206486	3.169744
364	3.11748	3.118888	3.147703
365	3.07772	3.059395	3.143036
366	3.131217	3.102061	3.201518
367	3.18159	3.143543	3.255123
368	3.164495	3.159469	3.203455
369	3.147401	3.175396	3.151787
370	3.162643	3.208355	3.179839
371	3.182584	3.243789	3.219473
372	3.179177	3.221675	3.200176
373	3.165876	3.17517	3.155901
374	3.180892	3.168956	3.148437
375	3.220831	3.198201	3.17337
376	3.242768	3.205022	3.187249
377	3.232945	3.172282	3.181627
378	3.233136	3.158633	3.187124
379	3.275476	3.225335	3.239418
380	3.316854	3.289546	3.290429
381	3.316536	3.245908	3.285896
382	3.316218	3.20227	3.281362
383	3.301359	3.170898	3.219912
384	3.284004	3.141631	3.148693
385	3.256407	3.126306	3.124037
386	3.224097	3.117398	3.120811
387	3.204101	3.122741	3.139829
388	3.195632	3.141425	3.179672
389	3.192893	3.144548	3.1995
390	3.200863	3.118585	3.181919
391	3.194155	3.097037	3.154203
392	3.121001	3.095473	3.080604
393	3.048957	3.093878	3.008297
394	3.056606	3.090047	3.028809
395	3.064255	3.086217	3.049321
396	3.07113	3.080719	3.028668
397	3.077863	3.07492	3.000572
398	3.084746	3.082353	3.031347
399	3.091697	3.096	3.089769
400	3.099519	3.096143	3.123002
401	3.108161	3.083539	3.132456
402	3.106421	3.082991	3.120471
403	3.085293	3.104956	3.068453
404	3.058233	3.11146	3.022242
405	3.004781	3.04917	3.001872
406	2.952456	2.988024	2.982026
407	2.959402	2.987007	2.989758
408	2.966347	2.985991	2.99749
409	2.985791	3.005208	3.00741
410	3.007369	3.027879	3.017704
411	2.996844	3.003652	3.007314
412	2.971906	2.95837	2.987639
413	2.973489	2.964422	2.977944
414	2.998918	3.016631	2.977222
415	3.015483	3.033965	2.98586
416	3.016516	2.990189	3.010899
417	3.020149	2.965088	3.03515
418	3.034146	3.014411	3.056264
419	3.048334	3.061697	3.075808
420	3.067311	3.057746	3.055844
421	3.086288	3.053796	3.035881
422	3.103934	3.086102	3.074273
423	3.121391	3.123524	3.1209
424	3.123316	3.123682	3.138819
425	3.119045	3.108977	3.145287
426	3.096205	3.098564	3.120862
427	3.058405	3.091608	3.07155
428	3.050754	3.086892	3.057121
429	3.089621	3.085631	3.096516
430	3.115168	3.082105	3.119626
431	3.0969	3.071125	3.089171
432	3.081558	3.062943	3.062245
433	3.103137	3.090061	3.079859
434	3.124716	3.117179	3.097473
435	3.093234	3.136438	3.087412
436	3.056772	3.15496	3.074754
437	3.055495	3.147766	3.083819
438	3.065606	3.132248	3.099916
439	3.08413	3.130204	3.121623
440	3.108329	3.137251	3.147114
441	3.12322	3.154969	3.169571
442	3.126232	3.186303	3.188157
443	3.140201	3.212054	3.201858
444	3.182073	3.22359	3.203122
445	3.220252	3.231795	3.201721
446	3.232612	3.21671	3.181692
447	3.244972	3.201626	3.161663
448	3.191371	3.167031	3.13218
449	3.135643	3.131805	3.102392
450	3.130181	3.121325	3.097298
451	3.136292	3.116544	3.097889
452	3.163602	3.176852	3.137828
453	3.201956	3.271074	3.198268
454	3.216336	3.304168	3.237285
455	3.206982	3.27675	3.255093
456	3.20502	3.257179	3.262539
457	3.216899	3.252302	3.250582
458	3.223178	3.243105	3.23635
459	3.206234	3.21599	3.212683
460	3.191443	3.191295	3.191295
461	3.22718	3.223396	3.223396
462	3.262916	3.255498	3.255498
463	3.256239	3.257929	3.261158
464	3.244211	3.256617	3.263482
465	3.221413	3.231442	3.236593
466	3.194744	3.197692	3.199206
467	3.178907	3.177051	3.184656
468	3.170792	3.165757	3.186391
469	3.151964	3.147738	3.16295
470	3.119078	3.120896	3.10647
471	3.092551	3.10111	3.080943
472	3.082241	3.099317	3.134349
473	3.073359	3.096708	3.176954
474	3.073915	3.088704	3.14819
475	3.074471	3.080701	3.119426
476	3.075814	3.070903	3.130059
477	3.077172	3.061072	3.141425
478	3.055274	3.046355	3.102006
479	3.028699	3.030656	3.052376
480	3.058397	3.075914	3.067391
481	3.114098	3.149338	3.112278
482	3.138382	3.177473	3.146605
483	3.135458	3.166386	3.171786
484	3.154922	3.171993	3.180945
485	3.209647	3.203895	3.164869
486	3.239169	3.217282	3.148295
487	3.1895	3.172494	3.130154
488	3.141839	3.129542	3.111349
489	3.113296	3.104074	3.086224
490	3.084753	3.078606	3.061098
491	3.069529	3.076868	3.081357
492	3.055018	3.076399	3.104045
493	3.045844	3.097261	3.120116
494	3.037973	3.123322	3.134575
495	3.045385	3.124643	3.121477
496	3.060694	3.113181	3.094141
497	3.071659	3.100125	3.082933
498	3.078538	3.08557	3.086899
499	3.096833	3.080287	3.095788
500	3.134423	3.090675	3.112998
501	3.153823	3.098782	3.127911
502	3.111921	3.099199	3.135086
503	3.075277	3.100731	3.140807
504	3.094152	3.114039	3.131179
505	3.113028	3.127346	3.121551
506	3.131035	3.123016	3.09888
507	3.148991	3.117656	3.075446
508	3.159692	3.108019	3.100175
509	3.16862	3.097339	3.13667
510	3.150861	3.063061	3.118016
511	3.119545	3.016798	3.071348
512	3.112139	3.008919	3.066829
513	3.126517	3.036013	3.100713
514	3.135731	3.066656	3.128286
515	3.136662	3.102992	3.145735
516	3.132864	3.125985	3.151932
517	3.114517	3.107923	3.123511
518	3.099467	3.090576	3.098145
519	3.11184	3.079181	3.0982
520	3.124212	3.067786	3.098255
521	3.14395	3.087274	3.133
522	3.163918	3.107721	3.168824
523	3.136002	3.116947	3.150575
524	3.098491	3.123925	3.121491
525	3.112437	3.131625	3.120355
526	3.148763	3.139641	3.131374
527	3.152876	3.135284	3.133623
528	3.131823	3.121261	3.12902
529	3.120642	3.116742	3.129986
530	3.122733	3.125	3.138437
531	3.129816	3.13268	3.143471
532	3.148979	3.138963	3.140236
533	3.165115	3.150889	3.136598
534	3.16522	3.192704	3.130826
535	3.164844	3.232133	3.126314
536	3.146409	3.181751	3.169214
537	3.127973	3.13137	3.212113
538	3.164135	3.164135	3.216787
539	3.206793	3.206793	3.216913
540	3.217126	3.237103	3.243316
541	3.217367	3.263557	3.277923
542	3.183206	3.214418	3.226645
543	3.128941	3.121106	3.125176
544	3.109003	3.098405	3.104792
545	3.123267	3.146057	3.165195
546	3.1285	3.164642	3.193122
547	3.11845	3.134027	3.166081
548	3.112322	3.115644	3.153845
549	3.118448	3.135471	3.187852
550	3.122524	3.151268	3.214563
551	3.110724	3.135846	3.18474
552	3.098924	3.120424	3.154917
553	3.099979	3.151117	3.175431
554	3.101207	3.182426	3.196618
555	3.134134	3.2267	3.234308
556	3.172221	3.273084	3.274683
557	3.177024	3.227505	3.248555
558	3.169762	3.14859	3.198321
559	3.152477	3.129503	3.179549
560	3.128747	3.148895	3.181011
561	3.128664	3.169327	3.201776
562	3.153805	3.19087	3.24313
563	3.183788	3.209433	3.267697
564	3.222382	3.222697	3.262411
565	3.239252	3.227335	3.262627
566	3.186039	3.204149	3.280592
567	3.146312	3.185295	3.295441
568	3.211255	3.200067	3.286105
569	3.276198	3.214839	3.276769
570	3.288254	3.261039	3.296779
571	3.2999	3.307482	3.317017
572	3.317387	3.317109	3.355212
573	3.335738	3.321294	3.396061
574	3.360178	3.35819	3.430801
575	3.386638	3.405941	3.463514
576	3.39337	3.418019	3.456464
577	3.388579	3.409263	3.426189
578	3.37646	3.383167	3.407926
579	3.357367	3.340569	3.401093
580	3.360803	3.337963	3.421074
581	3.398851	3.39679	3.482245
582	3.430674	3.433446	3.515006
583	3.446242	3.412208	3.473579
584	3.457434	3.394938	3.43696
585	3.445703	3.398459	3.425524
586	3.432312	3.401176	3.414615
587	3.383261	3.386621	3.415021
588	3.33421	3.372066	3.415428
589	3.35454	3.377124	3.404847
590	3.380148	3.383674	3.393432
591	3.388132	3.412683	3.425691
592	3.392117	3.446791	3.467864
593	3.374734	3.435697	3.455819
594	3.348257	3.405361	3.420694
595	3.35554	3.391858	3.417138
596	3.386412	3.390116	3.435639
597	3.398377	3.388031	3.439202
598	3.389585	3.385568	3.426365
599	3.37499	3.377051	3.408541
600	3.350321	3.358019	3.382056
601	3.326695	3.339814	3.356064
602	3.30612	3.324025	3.331512
603	3.292221	3.310633	3.31313
604	3.317565	3.311339	3.331008
605	3.341238	3.312757	3.347791
606	3.320859	3.332928	3.33574
607	3.300481	3.3531	3.323689
608	3.301445	3.367389	3.33141
609	3.304052	3.381226	3.340654
610	3.302522	3.346127	3.362766
611	3.300092	3.30038	3.387678
612	3.286845	3.276923	3.395575
613	3.269282	3.262358	3.396685
614	3.287866	3.288114	3.394707
615	3.329633	3.33973	3.39075
616	3.337838	3.357694	3.370381
617	3.313073	3.342602	3.333891
618	3.27916	3.302624	3.29139
619	3.231551	3.225387	3.239889
620	3.20216	3.174813	3.212394
621	3.215829	3.187258	3.241637
622	3.226348	3.1984	3.260564
623	3.223868	3.204162	3.236905
624	3.220812	3.206337	3.216339
625	3.212188	3.173758	3.225745
626	3.203565	3.141179	3.235152
627	3.235751	3.176663	3.25598
628	3.268228	3.212632	3.276889
629	3.286683	3.190798	3.274289
630	3.30346	3.162048	3.268876
631	3.250404	3.173261	3.272611
632	3.179244	3.194835	3.278718
633	3.17584	3.191977	3.251286
634	3.202025	3.178449	3.209208
635	3.202601	3.192272	3.212651
636	3.186019	3.22442	3.246593
637	3.16277	3.213172	3.247465
638	3.132917	3.158951	3.21559
639	3.130906	3.134963	3.202178
640	3.169473	3.155039	3.215677
641	3.197108	3.167832	3.218592
642	3.200663	3.164585	3.198193
643	3.193384	3.165822	3.186242
644	3.147361	3.183095	3.204506
645	3.110044	3.193027	3.215816
646	3.133334	3.151854	3.178725
647	3.155541	3.112664	3.143618
648	3.146565	3.130558	3.16567
649	3.137589	3.148452	3.187722
650	3.230904	3.208105	3.244047
651	3.330466	3.270308	3.302465
652	3.316029	3.285133	3.298474
653	3.281826	3.291744	3.283662
654	3.293825	3.296928	3.30279
655	3.320184	3.301668	3.332468
656	3.300777	3.279971	3.309824
657	3.259278	3.245512	3.261922
658	3.248224	3.262327	3.259685
659	3.2586	3.315232	3.289586
660	3.243625	3.307393	3.285572
661	3.203326	3.238872	3.247676
662	3.174347	3.180883	3.207167
663	3.161357	3.137769	3.16297
664	3.14818	3.122618	3.134044
665	3.134624	3.164312	3.136165
666	3.136298	3.195362	3.145155
667	3.184694	3.193758	3.175217
668	3.221076	3.185357	3.193732
669	3.195693	3.142008	3.152877
670	3.168085	3.102058	3.115746
671	3.115159	3.100761	3.120971
672	3.062232	3.099465	3.126197
673	3.044572	3.092167	3.070025
674	3.026922	3.084867	3.013836
675	3.047665	3.088861	3.030577
676	3.071766	3.093842	3.053698
677	3.074653	3.107295	3.090866
678	3.073509	3.122358	3.130703
679	3.079679	3.095082	3.117382
680	3.088134	3.054583	3.087461
681	3.096902	3.049204	3.058186
682	3.105814	3.059998	3.029209
683	3.125874	3.075037	3.044232
684	3.153114	3.092811	3.087592
685	3.143795	3.102459	3.116538
686	3.102429	3.104986	3.132849
687	3.093211	3.094599	3.131937
688	3.12197	3.068954	3.110676
689	3.136603	3.057421	3.091254
690	3.12866	3.068441	3.074767
691	3.120814	3.081798	3.075475
692	3.113185	3.100298	3.114033
693	3.107963	3.10655	3.137311
694	3.110332	3.074199	3.112424
695	3.111596	3.047727	3.092763
696	3.107482	3.049905	3.098564
697	3.107763	3.050076	3.10439
698	3.147322	3.032316	3.110435
699	3.182282	3.014678	3.11403
700	3.078314	3.000716	3.043593
701	2.974346	2.986754	2.973155
702	2.992708	3.017699	3.073559
703	3.015576	3.050297	3.180254
704	3.012686	3.053305	3.131056
705	3.006866	3.052946	3.064118
706	3.005428	3.047494	3.040348
707	3.004874	3.041014	3.025281
708	3.024073	3.048264	3.039522
709	3.049253	3.05967	3.062638
710	3.051885	3.062461	3.052175
711	3.045037	3.061629	3.027593
712	3.055697	3.058449	3.0393
713	3.076146	3.053956	3.071295
714	3.087448	3.03909	3.102089
715	3.092123	3.016707	3.132013
716	3.094874	3.020119	3.130252
717	3.095844	3.04741	3.099157
718	3.078979	3.043407	3.073641
719	3.041153	3.002626	3.05468
720	3.021048	2.989848	3.05009
[LOG]
CHECKSUM«ë