[HEADER]
Format	J&M ASCII Table
Comment	
Date	05/03/2026 16:09:55
Order	Y (evenX)
TechType	UV
NumPoints	411
FirstX	310
LastX	720
XType	nm
YType	Absorbance
ZType	s
NumSubFile	3
Matrix	Z vs X
[LOGIN]
Name=pcbob
[INSTRUMENT]
Name=TIDAS E Base UV/VI
Detector=MMS - ASPEN 97,5 kHz
Diodearray=256 Pixel
Serial#=36584
Calibrated=2011-07-01
Range=183.81-729.88 [nm] (F0)

SWVersion=v3.18.2 (build 0)[LOGIN]
Name=pcbob
[CONFIG]
ChannelName=Channel 1
ChannelType=Normalized
[PARAMETER]
It=400,00
Aver=5
Norm=3
Range=310,0-720,0 nm
Scan=Time
ScanTime=5,00 s
[TRIGGER]
Sweep=0
Scan=0
[DIO]
DigOut=0x0000
DigIn=0x0000
[DATA]
	00:00:00,000	00:00:02,000	00:00:04,000
310	0.435003	0.434316	0.4337
311	0.428035	0.427372	0.426762
312	0.421177	0.420603	0.419991
313	0.414429	0.413893	0.413288
314	0.407831	0.407264	0.406679
315	0.401297	0.400718	0.400158
316	0.394966	0.394428	0.39391
317	0.388645	0.388141	0.387663
318	0.382464	0.381913	0.381423
319	0.376283	0.375685	0.375182
320	0.370235	0.369626	0.369117
321	0.364205	0.36359	0.363074
322	0.358243	0.357653	0.357087
323	0.352309	0.351757	0.351124
324	0.346477	0.345922	0.345279
325	0.340736	0.340141	0.339539
326	0.335023	0.334414	0.333835
327	0.32936	0.328785	0.328198
328	0.32371	0.323163	0.322563
329	0.318119	0.317577	0.316941
330	0.312529	0.311991	0.311319
331	0.307149	0.306607	0.306043
332	0.30177	0.301224	0.300767
333	0.296536	0.295996	0.295522
334	0.291333	0.290801	0.290283
335	0.286218	0.285699	0.285152
336	0.28115	0.280646	0.280081
337	0.276099	0.275554	0.274994
338	0.271065	0.27042	0.26989
339	0.266103	0.265421	0.264894
340	0.261308	0.260741	0.260154
341	0.256516	0.256049	0.255417
342	0.251749	0.25127	0.250698
343	0.246982	0.24649	0.245979
344	0.242371	0.241875	0.241389
345	0.23777	0.23727	0.236805
346	0.233203	0.232701	0.232194
347	0.228647	0.228143	0.227575
348	0.224129	0.223639	0.223088
349	0.219636	0.219171	0.21869
350	0.215187	0.214745	0.214288
351	0.210797	0.210374	0.209881
352	0.206434	0.206029	0.205507
353	0.202151	0.201759	0.20123
354	0.197889	0.197508	0.196972
355	0.193872	0.193473	0.192949
356	0.189855	0.189438	0.188925
357	0.185705	0.185254	0.184717
358	0.181542	0.181054	0.180489
359	0.177445	0.176953	0.176449
360	0.173373	0.172889	0.172477
361	0.169368	0.168916	0.168513
362	0.165417	0.165015	0.164555
363	0.16155	0.161159	0.160654
364	0.157819	0.157375	0.156843
365	0.154091	0.15361	0.153071
366	0.150377	0.149918	0.149438
367	0.146672	0.146233	0.145807
368	0.143139	0.142696	0.142232
369	0.139606	0.13916	0.138657
370	0.136057	0.135574	0.135076
371	0.132505	0.131982	0.131493
372	0.128997	0.128468	0.128026
373	0.125506	0.124986	0.124609
374	0.122042	0.121558	0.121186
375	0.118602	0.118175	0.117758
376	0.115218	0.114814	0.114386
377	0.111934	0.11149	0.111112
378	0.108658	0.108186	0.107842
379	0.105417	0.104966	0.104593
380	0.10218	0.101749	0.101347
381	0.099128	0.098686	0.0983
382	0.096076	0.095622	0.095253
383	0.093106	0.092615	0.092241
384	0.09015	0.089618	0.089234
385	0.087164	0.086643	0.08626
386	0.084164	0.083679	0.083301
387	0.081274	0.080831	0.080461
388	0.078486	0.078092	0.077733
389	0.07575	0.075375	0.075002
390	0.073108	0.072702	0.072266
391	0.070457	0.070027	0.06954
392	0.067759	0.067344	0.066863
393	0.065065	0.064664	0.06419
394	0.062598	0.062169	0.061743
395	0.06013	0.059674	0.059297
396	0.057812	0.057389	0.056984
397	0.055521	0.055143	0.054695
398	0.053284	0.052914	0.0525
399	0.051073	0.050694	0.050349
400	0.048828	0.048416	0.048098
401	0.04655	0.046084	0.045752
402	0.044241	0.043772	0.04343
403	0.041873	0.041495	0.041155
404	0.039577	0.039274	0.03894
405	0.037603	0.037306	0.036994
406	0.035629	0.035338	0.035046
407	0.033657	0.033358	0.033004
408	0.031685	0.031379	0.030962
409	0.029724	0.0294	0.028935
410	0.027764	0.02742	0.026911
411	0.02573	0.025334	0.024873
412	0.023663	0.0232	0.022828
413	0.021735	0.021245	0.020912
414	0.019933	0.01945	0.019111
415	0.01805	0.017591	0.01727
416	0.016028	0.015621	0.015361
417	0.014022	0.013658	0.013427
418	0.012081	0.011719	0.011396
419	0.010148	0.009791	0.00938
420	0.008439	0.00815	0.007749
421	0.00673	0.006509	0.006118
422	0.005249	0.005016	0.004649
423	0.0038	0.003544	0.003204
424	0.002231	0.00194	0.001615
425	0.000613	0.000282	-0.000031
426	-0.000812	-0.001156	-0.001462
427	-0.002083	-0.002419	-0.002718
428	-0.003262	-0.003588	-0.003869
429	-0.004299	-0.004612	-0.004854
430	-0.005354	-0.005656	-0.00589
431	-0.006468	-0.006761	-0.007088
432	-0.007583	-0.00787	-0.008284
433	-0.008713	-0.009014	-0.009446
434	-0.009843	-0.010158	-0.010609
435	-0.010795	-0.011097	-0.01149
436	-0.011731	-0.012017	-0.012345
437	-0.012695	-0.012986	-0.013316
438	-0.013669	-0.01397	-0.014323
439	-0.014591	-0.014894	-0.015249
440	-0.015478	-0.015777	-0.016119
441	-0.01624	-0.016565	-0.016887
442	-0.016845	-0.01723	-0.017524
443	-0.017506	-0.017928	-0.018203
444	-0.018312	-0.018711	-0.018987
445	-0.019105	-0.019481	-0.019758
446	-0.0198	-0.020152	-0.020435
447	-0.020494	-0.020823	-0.021112
448	-0.021124	-0.021429	-0.021735
449	-0.021752	-0.022033	-0.022356
450	-0.022291	-0.022558	-0.022896
451	-0.022809	-0.023066	-0.023418
452	-0.02328	-0.023557	-0.023892
453	-0.023728	-0.024039	-0.02434
454	-0.024134	-0.024473	-0.024737
455	-0.024501	-0.024859	-0.025083
456	-0.024864	-0.025226	-0.02544
457	-0.025223	-0.025557	-0.02582
458	-0.025578	-0.025894	-0.026184
459	-0.025919	-0.02626	-0.026485
460	-0.026261	-0.026625	-0.02679
461	-0.026611	-0.026989	-0.027173
462	-0.026962	-0.027353	-0.027556
463	-0.027316	-0.02768	-0.027888
464	-0.027671	-0.028002	-0.028215
465	-0.028035	-0.028327	-0.02855
466	-0.028403	-0.028654	-0.02889
467	-0.028627	-0.028882	-0.029091
468	-0.028749	-0.02904	-0.029194
469	-0.028928	-0.029234	-0.029364
470	-0.029183	-0.029477	-0.029622
471	-0.029403	-0.029692	-0.029866
472	-0.02953	-0.029838	-0.030074
473	-0.029652	-0.029974	-0.030261
474	-0.029738	-0.030046	-0.030311
475	-0.029824	-0.030118	-0.03036
476	-0.029946	-0.030193	-0.030442
477	-0.030068	-0.030267	-0.030523
478	-0.030141	-0.030383	-0.030654
479	-0.030203	-0.030508	-0.030794
480	-0.030286	-0.030594	-0.030887
481	-0.030377	-0.030663	-0.030959
482	-0.030443	-0.030726	-0.031013
483	-0.030486	-0.030786	-0.031053
484	-0.03061	-0.030921	-0.031177
485	-0.030862	-0.031175	-0.031435
486	-0.031022	-0.03133	-0.031595
487	-0.030889	-0.031174	-0.031448
488	-0.030764	-0.03103	-0.03131
489	-0.030717	-0.030993	-0.031261
490	-0.03067	-0.030957	-0.031213
491	-0.030456	-0.030728	-0.031003
492	-0.030233	-0.030489	-0.030785
493	-0.03013	-0.030414	-0.030671
494	-0.030055	-0.03038	-0.030583
495	-0.02991	-0.030214	-0.030434
496	-0.029727	-0.029979	-0.030254
497	-0.02955	-0.029798	-0.030113
498	-0.029378	-0.029667	-0.03001
499	-0.02925	-0.029564	-0.029913
500	-0.0292	-0.029508	-0.029828
501	-0.029125	-0.02943	-0.029723
502	-0.028971	-0.029283	-0.029549
503	-0.028819	-0.029137	-0.029384
504	-0.028699	-0.029017	-0.0293
505	-0.028579	-0.028896	-0.029217
506	-0.028401	-0.028761	-0.029057
507	-0.02822	-0.028625	-0.028893
508	-0.028108	-0.02849	-0.028756
509	-0.028013	-0.028355	-0.028627
510	-0.027968	-0.028282	-0.028582
511	-0.027949	-0.02824	-0.02858
512	-0.027869	-0.028178	-0.028502
513	-0.027735	-0.028097	-0.028354
514	-0.027593	-0.027968	-0.028185
515	-0.027437	-0.027762	-0.027981
516	-0.027267	-0.027554	-0.027788
517	-0.027051	-0.027338	-0.027628
518	-0.026842	-0.027129	-0.027471
519	-0.026693	-0.026978	-0.027343
520	-0.026544	-0.026827	-0.027214
521	-0.026377	-0.026642	-0.027017
522	-0.026209	-0.026456	-0.026818
523	-0.026049	-0.026306	-0.026635
524	-0.02589	-0.026163	-0.026456
525	-0.025745	-0.02605	-0.026316
526	-0.025607	-0.02595	-0.026193
527	-0.02546	-0.025815	-0.026073
528	-0.025307	-0.025652	-0.025956
529	-0.025171	-0.025507	-0.025824
530	-0.025058	-0.025386	-0.025673
531	-0.024942	-0.025253	-0.025524
532	-0.024815	-0.025093	-0.025381
533	-0.024671	-0.024918	-0.025222
534	-0.024428	-0.024667	-0.024978
535	-0.024188	-0.024418	-0.024735
536	-0.024024	-0.024249	-0.024576
537	-0.023861	-0.02408	-0.024417
538	-0.023599	-0.023834	-0.024148
539	-0.023325	-0.023579	-0.023866
540	-0.02312	-0.023426	-0.023688
541	-0.022936	-0.023305	-0.023542
542	-0.022805	-0.023135	-0.023382
543	-0.022704	-0.022935	-0.023212
544	-0.022549	-0.022777	-0.023057
545	-0.022339	-0.02266	-0.022914
546	-0.022126	-0.022494	-0.022736
547	-0.021906	-0.022245	-0.022501
548	-0.021696	-0.021995	-0.022272
549	-0.021516	-0.021741	-0.022067
550	-0.021326	-0.021497	-0.02186
551	-0.021069	-0.021319	-0.021643
552	-0.020812	-0.021141	-0.021427
553	-0.020654	-0.020952	-0.021237
554	-0.020496	-0.020762	-0.021047
555	-0.020382	-0.020652	-0.020926
556	-0.020274	-0.020555	-0.020815
557	-0.020153	-0.020451	-0.020703
558	-0.020026	-0.020346	-0.020589
559	-0.019842	-0.020165	-0.020407
560	-0.01962	-0.019937	-0.02018
561	-0.019401	-0.01971	-0.019962
562	-0.019185	-0.019485	-0.019755
563	-0.019007	-0.019289	-0.019571
564	-0.018897	-0.019141	-0.019427
565	-0.018779	-0.018994	-0.019283
566	-0.018637	-0.018851	-0.01914
567	-0.018496	-0.018706	-0.018992
568	-0.018361	-0.018541	-0.018803
569	-0.018225	-0.018375	-0.018614
570	-0.018063	-0.018256	-0.018497
571	-0.0179	-0.018136	-0.018381
572	-0.017727	-0.017968	-0.01818
573	-0.017553	-0.017792	-0.017968
574	-0.017397	-0.017622	-0.017801
575	-0.017247	-0.017454	-0.017649
576	-0.017082	-0.017278	-0.017485
577	-0.016909	-0.017097	-0.017314
578	-0.016745	-0.016922	-0.017131
579	-0.016589	-0.016754	-0.016938
580	-0.016427	-0.016597	-0.016757
581	-0.016255	-0.016458	-0.016595
582	-0.016084	-0.016306	-0.016435
583	-0.015915	-0.016125	-0.016279
584	-0.015741	-0.015942	-0.016122
585	-0.01554	-0.015754	-0.015958
586	-0.015338	-0.015563	-0.015789
587	-0.015116	-0.015299	-0.015521
588	-0.014893	-0.015034	-0.015253
589	-0.014701	-0.014881	-0.015106
590	-0.014513	-0.014736	-0.014969
591	-0.014318	-0.014544	-0.01476
592	-0.014122	-0.014341	-0.014535
593	-0.013938	-0.014144	-0.014335
594	-0.013759	-0.013951	-0.014145
595	-0.013549	-0.013722	-0.01392
596	-0.013317	-0.013469	-0.01367
597	-0.013074	-0.01323	-0.013429
598	-0.012818	-0.013008	-0.013198
599	-0.012599	-0.012796	-0.012983
600	-0.012444	-0.012603	-0.012794
601	-0.012281	-0.012409	-0.012612
602	-0.012093	-0.012213	-0.012453
603	-0.0119	-0.012019	-0.012287
604	-0.011675	-0.011836	-0.012079
605	-0.011448	-0.011647	-0.011867
606	-0.011162	-0.011328	-0.01155
607	-0.010876	-0.011008	-0.011232
608	-0.010689	-0.010873	-0.011056
609	-0.010511	-0.010751	-0.010891
610	-0.010378	-0.010571	-0.010769
611	-0.010256	-0.010378	-0.010658
612	-0.010061	-0.010227	-0.010479
613	-0.009838	-0.010093	-0.010273
614	-0.009706	-0.00996	-0.010126
615	-0.009634	-0.009828	-0.010016
616	-0.009469	-0.009635	-0.009837
617	-0.009214	-0.009382	-0.00959
618	-0.008994	-0.009178	-0.00938
619	-0.008828	-0.009047	-0.009227
620	-0.008678	-0.008908	-0.00908
621	-0.008564	-0.008751	-0.008944
622	-0.008422	-0.00858	-0.008789
623	-0.008164	-0.008351	-0.008556
624	-0.00792	-0.008131	-0.008332
625	-0.007806	-0.008	-0.008202
626	-0.007693	-0.007869	-0.008072
627	-0.007427	-0.007602	-0.007823
628	-0.00716	-0.007334	-0.007572
629	-0.006957	-0.007177	-0.007349
630	-0.006762	-0.007034	-0.007129
631	-0.006586	-0.006858	-0.00698
632	-0.006416	-0.006673	-0.006848
633	-0.006217	-0.006446	-0.006659
634	-0.006007	-0.0062	-0.006445
635	-0.005818	-0.006003	-0.00625
636	-0.005643	-0.005838	-0.006068
637	-0.005493	-0.005689	-0.00592
638	-0.005367	-0.005557	-0.005806
639	-0.00518	-0.005385	-0.005642
640	-0.004902	-0.005153	-0.005404
641	-0.004666	-0.004951	-0.005193
642	-0.004519	-0.004813	-0.00504
643	-0.004379	-0.004678	-0.004895
644	-0.004261	-0.004558	-0.00478
645	-0.004144	-0.004429	-0.004662
646	-0.004035	-0.004235	-0.004519
647	-0.003925	-0.004045	-0.004376
648	-0.003769	-0.003942	-0.004237
649	-0.003612	-0.003839	-0.004098
650	-0.003546	-0.003766	-0.004019
651	-0.003486	-0.003694	-0.003944
652	-0.003484	-0.00366	-0.003881
653	-0.003493	-0.003633	-0.00382
654	-0.003509	-0.003645	-0.003834
655	-0.003526	-0.003668	-0.003872
656	-0.003504	-0.003656	-0.003851
657	-0.003463	-0.003627	-0.003803
658	-0.003338	-0.003491	-0.00365
659	-0.003153	-0.003282	-0.003423
660	-0.002844	-0.002976	-0.003131
661	-0.00241	-0.002575	-0.002774
662	-0.002024	-0.002214	-0.002433
663	-0.001706	-0.001909	-0.002116
664	-0.001414	-0.001627	-0.001836
665	-0.001177	-0.001392	-0.00163
666	-0.000949	-0.001166	-0.001415
667	-0.000752	-0.00097	-0.001171
668	-0.000559	-0.000774	-0.000943
669	-0.000382	-0.000579	-0.000793
670	-0.000204	-0.000385	-0.000643
671	-0.000001	-0.000203	-0.000494
672	0.000201	-0.000021	-0.000345
673	0.000349	0.000101	-0.000162
674	0.000496	0.000224	0.000022
675	0.000632	0.000379	0.000219
676	0.000766	0.000538	0.000417
677	0.000936	0.000675	0.000528
678	0.001113	0.000808	0.000623
679	0.001203	0.000914	0.000754
680	0.001265	0.001012	0.000897
681	0.001367	0.001162	0.001017
682	0.001486	0.001337	0.001125
683	0.001611	0.001466	0.001251
684	0.001738	0.001566	0.001389
685	0.001864	0.001662	0.001528
686	0.001988	0.001754	0.001669
687	0.002142	0.0019	0.001802
688	0.00233	0.002108	0.001925
689	0.002498	0.002285	0.002056
690	0.002633	0.002413	0.002201
691	0.002784	0.002566	0.002365
692	0.002967	0.002778	0.002571
693	0.003127	0.002956	0.002746
694	0.00321	0.003028	0.002823
695	0.003299	0.003107	0.002908
696	0.003416	0.003215	0.003029
697	0.003537	0.003325	0.003154
698	0.003697	0.003442	0.003316
699	0.003855	0.003561	0.003476
700	0.003947	0.003746	0.003589
701	0.004039	0.003931	0.003702
702	0.004167	0.003979	0.003763
703	0.004296	0.004023	0.003822
704	0.004477	0.004221	0.004026
705	0.004663	0.004436	0.004247
706	0.004827	0.004576	0.004376
707	0.004987	0.0047	0.004486
708	0.005146	0.004894	0.004654
709	0.005305	0.00511	0.004839
710	0.005476	0.005284	0.005063
711	0.005653	0.005441	0.005304
712	0.005853	0.005632	0.005506
713	0.006067	0.005842	0.005685
714	0.006194	0.005971	0.005804
715	0.00626	0.00604	0.005878
716	0.006416	0.006204	0.006064
717	0.006657	0.006455	0.006353
718	0.006816	0.006629	0.006518
719	0.006879	0.006713	0.006536
720	0.006959	0.006801	0.006609
[LOG]
CHECKSUM”—