[HEADER]
Format	J&M ASCII Table
Comment	
Date	05/03/2026 16:58:55
Order	Y (evenX)
TechType	UV
NumPoints	411
FirstX	310
LastX	720
XType	nm
YType	Absorbance
ZType	s
NumSubFile	3
Matrix	Z vs X
[LOGIN]
Name=pcbob
[INSTRUMENT]
Name=TIDAS E Base UV/VI
Detector=MMS - ASPEN 97,5 kHz
Diodearray=256 Pixel
Serial#=36584
Calibrated=2011-07-01
Range=183.81-729.88 [nm] (F0)

SWVersion=v3.18.2 (build 0)[LOGIN]
Name=pcbob
[CONFIG]
ChannelName=Channel 1
ChannelType=Normalized
[PARAMETER]
It=400,00
Aver=5
Norm=3
Range=310,0-720,0 nm
Scan=Time
ScanTime=5,00 s
[TRIGGER]
Sweep=0
Scan=0
[DIO]
DigOut=0x0000
DigIn=0x0000
[DATA]
	00:00:00,000	00:00:02,000	00:00:04,000
310	0.595298	0.594743	0.594074
311	0.58625	0.585673	0.584997
312	0.577346	0.576738	0.576046
313	0.568569	0.567919	0.567216
314	0.559964	0.559263	0.558554
315	0.551423	0.55068	0.549965
316	0.543081	0.542322	0.541603
317	0.534746	0.533975	0.533257
318	0.526529	0.525781	0.525144
319	0.518311	0.517586	0.517031
320	0.510224	0.509527	0.508907
321	0.502153	0.501484	0.500783
322	0.494172	0.493529	0.492837
323	0.486228	0.485609	0.484966
324	0.478486	0.477831	0.477204
325	0.470923	0.470176	0.469538
326	0.463399	0.462589	0.461948
327	0.455944	0.455122	0.454497
328	0.448495	0.44767	0.44706
329	0.441072	0.440284	0.439693
330	0.43365	0.432898	0.432326
331	0.426396	0.425645	0.425072
332	0.419141	0.418391	0.417819
333	0.412221	0.411489	0.4109
334	0.405372	0.404661	0.404053
335	0.398595	0.397921	0.397283
336	0.391856	0.391229	0.390554
337	0.385146	0.384532	0.38383
338	0.378466	0.37783	0.377109
339	0.371875	0.371233	0.370484
340	0.365496	0.364882	0.364085
341	0.359132	0.358542	0.357704
342	0.352876	0.352281	0.351454
343	0.346619	0.34602	0.345205
344	0.340652	0.34002	0.339297
345	0.334702	0.334035	0.333408
346	0.328852	0.328158	0.327497
347	0.323031	0.322314	0.321579
348	0.317246	0.316509	0.315761
349	0.311483	0.310729	0.31001
350	0.305752	0.305004	0.304322
351	0.300063	0.299351	0.298717
352	0.294397	0.293711	0.293102
353	0.288795	0.288111	0.287454
354	0.283203	0.28252	0.281819
355	0.277717	0.277042	0.276345
356	0.272231	0.271565	0.270872
357	0.266867	0.266169	0.265547
358	0.261515	0.260782	0.260237
359	0.25632	0.255587	0.255005
360	0.251181	0.250462	0.249801
361	0.246086	0.245424	0.244707
362	0.241026	0.240456	0.2397
363	0.236009	0.235479	0.234725
364	0.23106	0.230487	0.2298
365	0.22616	0.225548	0.224908
366	0.22144	0.220797	0.220134
367	0.216726	0.216054	0.215371
368	0.212145	0.211463	0.210833
369	0.207565	0.206873	0.206295
370	0.20295	0.202288	0.2017
371	0.19833	0.197704	0.197095
372	0.193839	0.193163	0.192587
373	0.189403	0.188639	0.188119
374	0.18497	0.1842	0.18368
375	0.18054	0.179835	0.179268
376	0.176151	0.175497	0.174895
377	0.171833	0.171207	0.170591
378	0.167567	0.166949	0.166332
379	0.163522	0.162825	0.162259
380	0.15948	0.158706	0.158191
381	0.155566	0.154811	0.154298
382	0.151652	0.150917	0.150406
383	0.147744	0.147058	0.146524
384	0.143838	0.143205	0.142644
385	0.139973	0.139349	0.138763
386	0.136127	0.135491	0.134881
387	0.132431	0.131796	0.131165
388	0.128875	0.128254	0.127603
389	0.12536	0.124747	0.124091
390	0.121921	0.121304	0.120669
391	0.118457	0.117847	0.117225
392	0.114878	0.114323	0.113684
393	0.111304	0.110803	0.110149
394	0.108122	0.107633	0.107032
395	0.104939	0.104463	0.103915
396	0.101935	0.101438	0.100944
397	0.098964	0.098439	0.098
398	0.096082	0.095519	0.095063
399	0.093244	0.092634	0.092131
400	0.090311	0.089724	0.089157
401	0.08729	0.08679	0.086142
402	0.08431	0.083859	0.08317
403	0.081407	0.080934	0.080276
404	0.078586	0.07808	0.077474
405	0.076131	0.075541	0.075081
406	0.073675	0.073004	0.072686
407	0.071141	0.070517	0.070174
408	0.068608	0.068031	0.067662
409	0.066029	0.065555	0.065132
410	0.063442	0.063081	0.062599
411	0.060795	0.060414	0.059926
412	0.05812	0.057659	0.05719
413	0.055575	0.055057	0.054637
414	0.053149	0.052592	0.052247
415	0.050634	0.050092	0.049771
416	0.047964	0.047529	0.047145
417	0.045351	0.044993	0.044564
418	0.042959	0.042563	0.042159
419	0.040583	0.040149	0.039772
420	0.0386	0.038174	0.037823
421	0.036616	0.036198	0.035875
422	0.034601	0.034228	0.033879
423	0.03258	0.03226	0.031877
424	0.030584	0.030254	0.029887
425	0.028596	0.028234	0.027901
426	0.02676	0.026394	0.026064
427	0.025046	0.0247	0.024346
428	0.023444	0.023122	0.022763
429	0.022016	0.021723	0.021388
430	0.02057	0.020303	0.019983
431	0.019063	0.018813	0.018484
432	0.017561	0.017322	0.016989
433	0.016107	0.01583	0.015546
434	0.014654	0.014338	0.014103
435	0.01334	0.013021	0.01278
436	0.01204	0.011721	0.011468
437	0.010655	0.010369	0.010116
438	0.009243	0.009001	0.00875
439	0.007951	0.007749	0.007492
440	0.00674	0.006574	0.006306
441	0.005599	0.005458	0.005174
442	0.004548	0.004414	0.004112
443	0.003493	0.003349	0.003051
444	0.002424	0.002228	0.001994
445	0.001372	0.001134	0.000953
446	0.000438	0.000227	0.000024
447	-0.000495	-0.000681	-0.000904
448	-0.001361	-0.001559	-0.001802
449	-0.002225	-0.002437	-0.002699
450	-0.003019	-0.003244	-0.003504
451	-0.003798	-0.004036	-0.004287
452	-0.004593	-0.004798	-0.005041
453	-0.005396	-0.005545	-0.00578
454	-0.006163	-0.006304	-0.006511
455	-0.006892	-0.007075	-0.007233
456	-0.007599	-0.007796	-0.007924
457	-0.008263	-0.008425	-0.008558
458	-0.008906	-0.009043	-0.009177
459	-0.00946	-0.009616	-0.009739
460	-0.010016	-0.010189	-0.010302
461	-0.010609	-0.010757	-0.010882
462	-0.011202	-0.011325	-0.011461
463	-0.011786	-0.011904	-0.012036
464	-0.01237	-0.012484	-0.01261
465	-0.012861	-0.012997	-0.013131
466	-0.013318	-0.013485	-0.013631
467	-0.013662	-0.013867	-0.014005
468	-0.013927	-0.014172	-0.014289
469	-0.014245	-0.014491	-0.014599
470	-0.014633	-0.014827	-0.014944
471	-0.015002	-0.015165	-0.015282
472	-0.015321	-0.015505	-0.015601
473	-0.015639	-0.015838	-0.015921
474	-0.01596	-0.016126	-0.01625
475	-0.01628	-0.016413	-0.016579
476	-0.016531	-0.016636	-0.016837
477	-0.01678	-0.016858	-0.017093
478	-0.017035	-0.017137	-0.017329
479	-0.017291	-0.017428	-0.01756
480	-0.017614	-0.017751	-0.017891
481	-0.017967	-0.018089	-0.018267
482	-0.018391	-0.018494	-0.018684
483	-0.018877	-0.018957	-0.019136
484	-0.019371	-0.019436	-0.019596
485	-0.019878	-0.01994	-0.020069
486	-0.020254	-0.020315	-0.020425
487	-0.020216	-0.020284	-0.020412
488	-0.020174	-0.020248	-0.020394
489	-0.02009	-0.02016	-0.020325
490	-0.020005	-0.020072	-0.020257
491	-0.019872	-0.019983	-0.020111
492	-0.019735	-0.019895	-0.019961
493	-0.019648	-0.019782	-0.019872
494	-0.019572	-0.019664	-0.019797
495	-0.01949	-0.019541	-0.019686
496	-0.019404	-0.019417	-0.019558
497	-0.019371	-0.019371	-0.019537
498	-0.019388	-0.019398	-0.019616
499	-0.019392	-0.019417	-0.019657
500	-0.019374	-0.019425	-0.019636
501	-0.019336	-0.019417	-0.019604
502	-0.019235	-0.019359	-0.019535
503	-0.019143	-0.019303	-0.01947
504	-0.019141	-0.01927	-0.01944
505	-0.019139	-0.019237	-0.019409
506	-0.019111	-0.019247	-0.019357
507	-0.019081	-0.019259	-0.019303
508	-0.019052	-0.01921	-0.019231
509	-0.019024	-0.019146	-0.019155
510	-0.019031	-0.019133	-0.019196
511	-0.019055	-0.019145	-0.019296
512	-0.019078	-0.019184	-0.019351
513	-0.0191	-0.019247	-0.019365
514	-0.019107	-0.019261	-0.019355
515	-0.019087	-0.019195	-0.019305
516	-0.019054	-0.019116	-0.019244
517	-0.018979	-0.018996	-0.019149
518	-0.0189	-0.018881	-0.019052
519	-0.018783	-0.01882	-0.01895
520	-0.018667	-0.018758	-0.018847
521	-0.01851	-0.01858	-0.018679
522	-0.018352	-0.018399	-0.01851
523	-0.018236	-0.018295	-0.018384
524	-0.018129	-0.018206	-0.018268
525	-0.018088	-0.018201	-0.018218
526	-0.018077	-0.018232	-0.018197
527	-0.018075	-0.018156	-0.018191
528	-0.01808	-0.017997	-0.018195
529	-0.018064	-0.017934	-0.018185
530	-0.018019	-0.018001	-0.018155
531	-0.018	-0.018062	-0.018147
532	-0.018045	-0.018106	-0.018191
533	-0.018076	-0.018132	-0.01822
534	-0.01803	-0.018063	-0.018173
535	-0.017983	-0.017993	-0.018126
536	-0.017882	-0.017939	-0.018043
537	-0.017781	-0.017884	-0.01796
538	-0.017612	-0.017751	-0.01781
539	-0.017434	-0.017608	-0.017652
540	-0.017359	-0.017493	-0.017535
541	-0.017316	-0.017387	-0.01743
542	-0.017193	-0.017242	-0.01731
543	-0.017023	-0.017074	-0.017179
544	-0.016866	-0.016919	-0.017015
545	-0.016722	-0.016779	-0.016815
546	-0.016572	-0.016626	-0.016647
547	-0.016411	-0.016454	-0.016531
548	-0.016262	-0.016281	-0.016414
549	-0.016146	-0.016109	-0.016291
550	-0.016019	-0.015939	-0.016158
551	-0.015807	-0.015779	-0.015953
552	-0.015596	-0.015619	-0.015748
553	-0.015536	-0.015576	-0.01568
554	-0.015478	-0.015535	-0.015614
555	-0.015504	-0.015535	-0.015652
556	-0.015544	-0.015542	-0.015707
557	-0.01558	-0.015574	-0.015712
558	-0.015615	-0.015616	-0.015698
559	-0.015565	-0.015574	-0.015655
560	-0.01546	-0.015478	-0.015592
561	-0.015346	-0.015379	-0.0155
562	-0.015223	-0.015275	-0.015378
563	-0.015137	-0.015207	-0.015294
564	-0.015117	-0.015199	-0.015277
565	-0.015101	-0.01519	-0.015248
566	-0.015097	-0.015176	-0.015184
567	-0.015096	-0.015167	-0.015133
568	-0.015113	-0.015193	-0.015181
569	-0.01513	-0.015219	-0.015228
570	-0.015169	-0.015233	-0.015259
571	-0.015207	-0.015248	-0.015289
572	-0.015145	-0.015187	-0.015255
573	-0.015069	-0.015116	-0.015212
574	-0.015017	-0.015081	-0.015161
575	-0.014973	-0.015057	-0.015109
576	-0.014938	-0.014992	-0.015045
577	-0.014908	-0.014901	-0.014974
578	-0.014889	-0.014862	-0.014937
579	-0.014881	-0.014874	-0.014932
580	-0.014849	-0.014853	-0.014901
581	-0.014781	-0.014782	-0.014828
582	-0.014707	-0.014705	-0.014743
583	-0.014621	-0.014608	-0.014626
584	-0.014524	-0.014505	-0.014512
585	-0.014372	-0.014361	-0.014413
586	-0.014218	-0.014216	-0.014308
587	-0.014008	-0.014027	-0.014067
588	-0.013799	-0.013837	-0.013826
589	-0.013645	-0.013647	-0.01366
590	-0.013496	-0.013457	-0.0135
591	-0.013315	-0.013295	-0.013337
592	-0.013127	-0.013138	-0.013174
593	-0.01295	-0.012982	-0.013014
594	-0.012777	-0.012825	-0.012856
595	-0.012572	-0.012611	-0.012634
596	-0.012345	-0.012358	-0.012366
597	-0.012088	-0.012086	-0.012106
598	-0.011798	-0.011795	-0.011854
599	-0.011555	-0.011551	-0.011623
600	-0.011393	-0.011392	-0.011428
601	-0.011221	-0.011223	-0.01124
602	-0.011016	-0.011026	-0.011067
603	-0.010808	-0.010824	-0.010882
604	-0.010576	-0.010586	-0.010619
605	-0.010341	-0.010345	-0.010355
606	-0.010046	-0.010025	-0.010062
607	-0.009751	-0.009705	-0.009768
608	-0.009621	-0.009583	-0.009665
609	-0.009503	-0.009477	-0.009576
610	-0.009381	-0.00936	-0.009474
611	-0.009259	-0.009241	-0.009369
612	-0.009157	-0.009156	-0.009256
613	-0.009063	-0.009084	-0.009139
614	-0.009016	-0.009038	-0.009081
615	-0.008999	-0.009006	-0.009059
616	-0.008892	-0.008882	-0.008944
617	-0.008696	-0.008667	-0.008736
618	-0.008539	-0.008512	-0.008578
619	-0.008442	-0.008447	-0.008492
620	-0.008335	-0.008369	-0.008408
621	-0.008208	-0.008263	-0.008327
622	-0.008068	-0.00814	-0.008215
623	-0.007873	-0.007954	-0.007976
624	-0.00769	-0.007772	-0.00775
625	-0.00761	-0.007633	-0.007652
626	-0.007531	-0.007493	-0.007553
627	-0.007257	-0.007195	-0.007247
628	-0.006982	-0.006896	-0.006939
629	-0.006743	-0.006676	-0.006703
630	-0.006508	-0.006467	-0.006474
631	-0.006304	-0.006262	-0.0063
632	-0.006109	-0.006058	-0.006139
633	-0.00588	-0.005828	-0.005909
634	-0.005636	-0.005586	-0.005647
635	-0.005422	-0.005374	-0.005434
636	-0.005228	-0.005183	-0.005251
637	-0.00506	-0.005042	-0.005103
638	-0.004918	-0.004949	-0.004988
639	-0.004736	-0.004782	-0.004835
640	-0.004497	-0.004505	-0.004626
641	-0.004307	-0.004293	-0.004453
642	-0.004228	-0.004224	-0.00436
643	-0.004145	-0.004154	-0.004261
644	-0.004045	-0.004076	-0.004138
645	-0.003956	-0.004004	-0.004025
646	-0.003941	-0.003971	-0.003984
647	-0.003927	-0.003939	-0.003945
648	-0.003956	-0.003933	-0.003979
649	-0.003986	-0.003926	-0.004012
650	-0.00424	-0.00421	-0.004282
651	-0.004508	-0.004511	-0.004565
652	-0.004904	-0.004918	-0.004977
653	-0.005322	-0.005343	-0.005412
654	-0.005617	-0.005607	-0.005675
655	-0.005875	-0.00582	-0.005885
656	-0.005924	-0.005875	-0.005936
657	-0.005872	-0.005853	-0.00591
658	-0.00564	-0.005652	-0.005687
659	-0.005283	-0.005324	-0.005324
660	-0.004794	-0.004829	-0.004811
661	-0.004173	-0.004166	-0.004149
662	-0.003574	-0.00354	-0.003538
663	-0.003004	-0.002968	-0.003001
664	-0.002515	-0.002481	-0.002526
665	-0.002192	-0.002166	-0.002179
666	-0.001877	-0.001854	-0.001865
667	-0.001591	-0.001553	-0.001649
668	-0.001324	-0.001272	-0.001437
669	-0.001154	-0.001092	-0.001251
670	-0.000984	-0.000915	-0.001062
671	-0.000806	-0.000772	-0.000848
672	-0.000628	-0.000628	-0.000634
673	-0.000553	-0.000508	-0.000528
674	-0.000478	-0.000388	-0.000423
675	-0.000298	-0.000195	-0.000273
676	-0.000108	0.000005	-0.000118
677	0.000006	0.000064	-0.000028
678	0.000107	0.000097	0.00005
679	0.000168	0.000169	0.000132
680	0.000216	0.000252	0.000216
681	0.000291	0.000351	0.000286
682	0.000378	0.000455	0.00035
683	0.000437	0.000473	0.000412
684	0.000478	0.000436	0.000474
685	0.000556	0.000493	0.000536
686	0.000664	0.000632	0.000599
687	0.000744	0.000741	0.000659
688	0.000789	0.000815	0.000717
689	0.000859	0.000891	0.000795
690	0.000967	0.00097	0.000903
691	0.001075	0.00107	0.001034
692	0.001184	0.001213	0.001219
693	0.001293	0.001334	0.001349
694	0.001401	0.00139	0.001311
695	0.001498	0.001445	0.001303
696	0.001548	0.001497	0.00145
697	0.001608	0.001561	0.001594
698	0.001753	0.001722	0.001705
699	0.001897	0.001882	0.001817
700	0.00198	0.002013	0.001961
701	0.002063	0.002144	0.002105
702	0.002118	0.002185	0.002241
703	0.002171	0.002223	0.002378
704	0.002402	0.002408	0.002499
705	0.002652	0.002611	0.002619
706	0.002793	0.002768	0.002776
707	0.002912	0.002916	0.00294
708	0.003047	0.00306	0.003085
709	0.003186	0.003201	0.003225
710	0.003407	0.003404	0.003415
711	0.003662	0.003633	0.003627
712	0.003874	0.003829	0.003838
713	0.004061	0.004008	0.004047
714	0.004215	0.004136	0.004186
715	0.004345	0.004227	0.004274
716	0.004512	0.004382	0.004433
717	0.004714	0.004597	0.004656
718	0.004843	0.004773	0.004796
719	0.004886	0.004904	0.004839
720	0.004969	0.005028	0.004918
[LOG]
CHECKSUMñ