[HEADER]
Format	J&M ASCII Table
Comment	
Date	04/03/2026 19:54:25
Order	Y (evenX)
TechType	UV
NumPoints	411
FirstX	310
LastX	720
XType	nm
YType	Absorbance
ZType	s
NumSubFile	3
Matrix	Z vs X
[LOGIN]
Name=pcbob
[INSTRUMENT]
Name=TIDAS E Base UV/VI
Detector=MMS - ASPEN 97,5 kHz
Diodearray=256 Pixel
Serial#=36584
Calibrated=2011-07-01
Range=183.81-729.88 [nm] (F0)

SWVersion=v3.18.2 (build 0)[LOGIN]
Name=pcbob
[CONFIG]
ChannelName=Channel 1
ChannelType=Normalized
[PARAMETER]
It=400,00
Aver=5
Norm=3
Range=310,0-720,0 nm
Scan=Time
ScanTime=5,00 s
[TRIGGER]
Sweep=0
Scan=0
[DIO]
DigOut=0x0000
DigIn=0x0000
[DATA]
	00:00:00,000	00:00:02,000	00:00:04,000
310	-0.001671	-0.001611	-0.001528
311	-0.001788	-0.001718	-0.001642
312	-0.001908	-0.001826	-0.001757
313	-0.002	-0.001907	-0.001853
314	-0.002052	-0.001951	-0.00192
315	-0.00211	-0.001999	-0.001983
316	-0.002185	-0.002055	-0.002036
317	-0.002256	-0.002108	-0.002086
318	-0.002251	-0.002114	-0.00211
319	-0.002245	-0.00212	-0.002134
320	-0.002297	-0.002173	-0.002159
321	-0.002355	-0.002233	-0.002185
322	-0.00243	-0.002314	-0.002248
323	-0.002512	-0.002403	-0.002328
324	-0.002546	-0.002438	-0.00237
325	-0.002539	-0.002423	-0.002378
326	-0.00253	-0.002406	-0.00238
327	-0.002518	-0.002383	-0.002372
328	-0.002504	-0.002365	-0.002358
329	-0.002481	-0.002368	-0.002323
330	-0.002459	-0.00237	-0.002287
331	-0.002534	-0.002395	-0.002333
332	-0.002609	-0.002419	-0.00238
333	-0.002569	-0.002405	-0.002329
334	-0.002505	-0.002383	-0.002258
335	-0.002492	-0.002366	-0.00223
336	-0.002506	-0.002354	-0.002226
337	-0.002518	-0.002357	-0.002252
338	-0.002525	-0.00238	-0.002311
339	-0.002524	-0.002392	-0.002355
340	-0.002502	-0.00238	-0.002365
341	-0.002484	-0.002375	-0.002374
342	-0.002493	-0.002414	-0.002375
343	-0.002503	-0.002453	-0.002375
344	-0.002513	-0.002426	-0.002359
345	-0.002523	-0.002395	-0.002342
346	-0.002508	-0.002414	-0.002331
347	-0.002485	-0.002448	-0.002323
348	-0.002463	-0.002426	-0.002289
349	-0.002441	-0.002366	-0.00224
350	-0.002416	-0.002305	-0.002207
351	-0.002385	-0.002241	-0.002196
352	-0.002371	-0.002208	-0.002194
353	-0.002411	-0.002266	-0.002215
354	-0.002446	-0.002315	-0.002233
355	-0.00242	-0.002258	-0.002216
356	-0.002393	-0.002202	-0.002198
357	-0.002394	-0.002225	-0.002221
358	-0.002397	-0.002256	-0.002247
359	-0.00233	-0.002171	-0.002201
360	-0.002238	-0.002044	-0.002127
361	-0.002207	-0.001991	-0.002092
362	-0.002226	-0.001996	-0.002088
363	-0.002234	-0.002033	-0.002105
364	-0.002225	-0.002119	-0.002155
365	-0.00221	-0.002171	-0.002182
366	-0.002168	-0.002103	-0.002118
367	-0.002128	-0.002038	-0.002053
368	-0.002119	-0.002023	-0.001982
369	-0.002109	-0.002009	-0.00191
370	-0.002061	-0.001963	-0.001879
371	-0.002006	-0.001914	-0.001854
372	-0.002001	-0.001884	-0.001838
373	-0.002017	-0.001862	-0.001827
374	-0.002025	-0.00188	-0.001827
375	-0.002024	-0.001931	-0.001838
376	-0.002032	-0.001954	-0.001836
377	-0.002053	-0.001926	-0.001814
378	-0.00205	-0.001884	-0.001782
379	-0.001945	-0.00178	-0.001706
380	-0.001842	-0.001677	-0.00163
381	-0.001817	-0.001624	-0.001582
382	-0.001791	-0.00157	-0.001534
383	-0.001679	-0.001499	-0.001433
384	-0.001551	-0.001425	-0.001323
385	-0.001506	-0.001395	-0.001301
386	-0.001499	-0.001384	-0.001319
387	-0.001469	-0.001334	-0.001268
388	-0.001418	-0.001246	-0.001153
389	-0.001338	-0.001159	-0.001058
390	-0.001207	-0.001069	-0.001001
391	-0.001109	-0.000985	-0.00094
392	-0.001167	-0.000923	-0.000857
393	-0.001223	-0.000862	-0.000775
394	-0.001184	-0.000886	-0.000819
395	-0.001144	-0.000911	-0.000863
396	-0.00112	-0.000947	-0.000873
397	-0.001098	-0.000986	-0.000876
398	-0.001127	-0.001012	-0.000935
399	-0.001182	-0.001032	-0.001019
400	-0.001225	-0.001078	-0.001061
401	-0.001258	-0.001148	-0.001063
402	-0.001323	-0.001221	-0.0011
403	-0.001451	-0.001299	-0.0012
404	-0.00155	-0.001357	-0.001277
405	-0.001522	-0.001328	-0.001253
406	-0.001492	-0.001298	-0.001229
407	-0.001419	-0.001271	-0.001219
408	-0.001347	-0.001244	-0.001209
409	-0.001303	-0.001168	-0.001154
410	-0.001264	-0.001084	-0.00109
411	-0.001298	-0.001137	-0.001117
412	-0.001365	-0.001252	-0.001184
413	-0.001451	-0.001332	-0.001257
414	-0.001556	-0.001382	-0.001333
415	-0.001609	-0.001396	-0.001362
416	-0.001569	-0.001348	-0.001309
417	-0.001555	-0.001321	-0.001275
418	-0.001645	-0.001376	-0.001322
419	-0.00173	-0.001429	-0.001369
420	-0.001695	-0.001438	-0.001406
421	-0.001659	-0.001447	-0.001444
422	-0.001681	-0.001466	-0.001433
423	-0.00171	-0.001485	-0.001416
424	-0.00169	-0.001471	-0.001391
425	-0.00165	-0.001442	-0.001363
426	-0.00165	-0.001427	-0.001386
427	-0.001683	-0.001423	-0.001448
428	-0.001748	-0.001457	-0.001514
429	-0.001863	-0.00155	-0.001584
430	-0.001955	-0.001626	-0.00163
431	-0.001968	-0.00164	-0.001596
432	-0.001977	-0.001652	-0.001562
433	-0.001924	-0.001624	-0.00154
434	-0.00187	-0.001596	-0.001518
435	-0.001927	-0.001648	-0.00159
436	-0.001996	-0.001708	-0.001672
437	-0.001999	-0.001723	-0.001694
438	-0.001981	-0.001723	-0.001698
439	-0.001985	-0.001746	-0.0017
440	-0.002005	-0.001785	-0.001702
441	-0.002023	-0.001804	-0.001712
442	-0.00204	-0.001797	-0.00173
443	-0.002038	-0.001773	-0.001726
444	-0.001992	-0.001701	-0.001662
445	-0.001955	-0.001646	-0.001612
446	-0.001984	-0.001713	-0.001651
447	-0.002014	-0.00178	-0.00169
448	-0.002107	-0.001896	-0.001763
449	-0.002203	-0.002014	-0.001837
450	-0.002228	-0.001993	-0.001871
451	-0.002236	-0.00194	-0.001896
452	-0.002198	-0.001905	-0.001874
453	-0.002136	-0.00188	-0.001826
454	-0.002137	-0.001899	-0.00183
455	-0.002201	-0.001963	-0.001883
456	-0.002236	-0.001995	-0.001921
457	-0.002217	-0.001965	-0.001933
458	-0.002202	-0.001946	-0.001939
459	-0.002206	-0.00197	-0.001927
460	-0.002209	-0.001992	-0.001913
461	-0.002204	-0.001964	-0.001881
462	-0.002199	-0.001935	-0.001848
463	-0.002258	-0.001987	-0.001893
464	-0.002326	-0.00205	-0.001947
465	-0.002373	-0.002071	-0.001963
466	-0.002414	-0.002077	-0.001965
467	-0.002445	-0.002108	-0.002017
468	-0.002469	-0.002157	-0.002103
469	-0.00248	-0.002227	-0.002167
470	-0.002475	-0.002327	-0.002202
471	-0.002462	-0.002371	-0.002201
472	-0.002432	-0.002271	-0.002108
473	-0.002409	-0.002184	-0.002039
474	-0.002435	-0.002182	-0.002121
475	-0.002462	-0.00218	-0.002203
476	-0.002441	-0.002169	-0.002114
477	-0.002419	-0.002158	-0.002022
478	-0.002456	-0.002137	-0.002022
479	-0.002504	-0.002113	-0.00204
480	-0.002544	-0.002136	-0.002103
481	-0.00258	-0.002181	-0.002187
482	-0.002579	-0.002217	-0.002209
483	-0.002545	-0.002246	-0.002175
484	-0.002565	-0.002305	-0.002194
485	-0.002668	-0.002413	-0.002294
486	-0.002756	-0.002505	-0.002382
487	-0.0028	-0.002544	-0.00243
488	-0.002836	-0.002574	-0.002469
489	-0.002802	-0.002512	-0.002427
490	-0.002768	-0.002449	-0.002385
491	-0.002769	-0.002501	-0.002414
492	-0.002773	-0.002559	-0.002448
493	-0.002831	-0.002615	-0.002495
494	-0.002902	-0.002669	-0.002546
495	-0.002876	-0.002611	-0.002487
496	-0.002798	-0.002493	-0.002372
497	-0.00274	-0.00242	-0.002299
498	-0.0027	-0.002387	-0.002267
499	-0.002689	-0.002386	-0.002269
500	-0.002727	-0.002438	-0.002328
501	-0.002756	-0.002464	-0.002371
502	-0.00275	-0.002406	-0.002362
503	-0.002745	-0.002356	-0.002351
504	-0.002734	-0.002392	-0.002326
505	-0.002724	-0.002427	-0.002302
506	-0.002761	-0.002445	-0.00236
507	-0.002801	-0.002463	-0.002423
508	-0.002823	-0.002475	-0.002454
509	-0.00284	-0.002486	-0.002477
510	-0.002864	-0.002516	-0.002511
511	-0.002893	-0.002556	-0.002551
512	-0.002918	-0.00257	-0.002532
513	-0.002939	-0.002559	-0.002459
514	-0.002968	-0.002587	-0.002454
515	-0.003011	-0.002675	-0.002558
516	-0.00303	-0.002729	-0.002632
517	-0.002976	-0.002683	-0.002613
518	-0.00293	-0.002642	-0.002596
519	-0.002945	-0.002651	-0.002591
520	-0.002961	-0.00266	-0.002586
521	-0.002982	-0.002649	-0.002559
522	-0.003004	-0.002638	-0.002532
523	-0.002972	-0.00261	-0.002508
524	-0.002931	-0.002578	-0.002486
525	-0.002909	-0.002555	-0.00246
526	-0.002896	-0.002536	-0.002432
527	-0.002904	-0.002554	-0.002449
528	-0.002929	-0.002601	-0.002501
529	-0.002939	-0.00265	-0.002535
530	-0.002928	-0.002702	-0.002545
531	-0.002937	-0.002734	-0.002569
532	-0.002991	-0.002719	-0.002628
533	-0.003042	-0.002711	-0.002676
534	-0.003073	-0.00274	-0.002662
535	-0.003104	-0.002768	-0.002649
536	-0.003141	-0.002754	-0.002667
537	-0.003177	-0.002739	-0.002685
538	-0.003168	-0.002751	-0.002692
539	-0.003155	-0.002766	-0.002697
540	-0.003118	-0.002758	-0.002671
541	-0.003074	-0.002742	-0.002635
542	-0.003043	-0.002735	-0.002607
543	-0.00302	-0.002732	-0.002582
544	-0.002978	-0.002711	-0.002561
545	-0.002919	-0.002672	-0.002543
546	-0.002885	-0.002642	-0.002522
547	-0.002894	-0.002627	-0.002497
548	-0.002895	-0.002605	-0.002477
549	-0.002872	-0.002563	-0.002474
550	-0.002853	-0.002528	-0.002471
551	-0.002871	-0.002546	-0.002455
552	-0.002888	-0.002564	-0.002439
553	-0.002902	-0.002564	-0.002497
554	-0.002915	-0.002563	-0.002555
555	-0.003011	-0.002637	-0.002639
556	-0.00312	-0.002724	-0.002727
557	-0.003143	-0.00278	-0.002766
558	-0.003136	-0.002825	-0.002788
559	-0.003144	-0.002857	-0.002792
560	-0.003162	-0.002881	-0.002785
561	-0.003218	-0.002926	-0.002811
562	-0.003316	-0.002992	-0.002872
563	-0.003366	-0.003025	-0.002913
564	-0.00333	-0.002997	-0.00292
565	-0.003302	-0.002974	-0.002922
566	-0.003296	-0.002967	-0.002903
567	-0.003279	-0.002954	-0.00288
568	-0.003179	-0.002895	-0.002818
569	-0.003079	-0.002836	-0.002755
570	-0.003077	-0.002814	-0.002732
571	-0.003076	-0.002792	-0.002708
572	-0.003103	-0.002813	-0.002733
573	-0.003133	-0.00284	-0.002765
574	-0.0031	-0.002832	-0.002755
575	-0.003046	-0.002814	-0.00273
576	-0.003037	-0.002796	-0.002716
577	-0.003055	-0.002779	-0.002707
578	-0.003052	-0.002776	-0.00269
579	-0.00303	-0.002784	-0.002665
580	-0.00304	-0.002796	-0.002671
581	-0.0031	-0.002812	-0.002723
582	-0.00314	-0.002825	-0.002764
583	-0.003124	-0.00283	-0.002778
584	-0.003126	-0.002847	-0.002802
585	-0.003224	-0.002922	-0.002878
586	-0.003317	-0.002994	-0.00295
587	-0.003291	-0.002987	-0.002942
588	-0.003265	-0.002981	-0.002933
589	-0.003311	-0.003036	-0.002982
590	-0.003364	-0.003096	-0.003035
591	-0.003353	-0.003103	-0.003017
592	-0.003327	-0.003098	-0.002983
593	-0.00332	-0.003068	-0.002968
594	-0.00332	-0.003026	-0.002963
595	-0.003278	-0.00299	-0.002935
596	-0.003206	-0.002956	-0.002893
597	-0.003169	-0.002935	-0.00284
598	-0.00317	-0.002928	-0.002776
599	-0.003148	-0.002907	-0.002723
600	-0.003087	-0.002858	-0.002687
601	-0.003049	-0.002824	-0.002661
602	-0.00308	-0.00283	-0.002664
603	-0.003104	-0.002837	-0.00267
604	-0.003094	-0.002855	-0.002686
605	-0.003082	-0.002869	-0.0027
606	-0.003038	-0.002793	-0.002652
607	-0.002993	-0.002718	-0.002605
608	-0.003019	-0.00273	-0.00263
609	-0.00305	-0.002749	-0.00266
610	-0.003065	-0.002774	-0.002699
611	-0.003075	-0.002799	-0.00274
612	-0.003128	-0.002845	-0.00278
613	-0.003198	-0.002899	-0.002819
614	-0.003246	-0.002942	-0.002846
615	-0.003281	-0.002977	-0.002866
616	-0.003284	-0.003003	-0.002869
617	-0.003257	-0.003019	-0.002857
618	-0.00328	-0.003044	-0.002873
619	-0.003376	-0.003084	-0.002932
620	-0.003441	-0.003114	-0.002986
621	-0.003432	-0.003124	-0.003027
622	-0.003424	-0.003125	-0.003049
623	-0.003424	-0.003093	-0.002991
624	-0.003426	-0.003067	-0.002939
625	-0.003451	-0.003089	-0.002955
626	-0.003476	-0.003112	-0.00297
627	-0.003424	-0.003128	-0.002994
628	-0.00337	-0.003145	-0.003018
629	-0.003304	-0.003058	-0.002945
630	-0.003236	-0.002959	-0.002861
631	-0.003197	-0.002985	-0.00285
632	-0.003167	-0.003043	-0.002857
633	-0.003113	-0.002968	-0.00279
634	-0.003048	-0.002834	-0.002689
635	-0.002997	-0.002757	-0.002622
636	-0.002953	-0.00272	-0.002577
637	-0.002962	-0.002696	-0.00257
638	-0.003021	-0.002684	-0.0026
639	-0.003054	-0.002677	-0.002625
640	-0.003047	-0.002678	-0.002644
641	-0.003036	-0.002689	-0.00265
642	-0.003017	-0.002726	-0.00263
643	-0.003013	-0.002763	-0.002626
644	-0.003065	-0.002798	-0.002679
645	-0.003105	-0.002825	-0.00273
646	-0.003065	-0.002801	-0.002763
647	-0.00303	-0.002778	-0.002796
648	-0.003122	-0.002824	-0.002836
649	-0.003215	-0.002871	-0.002875
650	-0.003305	-0.002996	-0.002974
651	-0.003394	-0.003127	-0.003076
652	-0.003449	-0.003192	-0.003143
653	-0.003499	-0.003245	-0.003204
654	-0.003494	-0.003249	-0.003198
655	-0.003472	-0.003237	-0.003172
656	-0.00353	-0.003285	-0.003227
657	-0.003626	-0.003363	-0.00332
658	-0.003622	-0.00334	-0.003309
659	-0.003549	-0.003245	-0.003224
660	-0.003519	-0.003195	-0.003165
661	-0.003535	-0.003188	-0.003132
662	-0.003513	-0.003183	-0.003082
663	-0.003439	-0.00318	-0.00301
664	-0.003386	-0.00315	-0.002956
665	-0.003373	-0.003064	-0.002939
666	-0.003347	-0.002988	-0.00292
667	-0.003277	-0.002945	-0.002895
668	-0.00321	-0.002902	-0.002852
669	-0.003151	-0.002859	-0.002715
670	-0.003098	-0.002819	-0.002596
671	-0.003096	-0.002818	-0.002667
672	-0.003094	-0.002818	-0.002738
673	-0.003087	-0.002787	-0.002699
674	-0.003081	-0.002755	-0.00266
675	-0.003048	-0.002769	-0.002641
676	-0.003013	-0.002786	-0.002624
677	-0.003082	-0.002797	-0.002665
678	-0.003171	-0.002807	-0.002716
679	-0.003132	-0.002785	-0.002671
680	-0.003053	-0.002752	-0.002596
681	-0.003062	-0.002767	-0.00262
682	-0.003111	-0.002803	-0.002688
683	-0.003102	-0.0028	-0.002704
684	-0.003054	-0.002772	-0.002685
685	-0.003055	-0.00281	-0.002689
686	-0.003097	-0.002904	-0.00271
687	-0.003155	-0.002967	-0.002756
688	-0.003232	-0.002993	-0.00283
689	-0.003303	-0.00303	-0.002885
690	-0.003363	-0.003082	-0.002912
691	-0.003395	-0.003115	-0.002938
692	-0.003364	-0.003103	-0.002961
693	-0.003346	-0.003096	-0.002987
694	-0.003371	-0.003102	-0.003021
695	-0.003413	-0.00313	-0.003066
696	-0.003536	-0.003258	-0.003164
697	-0.003642	-0.00337	-0.003252
698	-0.003592	-0.00334	-0.003252
699	-0.003542	-0.003308	-0.003249
700	-0.00353	-0.003244	-0.003154
701	-0.003518	-0.00318	-0.003059
702	-0.003508	-0.003165	-0.003082
703	-0.003497	-0.003151	-0.00311
704	-0.003432	-0.003106	-0.003083
705	-0.003361	-0.003058	-0.00305
706	-0.003383	-0.003098	-0.003024
707	-0.003424	-0.003157	-0.003
708	-0.003385	-0.00314	-0.003007
709	-0.003322	-0.003101	-0.003025
710	-0.003278	-0.003013	-0.002955
711	-0.00324	-0.002904	-0.002849
712	-0.003222	-0.002887	-0.002824
713	-0.003214	-0.00292	-0.002844
714	-0.003197	-0.002938	-0.002842
715	-0.003172	-0.002944	-0.002824
716	-0.003156	-0.00293	-0.002814
717	-0.003148	-0.002899	-0.002811
718	-0.003103	-0.00286	-0.002768
719	-0.003014	-0.00281	-0.002677
720	-0.002964	-0.002759	-0.00261
[LOG]
CHECKSUM²þ