[HEADER]
Format	J&M ASCII Table
Comment	
Date	04/03/2026 19:58:14
Order	Y (evenX)
TechType	UV
NumPoints	411
FirstX	310
LastX	720
XType	nm
YType	Absorbance
ZType	s
NumSubFile	3
Matrix	Z vs X
[LOGIN]
Name=pcbob
[INSTRUMENT]
Name=TIDAS E Base UV/VI
Detector=MMS - ASPEN 97,5 kHz
Diodearray=256 Pixel
Serial#=36584
Calibrated=2011-07-01
Range=183.81-729.88 [nm] (F0)

SWVersion=v3.18.2 (build 0)[LOGIN]
Name=pcbob
[CONFIG]
ChannelName=Channel 1
ChannelType=Normalized
[PARAMETER]
It=400,00
Aver=5
Norm=3
Range=310,0-720,0 nm
Scan=Time
ScanTime=5,00 s
[TRIGGER]
Sweep=0
Scan=0
[DIO]
DigOut=0x0000
DigIn=0x0000
[DATA]
	00:00:00,000	00:00:02,000	00:00:04,000
310	-0.001104	-0.000958	-0.000981
311	-0.001229	-0.001107	-0.001113
312	-0.001356	-0.001286	-0.001249
313	-0.001461	-0.001413	-0.00136
314	-0.001537	-0.001468	-0.001439
315	-0.00161	-0.00153	-0.001513
316	-0.001672	-0.001615	-0.001574
317	-0.00173	-0.001697	-0.001635
318	-0.001745	-0.001727	-0.001674
319	-0.001759	-0.001757	-0.001713
320	-0.001833	-0.0018	-0.001779
321	-0.001915	-0.001844	-0.001849
322	-0.001985	-0.001914	-0.001923
323	-0.00205	-0.001995	-0.001999
324	-0.002116	-0.002045	-0.002051
325	-0.002181	-0.002068	-0.002083
326	-0.002207	-0.002079	-0.002093
327	-0.002159	-0.002068	-0.002066
328	-0.002125	-0.002063	-0.002046
329	-0.002153	-0.00208	-0.002059
330	-0.00218	-0.002097	-0.002073
331	-0.002204	-0.002162	-0.00213
332	-0.002227	-0.002226	-0.002186
333	-0.002246	-0.002212	-0.002176
334	-0.002265	-0.002181	-0.002151
335	-0.002257	-0.002194	-0.002156
336	-0.002235	-0.002231	-0.002176
337	-0.002255	-0.002263	-0.002204
338	-0.002321	-0.002289	-0.002239
339	-0.002373	-0.002309	-0.002269
340	-0.002392	-0.002312	-0.002285
341	-0.002409	-0.00232	-0.0023
342	-0.002423	-0.002358	-0.002315
343	-0.002436	-0.002395	-0.002331
344	-0.002426	-0.002367	-0.002338
345	-0.002414	-0.002336	-0.002345
346	-0.002425	-0.002371	-0.002374
347	-0.002444	-0.002425	-0.002409
348	-0.002412	-0.002426	-0.002396
349	-0.002346	-0.002391	-0.002349
350	-0.002322	-0.002368	-0.002303
351	-0.002356	-0.002361	-0.002257
352	-0.002396	-0.002357	-0.002244
353	-0.002454	-0.002361	-0.002324
354	-0.002502	-0.002362	-0.002393
355	-0.002428	-0.002343	-0.002313
356	-0.002353	-0.002323	-0.002234
357	-0.002363	-0.002345	-0.002248
358	-0.002383	-0.002371	-0.002273
359	-0.002355	-0.002315	-0.002209
360	-0.00231	-0.00223	-0.002113
361	-0.002294	-0.002193	-0.002105
362	-0.002303	-0.002194	-0.002166
363	-0.002315	-0.002217	-0.002214
364	-0.002331	-0.002275	-0.00224
365	-0.002328	-0.002305	-0.002245
366	-0.002255	-0.002233	-0.002176
367	-0.002185	-0.002162	-0.002109
368	-0.002153	-0.00211	-0.002071
369	-0.002121	-0.002057	-0.002034
370	-0.00211	-0.002061	-0.002038
371	-0.002101	-0.002074	-0.002048
372	-0.002107	-0.002077	-0.002045
373	-0.002119	-0.002077	-0.002037
374	-0.002143	-0.002086	-0.002055
375	-0.002177	-0.002103	-0.002096
376	-0.002212	-0.002114	-0.002124
377	-0.002247	-0.002113	-0.00213
378	-0.002253	-0.002097	-0.002107
379	-0.002139	-0.002019	-0.001967
380	-0.002026	-0.00194	-0.001828
381	-0.001958	-0.001879	-0.001781
382	-0.00189	-0.001819	-0.001733
383	-0.001801	-0.001749	-0.001657
384	-0.001707	-0.001678	-0.001577
385	-0.001694	-0.001661	-0.001575
386	-0.001717	-0.001669	-0.001609
387	-0.001689	-0.001663	-0.00162
388	-0.001614	-0.001644	-0.00161
389	-0.001555	-0.001594	-0.001578
390	-0.00153	-0.001482	-0.001506
391	-0.001516	-0.001396	-0.001443
392	-0.001554	-0.001421	-0.001417
393	-0.001591	-0.001445	-0.001391
394	-0.001542	-0.00142	-0.001391
395	-0.001493	-0.001394	-0.00139
396	-0.001489	-0.001402	-0.001383
397	-0.001492	-0.001415	-0.001375
398	-0.001497	-0.001407	-0.001371
399	-0.001503	-0.001389	-0.00137
400	-0.001531	-0.001426	-0.001368
401	-0.001582	-0.001514	-0.001366
402	-0.001641	-0.001592	-0.001397
403	-0.001717	-0.00165	-0.001491
404	-0.00178	-0.001693	-0.001564
405	-0.001788	-0.001665	-0.001548
406	-0.001795	-0.001638	-0.001531
407	-0.001751	-0.001638	-0.001506
408	-0.001708	-0.001637	-0.001481
409	-0.001654	-0.00159	-0.001429
410	-0.001599	-0.001535	-0.001373
411	-0.001601	-0.001557	-0.001397
412	-0.001628	-0.001613	-0.001458
413	-0.001701	-0.001681	-0.001541
414	-0.001816	-0.001758	-0.001646
415	-0.001869	-0.001773	-0.001686
416	-0.001811	-0.001677	-0.001614
417	-0.00177	-0.001616	-0.001569
418	-0.001794	-0.001694	-0.001633
419	-0.00182	-0.001771	-0.001696
420	-0.001879	-0.001822	-0.001744
421	-0.001937	-0.001873	-0.001791
422	-0.001961	-0.001914	-0.001802
423	-0.001981	-0.001953	-0.001808
424	-0.001988	-0.00188	-0.001755
425	-0.00199	-0.001763	-0.001678
426	-0.001977	-0.001762	-0.00168
427	-0.001951	-0.001856	-0.001745
428	-0.001954	-0.001928	-0.001809
429	-0.002005	-0.001965	-0.001868
430	-0.002041	-0.001991	-0.001913
431	-0.002035	-0.001978	-0.00191
432	-0.002032	-0.001966	-0.001906
433	-0.002069	-0.00197	-0.001884
434	-0.002107	-0.001974	-0.001862
435	-0.002129	-0.001997	-0.001877
436	-0.002149	-0.002021	-0.001896
437	-0.002172	-0.002036	-0.001902
438	-0.002194	-0.002047	-0.001904
439	-0.002207	-0.002076	-0.001915
440	-0.002213	-0.002118	-0.001932
441	-0.002228	-0.002151	-0.001961
442	-0.002255	-0.002174	-0.002006
443	-0.002265	-0.002171	-0.002024
444	-0.002232	-0.002105	-0.001974
445	-0.00221	-0.002054	-0.001931
446	-0.002256	-0.002109	-0.001947
447	-0.002302	-0.002164	-0.001962
448	-0.002384	-0.002233	-0.002032
449	-0.002467	-0.002302	-0.002104
450	-0.002475	-0.002333	-0.002121
451	-0.002465	-0.002356	-0.002126
452	-0.002433	-0.002331	-0.002126
453	-0.00239	-0.002282	-0.002123
454	-0.002404	-0.002297	-0.002142
455	-0.002476	-0.002376	-0.002183
456	-0.002519	-0.002412	-0.002216
457	-0.002508	-0.002369	-0.002236
458	-0.002501	-0.002344	-0.002255
459	-0.002511	-0.002398	-0.002276
460	-0.00252	-0.002448	-0.002295
461	-0.0025	-0.002399	-0.002249
462	-0.00248	-0.00235	-0.002204
463	-0.002545	-0.002413	-0.002279
464	-0.002621	-0.002491	-0.00237
465	-0.002657	-0.002543	-0.002377
466	-0.002678	-0.002586	-0.002354
467	-0.002699	-0.002615	-0.002375
468	-0.002722	-0.002632	-0.002429
469	-0.002753	-0.002659	-0.002479
470	-0.002798	-0.002697	-0.002524
471	-0.002815	-0.002708	-0.00254
472	-0.002763	-0.002651	-0.002481
473	-0.002722	-0.002607	-0.002432
474	-0.002748	-0.002655	-0.002449
475	-0.002774	-0.002704	-0.002467
476	-0.002747	-0.002696	-0.002439
477	-0.002719	-0.002686	-0.00241
478	-0.002749	-0.002661	-0.002428
479	-0.00279	-0.002633	-0.002456
480	-0.002823	-0.002668	-0.002505
481	-0.002851	-0.002732	-0.002564
482	-0.002879	-0.002765	-0.002601
483	-0.002905	-0.00277	-0.002618
484	-0.002975	-0.002814	-0.002673
485	-0.003112	-0.00292	-0.002788
486	-0.003222	-0.003013	-0.002876
487	-0.003246	-0.003065	-0.002878
488	-0.003262	-0.003106	-0.002876
489	-0.003204	-0.003046	-0.002844
490	-0.003147	-0.002987	-0.002811
491	-0.003154	-0.003009	-0.002816
492	-0.003166	-0.003036	-0.002823
493	-0.003202	-0.003088	-0.00288
494	-0.003244	-0.003146	-0.00295
495	-0.003205	-0.003125	-0.002939
496	-0.003124	-0.003063	-0.002886
497	-0.003069	-0.003022	-0.002817
498	-0.003038	-0.003	-0.002733
499	-0.003035	-0.002981	-0.0027
500	-0.003082	-0.002965	-0.002755
501	-0.003127	-0.002959	-0.002803
502	-0.003162	-0.002985	-0.002824
503	-0.003195	-0.003009	-0.002841
504	-0.003196	-0.003013	-0.002809
505	-0.003197	-0.003016	-0.002776
506	-0.003206	-0.002966	-0.002783
507	-0.003216	-0.002912	-0.002792
508	-0.003212	-0.002964	-0.002815
509	-0.003203	-0.003042	-0.002841
510	-0.003232	-0.003101	-0.002885
511	-0.00328	-0.003149	-0.002937
512	-0.003285	-0.003165	-0.002953
513	-0.003251	-0.00315	-0.002937
514	-0.003261	-0.003154	-0.002946
515	-0.00334	-0.00319	-0.002996
516	-0.003389	-0.003203	-0.003032
517	-0.003344	-0.003146	-0.003027
518	-0.003307	-0.003103	-0.003019
519	-0.003342	-0.003167	-0.002991
520	-0.003376	-0.003232	-0.002962
521	-0.003339	-0.003227	-0.002967
522	-0.0033	-0.003221	-0.002972
523	-0.003284	-0.003169	-0.002972
524	-0.003272	-0.003109	-0.002972
525	-0.003266	-0.003092	-0.002976
526	-0.003263	-0.003094	-0.002981
527	-0.003262	-0.003096	-0.002997
528	-0.003263	-0.003097	-0.003021
529	-0.003275	-0.003113	-0.003026
530	-0.003304	-0.003146	-0.003004
531	-0.003341	-0.003188	-0.002997
532	-0.003402	-0.00325	-0.003029
533	-0.003454	-0.003298	-0.00306
534	-0.003462	-0.003275	-0.003082
535	-0.00347	-0.003252	-0.003103
536	-0.00348	-0.003262	-0.003112
537	-0.00349	-0.003271	-0.00312
538	-0.003471	-0.003323	-0.003143
539	-0.003448	-0.00338	-0.003168
540	-0.003449	-0.003366	-0.003128
541	-0.003456	-0.003331	-0.003067
542	-0.003461	-0.003307	-0.003034
543	-0.003465	-0.00329	-0.003017
544	-0.003418	-0.003276	-0.00302
545	-0.003321	-0.003267	-0.003045
546	-0.003268	-0.003255	-0.003048
547	-0.003288	-0.003239	-0.003014
548	-0.003303	-0.003215	-0.002985
549	-0.003306	-0.003164	-0.002969
550	-0.003311	-0.003125	-0.002959
551	-0.003332	-0.003181	-0.003001
552	-0.003354	-0.003236	-0.003042
553	-0.003354	-0.003227	-0.003007
554	-0.003355	-0.003217	-0.00297
555	-0.003434	-0.003277	-0.003071
556	-0.003526	-0.003348	-0.003194
557	-0.003587	-0.003396	-0.003249
558	-0.003638	-0.003435	-0.003279
559	-0.003658	-0.003478	-0.00329
560	-0.003658	-0.003523	-0.003291
561	-0.003696	-0.003575	-0.003339
562	-0.003774	-0.003636	-0.003436
563	-0.003804	-0.003656	-0.003492
564	-0.003748	-0.003606	-0.003473
565	-0.003709	-0.003576	-0.003457
566	-0.003727	-0.00361	-0.003452
567	-0.003741	-0.003637	-0.003445
568	-0.00372	-0.003612	-0.003426
569	-0.003698	-0.003587	-0.003407
570	-0.003721	-0.003579	-0.003413
571	-0.003744	-0.003572	-0.00342
572	-0.00377	-0.003612	-0.003433
573	-0.003796	-0.00366	-0.003448
574	-0.003781	-0.00366	-0.003458
575	-0.003752	-0.003644	-0.003468
576	-0.003753	-0.003628	-0.00347
577	-0.003772	-0.003611	-0.003467
578	-0.003792	-0.003618	-0.003474
579	-0.003811	-0.003649	-0.00349
580	-0.003823	-0.003673	-0.003513
581	-0.003822	-0.003686	-0.003545
582	-0.003827	-0.003695	-0.003566
583	-0.00385	-0.003694	-0.003554
584	-0.003877	-0.003705	-0.003559
585	-0.003931	-0.003778	-0.003649
586	-0.00398	-0.003846	-0.003733
587	-0.003954	-0.003812	-0.003672
588	-0.003927	-0.003778	-0.00361
589	-0.003956	-0.003824	-0.003703
590	-0.00399	-0.003876	-0.003807
591	-0.003991	-0.003855	-0.003782
592	-0.003986	-0.003817	-0.003727
593	-0.003988	-0.003814	-0.003687
594	-0.003992	-0.003826	-0.003653
595	-0.003964	-0.003796	-0.00362
596	-0.003914	-0.003736	-0.003586
597	-0.003882	-0.0037	-0.003566
598	-0.003871	-0.00369	-0.003559
599	-0.003846	-0.003682	-0.003538
600	-0.003796	-0.003676	-0.003494
601	-0.00376	-0.003668	-0.003463
602	-0.003764	-0.003652	-0.003467
603	-0.003769	-0.003644	-0.003473
604	-0.003783	-0.003683	-0.003482
605	-0.003794	-0.003719	-0.003489
606	-0.003731	-0.003629	-0.003447
607	-0.003669	-0.00354	-0.003404
608	-0.003695	-0.003561	-0.003403
609	-0.003729	-0.00359	-0.003405
610	-0.003755	-0.003618	-0.003433
611	-0.003779	-0.003647	-0.003466
612	-0.003845	-0.003696	-0.003519
613	-0.003929	-0.003754	-0.00358
614	-0.00396	-0.003807	-0.003626
615	-0.00396	-0.003858	-0.003663
616	-0.003957	-0.003855	-0.003653
617	-0.003954	-0.003802	-0.003597
618	-0.003968	-0.003802	-0.003607
619	-0.004009	-0.003884	-0.003715
620	-0.00404	-0.003934	-0.003779
621	-0.00405	-0.003907	-0.003738
622	-0.004057	-0.003882	-0.003706
623	-0.004047	-0.003863	-0.003706
624	-0.004039	-0.003849	-0.003707
625	-0.00405	-0.003876	-0.00372
626	-0.00406	-0.003904	-0.003733
627	-0.004084	-0.003911	-0.003733
628	-0.004108	-0.003918	-0.003732
629	-0.004026	-0.003841	-0.00366
630	-0.003932	-0.003754	-0.00358
631	-0.003904	-0.003734	-0.003582
632	-0.003892	-0.003733	-0.003605
633	-0.003832	-0.003663	-0.00354
634	-0.003749	-0.003563	-0.003437
635	-0.003695	-0.00353	-0.0034
636	-0.00366	-0.003541	-0.003406
637	-0.003667	-0.003535	-0.003404
638	-0.003714	-0.003513	-0.003395
639	-0.003728	-0.003508	-0.003389
640	-0.003694	-0.00353	-0.003389
641	-0.003688	-0.003534	-0.003393
642	-0.003743	-0.0035	-0.003403
643	-0.003793	-0.003499	-0.003412
644	-0.003825	-0.003614	-0.003415
645	-0.003855	-0.003712	-0.003421
646	-0.00387	-0.003684	-0.003454
647	-0.003884	-0.003658	-0.003488
648	-0.003903	-0.003724	-0.003539
649	-0.003921	-0.003789	-0.00359
650	-0.004071	-0.003919	-0.003711
651	-0.004229	-0.004053	-0.003837
652	-0.00432	-0.004126	-0.003969
653	-0.004399	-0.004188	-0.004102
654	-0.004404	-0.004206	-0.00412
655	-0.004386	-0.004211	-0.004103
656	-0.004422	-0.004261	-0.004144
657	-0.004484	-0.004333	-0.004212
658	-0.004466	-0.004323	-0.004172
659	-0.004392	-0.004254	-0.004055
660	-0.004337	-0.004207	-0.004007
661	-0.004302	-0.004181	-0.004027
662	-0.004262	-0.004134	-0.004002
663	-0.004214	-0.004058	-0.003913
664	-0.004179	-0.003999	-0.003831
665	-0.004171	-0.003976	-0.003764
666	-0.004135	-0.003942	-0.003703
667	-0.004014	-0.003876	-0.00366
668	-0.00391	-0.003808	-0.003619
669	-0.003891	-0.003733	-0.003597
670	-0.00387	-0.003668	-0.003573
671	-0.003825	-0.003699	-0.003547
672	-0.00378	-0.00373	-0.00352
673	-0.003831	-0.003718	-0.003488
674	-0.003882	-0.003706	-0.003456
675	-0.003831	-0.003724	-0.003469
676	-0.003772	-0.003744	-0.003486
677	-0.003818	-0.003757	-0.00349
678	-0.003884	-0.003769	-0.003492
679	-0.003893	-0.00376	-0.003517
680	-0.003884	-0.003744	-0.003549
681	-0.003855	-0.003731	-0.003574
682	-0.003817	-0.003719	-0.003594
683	-0.003818	-0.003743	-0.003587
684	-0.003843	-0.003788	-0.003563
685	-0.003881	-0.003787	-0.003559
686	-0.00393	-0.003746	-0.003572
687	-0.003978	-0.003758	-0.003621
688	-0.004027	-0.003831	-0.003711
689	-0.004091	-0.00391	-0.003792
690	-0.004181	-0.003999	-0.003859
691	-0.004237	-0.004055	-0.003899
692	-0.004217	-0.004035	-0.003881
693	-0.004198	-0.004014	-0.003878
694	-0.004182	-0.003989	-0.003919
695	-0.004188	-0.003994	-0.003964
696	-0.004303	-0.004142	-0.004028
697	-0.004404	-0.004277	-0.004086
698	-0.004385	-0.004304	-0.004097
699	-0.004365	-0.004326	-0.004107
700	-0.004293	-0.004179	-0.004049
701	-0.00422	-0.004032	-0.003992
702	-0.004318	-0.004097	-0.004023
703	-0.004422	-0.00417	-0.004057
704	-0.004367	-0.004146	-0.004004
705	-0.004294	-0.004111	-0.00394
706	-0.004265	-0.004117	-0.003924
707	-0.004245	-0.004131	-0.003916
708	-0.004237	-0.004102	-0.003939
709	-0.004233	-0.004062	-0.003971
710	-0.004203	-0.004035	-0.003944
711	-0.004163	-0.004015	-0.003892
712	-0.00413	-0.00398	-0.003825
713	-0.004102	-0.003935	-0.003748
714	-0.004112	-0.00394	-0.003757
715	-0.00415	-0.00398	-0.003828
716	-0.004145	-0.004006	-0.003845
717	-0.0041	-0.004019	-0.003811
718	-0.00405	-0.003983	-0.003765
719	-0.003995	-0.003889	-0.003705
720	-0.003939	-0.003793	-0.003634
[LOG]
CHECKSUMÒD