[HEADER]
Format	J&M ASCII Table
Comment	
Date	04/03/2026 19:56:19
Order	Y (evenX)
TechType	UV
NumPoints	411
FirstX	310
LastX	720
XType	nm
YType	Absorbance
ZType	s
NumSubFile	3
Matrix	Z vs X
[LOGIN]
Name=pcbob
[INSTRUMENT]
Name=TIDAS E Base UV/VI
Detector=MMS - ASPEN 97,5 kHz
Diodearray=256 Pixel
Serial#=36584
Calibrated=2011-07-01
Range=183.81-729.88 [nm] (F0)

SWVersion=v3.18.2 (build 0)[LOGIN]
Name=pcbob
[CONFIG]
ChannelName=Channel 1
ChannelType=Normalized
[PARAMETER]
It=400,00
Aver=5
Norm=3
Range=310,0-720,0 nm
Scan=Time
ScanTime=5,00 s
[TRIGGER]
Sweep=0
Scan=0
[DIO]
DigOut=0x0000
DigIn=0x0000
[DATA]
	00:00:00,000	00:00:02,000	00:00:04,000
310	-0.001333	-0.001295	-0.00127
311	-0.001463	-0.001414	-0.001402
312	-0.001604	-0.001538	-0.001544
313	-0.001716	-0.001645	-0.001656
314	-0.001787	-0.001729	-0.001726
315	-0.001858	-0.001804	-0.001793
316	-0.001932	-0.001852	-0.001854
317	-0.002002	-0.001898	-0.001912
318	-0.002017	-0.001925	-0.001938
319	-0.002031	-0.001952	-0.001963
320	-0.002087	-0.002025	-0.002009
321	-0.002149	-0.002104	-0.002058
322	-0.002203	-0.002184	-0.002122
323	-0.002254	-0.002266	-0.002192
324	-0.00231	-0.002313	-0.002244
325	-0.00237	-0.002329	-0.00228
326	-0.002386	-0.002321	-0.002282
327	-0.00232	-0.00227	-0.00222
328	-0.002268	-0.002232	-0.00217
329	-0.002282	-0.002258	-0.002174
330	-0.002296	-0.002284	-0.002177
331	-0.002349	-0.002314	-0.002251
332	-0.002401	-0.002344	-0.002324
333	-0.002388	-0.002313	-0.002309
334	-0.00236	-0.002269	-0.002276
335	-0.002334	-0.002255	-0.002255
336	-0.002308	-0.002256	-0.002242
337	-0.002329	-0.002283	-0.002255
338	-0.002403	-0.002338	-0.002298
339	-0.002457	-0.002377	-0.002335
340	-0.002462	-0.002382	-0.002358
341	-0.002464	-0.002384	-0.002382
342	-0.002444	-0.002363	-0.002413
343	-0.002425	-0.002341	-0.002444
344	-0.002428	-0.002395	-0.002439
345	-0.002433	-0.002453	-0.002431
346	-0.00245	-0.002432	-0.00243
347	-0.002471	-0.002389	-0.002432
348	-0.002455	-0.002334	-0.002382
349	-0.002414	-0.002271	-0.002298
350	-0.00237	-0.002252	-0.002268
351	-0.002323	-0.002292	-0.00231
352	-0.002306	-0.002336	-0.002339
353	-0.00238	-0.002392	-0.002329
354	-0.002444	-0.002437	-0.002316
355	-0.002385	-0.002361	-0.002276
356	-0.002327	-0.002284	-0.002235
357	-0.002357	-0.002294	-0.002262
358	-0.002397	-0.002313	-0.002295
359	-0.002351	-0.002268	-0.00224
360	-0.002275	-0.002198	-0.002153
361	-0.002215	-0.002166	-0.002113
362	-0.00217	-0.002163	-0.00211
363	-0.002181	-0.00218	-0.002145
364	-0.002282	-0.002227	-0.002238
365	-0.002338	-0.002253	-0.002287
366	-0.002228	-0.002201	-0.002178
367	-0.002123	-0.002147	-0.002071
368	-0.002095	-0.002067	-0.002
369	-0.002068	-0.001986	-0.001928
370	-0.002048	-0.001982	-0.001939
371	-0.00203	-0.001988	-0.001962
372	-0.002047	-0.001987	-0.00201
373	-0.002079	-0.001984	-0.00207
374	-0.002094	-0.001986	-0.002065
375	-0.002093	-0.001993	-0.002003
376	-0.002093	-0.002003	-0.001983
377	-0.002094	-0.002016	-0.002036
378	-0.002077	-0.002009	-0.00205
379	-0.00198	-0.001911	-0.001899
380	-0.001884	-0.001815	-0.001751
381	-0.001821	-0.001734	-0.00171
382	-0.001757	-0.001654	-0.00167
383	-0.001681	-0.001594	-0.001593
384	-0.001603	-0.001537	-0.00151
385	-0.001585	-0.001521	-0.001484
386	-0.001593	-0.001522	-0.001485
387	-0.001561	-0.001487	-0.001455
388	-0.001489	-0.001416	-0.001394
389	-0.0014	-0.001341	-0.001323
390	-0.001277	-0.001259	-0.001231
391	-0.001175	-0.001191	-0.001154
392	-0.001169	-0.001188	-0.001148
393	-0.001165	-0.001186	-0.001143
394	-0.001191	-0.001166	-0.001183
395	-0.001218	-0.001147	-0.001222
396	-0.001198	-0.001164	-0.001226
397	-0.001169	-0.001187	-0.001224
398	-0.001205	-0.001171	-0.00122
399	-0.001271	-0.001136	-0.001216
400	-0.001303	-0.001154	-0.001224
401	-0.001303	-0.001222	-0.001242
402	-0.001318	-0.001291	-0.00128
403	-0.001359	-0.001361	-0.001353
404	-0.00139	-0.00142	-0.001419
405	-0.001369	-0.001429	-0.001457
406	-0.001349	-0.001436	-0.001493
407	-0.00134	-0.001392	-0.001435
408	-0.001331	-0.001349	-0.001376
409	-0.001289	-0.001256	-0.001317
410	-0.001241	-0.001154	-0.001258
411	-0.001239	-0.001161	-0.001287
412	-0.001259	-0.001216	-0.001357
413	-0.001337	-0.001321	-0.001416
414	-0.001469	-0.001471	-0.001465
415	-0.001539	-0.001524	-0.001477
416	-0.001499	-0.001409	-0.001427
417	-0.001472	-0.001333	-0.001398
418	-0.001494	-0.001417	-0.001461
419	-0.001518	-0.0015	-0.001522
420	-0.00158	-0.001593	-0.001538
421	-0.001642	-0.001685	-0.001553
422	-0.001675	-0.001712	-0.001545
423	-0.001705	-0.001731	-0.001534
424	-0.001666	-0.001648	-0.001555
425	-0.0016	-0.001524	-0.001589
426	-0.00158	-0.001482	-0.001586
427	-0.001598	-0.001505	-0.001555
428	-0.001628	-0.001546	-0.00158
429	-0.001676	-0.001614	-0.001693
430	-0.001719	-0.001674	-0.001776
431	-0.00174	-0.001713	-0.001765
432	-0.001756	-0.001746	-0.00175
433	-0.001716	-0.001711	-0.001693
434	-0.001676	-0.001675	-0.001635
435	-0.001711	-0.001685	-0.001684
436	-0.001753	-0.001699	-0.001744
437	-0.001768	-0.001722	-0.001775
438	-0.001775	-0.001747	-0.001798
439	-0.00179	-0.00177	-0.0018
440	-0.001813	-0.00179	-0.001789
441	-0.00184	-0.001793	-0.001807
442	-0.001875	-0.001775	-0.001861
443	-0.001886	-0.001758	-0.001877
444	-0.001837	-0.001747	-0.001796
445	-0.001798	-0.00174	-0.001733
446	-0.001831	-0.001761	-0.001797
447	-0.001863	-0.001781	-0.001862
448	-0.001898	-0.001853	-0.001916
449	-0.001934	-0.001927	-0.00197
450	-0.001971	-0.001934	-0.001981
451	-0.002008	-0.001925	-0.001981
452	-0.001979	-0.001896	-0.001969
453	-0.001915	-0.001857	-0.001949
454	-0.001915	-0.001861	-0.001966
455	-0.001977	-0.001908	-0.00202
456	-0.002019	-0.001933	-0.002052
457	-0.002024	-0.001917	-0.002044
458	-0.002023	-0.001914	-0.002047
459	-0.001997	-0.001961	-0.002102
460	-0.001974	-0.002006	-0.002153
461	-0.002001	-0.00201	-0.002104
462	-0.002029	-0.002015	-0.002054
463	-0.00207	-0.002023	-0.002104
464	-0.002114	-0.002031	-0.002167
465	-0.002129	-0.002055	-0.002178
466	-0.002134	-0.002084	-0.00217
467	-0.002161	-0.002115	-0.002193
468	-0.002205	-0.002148	-0.00224
469	-0.002248	-0.002167	-0.002276
470	-0.002288	-0.002168	-0.002297
471	-0.002299	-0.00216	-0.002299
472	-0.002233	-0.002126	-0.002248
473	-0.002179	-0.002104	-0.002208
474	-0.002211	-0.002159	-0.002238
475	-0.002244	-0.002214	-0.002269
476	-0.0022	-0.002174	-0.002229
477	-0.002154	-0.002133	-0.002188
478	-0.002161	-0.002114	-0.002208
479	-0.00218	-0.0021	-0.00224
480	-0.002212	-0.002157	-0.002294
481	-0.002252	-0.002248	-0.002358
482	-0.002297	-0.002291	-0.0024
483	-0.002346	-0.002293	-0.002424
484	-0.002407	-0.002334	-0.002467
485	-0.002487	-0.002436	-0.002537
486	-0.002562	-0.002527	-0.002601
487	-0.002623	-0.002585	-0.002646
488	-0.002679	-0.002633	-0.002683
489	-0.002686	-0.002577	-0.002636
490	-0.002693	-0.002522	-0.002589
491	-0.002659	-0.002501	-0.002662
492	-0.002623	-0.002483	-0.002742
493	-0.002659	-0.002585	-0.002738
494	-0.002712	-0.002716	-0.002712
495	-0.002647	-0.002659	-0.002668
496	-0.002523	-0.002505	-0.002614
497	-0.002452	-0.002408	-0.002545
498	-0.002432	-0.002364	-0.002461
499	-0.002439	-0.002346	-0.002432
500	-0.002493	-0.002373	-0.002496
501	-0.002523	-0.002402	-0.002542
502	-0.002475	-0.002436	-0.002532
503	-0.002433	-0.002463	-0.002527
504	-0.002461	-0.002422	-0.00257
505	-0.00249	-0.00238	-0.002612
506	-0.002521	-0.002442	-0.002606
507	-0.002552	-0.002509	-0.002596
508	-0.002582	-0.002518	-0.002585
509	-0.002612	-0.002512	-0.002575
510	-0.002636	-0.002541	-0.002594
511	-0.002656	-0.002588	-0.002629
512	-0.002653	-0.002617	-0.002678
513	-0.002628	-0.00263	-0.002739
514	-0.002643	-0.002664	-0.002792
515	-0.002721	-0.002733	-0.002831
516	-0.00277	-0.002769	-0.002843
517	-0.002725	-0.002704	-0.002773
518	-0.002693	-0.002644	-0.002709
519	-0.002765	-0.00263	-0.002692
520	-0.002836	-0.002616	-0.002675
521	-0.002803	-0.002623	-0.0027
522	-0.002766	-0.00263	-0.002726
523	-0.002714	-0.002595	-0.002698
524	-0.002659	-0.002551	-0.002659
525	-0.002616	-0.002541	-0.002616
526	-0.002579	-0.002546	-0.002572
527	-0.002595	-0.002573	-0.002598
528	-0.002653	-0.002617	-0.002679
529	-0.002684	-0.002641	-0.00272
530	-0.00268	-0.002639	-0.002708
531	-0.002695	-0.002658	-0.002724
532	-0.00276	-0.002728	-0.002807
533	-0.002814	-0.002788	-0.00288
534	-0.002808	-0.002792	-0.002899
535	-0.002801	-0.002796	-0.002917
536	-0.002797	-0.00277	-0.002915
537	-0.002793	-0.002745	-0.002912
538	-0.002817	-0.002759	-0.002922
539	-0.002844	-0.002779	-0.002933
540	-0.002838	-0.002767	-0.002882
541	-0.002822	-0.002745	-0.002811
542	-0.002782	-0.002726	-0.002761
543	-0.002727	-0.002709	-0.002723
544	-0.002686	-0.002687	-0.002702
545	-0.002657	-0.00266	-0.002697
546	-0.002637	-0.002635	-0.002682
547	-0.002632	-0.002614	-0.002652
548	-0.002632	-0.002604	-0.002633
549	-0.002648	-0.002624	-0.002653
550	-0.002667	-0.002641	-0.002674
551	-0.002709	-0.002637	-0.002712
552	-0.00275	-0.002633	-0.00275
553	-0.002708	-0.002665	-0.002751
554	-0.002665	-0.002698	-0.00275
555	-0.002758	-0.002763	-0.002815
556	-0.002872	-0.002833	-0.002891
557	-0.002927	-0.002867	-0.002944
558	-0.00296	-0.002888	-0.002989
559	-0.002974	-0.002919	-0.003018
560	-0.002975	-0.002957	-0.003035
561	-0.003019	-0.003025	-0.003083
562	-0.003107	-0.003127	-0.003165
563	-0.003145	-0.003171	-0.003201
564	-0.003097	-0.003112	-0.003153
565	-0.003063	-0.003072	-0.003125
566	-0.003076	-0.003094	-0.00316
567	-0.003088	-0.003107	-0.003183
568	-0.00309	-0.003043	-0.003113
569	-0.003093	-0.002979	-0.003044
570	-0.003068	-0.002962	-0.003051
571	-0.003042	-0.002945	-0.003058
572	-0.0031	-0.002978	-0.003116
573	-0.00317	-0.003019	-0.003182
574	-0.003171	-0.003049	-0.003176
575	-0.00315	-0.003075	-0.003147
576	-0.003143	-0.003064	-0.003127
577	-0.003145	-0.00303	-0.003112
578	-0.003144	-0.003031	-0.003125
579	-0.00314	-0.003063	-0.003165
580	-0.003156	-0.003096	-0.003198
581	-0.003206	-0.003129	-0.003222
582	-0.003238	-0.003159	-0.003242
583	-0.003225	-0.003177	-0.003252
584	-0.003229	-0.003199	-0.003271
585	-0.003322	-0.003234	-0.00334
586	-0.003408	-0.003266	-0.003403
587	-0.003354	-0.003255	-0.003357
588	-0.003299	-0.003244	-0.003311
589	-0.003366	-0.003283	-0.003378
590	-0.003441	-0.003327	-0.003454
591	-0.003433	-0.003342	-0.003438
592	-0.003405	-0.003351	-0.0034
593	-0.003391	-0.003329	-0.003375
594	-0.003384	-0.003294	-0.003355
595	-0.003342	-0.003247	-0.003319
596	-0.003276	-0.003192	-0.003272
597	-0.003237	-0.003161	-0.003229
598	-0.003225	-0.003155	-0.003192
599	-0.003204	-0.003137	-0.003159
600	-0.003164	-0.003097	-0.003136
601	-0.003131	-0.003067	-0.003121
602	-0.003119	-0.003063	-0.00313
603	-0.003113	-0.003065	-0.003137
604	-0.003143	-0.003098	-0.00313
605	-0.00317	-0.003128	-0.003122
606	-0.003108	-0.003056	-0.003109
607	-0.003046	-0.002984	-0.003096
608	-0.003054	-0.003015	-0.003094
609	-0.003068	-0.003055	-0.003094
610	-0.003082	-0.003069	-0.003129
611	-0.003095	-0.003079	-0.003171
612	-0.003161	-0.003135	-0.003211
613	-0.003247	-0.003211	-0.00325
614	-0.003289	-0.003255	-0.003294
615	-0.003304	-0.003277	-0.003342
616	-0.003316	-0.00327	-0.00335
617	-0.003325	-0.003233	-0.003319
618	-0.003341	-0.003249	-0.003322
619	-0.003368	-0.003341	-0.003374
620	-0.003382	-0.003398	-0.003403
621	-0.003368	-0.003369	-0.003382
622	-0.003349	-0.00334	-0.003354
623	-0.003306	-0.003306	-0.003305
624	-0.003272	-0.003272	-0.003267
625	-0.00332	-0.003248	-0.00334
626	-0.003368	-0.003224	-0.003413
627	-0.003389	-0.003236	-0.003385
628	-0.003409	-0.003249	-0.003356
629	-0.003293	-0.003208	-0.003304
630	-0.003162	-0.00316	-0.003249
631	-0.00314	-0.003155	-0.003239
632	-0.003147	-0.00316	-0.003241
633	-0.003083	-0.003103	-0.00317
634	-0.002987	-0.003019	-0.003068
635	-0.00295	-0.002929	-0.002999
636	-0.002952	-0.002836	-0.002954
637	-0.002966	-0.002827	-0.002944
638	-0.002994	-0.002902	-0.002969
639	-0.003014	-0.002936	-0.002983
640	-0.003026	-0.002912	-0.00298
641	-0.003031	-0.002893	-0.002974
642	-0.003022	-0.002888	-0.002965
643	-0.00302	-0.002899	-0.002972
644	-0.003039	-0.002971	-0.003036
645	-0.00306	-0.003034	-0.003092
646	-0.003088	-0.003037	-0.003098
647	-0.003118	-0.003042	-0.003104
648	-0.003174	-0.003112	-0.003159
649	-0.00323	-0.003182	-0.003213
650	-0.003396	-0.003324	-0.00336
651	-0.003569	-0.003471	-0.003513
652	-0.003645	-0.003558	-0.003616
653	-0.003705	-0.003635	-0.00371
654	-0.003727	-0.003657	-0.003719
655	-0.003736	-0.003662	-0.0037
656	-0.003766	-0.003718	-0.003744
657	-0.003806	-0.003799	-0.003817
658	-0.003775	-0.003761	-0.003798
659	-0.003693	-0.003641	-0.003715
660	-0.003657	-0.003595	-0.003649
661	-0.003666	-0.003623	-0.0036
662	-0.003624	-0.00358	-0.003561
663	-0.003508	-0.003437	-0.003537
664	-0.003425	-0.00334	-0.003497
665	-0.003409	-0.003337	-0.003427
666	-0.003383	-0.003313	-0.00336
667	-0.003326	-0.003225	-0.003308
668	-0.003272	-0.003142	-0.00326
669	-0.00323	-0.003093	-0.003235
670	-0.00319	-0.003054	-0.003212
671	-0.003154	-0.003121	-0.003213
672	-0.003119	-0.003189	-0.003214
673	-0.003156	-0.003115	-0.003191
674	-0.003194	-0.003041	-0.003168
675	-0.003135	-0.003045	-0.003141
676	-0.003069	-0.003056	-0.003113
677	-0.003129	-0.003093	-0.003144
678	-0.003213	-0.003136	-0.003187
679	-0.003218	-0.003151	-0.003208
680	-0.003198	-0.003159	-0.003223
681	-0.003168	-0.003144	-0.003224
682	-0.003134	-0.00312	-0.00322
683	-0.003129	-0.003104	-0.00321
684	-0.003144	-0.003094	-0.003198
685	-0.003172	-0.003122	-0.00322
686	-0.003212	-0.003185	-0.003272
687	-0.003251	-0.003235	-0.003315
688	-0.003288	-0.003272	-0.003344
689	-0.003352	-0.003321	-0.003376
690	-0.003461	-0.003389	-0.003412
691	-0.003518	-0.003432	-0.003433
692	-0.003464	-0.003418	-0.003422
693	-0.003417	-0.003412	-0.003422
694	-0.003392	-0.00343	-0.003457
695	-0.003399	-0.003458	-0.003502
696	-0.003566	-0.003538	-0.003592
697	-0.003714	-0.00361	-0.003673
698	-0.003697	-0.003603	-0.003669
699	-0.003678	-0.003595	-0.003663
700	-0.003612	-0.003581	-0.003612
701	-0.003547	-0.003566	-0.003562
702	-0.003596	-0.003588	-0.003615
703	-0.00365	-0.003611	-0.003671
704	-0.003592	-0.003612	-0.003664
705	-0.003521	-0.00361	-0.00365
706	-0.003524	-0.003597	-0.003626
707	-0.003541	-0.003581	-0.0036
708	-0.00355	-0.003516	-0.00357
709	-0.003555	-0.003435	-0.003539
710	-0.003528	-0.003405	-0.003522
711	-0.003489	-0.003397	-0.003511
712	-0.00343	-0.003383	-0.003471
713	-0.00336	-0.003365	-0.003414
714	-0.003374	-0.003359	-0.003411
715	-0.003448	-0.003362	-0.003445
716	-0.00345	-0.003375	-0.00345
717	-0.003384	-0.003398	-0.003428
718	-0.003328	-0.003364	-0.003378
719	-0.003281	-0.003263	-0.003297
720	-0.003221	-0.003172	-0.003251
[LOG]
CHECKSUM‰¯