[HEADER]
Format	J&M ASCII Table
Comment	
Date	04/03/2026 18:30:12
Order	Y (evenX)
TechType	UV
NumPoints	411
FirstX	310
LastX	720
XType	nm
YType	Absorbance
ZType	s
NumSubFile	3
Matrix	Z vs X
[LOGIN]
Name=pcbob
[INSTRUMENT]
Name=TIDAS E Base UV/VI
Detector=MMS - ASPEN 97,5 kHz
Diodearray=256 Pixel
Serial#=36584
Calibrated=2011-07-01
Range=183.81-729.88 [nm] (F0)

SWVersion=v3.18.2 (build 0)[LOGIN]
Name=pcbob
[CONFIG]
ChannelName=Channel 1
ChannelType=Normalized
[PARAMETER]
It=400,00
Aver=5
Norm=3
Range=310,0-720,0 nm
Scan=Time
ScanTime=5,00 s
[TRIGGER]
Sweep=0
Scan=0
[DIO]
DigOut=0x0000
DigIn=0x0000
[DATA]
	00:00:00,000	00:00:02,000	00:00:04,000
310	-0.000233	-0.000193	-0.000213
311	-0.000269	-0.000246	-0.000232
312	-0.000323	-0.000315	-0.000267
313	-0.000351	-0.000344	-0.0003
314	-0.000341	-0.000318	-0.000329
315	-0.00033	-0.000299	-0.00035
316	-0.000312	-0.000305	-0.000347
317	-0.000298	-0.000309	-0.000344
318	-0.000333	-0.000303	-0.000337
319	-0.000369	-0.000297	-0.00033
320	-0.00039	-0.000336	-0.000362
321	-0.00041	-0.000382	-0.0004
322	-0.000444	-0.000398	-0.000417
323	-0.000482	-0.000401	-0.000426
324	-0.00051	-0.000423	-0.000442
325	-0.000529	-0.000461	-0.000465
326	-0.000525	-0.000473	-0.000475
327	-0.00048	-0.000438	-0.000463
328	-0.00044	-0.000406	-0.000451
329	-0.000432	-0.000392	-0.000437
330	-0.000423	-0.000379	-0.000423
331	-0.000448	-0.000431	-0.000418
332	-0.000472	-0.000484	-0.000413
333	-0.000486	-0.00048	-0.000466
334	-0.000497	-0.000465	-0.00053
335	-0.000522	-0.000483	-0.000555
336	-0.000555	-0.000519	-0.000559
337	-0.000589	-0.000548	-0.00057
338	-0.000625	-0.000568	-0.000589
339	-0.000638	-0.000592	-0.000605
340	-0.000597	-0.000625	-0.000613
341	-0.000562	-0.000651	-0.000619
342	-0.000568	-0.000625	-0.000608
343	-0.000575	-0.000599	-0.000598
344	-0.000599	-0.000612	-0.000588
345	-0.000625	-0.000627	-0.000578
346	-0.000688	-0.000638	-0.000606
347	-0.000763	-0.000647	-0.000645
348	-0.000767	-0.000663	-0.000689
349	-0.000722	-0.000684	-0.000737
350	-0.000697	-0.000699	-0.000738
351	-0.000701	-0.000707	-0.000675
352	-0.000704	-0.000712	-0.000636
353	-0.000707	-0.000708	-0.000667
354	-0.000714	-0.000706	-0.000697
355	-0.000772	-0.000722	-0.000725
356	-0.00083	-0.000739	-0.000752
357	-0.000849	-0.000748	-0.000786
358	-0.000864	-0.000757	-0.00082
359	-0.000854	-0.000775	-0.000777
360	-0.000835	-0.000797	-0.000706
361	-0.000833	-0.000798	-0.000694
362	-0.000844	-0.000783	-0.000729
363	-0.000882	-0.000811	-0.000806
364	-0.000965	-0.000905	-0.000949
365	-0.001024	-0.000975	-0.001043
366	-0.000995	-0.000955	-0.000957
367	-0.000967	-0.000937	-0.000875
368	-0.00093	-0.000928	-0.000885
369	-0.000892	-0.00092	-0.000895
370	-0.000919	-0.00092	-0.000947
371	-0.000955	-0.000921	-0.001005
372	-0.001008	-0.000947	-0.001028
373	-0.001068	-0.000984	-0.001036
374	-0.001096	-0.001013	-0.001044
375	-0.001095	-0.001037	-0.001051
376	-0.001101	-0.001063	-0.001055
377	-0.001117	-0.001096	-0.001052
378	-0.001118	-0.001107	-0.001047
379	-0.001056	-0.001029	-0.001034
380	-0.000997	-0.000953	-0.001021
381	-0.001048	-0.000977	-0.000991
382	-0.001099	-0.001002	-0.000961
383	-0.001082	-0.001022	-0.000982
384	-0.001053	-0.001042	-0.001012
385	-0.001091	-0.001091	-0.001056
386	-0.001159	-0.001153	-0.001107
387	-0.001199	-0.001197	-0.001146
388	-0.001214	-0.001225	-0.001175
389	-0.001213	-0.001227	-0.001186
390	-0.001181	-0.001179	-0.00116
391	-0.001157	-0.001147	-0.001143
392	-0.001169	-0.001189	-0.001159
393	-0.001181	-0.001229	-0.001175
394	-0.001216	-0.001231	-0.001192
395	-0.001251	-0.001233	-0.001209
396	-0.001259	-0.001238	-0.001216
397	-0.001262	-0.001244	-0.001221
398	-0.001267	-0.001253	-0.00122
399	-0.001271	-0.001263	-0.001216
400	-0.001285	-0.001276	-0.00123
401	-0.001307	-0.001293	-0.001259
402	-0.001324	-0.001304	-0.001285
403	-0.001332	-0.001305	-0.001304
404	-0.001339	-0.00131	-0.001308
405	-0.001347	-0.001326	-0.001246
406	-0.001356	-0.001343	-0.001186
407	-0.001373	-0.001358	-0.001214
408	-0.001391	-0.001372	-0.001242
409	-0.001371	-0.001321	-0.001195
410	-0.001345	-0.001259	-0.001135
411	-0.001386	-0.001295	-0.001158
412	-0.001458	-0.001377	-0.001219
413	-0.001549	-0.001455	-0.001285
414	-0.001656	-0.001531	-0.001356
415	-0.001684	-0.001544	-0.001378
416	-0.001571	-0.001449	-0.001316
417	-0.001487	-0.001384	-0.001278
418	-0.001521	-0.001438	-0.001339
419	-0.001555	-0.001493	-0.001398
420	-0.001613	-0.001547	-0.001408
421	-0.001671	-0.001601	-0.001418
422	-0.001695	-0.00163	-0.00145
423	-0.001714	-0.001655	-0.001486
424	-0.001703	-0.001661	-0.001536
425	-0.001681	-0.00166	-0.001591
426	-0.001696	-0.001655	-0.00161
427	-0.001741	-0.001647	-0.001602
428	-0.001777	-0.001668	-0.001624
429	-0.0018	-0.001737	-0.001693
430	-0.001819	-0.001796	-0.001756
431	-0.001829	-0.001824	-0.001799
432	-0.001839	-0.001846	-0.001832
433	-0.001841	-0.001805	-0.001735
434	-0.001844	-0.001764	-0.001639
435	-0.001846	-0.001766	-0.001672
436	-0.001849	-0.001772	-0.001717
437	-0.001867	-0.001809	-0.001736
438	-0.00189	-0.001856	-0.001748
439	-0.001925	-0.001876	-0.001766
440	-0.001968	-0.001876	-0.001789
441	-0.001985	-0.001869	-0.001814
442	-0.001966	-0.001853	-0.001843
443	-0.001943	-0.001837	-0.00184
444	-0.001906	-0.001821	-0.001755
445	-0.001879	-0.001811	-0.001685
446	-0.001927	-0.001835	-0.001718
447	-0.001974	-0.001859	-0.001751
448	-0.002041	-0.001925	-0.00181
449	-0.002109	-0.001993	-0.00187
450	-0.002088	-0.002021	-0.001916
451	-0.002047	-0.00204	-0.001958
452	-0.002041	-0.002002	-0.001928
453	-0.002052	-0.001934	-0.001859
454	-0.002088	-0.001935	-0.00184
455	-0.002146	-0.002003	-0.001872
456	-0.002167	-0.002045	-0.00189
457	-0.002115	-0.00204	-0.001882
458	-0.002077	-0.002037	-0.00188
459	-0.002091	-0.002038	-0.001904
460	-0.002105	-0.002038	-0.001926
461	-0.0021	-0.002024	-0.001913
462	-0.002095	-0.002009	-0.0019
463	-0.002145	-0.002047	-0.001952
464	-0.002202	-0.002092	-0.002012
465	-0.002231	-0.002124	-0.002034
466	-0.00225	-0.002151	-0.002041
467	-0.002277	-0.002195	-0.002074
468	-0.002312	-0.002253	-0.002124
469	-0.002353	-0.002293	-0.00216
470	-0.002405	-0.00231	-0.002179
471	-0.002435	-0.002307	-0.002177
472	-0.002408	-0.002252	-0.002121
473	-0.00238	-0.00221	-0.002076
474	-0.002335	-0.002254	-0.002105
475	-0.00229	-0.002298	-0.002135
476	-0.002306	-0.002263	-0.00212
477	-0.002323	-0.002227	-0.002104
478	-0.002333	-0.002255	-0.002105
479	-0.002342	-0.002297	-0.002109
480	-0.002349	-0.002305	-0.002132
481	-0.002355	-0.002298	-0.002163
482	-0.002308	-0.002244	-0.002129
483	-0.002216	-0.002149	-0.002039
484	-0.002154	-0.002089	-0.001979
485	-0.002139	-0.002082	-0.001968
486	-0.002148	-0.002094	-0.001975
487	-0.002229	-0.002166	-0.002037
488	-0.002303	-0.002231	-0.002093
489	-0.002307	-0.00222	-0.002088
490	-0.00231	-0.002209	-0.002082
491	-0.002381	-0.002292	-0.002164
492	-0.002455	-0.002381	-0.00225
493	-0.002524	-0.002433	-0.002331
494	-0.002592	-0.002476	-0.002411
495	-0.00257	-0.002472	-0.002412
496	-0.002501	-0.002444	-0.002372
497	-0.002445	-0.002401	-0.002317
498	-0.0024	-0.002342	-0.002249
499	-0.002388	-0.002328	-0.002231
500	-0.002429	-0.002392	-0.0023
501	-0.002467	-0.002444	-0.002345
502	-0.002488	-0.002456	-0.002311
503	-0.002507	-0.002468	-0.002284
504	-0.002499	-0.002479	-0.002325
505	-0.002492	-0.00249	-0.002365
506	-0.002509	-0.002516	-0.002343
507	-0.002529	-0.002543	-0.002317
508	-0.002526	-0.002519	-0.002335
509	-0.002518	-0.002482	-0.002364
510	-0.002543	-0.002501	-0.002375
511	-0.002585	-0.002548	-0.002378
512	-0.00258	-0.002557	-0.002369
513	-0.002533	-0.002533	-0.00235
514	-0.002528	-0.002537	-0.002347
515	-0.002593	-0.002585	-0.002368
516	-0.002631	-0.002613	-0.002387
517	-0.002589	-0.002575	-0.002401
518	-0.002556	-0.002538	-0.002414
519	-0.00259	-0.002498	-0.002423
520	-0.002624	-0.002458	-0.002432
521	-0.002666	-0.00252	-0.002406
522	-0.002708	-0.002586	-0.002378
523	-0.002683	-0.002618	-0.002394
524	-0.002644	-0.002644	-0.002418
525	-0.002649	-0.002621	-0.00242
526	-0.002674	-0.002577	-0.002413
527	-0.002696	-0.002573	-0.002433
528	-0.002718	-0.002602	-0.002474
529	-0.002731	-0.002613	-0.002511
530	-0.002733	-0.002603	-0.002543
531	-0.002733	-0.002611	-0.002567
532	-0.002729	-0.002668	-0.002571
533	-0.002723	-0.002713	-0.002565
534	-0.002709	-0.002692	-0.002511
535	-0.002693	-0.00267	-0.002458
536	-0.002649	-0.002611	-0.002473
537	-0.002605	-0.002552	-0.002489
538	-0.002626	-0.002538	-0.002468
539	-0.002655	-0.002529	-0.002443
540	-0.002627	-0.002522	-0.002415
541	-0.002582	-0.002514	-0.002386
542	-0.00258	-0.002519	-0.002373
543	-0.002605	-0.00253	-0.002368
544	-0.00262	-0.002546	-0.002359
545	-0.002623	-0.002566	-0.002345
546	-0.00262	-0.002563	-0.002341
547	-0.002603	-0.002519	-0.002357
548	-0.002584	-0.002491	-0.002364
549	-0.00256	-0.002512	-0.002345
550	-0.002538	-0.002531	-0.002328
551	-0.002535	-0.002542	-0.002331
552	-0.002532	-0.002552	-0.002333
553	-0.002539	-0.002504	-0.002279
554	-0.002546	-0.002455	-0.002224
555	-0.002573	-0.002493	-0.002297
556	-0.002602	-0.002545	-0.00239
557	-0.002614	-0.00256	-0.002409
558	-0.002619	-0.002562	-0.002401
559	-0.00259	-0.002558	-0.002392
560	-0.00254	-0.002549	-0.002381
561	-0.002552	-0.002547	-0.002383
562	-0.002628	-0.002552	-0.002399
563	-0.002649	-0.002544	-0.0024
564	-0.002572	-0.002513	-0.002374
565	-0.002512	-0.002489	-0.002353
566	-0.002506	-0.002492	-0.002348
567	-0.002492	-0.002482	-0.00233
568	-0.00242	-0.002381	-0.002208
569	-0.002348	-0.00228	-0.002087
570	-0.002302	-0.002195	-0.002068
571	-0.002256	-0.00211	-0.00205
572	-0.002249	-0.002134	-0.002068
573	-0.002247	-0.002174	-0.002091
574	-0.002216	-0.002139	-0.002047
575	-0.002176	-0.00208	-0.001982
576	-0.002145	-0.002063	-0.001971
577	-0.002118	-0.00207	-0.001992
578	-0.002095	-0.002058	-0.002
579	-0.002076	-0.002029	-0.001997
580	-0.002079	-0.002024	-0.001989
581	-0.002119	-0.002057	-0.001972
582	-0.002142	-0.002078	-0.001968
583	-0.002122	-0.002071	-0.001996
584	-0.002118	-0.002075	-0.002024
585	-0.0022	-0.002139	-0.002053
586	-0.002276	-0.002199	-0.002078
587	-0.002235	-0.002167	-0.002029
588	-0.002194	-0.002136	-0.001979
589	-0.002236	-0.002163	-0.002056
590	-0.002284	-0.002195	-0.002143
591	-0.002289	-0.002197	-0.002144
592	-0.002284	-0.002193	-0.002125
593	-0.002294	-0.002203	-0.002122
594	-0.00231	-0.002219	-0.002127
595	-0.002308	-0.002226	-0.00213
596	-0.002294	-0.002226	-0.002131
597	-0.002283	-0.002226	-0.002127
598	-0.002276	-0.002225	-0.002117
599	-0.002269	-0.002216	-0.002099
600	-0.002261	-0.002192	-0.002071
601	-0.002255	-0.002176	-0.002058
602	-0.002257	-0.002181	-0.002093
603	-0.002259	-0.002187	-0.002125
604	-0.002262	-0.002201	-0.002133
605	-0.002266	-0.002212	-0.00214
606	-0.002248	-0.002164	-0.002076
607	-0.002231	-0.002116	-0.002013
608	-0.002244	-0.002167	-0.002044
609	-0.00226	-0.002226	-0.002083
610	-0.002256	-0.002214	-0.002092
611	-0.002248	-0.002188	-0.002093
612	-0.00229	-0.002229	-0.002114
613	-0.00235	-0.002298	-0.002144
614	-0.002379	-0.00233	-0.002183
615	-0.002386	-0.002337	-0.002229
616	-0.00238	-0.002337	-0.002232
617	-0.002361	-0.002329	-0.002193
618	-0.002379	-0.00233	-0.002176
619	-0.002452	-0.002347	-0.00219
620	-0.002505	-0.002367	-0.002215
621	-0.002512	-0.002393	-0.002263
622	-0.00251	-0.002405	-0.002295
623	-0.002478	-0.002355	-0.002263
624	-0.002452	-0.002318	-0.00224
625	-0.002495	-0.002398	-0.002295
626	-0.002538	-0.002478	-0.002351
627	-0.002532	-0.002508	-0.002371
628	-0.002527	-0.002538	-0.00239
629	-0.002491	-0.002494	-0.002372
630	-0.002451	-0.002442	-0.002349
631	-0.002511	-0.002465	-0.002347
632	-0.002596	-0.002508	-0.002351
633	-0.002539	-0.002471	-0.002299
634	-0.00242	-0.002398	-0.002222
635	-0.002374	-0.002358	-0.002179
636	-0.002377	-0.002341	-0.002159
637	-0.002399	-0.002365	-0.002181
638	-0.00244	-0.00243	-0.002246
639	-0.002466	-0.002455	-0.002293
640	-0.002471	-0.002422	-0.002313
641	-0.002473	-0.0024	-0.002318
642	-0.002471	-0.002399	-0.002291
643	-0.002477	-0.002408	-0.002278
644	-0.002517	-0.002454	-0.002315
645	-0.002546	-0.002487	-0.002338
646	-0.002502	-0.002429	-0.00227
647	-0.002459	-0.002375	-0.002204
648	-0.002462	-0.002402	-0.002228
649	-0.002465	-0.002429	-0.002251
650	-0.002427	-0.002361	-0.002244
651	-0.002387	-0.002287	-0.002234
652	-0.002332	-0.002274	-0.002186
653	-0.002275	-0.002272	-0.002131
654	-0.002185	-0.002165	-0.00204
655	-0.002085	-0.002025	-0.001937
656	-0.00208	-0.002022	-0.001949
657	-0.002122	-0.002085	-0.002016
658	-0.002128	-0.002103	-0.002035
659	-0.00211	-0.002088	-0.002022
660	-0.002147	-0.002122	-0.002055
661	-0.002239	-0.002204	-0.002134
662	-0.002323	-0.002271	-0.0022
663	-0.002398	-0.002318	-0.002249
664	-0.002462	-0.002359	-0.002292
665	-0.002505	-0.002389	-0.002325
666	-0.002536	-0.002426	-0.002347
667	-0.002532	-0.002482	-0.002336
668	-0.002523	-0.002512	-0.00232
669	-0.002485	-0.002404	-0.002279
670	-0.00245	-0.002313	-0.002245
671	-0.002454	-0.0024	-0.002293
672	-0.002457	-0.002487	-0.002341
673	-0.002483	-0.002469	-0.002313
674	-0.002509	-0.002452	-0.002286
675	-0.002488	-0.002434	-0.002298
676	-0.002463	-0.002416	-0.002314
677	-0.00245	-0.002435	-0.002335
678	-0.002439	-0.002461	-0.002355
679	-0.002455	-0.002418	-0.002357
680	-0.002478	-0.002353	-0.002354
681	-0.00247	-0.00238	-0.00235
682	-0.002446	-0.002451	-0.002346
683	-0.002405	-0.002416	-0.002311
684	-0.002351	-0.002313	-0.002255
685	-0.002368	-0.002293	-0.00222
686	-0.002447	-0.002347	-0.002204
687	-0.00248	-0.002387	-0.002215
688	-0.002457	-0.002413	-0.00226
689	-0.002458	-0.002439	-0.002303
690	-0.002494	-0.002467	-0.002344
691	-0.00251	-0.002475	-0.002357
692	-0.002481	-0.002437	-0.002308
693	-0.002447	-0.002416	-0.002274
694	-0.002391	-0.002449	-0.002284
695	-0.002365	-0.002487	-0.002306
696	-0.002481	-0.002551	-0.00239
697	-0.002585	-0.002605	-0.00246
698	-0.002566	-0.002576	-0.002413
699	-0.002546	-0.002545	-0.002365
700	-0.002493	-0.002477	-0.00231
701	-0.002441	-0.002409	-0.002254
702	-0.002467	-0.002423	-0.002298
703	-0.002496	-0.002439	-0.002345
704	-0.00249	-0.002454	-0.002326
705	-0.002479	-0.00247	-0.0023
706	-0.002474	-0.002451	-0.002303
707	-0.00247	-0.002426	-0.002311
708	-0.002462	-0.002399	-0.002316
709	-0.002452	-0.002371	-0.002319
710	-0.002446	-0.002348	-0.002281
711	-0.00244	-0.002327	-0.002226
712	-0.002417	-0.00236	-0.002263
713	-0.002383	-0.002423	-0.002353
714	-0.002414	-0.002454	-0.002395
715	-0.002492	-0.00246	-0.002404
716	-0.0025	-0.002451	-0.002388
717	-0.002445	-0.002428	-0.002348
718	-0.002416	-0.002416	-0.002312
719	-0.002418	-0.002418	-0.002281
720	-0.002402	-0.002409	-0.002264
[LOG]
CHECKSUM¬Œ