[HEADER]
Format	J&M ASCII Table
Comment	
Date	04/03/2026 18:56:48
Order	Y (evenX)
TechType	UV
NumPoints	411
FirstX	310
LastX	720
XType	nm
YType	Absorbance
ZType	s
NumSubFile	3
Matrix	Z vs X
[LOGIN]
Name=pcbob
[INSTRUMENT]
Name=TIDAS E Base UV/VI
Detector=MMS - ASPEN 97,5 kHz
Diodearray=256 Pixel
Serial#=36584
Calibrated=2011-07-01
Range=183.81-729.88 [nm] (F0)

SWVersion=v3.18.2 (build 0)[LOGIN]
Name=pcbob
[CONFIG]
ChannelName=Channel 1
ChannelType=Normalized
[PARAMETER]
It=400,00
Aver=5
Norm=3
Range=310,0-720,0 nm
Scan=Time
ScanTime=5,00 s
[TRIGGER]
Sweep=0
Scan=0
[DIO]
DigOut=0x0000
DigIn=0x0000
[DATA]
	00:00:00,000	00:00:02,000	00:00:04,000
310	0.277204	0.27698	0.276727
311	0.272784	0.272542	0.272288
312	0.268415	0.268147	0.267903
313	0.264151	0.263878	0.263635
314	0.260033	0.259785	0.259528
315	0.255922	0.255691	0.255424
316	0.251833	0.251592	0.251329
317	0.247754	0.247503	0.247244
318	0.243813	0.243563	0.243316
319	0.239872	0.239623	0.239389
320	0.235931	0.235698	0.235477
321	0.23199	0.231776	0.231568
322	0.228099	0.227918	0.227683
323	0.22423	0.224086	0.223809
324	0.220439	0.2203	0.220024
325	0.216715	0.216553	0.216319
326	0.21303	0.21286	0.212654
327	0.209414	0.209267	0.209061
328	0.205804	0.205679	0.205456
329	0.202224	0.202119	0.201794
330	0.198645	0.19856	0.198131
331	0.19513	0.195001	0.194678
332	0.191615	0.191442	0.191224
333	0.188132	0.187976	0.18777
334	0.184657	0.18453	0.184315
335	0.18129	0.181166	0.180939
336	0.177981	0.177846	0.177606
337	0.17462	0.174477	0.174238
338	0.171201	0.171052	0.170829
339	0.167844	0.167689	0.16748
340	0.164633	0.164469	0.16427
341	0.161436	0.161265	0.161077
342	0.158348	0.158173	0.158003
343	0.155259	0.155082	0.154929
344	0.152229	0.152025	0.151854
345	0.149203	0.148969	0.148779
346	0.14608	0.145888	0.145671
347	0.142929	0.142798	0.142553
348	0.139869	0.139753	0.139493
349	0.136872	0.136736	0.136473
350	0.133914	0.133754	0.133482
351	0.131009	0.130819	0.130531
352	0.12808	0.127876	0.127594
353	0.125077	0.12491	0.124699
354	0.122082	0.121949	0.1218
355	0.119181	0.119043	0.118849
356	0.116279	0.116136	0.115899
357	0.113387	0.113236	0.113047
358	0.110494	0.110337	0.110206
359	0.107755	0.107584	0.107424
360	0.105072	0.104886	0.104665
361	0.102365	0.102191	0.101957
362	0.099639	0.099499	0.099291
363	0.096914	0.096795	0.096611
364	0.094191	0.094075	0.09391
365	0.091515	0.091399	0.091251
366	0.089006	0.088884	0.088742
367	0.086501	0.086374	0.086232
368	0.084072	0.08395	0.083699
369	0.081643	0.081525	0.081166
370	0.079124	0.079002	0.078699
371	0.076593	0.076464	0.076242
372	0.074108	0.073979	0.073784
373	0.071644	0.071516	0.071325
374	0.069232	0.06912	0.068931
375	0.066867	0.066784	0.066594
376	0.064503	0.064431	0.064239
377	0.06214	0.062051	0.06185
378	0.059799	0.059695	0.059497
379	0.057549	0.057442	0.057293
380	0.0553	0.05519	0.055087
381	0.053105	0.052924	0.052841
382	0.050911	0.050658	0.050595
383	0.048767	0.048567	0.048479
384	0.046632	0.046507	0.046386
385	0.044498	0.044399	0.044277
386	0.042365	0.04227	0.042161
387	0.04028	0.040176	0.040068
388	0.038239	0.038115	0.037995
389	0.036257	0.03614	0.035988
390	0.034385	0.034326	0.034105
391	0.032499	0.032478	0.032218
392	0.030552	0.030478	0.030314
393	0.028606	0.02848	0.02841
394	0.026685	0.026606	0.026491
395	0.024763	0.024732	0.024572
396	0.023111	0.023054	0.02292
397	0.021508	0.021412	0.021315
398	0.01999	0.019878	0.0198
399	0.018511	0.018395	0.018328
400	0.016871	0.016763	0.016736
401	0.015077	0.014989	0.015032
402	0.013262	0.013199	0.013246
403	0.011405	0.01138	0.011306
404	0.009624	0.00962	0.009453
405	0.00818	0.00812	0.007983
406	0.006736	0.006622	0.006513
407	0.005262	0.005213	0.005079
408	0.003787	0.003803	0.003645
409	0.002244	0.002267	0.002079
410	0.00069	0.00071	0.000492
411	-0.000876	-0.000894	-0.001065
412	-0.002447	-0.002518	-0.002608
413	-0.004012	-0.004089	-0.004166
414	-0.00557	-0.005612	-0.005738
415	-0.007155	-0.00716	-0.007308
416	-0.008784	-0.008752	-0.008876
417	-0.010415	-0.010364	-0.010461
418	-0.012052	-0.012058	-0.012111
419	-0.013676	-0.013734	-0.013749
420	-0.014947	-0.014965	-0.015056
421	-0.016219	-0.016196	-0.016363
422	-0.017642	-0.017578	-0.017708
423	-0.019085	-0.018982	-0.019057
424	-0.020392	-0.020296	-0.020373
425	-0.021645	-0.021575	-0.021676
426	-0.022799	-0.022756	-0.02286
427	-0.023873	-0.02386	-0.023949
428	-0.024844	-0.024859	-0.024937
429	-0.025654	-0.025695	-0.02577
430	-0.026477	-0.026521	-0.026595
431	-0.027338	-0.027313	-0.027398
432	-0.028203	-0.028117	-0.028212
433	-0.029115	-0.029087	-0.029178
434	-0.030026	-0.030056	-0.030144
435	-0.031026	-0.031001	-0.031122
436	-0.032034	-0.031945	-0.032102
437	-0.032964	-0.032891	-0.033023
438	-0.033869	-0.033838	-0.033925
439	-0.034691	-0.034668	-0.034771
440	-0.035457	-0.035419	-0.03558
441	-0.036238	-0.036197	-0.036363
442	-0.037036	-0.03701	-0.037115
443	-0.037786	-0.037771	-0.03783
444	-0.03841	-0.038401	-0.038453
445	-0.039034	-0.039026	-0.03907
446	-0.039646	-0.039611	-0.039659
447	-0.040258	-0.040195	-0.040247
448	-0.040858	-0.040788	-0.040846
449	-0.041458	-0.041381	-0.041447
450	-0.041938	-0.041887	-0.041974
451	-0.042389	-0.042373	-0.042486
452	-0.042835	-0.042827	-0.042921
453	-0.043278	-0.043265	-0.043317
454	-0.043757	-0.04373	-0.043781
455	-0.044273	-0.044221	-0.044312
456	-0.044727	-0.044684	-0.044791
457	-0.045066	-0.045095	-0.045171
458	-0.045422	-0.045497	-0.04555
459	-0.045847	-0.045866	-0.045923
460	-0.046267	-0.046233	-0.046292
461	-0.046606	-0.046556	-0.046603
462	-0.046945	-0.046879	-0.046914
463	-0.047309	-0.047257	-0.047286
464	-0.047677	-0.047642	-0.047666
465	-0.047944	-0.047895	-0.047913
466	-0.048176	-0.048101	-0.048111
467	-0.048359	-0.048274	-0.048282
468	-0.048508	-0.048424	-0.048432
469	-0.048617	-0.04856	-0.048568
470	-0.048673	-0.048677	-0.048683
471	-0.048753	-0.048778	-0.048784
472	-0.048892	-0.048835	-0.04885
473	-0.049042	-0.048912	-0.048938
474	-0.04926	-0.049118	-0.049173
475	-0.049479	-0.049324	-0.049408
476	-0.049628	-0.049484	-0.049561
477	-0.049776	-0.049644	-0.049712
478	-0.049945	-0.049828	-0.049855
479	-0.05012	-0.050017	-0.049996
480	-0.050255	-0.050173	-0.05014
481	-0.050372	-0.050314	-0.050285
482	-0.050652	-0.050595	-0.050591
483	-0.051073	-0.050999	-0.051034
484	-0.05147	-0.051395	-0.051449
485	-0.051831	-0.051781	-0.051817
486	-0.052077	-0.052051	-0.052073
487	-0.051964	-0.051958	-0.051979
488	-0.051821	-0.051834	-0.051851
489	-0.051402	-0.051419	-0.051405
490	-0.050983	-0.051004	-0.050958
491	-0.050713	-0.050693	-0.050663
492	-0.050452	-0.050388	-0.050375
493	-0.050357	-0.050262	-0.05025
494	-0.050302	-0.050181	-0.050164
495	-0.050086	-0.049968	-0.049953
496	-0.049785	-0.049687	-0.049679
497	-0.049555	-0.049487	-0.049451
498	-0.04939	-0.049364	-0.049267
499	-0.049273	-0.04927	-0.049138
500	-0.049237	-0.049225	-0.049105
501	-0.04917	-0.049151	-0.04905
502	-0.048998	-0.048977	-0.048924
503	-0.048827	-0.048802	-0.048793
504	-0.048662	-0.048608	-0.048611
505	-0.048496	-0.048414	-0.048428
506	-0.04829	-0.048219	-0.048231
507	-0.048082	-0.048024	-0.048034
508	-0.047946	-0.047899	-0.047891
509	-0.047827	-0.047791	-0.047762
510	-0.047667	-0.047634	-0.047617
511	-0.047486	-0.04745	-0.047463
512	-0.047327	-0.047288	-0.047317
513	-0.047191	-0.047145	-0.047178
514	-0.047052	-0.047011	-0.04703
515	-0.046912	-0.046892	-0.046867
516	-0.046749	-0.046724	-0.046683
517	-0.046517	-0.046408	-0.046436
518	-0.046286	-0.046108	-0.046186
519	-0.046072	-0.045947	-0.045911
520	-0.045858	-0.045785	-0.045636
521	-0.045582	-0.045525	-0.045438
522	-0.045305	-0.045262	-0.045242
523	-0.045052	-0.045003	-0.045032
524	-0.044803	-0.044744	-0.044819
525	-0.044556	-0.04453	-0.044589
526	-0.044309	-0.044335	-0.04435
527	-0.044147	-0.044175	-0.044158
528	-0.044051	-0.044041	-0.044002
529	-0.043893	-0.043856	-0.043796
530	-0.043653	-0.043599	-0.043523
531	-0.043459	-0.043399	-0.043309
532	-0.043374	-0.043333	-0.043233
533	-0.04328	-0.043249	-0.043148
534	-0.043137	-0.043069	-0.043011
535	-0.042991	-0.042889	-0.042873
536	-0.042775	-0.042686	-0.042683
537	-0.042559	-0.042483	-0.042494
538	-0.042374	-0.042358	-0.042334
539	-0.042192	-0.042242	-0.042178
540	-0.04195	-0.041973	-0.041901
541	-0.041688	-0.041656	-0.041587
542	-0.041417	-0.041353	-0.041296
543	-0.04114	-0.041058	-0.041021
544	-0.04088	-0.040779	-0.040739
545	-0.040637	-0.040517	-0.04045
546	-0.040375	-0.040253	-0.040173
547	-0.04008	-0.039988	-0.039914
548	-0.039779	-0.039712	-0.039655
549	-0.039457	-0.039399	-0.039393
550	-0.039143	-0.039094	-0.03913
551	-0.038888	-0.038843	-0.038865
552	-0.038633	-0.038592	-0.0386
553	-0.03846	-0.038343	-0.038357
554	-0.038288	-0.038093	-0.038114
555	-0.038103	-0.03797	-0.03796
556	-0.037916	-0.037868	-0.03782
557	-0.037666	-0.037648	-0.037583
558	-0.037394	-0.037384	-0.03731
559	-0.037155	-0.037138	-0.037068
560	-0.036937	-0.036904	-0.036846
561	-0.036765	-0.036714	-0.03668
562	-0.036641	-0.036572	-0.036572
563	-0.03648	-0.036407	-0.036429
564	-0.036253	-0.036205	-0.036222
565	-0.036095	-0.036067	-0.036073
566	-0.03616	-0.036137	-0.036112
567	-0.036232	-0.03621	-0.036158
568	-0.036356	-0.036307	-0.036255
569	-0.036481	-0.036404	-0.036352
570	-0.03648	-0.036406	-0.03643
571	-0.036477	-0.036407	-0.036507
572	-0.036528	-0.036441	-0.036538
573	-0.036586	-0.03648	-0.036562
574	-0.036553	-0.036426	-0.036488
575	-0.03649	-0.036341	-0.036382
576	-0.036421	-0.03629	-0.036311
577	-0.036348	-0.036259	-0.03626
578	-0.036268	-0.036204	-0.036185
579	-0.036181	-0.036124	-0.036087
580	-0.036061	-0.036006	-0.035965
581	-0.03589	-0.035828	-0.035806
582	-0.035649	-0.035584	-0.035562
583	-0.035224	-0.035167	-0.035095
584	-0.034808	-0.034757	-0.034649
585	-0.034443	-0.034385	-0.03431
586	-0.034072	-0.034008	-0.033964
587	-0.033578	-0.033516	-0.033487
588	-0.033085	-0.033024	-0.033011
589	-0.032689	-0.032607	-0.0326
590	-0.0323	-0.032197	-0.032193
591	-0.031926	-0.031811	-0.031821
592	-0.031554	-0.03143	-0.031457
593	-0.03125	-0.031129	-0.031147
594	-0.030976	-0.030861	-0.030861
595	-0.030646	-0.030535	-0.030549
596	-0.030277	-0.030168	-0.030218
597	-0.029926	-0.029824	-0.029865
598	-0.029596	-0.029506	-0.02949
599	-0.029264	-0.029181	-0.029124
600	-0.02893	-0.028842	-0.028774
601	-0.028608	-0.028511	-0.028448
602	-0.028325	-0.028201	-0.028197
603	-0.028027	-0.027888	-0.027928
604	-0.027639	-0.027557	-0.027558
605	-0.027251	-0.02722	-0.027185
606	-0.026842	-0.026748	-0.026742
607	-0.026433	-0.026277	-0.026299
608	-0.026037	-0.025932	-0.025927
609	-0.025642	-0.025598	-0.025562
610	-0.025321	-0.025265	-0.02523
611	-0.025015	-0.024932	-0.024905
612	-0.024781	-0.024681	-0.02467
613	-0.024574	-0.024462	-0.024471
614	-0.02425	-0.024152	-0.024148
615	-0.02385	-0.023785	-0.023745
616	-0.02349	-0.023414	-0.023389
617	-0.023168	-0.023041	-0.023079
618	-0.022843	-0.022687	-0.022754
619	-0.022512	-0.022363	-0.022406
620	-0.022197	-0.022067	-0.022079
621	-0.021921	-0.021836	-0.021803
622	-0.021625	-0.02157	-0.021507
623	-0.021247	-0.021155	-0.021131
624	-0.020875	-0.020752	-0.02076
625	-0.020552	-0.020455	-0.020442
626	-0.02023	-0.020159	-0.020123
627	-0.019888	-0.019832	-0.019788
628	-0.019546	-0.019504	-0.019453
629	-0.019171	-0.019142	-0.019114
630	-0.018793	-0.018775	-0.018773
631	-0.018453	-0.018439	-0.018418
632	-0.018123	-0.018111	-0.018058
633	-0.017785	-0.017761	-0.017698
634	-0.017443	-0.017402	-0.017339
635	-0.017108	-0.017067	-0.016997
636	-0.016777	-0.016747	-0.016667
637	-0.016491	-0.016466	-0.016408
638	-0.01625	-0.016223	-0.016219
639	-0.016014	-0.01599	-0.016006
640	-0.015785	-0.015772	-0.015756
641	-0.015542	-0.015539	-0.015505
642	-0.015272	-0.01527	-0.015248
643	-0.015009	-0.014991	-0.014987
644	-0.014773	-0.014674	-0.014709
645	-0.014538	-0.014372	-0.014437
646	-0.014313	-0.014171	-0.014206
647	-0.014098	-0.013979	-0.013983
648	-0.014163	-0.014003	-0.014011
649	-0.014228	-0.014027	-0.014039
650	-0.014836	-0.014688	-0.01469
651	-0.015477	-0.015389	-0.015379
652	-0.016387	-0.016287	-0.016285
653	-0.017344	-0.017221	-0.017228
654	-0.018023	-0.017875	-0.017926
655	-0.018617	-0.018442	-0.018547
656	-0.01868	-0.018531	-0.018621
657	-0.018487	-0.018389	-0.01843
658	-0.017903	-0.017858	-0.017841
659	-0.017043	-0.017053	-0.016971
660	-0.015968	-0.015991	-0.0159
661	-0.014678	-0.014674	-0.014628
662	-0.013456	-0.013437	-0.013425
663	-0.012329	-0.012314	-0.01232
664	-0.011383	-0.01137	-0.011375
665	-0.010805	-0.010791	-0.010758
666	-0.010283	-0.010264	-0.01021
667	-0.009936	-0.009899	-0.009874
668	-0.009601	-0.009548	-0.009542
669	-0.009327	-0.009279	-0.009235
670	-0.009064	-0.009019	-0.008941
671	-0.008923	-0.008865	-0.008792
672	-0.008781	-0.008711	-0.008642
673	-0.008498	-0.008421	-0.008385
674	-0.008215	-0.008131	-0.008128
675	-0.008002	-0.007939	-0.007917
676	-0.007796	-0.007757	-0.00771
677	-0.007639	-0.007589	-0.007558
678	-0.007492	-0.007425	-0.007415
679	-0.007315	-0.007252	-0.007221
680	-0.007129	-0.007075	-0.00701
681	-0.006997	-0.006926	-0.006864
682	-0.006891	-0.006791	-0.006747
683	-0.006717	-0.006622	-0.006576
684	-0.006498	-0.006433	-0.00637
685	-0.006321	-0.006266	-0.006216
686	-0.006181	-0.006119	-0.006108
687	-0.006035	-0.005977	-0.005967
688	-0.005882	-0.005844	-0.005789
689	-0.005724	-0.00569	-0.005617
690	-0.00556	-0.005503	-0.005455
691	-0.005382	-0.005308	-0.005286
692	-0.005174	-0.005095	-0.005103
693	-0.004967	-0.00488	-0.004926
694	-0.004766	-0.004663	-0.00477
695	-0.004575	-0.004469	-0.004606
696	-0.004436	-0.004389	-0.004406
697	-0.004293	-0.004292	-0.004212
698	-0.004116	-0.004046	-0.004068
699	-0.003937	-0.0038	-0.00392
700	-0.003684	-0.003573	-0.003647
701	-0.003431	-0.003345	-0.003373
702	-0.003305	-0.00323	-0.003227
703	-0.003184	-0.003119	-0.003085
704	-0.002935	-0.002869	-0.002831
705	-0.002672	-0.002602	-0.002565
706	-0.002462	-0.002433	-0.002402
707	-0.002263	-0.002284	-0.00226
708	-0.002079	-0.002065	-0.002072
709	-0.0019	-0.001826	-0.001869
710	-0.00169	-0.001586	-0.001612
711	-0.001468	-0.001345	-0.001332
712	-0.001227	-0.001148	-0.001112
713	-0.000975	-0.000975	-0.000926
714	-0.000786	-0.000796	-0.000738
715	-0.000643	-0.000613	-0.000549
716	-0.000476	-0.000419	-0.000358
717	-0.000287	-0.000216	-0.000166
718	-0.000093	-0.000001	0.000019
719	0.000107	0.000226	0.000195
720	0.000316	0.000441	0.000402
[LOG]
CHECKSUM„s