[HEADER]
Format	J&M ASCII Table
Comment	
Date	04/03/2026 19:30:04
Order	Y (evenX)
TechType	UV
NumPoints	411
FirstX	310
LastX	720
XType	nm
YType	Absorbance
ZType	s
NumSubFile	3
Matrix	Z vs X
[LOGIN]
Name=pcbob
[INSTRUMENT]
Name=TIDAS E Base UV/VI
Detector=MMS - ASPEN 97,5 kHz
Diodearray=256 Pixel
Serial#=36584
Calibrated=2011-07-01
Range=183.81-729.88 [nm] (F0)

SWVersion=v3.18.2 (build 0)[LOGIN]
Name=pcbob
[CONFIG]
ChannelName=Channel 1
ChannelType=Normalized
[PARAMETER]
It=400,00
Aver=5
Norm=3
Range=310,0-720,0 nm
Scan=Time
ScanTime=5,00 s
[TRIGGER]
Sweep=0
Scan=0
[DIO]
DigOut=0x0000
DigIn=0x0000
[DATA]
	00:00:00,000	00:00:02,000	00:00:04,000
310	0.282282	0.28209	0.281797
311	0.277663	0.277443	0.277176
312	0.273109	0.272861	0.272611
313	0.268665	0.268398	0.268167
314	0.264374	0.2641	0.263892
315	0.26009	0.25982	0.259614
316	0.255827	0.255596	0.255326
317	0.251574	0.251378	0.251051
318	0.247468	0.247255	0.24695
319	0.243361	0.243132	0.24285
320	0.239304	0.239081	0.238837
321	0.235253	0.23504	0.234835
322	0.231291	0.231068	0.230864
323	0.227365	0.227124	0.226905
324	0.223479	0.223251	0.223038
325	0.219627	0.219442	0.219253
326	0.21585	0.215676	0.215491
327	0.212211	0.211988	0.211772
328	0.208552	0.208295	0.208059
329	0.204798	0.204577	0.204372
330	0.201044	0.20086	0.200685
331	0.197466	0.197263	0.197075
332	0.193888	0.193665	0.193466
333	0.190387	0.19016	0.189992
334	0.186902	0.186673	0.186547
335	0.183475	0.183232	0.183081
336	0.18008	0.179815	0.179604
337	0.176592	0.176345	0.17613
338	0.173002	0.172817	0.172659
339	0.169554	0.169389	0.169246
340	0.166439	0.166195	0.165971
341	0.163307	0.162997	0.162707
342	0.160048	0.159775	0.159527
343	0.156789	0.156552	0.156347
344	0.153625	0.153407	0.153194
345	0.150466	0.150267	0.150042
346	0.147266	0.147073	0.146835
347	0.144055	0.143862	0.143611
348	0.140899	0.140727	0.140472
349	0.13778	0.137641	0.137392
350	0.134702	0.134579	0.13435
351	0.131678	0.13155	0.13136
352	0.128653	0.128523	0.128355
353	0.125621	0.125503	0.125305
354	0.122594	0.122482	0.122266
355	0.119626	0.11944	0.119339
356	0.116659	0.116398	0.116413
357	0.113641	0.113394	0.11338
358	0.110619	0.110395	0.110337
359	0.107775	0.107553	0.107477
360	0.104996	0.104769	0.104685
361	0.10222	0.102005	0.101917
362	0.099447	0.099257	0.099168
363	0.096683	0.096499	0.096406
364	0.093935	0.093726	0.093624
365	0.091204	0.090992	0.090877
366	0.08853	0.088402	0.088255
367	0.085865	0.085814	0.085637
368	0.08337	0.08328	0.083086
369	0.080874	0.080746	0.080535
370	0.078214	0.078086	0.077926
371	0.07553	0.075409	0.075308
372	0.072919	0.07282	0.072724
373	0.070339	0.070269	0.070155
374	0.067832	0.06777	0.06766
375	0.06539	0.065317	0.065229
376	0.062956	0.062891	0.062798
377	0.060535	0.060511	0.060367
378	0.058142	0.058142	0.057964
379	0.055868	0.055813	0.055683
380	0.053592	0.053484	0.0534
381	0.051274	0.051161	0.051075
382	0.048956	0.048838	0.048749
383	0.046761	0.04664	0.046568
384	0.044588	0.044463	0.044411
385	0.042434	0.042296	0.042248
386	0.04029	0.040135	0.040081
387	0.038166	0.038024	0.037981
388	0.036061	0.03596	0.035943
389	0.034017	0.033946	0.033925
390	0.03209	0.032028	0.031945
391	0.030144	0.030092	0.02996
392	0.028113	0.028081	0.027946
393	0.026082	0.026071	0.025934
394	0.024147	0.02413	0.024076
395	0.022212	0.022189	0.022218
396	0.020491	0.020469	0.020475
397	0.018808	0.018789	0.018754
398	0.017197	0.017214	0.017173
399	0.01562	0.015687	0.015657
400	0.013943	0.01398	0.013979
401	0.012174	0.0121	0.012146
402	0.010348	0.010225	0.010311
403	0.008416	0.008358	0.008473
404	0.006566	0.006564	0.006702
405	0.005079	0.005101	0.00523
406	0.003594	0.003638	0.003759
407	0.002168	0.002195	0.002316
408	0.000742	0.000751	0.000873
409	-0.000893	-0.000841	-0.000767
410	-0.002564	-0.002458	-0.00244
411	-0.004159	-0.00412	-0.004114
412	-0.005721	-0.005803	-0.005788
413	-0.007315	-0.007404	-0.007372
414	-0.008939	-0.008932	-0.008873
415	-0.010574	-0.010533	-0.010458
416	-0.012229	-0.012262	-0.012188
417	-0.013895	-0.013967	-0.0139
418	-0.015599	-0.015574	-0.015538
419	-0.017288	-0.017171	-0.017161
420	-0.01857	-0.018509	-0.018389
421	-0.019853	-0.019846	-0.019616
422	-0.021206	-0.021206	-0.021048
423	-0.022568	-0.022568	-0.022508
424	-0.023946	-0.023941	-0.023859
425	-0.02533	-0.025318	-0.025168
426	-0.026559	-0.026536	-0.026366
427	-0.027662	-0.027627	-0.027476
428	-0.028655	-0.028609	-0.028501
429	-0.029478	-0.02942	-0.029397
430	-0.030333	-0.030252	-0.030276
431	-0.031293	-0.03115	-0.031099
432	-0.032252	-0.032055	-0.031936
433	-0.03319	-0.033062	-0.03294
434	-0.034128	-0.034068	-0.033943
435	-0.035112	-0.035077	-0.034961
436	-0.036101	-0.036086	-0.03598
437	-0.037028	-0.036988	-0.036886
438	-0.037936	-0.037854	-0.037754
439	-0.038786	-0.038686	-0.038557
440	-0.039597	-0.039496	-0.039315
441	-0.04039	-0.040275	-0.040065
442	-0.041159	-0.041016	-0.040803
443	-0.041865	-0.041705	-0.041502
444	-0.04241	-0.042261	-0.042105
445	-0.042967	-0.042828	-0.042712
446	-0.043611	-0.043471	-0.043347
447	-0.044255	-0.044114	-0.043981
448	-0.044885	-0.044752	-0.044575
449	-0.045515	-0.045389	-0.045168
450	-0.046052	-0.045916	-0.045729
451	-0.046566	-0.046416	-0.046282
452	-0.047001	-0.046846	-0.04672
453	-0.047395	-0.047238	-0.0471
454	-0.047838	-0.047698	-0.04755
455	-0.048329	-0.048224	-0.04807
456	-0.048772	-0.048679	-0.048519
457	-0.049128	-0.049002	-0.048836
458	-0.049485	-0.04934	-0.049165
459	-0.049853	-0.049742	-0.049543
460	-0.05022	-0.050142	-0.049919
461	-0.050543	-0.050476	-0.050251
462	-0.050867	-0.05081	-0.050582
463	-0.051211	-0.051144	-0.05095
464	-0.051557	-0.051478	-0.051322
465	-0.051862	-0.051758	-0.051598
466	-0.052152	-0.052017	-0.051839
467	-0.052377	-0.052233	-0.052043
468	-0.052556	-0.052418	-0.052219
469	-0.052741	-0.052598	-0.052372
470	-0.052932	-0.052771	-0.052496
471	-0.053089	-0.052923	-0.052609
472	-0.053155	-0.05302	-0.052697
473	-0.053229	-0.053118	-0.052796
474	-0.053349	-0.053219	-0.052974
475	-0.05347	-0.05332	-0.053151
476	-0.053633	-0.053464	-0.05323
477	-0.053797	-0.053609	-0.053306
478	-0.053871	-0.053672	-0.053419
479	-0.053928	-0.053719	-0.05354
480	-0.05401	-0.053833	-0.053623
481	-0.054103	-0.053979	-0.053688
482	-0.054267	-0.054149	-0.053834
483	-0.054494	-0.054339	-0.054051
484	-0.054735	-0.054554	-0.054308
485	-0.055001	-0.054805	-0.05463
486	-0.055171	-0.054974	-0.054845
487	-0.055039	-0.054881	-0.054727
488	-0.054897	-0.054771	-0.054594
489	-0.054646	-0.054487	-0.05433
490	-0.054396	-0.054204	-0.054065
491	-0.054178	-0.054001	-0.053854
492	-0.053963	-0.053802	-0.053646
493	-0.053887	-0.053693	-0.053503
494	-0.053844	-0.053605	-0.053374
495	-0.053644	-0.053412	-0.053175
496	-0.053363	-0.053165	-0.05294
497	-0.05313	-0.052963	-0.052727
498	-0.052941	-0.052802	-0.052535
499	-0.052806	-0.052676	-0.052388
500	-0.052763	-0.052607	-0.052317
501	-0.052694	-0.052516	-0.05223
502	-0.052542	-0.052351	-0.05209
503	-0.052389	-0.052186	-0.051946
504	-0.052222	-0.052017	-0.051778
505	-0.052056	-0.051849	-0.05161
506	-0.05185	-0.051666	-0.051399
507	-0.051642	-0.051482	-0.051185
508	-0.051486	-0.051348	-0.05104
509	-0.051344	-0.051227	-0.050912
510	-0.051201	-0.051097	-0.050774
511	-0.051059	-0.050961	-0.050632
512	-0.05091	-0.050792	-0.050469
513	-0.050753	-0.050593	-0.050287
514	-0.05061	-0.050427	-0.050122
515	-0.050486	-0.050317	-0.049983
516	-0.050336	-0.050164	-0.049829
517	-0.050105	-0.04988	-0.049633
518	-0.049872	-0.049606	-0.049431
519	-0.049632	-0.049414	-0.049176
520	-0.049392	-0.049222	-0.048921
521	-0.049149	-0.048996	-0.048669
522	-0.048905	-0.048769	-0.048417
523	-0.048686	-0.048518	-0.048181
524	-0.048471	-0.048261	-0.047948
525	-0.048213	-0.047996	-0.047706
526	-0.047936	-0.047726	-0.047459
527	-0.047726	-0.04749	-0.047243
528	-0.04757	-0.04728	-0.047051
529	-0.047341	-0.047066	-0.046827
530	-0.047016	-0.046847	-0.04656
531	-0.046762	-0.046647	-0.046334
532	-0.046676	-0.046496	-0.046212
533	-0.046575	-0.046342	-0.046074
534	-0.046391	-0.046167	-0.045858
535	-0.046206	-0.045992	-0.045643
536	-0.045981	-0.045798	-0.045439
537	-0.045756	-0.045604	-0.045236
538	-0.045559	-0.045367	-0.045031
539	-0.045365	-0.045125	-0.044826
540	-0.045038	-0.044812	-0.044521
541	-0.044668	-0.044478	-0.044183
542	-0.044387	-0.044196	-0.043902
543	-0.044158	-0.043944	-0.043654
544	-0.043905	-0.043699	-0.043402
545	-0.043629	-0.043459	-0.043144
546	-0.043342	-0.043183	-0.042868
547	-0.043037	-0.042844	-0.042561
548	-0.042729	-0.042519	-0.042255
549	-0.04241	-0.042236	-0.041954
550	-0.0421	-0.041957	-0.041659
551	-0.041855	-0.041709	-0.041409
552	-0.04161	-0.041462	-0.041158
553	-0.041394	-0.041235	-0.040942
554	-0.041177	-0.041008	-0.040726
555	-0.040999	-0.040822	-0.040526
556	-0.040827	-0.040643	-0.040329
557	-0.040562	-0.040374	-0.040076
558	-0.040264	-0.040072	-0.039804
559	-0.040035	-0.039834	-0.039545
560	-0.039851	-0.039637	-0.039296
561	-0.039677	-0.039457	-0.039113
562	-0.039512	-0.039292	-0.039
563	-0.039299	-0.039082	-0.038821
564	-0.039003	-0.038789	-0.038523
565	-0.038765	-0.038556	-0.03829
566	-0.038717	-0.038517	-0.038266
567	-0.038669	-0.038474	-0.038236
568	-0.038614	-0.038409	-0.038161
569	-0.038558	-0.038344	-0.038086
570	-0.038448	-0.038224	-0.038028
571	-0.038337	-0.038103	-0.037969
572	-0.038271	-0.038057	-0.037888
573	-0.038211	-0.038022	-0.037803
574	-0.03807	-0.037905	-0.03768
575	-0.037901	-0.037761	-0.037544
576	-0.037767	-0.037635	-0.037434
577	-0.037653	-0.037518	-0.037338
578	-0.037517	-0.037373	-0.037207
579	-0.037361	-0.037201	-0.037043
580	-0.0372	-0.037026	-0.036866
581	-0.03703	-0.036847	-0.036669
582	-0.036793	-0.036605	-0.036419
583	-0.036383	-0.036202	-0.036029
584	-0.035994	-0.035814	-0.035658
585	-0.035712	-0.035509	-0.035381
586	-0.035423	-0.035201	-0.035096
587	-0.034987	-0.034812	-0.034634
588	-0.034551	-0.034422	-0.034171
589	-0.034206	-0.034076	-0.033836
590	-0.033867	-0.033733	-0.03351
591	-0.033513	-0.033367	-0.033145
592	-0.033155	-0.032995	-0.032771
593	-0.032871	-0.032713	-0.032471
594	-0.032617	-0.032469	-0.032203
595	-0.032307	-0.032149	-0.031886
596	-0.031959	-0.031774	-0.031534
597	-0.031615	-0.031433	-0.031193
598	-0.031276	-0.03113	-0.030863
599	-0.03094	-0.03081	-0.030537
600	-0.03061	-0.030463	-0.030219
601	-0.030296	-0.030139	-0.029918
602	-0.030029	-0.029883	-0.029671
603	-0.029755	-0.029617	-0.029411
604	-0.02944	-0.029294	-0.029078
605	-0.029122	-0.028969	-0.028743
606	-0.028755	-0.028598	-0.02835
607	-0.028387	-0.028227	-0.027958
608	-0.028044	-0.027888	-0.027619
609	-0.027703	-0.027553	-0.027285
610	-0.027393	-0.02723	-0.026978
611	-0.027091	-0.026909	-0.026677
612	-0.026863	-0.026684	-0.02645
613	-0.026666	-0.026498	-0.026254
614	-0.026371	-0.026205	-0.025946
615	-0.026013	-0.025842	-0.025568
616	-0.025682	-0.025499	-0.025243
617	-0.025376	-0.025175	-0.02497
618	-0.025079	-0.024859	-0.024676
619	-0.024795	-0.024557	-0.024348
620	-0.024527	-0.024273	-0.024051
621	-0.024296	-0.024033	-0.023824
622	-0.024039	-0.023784	-0.023578
623	-0.023677	-0.023492	-0.023251
624	-0.023324	-0.023195	-0.02292
625	-0.023056	-0.022844	-0.022554
626	-0.022788	-0.022493	-0.022187
627	-0.022442	-0.022197	-0.021916
628	-0.022094	-0.021902	-0.021646
629	-0.021778	-0.021599	-0.021352
630	-0.021466	-0.021294	-0.021055
631	-0.021151	-0.020956	-0.020743
632	-0.020835	-0.020609	-0.020426
633	-0.020485	-0.020278	-0.020075
634	-0.02012	-0.019954	-0.019709
635	-0.019814	-0.019653	-0.019383
636	-0.019547	-0.019367	-0.019084
637	-0.019307	-0.019111	-0.018824
638	-0.019094	-0.018884	-0.018604
639	-0.018852	-0.018652	-0.018384
640	-0.018571	-0.018413	-0.018165
641	-0.018321	-0.018177	-0.017941
642	-0.01814	-0.017951	-0.017711
643	-0.017935	-0.017712	-0.01747
644	-0.017643	-0.017431	-0.017191
645	-0.017358	-0.017162	-0.016918
646	-0.017116	-0.016981	-0.016685
647	-0.016881	-0.016801	-0.016456
648	-0.016806	-0.016679	-0.016373
649	-0.016731	-0.016557	-0.01629
650	-0.017106	-0.016929	-0.016671
651	-0.017508	-0.017331	-0.017081
652	-0.018012	-0.017876	-0.01765
653	-0.018534	-0.018446	-0.018247
654	-0.018952	-0.018864	-0.018681
655	-0.019336	-0.019236	-0.019064
656	-0.019366	-0.019248	-0.01909
657	-0.019223	-0.019086	-0.018943
658	-0.018794	-0.018647	-0.018484
659	-0.018163	-0.018014	-0.017804
660	-0.017378	-0.017204	-0.01698
661	-0.01644	-0.016216	-0.016011
662	-0.015528	-0.015281	-0.01509
663	-0.014654	-0.014421	-0.014236
664	-0.013923	-0.013714	-0.013518
665	-0.013483	-0.013321	-0.013076
666	-0.013078	-0.012933	-0.012655
667	-0.012782	-0.012561	-0.012301
668	-0.012493	-0.012215	-0.01196
669	-0.012243	-0.012	-0.011692
670	-0.011996	-0.011789	-0.011435
671	-0.011801	-0.011619	-0.011292
672	-0.011606	-0.011449	-0.011149
673	-0.011392	-0.011223	-0.010919
674	-0.011178	-0.010996	-0.010689
675	-0.010927	-0.010728	-0.010462
676	-0.010673	-0.010456	-0.010235
677	-0.010503	-0.010308	-0.010077
678	-0.01035	-0.010183	-0.009932
679	-0.010154	-0.010014	-0.009774
680	-0.009944	-0.00983	-0.009612
681	-0.009771	-0.009662	-0.009443
682	-0.009614	-0.009499	-0.009271
683	-0.009427	-0.009332	-0.009093
684	-0.009222	-0.00916	-0.008911
685	-0.009054	-0.008983	-0.008716
686	-0.008919	-0.008801	-0.008509
687	-0.008798	-0.008643	-0.008362
688	-0.008694	-0.008511	-0.008287
689	-0.00857	-0.00838	-0.008178
690	-0.008416	-0.00825	-0.008015
691	-0.008249	-0.008083	-0.007836
692	-0.008053	-0.007834	-0.007618
693	-0.007849	-0.007603	-0.007399
694	-0.007622	-0.007428	-0.007173
695	-0.007411	-0.007258	-0.006966
696	-0.007273	-0.007113	-0.006848
697	-0.007132	-0.006963	-0.00672
698	-0.006955	-0.006771	-0.006513
699	-0.006776	-0.006576	-0.006305
700	-0.006517	-0.006306	-0.006103
701	-0.006257	-0.006036	-0.005902
702	-0.006084	-0.005884	-0.005678
703	-0.005914	-0.005736	-0.005453
704	-0.005689	-0.005535	-0.005199
705	-0.005458	-0.005327	-0.004942
706	-0.005254	-0.005129	-0.00475
707	-0.005055	-0.004932	-0.004571
708	-0.00481	-0.004695	-0.004373
709	-0.00455	-0.004445	-0.004169
710	-0.004298	-0.004225	-0.003955
711	-0.004049	-0.004018	-0.003736
712	-0.003877	-0.00379	-0.003507
713	-0.003748	-0.003551	-0.003272
714	-0.003597	-0.003366	-0.0031
715	-0.003428	-0.00322	-0.002974
716	-0.003231	-0.003035	-0.002796
717	-0.003008	-0.002813	-0.002571
718	-0.002758	-0.002581	-0.002343
719	-0.002476	-0.002335	-0.002112
720	-0.002242	-0.002112	-0.001875
[LOG]
CHECKSUM„r