[HEADER]
Format	J&M ASCII Table
Comment	
Date	04/03/2026 19:51:11
Order	Y (evenX)
TechType	UV
NumPoints	411
FirstX	310
LastX	720
XType	nm
YType	Absorbance
ZType	s
NumSubFile	3
Matrix	Z vs X
[LOGIN]
Name=pcbob
[INSTRUMENT]
Name=TIDAS E Base UV/VI
Detector=MMS - ASPEN 97,5 kHz
Diodearray=256 Pixel
Serial#=36584
Calibrated=2011-07-01
Range=183.81-729.88 [nm] (F0)

SWVersion=v3.18.2 (build 0)[LOGIN]
Name=pcbob
[CONFIG]
ChannelName=Channel 1
ChannelType=Normalized
[PARAMETER]
It=400,00
Aver=5
Norm=3
Range=310,0-720,0 nm
Scan=Time
ScanTime=5,00 s
[TRIGGER]
Sweep=0
Scan=0
[DIO]
DigOut=0x0000
DigIn=0x0000
[DATA]
	00:00:00,000	00:00:02,000	00:00:04,000
310	0.685576	0.684967	0.684972
311	0.675517	0.674921	0.674912
312	0.665595	0.665025	0.665
313	0.655812	0.655288	0.655243
314	0.646221	0.645771	0.645698
315	0.63676	0.636332	0.636239
316	0.627705	0.627138	0.627048
317	0.618638	0.617945	0.617859
318	0.609396	0.608769	0.608698
319	0.600153	0.599594	0.599537
320	0.591251	0.590706	0.590604
321	0.582393	0.581854	0.5817
322	0.573663	0.573148	0.572996
323	0.564987	0.564503	0.564375
324	0.556432	0.55599	0.555835
325	0.547983	0.547596	0.547366
326	0.539635	0.539261	0.538981
327	0.531471	0.531034	0.53075
328	0.523317	0.522817	0.522557
329	0.515207	0.514651	0.51454
330	0.507097	0.506484	0.506523
331	0.499078	0.498551	0.498553
332	0.491059	0.490617	0.490583
333	0.483368	0.482938	0.482863
334	0.475747	0.475314	0.475195
335	0.468173	0.467728	0.46764
336	0.460625	0.460163	0.460147
337	0.453141	0.452725	0.452713
338	0.445729	0.445428	0.445346
339	0.438432	0.438201	0.438071
340	0.431407	0.431137	0.431017
341	0.4244	0.424096	0.42398
342	0.417517	0.417212	0.417063
343	0.410635	0.410327	0.410147
344	0.403924	0.403586	0.403438
345	0.397223	0.396853	0.396741
346	0.390654	0.390272	0.390104
347	0.384123	0.383736	0.383484
348	0.377685	0.377243	0.377024
349	0.371308	0.370779	0.37067
350	0.364971	0.364416	0.364355
351	0.358689	0.358189	0.358093
352	0.352438	0.351983	0.351848
353	0.346279	0.345838	0.345654
354	0.340134	0.339712	0.339479
355	0.334166	0.333803	0.333524
356	0.328198	0.327895	0.32757
357	0.322367	0.322074	0.321788
358	0.316551	0.316262	0.316024
359	0.310955	0.310655	0.310486
360	0.30544	0.305123	0.305031
361	0.29989	0.299548	0.299449
362	0.294312	0.293939	0.293768
363	0.288704	0.288354	0.288113
364	0.28305	0.282807	0.282498
365	0.277497	0.277333	0.276991
366	0.272316	0.272124	0.271872
367	0.267141	0.266923	0.266756
368	0.262121	0.261878	0.261707
369	0.257102	0.256834	0.256659
370	0.252022	0.251826	0.251566
371	0.246933	0.246823	0.246467
372	0.241902	0.241741	0.241416
373	0.236895	0.236626	0.236385
374	0.2319	0.231568	0.231392
375	0.226914	0.226561	0.226431
376	0.221991	0.221652	0.221548
377	0.217176	0.216916	0.2168
378	0.212443	0.212238	0.212112
379	0.208054	0.207802	0.20768
380	0.203662	0.203364	0.203246
381	0.199158	0.198841	0.198703
382	0.194654	0.194318	0.194161
383	0.190293	0.190003	0.189851
384	0.185957	0.185723	0.185581
385	0.181711	0.181488	0.181371
386	0.177507	0.177273	0.177188
387	0.173382	0.173142	0.173058
388	0.169332	0.16909	0.168979
389	0.165325	0.165086	0.164956
390	0.161399	0.161173	0.161042
391	0.157488	0.157279	0.157138
392	0.153642	0.15347	0.15328
393	0.149799	0.149661	0.149424
394	0.146105	0.145944	0.14572
395	0.142411	0.142228	0.142016
396	0.139014	0.138777	0.138603
397	0.135671	0.135375	0.135243
398	0.132357	0.132075	0.131969
399	0.129056	0.128824	0.128736
400	0.125681	0.125479	0.125378
401	0.122237	0.122044	0.121902
402	0.118778	0.118607	0.118442
403	0.115293	0.115163	0.115014
404	0.111899	0.111801	0.111662
405	0.108911	0.108805	0.108655
406	0.105924	0.105811	0.105649
407	0.103026	0.102924	0.102748
408	0.100128	0.100038	0.099846
409	0.097098	0.09698	0.096809
410	0.094045	0.093894	0.093749
411	0.091058	0.090926	0.090782
412	0.088101	0.08801	0.087857
413	0.08516	0.085121	0.084948
414	0.082232	0.082255	0.082052
415	0.079297	0.079317	0.079122
416	0.076345	0.076254	0.076134
417	0.073378	0.073226	0.07315
418	0.070349	0.070333	0.070182
419	0.06734	0.067454	0.067231
420	0.064849	0.064906	0.06471
421	0.062357	0.062357	0.06219
422	0.059976	0.059938	0.05983
423	0.057611	0.057537	0.057493
424	0.055243	0.055163	0.055116
425	0.052873	0.0528	0.052724
426	0.050647	0.050581	0.050499
427	0.048538	0.048478	0.048408
428	0.04652	0.046469	0.046404
429	0.044642	0.044603	0.044531
430	0.042789	0.042759	0.042685
431	0.041014	0.040985	0.040928
432	0.03923	0.039203	0.039163
433	0.037333	0.03733	0.037298
434	0.035436	0.035457	0.035434
435	0.033692	0.033703	0.033662
436	0.031962	0.03196	0.031899
437	0.030235	0.030227	0.030159
438	0.028508	0.028498	0.028426
439	0.026935	0.026923	0.026896
440	0.025465	0.025452	0.025502
441	0.023985	0.023995	0.02407
442	0.022492	0.022556	0.02259
443	0.021075	0.021176	0.021171
444	0.019853	0.019944	0.019908
445	0.018633	0.018711	0.018651
446	0.017421	0.017465	0.017436
447	0.016209	0.016219	0.016222
448	0.015072	0.015077	0.015105
449	0.013937	0.013938	0.013991
450	0.012869	0.012889	0.012943
451	0.011816	0.011861	0.011911
452	0.01085	0.010934	0.010959
453	0.009928	0.010061	0.010049
454	0.008959	0.00911	0.009069
455	0.007944	0.008081	0.008021
456	0.007001	0.007121	0.007051
457	0.006195	0.00629	0.006229
458	0.005382	0.005459	0.005403
459	0.004538	0.004623	0.004559
460	0.003697	0.00379	0.00372
461	0.002939	0.003032	0.003005
462	0.002181	0.002274	0.00229
463	0.001454	0.001551	0.001526
464	0.000731	0.000832	0.000756
465	0.000108	0.000229	0.000148
466	-0.000479	-0.000333	-0.000403
467	-0.000984	-0.000841	-0.00092
468	-0.001431	-0.001311	-0.001413
469	-0.001885	-0.001769	-0.00187
470	-0.002351	-0.002211	-0.002278
471	-0.002809	-0.002646	-0.002698
472	-0.003244	-0.003067	-0.003148
473	-0.003686	-0.003493	-0.003601
474	-0.004173	-0.003959	-0.004074
475	-0.004661	-0.004424	-0.004547
476	-0.005034	-0.004867	-0.004972
477	-0.005405	-0.005309	-0.005396
478	-0.00579	-0.005687	-0.00575
479	-0.006178	-0.006052	-0.00609
480	-0.006632	-0.00649	-0.006547
481	-0.007115	-0.006962	-0.007059
482	-0.007683	-0.007534	-0.007639
483	-0.008324	-0.008193	-0.00828
484	-0.008947	-0.008812	-0.008883
485	-0.009543	-0.009369	-0.009428
486	-0.010013	-0.009822	-0.009863
487	-0.010087	-0.009953	-0.009949
488	-0.010145	-0.010056	-0.010019
489	-0.010036	-0.009893	-0.009925
490	-0.009927	-0.00973	-0.009831
491	-0.009907	-0.00969	-0.009742
492	-0.009892	-0.009656	-0.009652
493	-0.009931	-0.009701	-0.009693
494	-0.009983	-0.009764	-0.009766
495	-0.009995	-0.00981	-0.009804
496	-0.009987	-0.009847	-0.009824
497	-0.010024	-0.0099	-0.00987
498	-0.010105	-0.009969	-0.009942
499	-0.010189	-0.010028	-0.010036
500	-0.010279	-0.010071	-0.01017
501	-0.010362	-0.01013	-0.01027
502	-0.010421	-0.010238	-0.010257
503	-0.010474	-0.010338	-0.010248
504	-0.010463	-0.010344	-0.010271
505	-0.010453	-0.01035	-0.010294
506	-0.010485	-0.01031	-0.010313
507	-0.010519	-0.010268	-0.010331
508	-0.010551	-0.010269	-0.010355
509	-0.010583	-0.010281	-0.010381
510	-0.010603	-0.010326	-0.010413
511	-0.010618	-0.010388	-0.010449
512	-0.01066	-0.010435	-0.010467
513	-0.010728	-0.01047	-0.010467
514	-0.010787	-0.010522	-0.010511
515	-0.010832	-0.010601	-0.010627
516	-0.01085	-0.010662	-0.010707
517	-0.010785	-0.010663	-0.010674
518	-0.010721	-0.010651	-0.010636
519	-0.010667	-0.010533	-0.010564
520	-0.010613	-0.010416	-0.010492
521	-0.010532	-0.01033	-0.010412
522	-0.010449	-0.010246	-0.010332
523	-0.010405	-0.010255	-0.01028
524	-0.010367	-0.010284	-0.010234
525	-0.010326	-0.010234	-0.01019
526	-0.010284	-0.010149	-0.010145
527	-0.010258	-0.010084	-0.010119
528	-0.010244	-0.010035	-0.010105
529	-0.01021	-0.010012	-0.01005
530	-0.01015	-0.010024	-0.009938
531	-0.010135	-0.010045	-0.009896
532	-0.010227	-0.010087	-0.010027
533	-0.010299	-0.010112	-0.010129
534	-0.010265	-0.010045	-0.010079
535	-0.01023	-0.00998	-0.01003
536	-0.010152	-0.009944	-0.009983
537	-0.010075	-0.009909	-0.009937
538	-0.010089	-0.009921	-0.009926
539	-0.010114	-0.009939	-0.009918
540	-0.010034	-0.009839	-0.009847
541	-0.00992	-0.009703	-0.009756
542	-0.009856	-0.009625	-0.009708
543	-0.009821	-0.009582	-0.009686
544	-0.009765	-0.009514	-0.00962
545	-0.00969	-0.009423	-0.00951
546	-0.009586	-0.009318	-0.009399
547	-0.009436	-0.009191	-0.009287
548	-0.009294	-0.009064	-0.009153
549	-0.009178	-0.008939	-0.008953
550	-0.009061	-0.008816	-0.008764
551	-0.008927	-0.008711	-0.008667
552	-0.008794	-0.008606	-0.00857
553	-0.008776	-0.00857	-0.008547
554	-0.008759	-0.008534	-0.008524
555	-0.008736	-0.008544	-0.008535
556	-0.008712	-0.008562	-0.008551
557	-0.008647	-0.008501	-0.008486
558	-0.008568	-0.008413	-0.008392
559	-0.00849	-0.008317	-0.008323
560	-0.008412	-0.008217	-0.00827
561	-0.008384	-0.008159	-0.008232
562	-0.008409	-0.008147	-0.008211
563	-0.008403	-0.008119	-0.008184
564	-0.008342	-0.008063	-0.008146
565	-0.008327	-0.008058	-0.008149
566	-0.00846	-0.008221	-0.008284
567	-0.008592	-0.008376	-0.008417
568	-0.00871	-0.008473	-0.008529
569	-0.008828	-0.00857	-0.008641
570	-0.008912	-0.0087	-0.008758
571	-0.008996	-0.00883	-0.008875
572	-0.009085	-0.00894	-0.008961
573	-0.009175	-0.009047	-0.009042
574	-0.009231	-0.009085	-0.009095
575	-0.009277	-0.0091	-0.009138
576	-0.009299	-0.009117	-0.009167
577	-0.009306	-0.009134	-0.009186
578	-0.0093	-0.009136	-0.009185
579	-0.00928	-0.009125	-0.009165
580	-0.009253	-0.009093	-0.009126
581	-0.009213	-0.009031	-0.009058
582	-0.009116	-0.008922	-0.008947
583	-0.008866	-0.00869	-0.00872
584	-0.00863	-0.008464	-0.008497
585	-0.00847	-0.008277	-0.008298
586	-0.008301	-0.008084	-0.008094
587	-0.00797	-0.007783	-0.007803
588	-0.007638	-0.007482	-0.007511
589	-0.00745	-0.007304	-0.007322
590	-0.007272	-0.007136	-0.007141
591	-0.007065	-0.006925	-0.006936
592	-0.006852	-0.006705	-0.006725
593	-0.006708	-0.006577	-0.006577
594	-0.006594	-0.006488	-0.006455
595	-0.006439	-0.006326	-0.006297
596	-0.006257	-0.006112	-0.006112
597	-0.006039	-0.005895	-0.005904
598	-0.005781	-0.005674	-0.005669
599	-0.005551	-0.005455	-0.005448
600	-0.005369	-0.005238	-0.005249
601	-0.0052	-0.005043	-0.005061
602	-0.00507	-0.004913	-0.004907
603	-0.004936	-0.004772	-0.004747
604	-0.004772	-0.00457	-0.004558
605	-0.004602	-0.004365	-0.004365
606	-0.00429	-0.00408	-0.004094
607	-0.003978	-0.003795	-0.003822
608	-0.003758	-0.003599	-0.003612
609	-0.003545	-0.00341	-0.003407
610	-0.003408	-0.003226	-0.003251
611	-0.003286	-0.003044	-0.003105
612	-0.003169	-0.002915	-0.002978
613	-0.003054	-0.002808	-0.002859
614	-0.002879	-0.00265	-0.002698
615	-0.002665	-0.002458	-0.002511
616	-0.002442	-0.002245	-0.002305
617	-0.00221	-0.002009	-0.002081
618	-0.002018	-0.001803	-0.001879
619	-0.001887	-0.001644	-0.00171
620	-0.001754	-0.001503	-0.001546
621	-0.00162	-0.001404	-0.001393
622	-0.001459	-0.001275	-0.001227
623	-0.001187	-0.001027	-0.001002
624	-0.000923	-0.000786	-0.000781
625	-0.000743	-0.000615	-0.000601
626	-0.000563	-0.000443	-0.000421
627	-0.000353	-0.000186	-0.00019
628	-0.000142	0.000073	0.000041
629	0.000103	0.000312	0.000294
630	0.000353	0.000549	0.000549
631	0.000547	0.000749	0.000715
632	0.000728	0.00094	0.000857
633	0.000945	0.001173	0.00108
634	0.001179	0.001424	0.001339
635	0.00138	0.001628	0.001558
636	0.001561	0.001799	0.00175
637	0.001736	0.001951	0.001915
638	0.001904	0.002084	0.002052
639	0.002079	0.002244	0.002216
640	0.002264	0.002443	0.002419
641	0.002439	0.002618	0.002612
642	0.002591	0.00274	0.002782
643	0.002727	0.002856	0.002937
644	0.002801	0.002948	0.003034
645	0.002878	0.00305	0.00313
646	0.002978	0.003222	0.003227
647	0.003073	0.003385	0.003319
648	0.003022	0.003308	0.003296
649	0.00297	0.003231	0.003272
650	0.002536	0.002759	0.002799
651	0.002079	0.002262	0.002299
652	0.001448	0.001607	0.001616
653	0.000786	0.000925	0.000902
654	0.000367	0.000492	0.00046
655	0.000024	0.000137	0.000101
656	-0.000056	0.000065	0.000032
657	-0.000008	0.000131	0.000101
658	0.000309	0.000466	0.000442
659	0.000814	0.000992	0.000972
660	0.001473	0.001685	0.00166
661	0.002286	0.002546	0.002506
662	0.003087	0.003342	0.003319
663	0.003871	0.004047	0.004088
664	0.004553	0.004688	0.004767
665	0.00503	0.005196	0.005267
666	0.005451	0.005629	0.005688
667	0.005705	0.00583	0.00587
668	0.005945	0.006033	0.006061
669	0.006113	0.006248	0.006293
670	0.006276	0.006453	0.006517
671	0.006373	0.006535	0.006642
672	0.00647	0.006618	0.006767
673	0.006626	0.006785	0.006877
674	0.006782	0.006951	0.006987
675	0.006934	0.007125	0.007138
676	0.007085	0.007299	0.007292
677	0.007152	0.007381	0.007403
678	0.007204	0.007446	0.007505
679	0.007344	0.007559	0.007581
680	0.007511	0.007686	0.007648
681	0.007618	0.007794	0.007759
682	0.007696	0.007893	0.007891
683	0.007808	0.007979	0.007981
684	0.007942	0.008058	0.008044
685	0.00802	0.008133	0.008112
686	0.008049	0.008205	0.008184
687	0.008114	0.008292	0.008286
688	0.008221	0.008395	0.008422
689	0.008301	0.008517	0.008548
690	0.008336	0.008672	0.008656
691	0.008429	0.008806	0.00877
692	0.008647	0.008896	0.008899
693	0.008862	0.009016	0.009042
694	0.009061	0.009231	0.009231
695	0.009233	0.009413	0.009396
696	0.009275	0.009431	0.00944
697	0.009326	0.009469	0.009496
698	0.009462	0.009682	0.009651
699	0.009601	0.009895	0.009808
700	0.009845	0.010113	0.010053
701	0.010088	0.01033	0.010297
702	0.010198	0.010419	0.01042
703	0.010304	0.010504	0.010539
704	0.010424	0.010677	0.010666
705	0.010546	0.010861	0.010793
706	0.010684	0.010939	0.010877
707	0.010825	0.010994	0.010951
708	0.010996	0.011156	0.01114
709	0.011176	0.01135	0.011363
710	0.011342	0.011495	0.011533
711	0.011501	0.01162	0.011679
712	0.011656	0.011769	0.011824
713	0.011808	0.011932	0.011968
714	0.011908	0.011998	0.012066
715	0.011971	0.011992	0.01213
716	0.012078	0.012117	0.012232
717	0.012226	0.012363	0.01237
718	0.012367	0.012541	0.012478
719	0.0125	0.012638	0.012552
720	0.012645	0.012768	0.012684
[LOG]
CHECKSUMD