[HEADER]
Format	J&M ASCII Table
Comment	
Date	04/03/2026 19:19:49
Order	Y (evenX)
TechType	UV
NumPoints	411
FirstX	310
LastX	720
XType	nm
YType	Absorbance
ZType	s
NumSubFile	3
Matrix	Z vs X
[LOGIN]
Name=pcbob
[INSTRUMENT]
Name=TIDAS E Base UV/VI
Detector=MMS - ASPEN 97,5 kHz
Diodearray=256 Pixel
Serial#=36584
Calibrated=2011-07-01
Range=183.81-729.88 [nm] (F0)

SWVersion=v3.18.2 (build 0)[LOGIN]
Name=pcbob
[CONFIG]
ChannelName=Channel 1
ChannelType=Normalized
[PARAMETER]
It=400,00
Aver=5
Norm=3
Range=310,0-720,0 nm
Scan=Time
ScanTime=5,00 s
[TRIGGER]
Sweep=0
Scan=0
[DIO]
DigOut=0x0000
DigIn=0x0000
[DATA]
	00:00:00,000	00:00:02,000	00:00:04,000
310	0.298615	0.298247	0.297937
311	0.293785	0.293423	0.293116
312	0.289041	0.288711	0.288389
313	0.284383	0.284076	0.283724
314	0.279843	0.279547	0.279144
315	0.275325	0.275037	0.274595
316	0.270873	0.270587	0.27014
317	0.266432	0.266147	0.265698
318	0.262149	0.261857	0.26145
319	0.257867	0.257566	0.257202
320	0.253574	0.253307	0.252914
321	0.24928	0.249052	0.248622
322	0.245116	0.244858	0.244465
323	0.241004	0.240689	0.240365
324	0.236976	0.236616	0.236329
325	0.233021	0.23263	0.232352
326	0.229113	0.228701	0.228423
327	0.225288	0.224877	0.22458
328	0.22147	0.221064	0.220742
329	0.217683	0.217297	0.216924
330	0.213895	0.21353	0.213106
331	0.210035	0.209699	0.209347
332	0.206174	0.205869	0.205587
333	0.202579	0.202248	0.201964
334	0.199042	0.198671	0.19837
335	0.195485	0.195131	0.194793
336	0.191918	0.19161	0.191224
337	0.188317	0.188035	0.187625
338	0.184678	0.184401	0.183994
339	0.181126	0.180852	0.180451
340	0.17778	0.1775	0.177118
341	0.174435	0.174156	0.173787
342	0.171102	0.170864	0.170465
343	0.167769	0.167572	0.167144
344	0.16449	0.164255	0.163804
345	0.161214	0.160937	0.160463
346	0.157971	0.157637	0.157258
347	0.154737	0.154342	0.154094
348	0.151529	0.151121	0.150872
349	0.148337	0.14795	0.147612
350	0.145169	0.144799	0.144431
351	0.142032	0.141675	0.141358
352	0.138887	0.138532	0.138257
353	0.135712	0.135334	0.135079
354	0.13255	0.132153	0.131909
355	0.129524	0.129169	0.128844
356	0.126498	0.126186	0.12578
357	0.123535	0.123255	0.122836
358	0.120579	0.120328	0.119905
359	0.11765	0.117348	0.116974
360	0.114731	0.114348	0.114044
361	0.111892	0.111489	0.111187
362	0.109115	0.108742	0.108388
363	0.106296	0.105961	0.105575
364	0.103412	0.103127	0.102741
365	0.100574	0.100324	0.09994
366	0.0979	0.097635	0.097264
367	0.095233	0.094952	0.094593
368	0.092701	0.092406	0.092058
369	0.090168	0.08986	0.089522
370	0.087521	0.087209	0.086876
371	0.084856	0.084544	0.084214
372	0.082174	0.081897	0.081584
373	0.079485	0.079258	0.078968
374	0.076889	0.076671	0.076383
375	0.074377	0.074128	0.073827
376	0.0719	0.071641	0.071337
377	0.069484	0.069254	0.068963
378	0.067098	0.06688	0.06661
379	0.064842	0.064557	0.064343
380	0.062585	0.062235	0.062074
381	0.060246	0.059934	0.059716
382	0.057907	0.057633	0.057359
383	0.055666	0.055396	0.055117
384	0.053441	0.05317	0.052896
385	0.051244	0.050941	0.050707
386	0.049061	0.048712	0.048533
387	0.046937	0.046583	0.046394
388	0.044871	0.044548	0.044288
389	0.042835	0.042551	0.042249
390	0.040856	0.040623	0.040339
391	0.038871	0.038668	0.038411
392	0.036853	0.03659	0.0364
393	0.034837	0.034514	0.03439
394	0.03294	0.032571	0.032432
395	0.031042	0.030627	0.030473
396	0.029308	0.029001	0.028809
397	0.027604	0.027431	0.027199
398	0.026044	0.025898	0.025642
399	0.024551	0.024381	0.024111
400	0.022878	0.022694	0.022435
401	0.021035	0.020845	0.020623
402	0.019187	0.018983	0.018794
403	0.017333	0.017095	0.016932
404	0.015543	0.015292	0.015135
405	0.014042	0.013865	0.013623
406	0.01254	0.012437	0.012114
407	0.011063	0.010986	0.010746
408	0.009585	0.009535	0.009378
409	0.008112	0.007985	0.007861
410	0.006639	0.006418	0.006319
411	0.005094	0.004875	0.004747
412	0.003515	0.003343	0.003161
413	0.001932	0.001754	0.001566
414	0.000347	0.000114	-0.000037
415	-0.001253	-0.001503	-0.001632
416	-0.002877	-0.003079	-0.003213
417	-0.00451	-0.004672	-0.004814
418	-0.006174	-0.006334	-0.006497
419	-0.007826	-0.007985	-0.008165
420	-0.009171	-0.009336	-0.009464
421	-0.010516	-0.010688	-0.010764
422	-0.011875	-0.012001	-0.012148
423	-0.013237	-0.013308	-0.013543
424	-0.014524	-0.014581	-0.0148
425	-0.015781	-0.01584	-0.016001
426	-0.016903	-0.016991	-0.017098
427	-0.017915	-0.018054	-0.018111
428	-0.018863	-0.019027	-0.01907
429	-0.019711	-0.019861	-0.019944
430	-0.020553	-0.020693	-0.020805
431	-0.021375	-0.021516	-0.021622
432	-0.022206	-0.02234	-0.022441
433	-0.023137	-0.023174	-0.023283
434	-0.024068	-0.024007	-0.024126
435	-0.024899	-0.024918	-0.025039
436	-0.025719	-0.025835	-0.025959
437	-0.026608	-0.026712	-0.026857
438	-0.027519	-0.027575	-0.027748
439	-0.028358	-0.028385	-0.028541
440	-0.02915	-0.029159	-0.029268
441	-0.029924	-0.029952	-0.030022
442	-0.030678	-0.030767	-0.030809
443	-0.031387	-0.031522	-0.031538
444	-0.031979	-0.03212	-0.032121
445	-0.032568	-0.03271	-0.032705
446	-0.033133	-0.033238	-0.033295
447	-0.033697	-0.033766	-0.033884
448	-0.034168	-0.034236	-0.03436
449	-0.034637	-0.034705	-0.034832
450	-0.035046	-0.035175	-0.03528
451	-0.035442	-0.035646	-0.035723
452	-0.035868	-0.036036	-0.036109
453	-0.03631	-0.036384	-0.036466
454	-0.03676	-0.036805	-0.036899
455	-0.037218	-0.037299	-0.037408
456	-0.03765	-0.037747	-0.037854
457	-0.038033	-0.03811	-0.038184
458	-0.038401	-0.038463	-0.038504
459	-0.038699	-0.038771	-0.038787
460	-0.038998	-0.039077	-0.039071
461	-0.039296	-0.039339	-0.039382
462	-0.039594	-0.039602	-0.039692
463	-0.039895	-0.039912	-0.039998
464	-0.040197	-0.040228	-0.040304
465	-0.040394	-0.040443	-0.040506
466	-0.040553	-0.040621	-0.04067
467	-0.040648	-0.04072	-0.040748
468	-0.040695	-0.040762	-0.040764
469	-0.040724	-0.0408	-0.040784
470	-0.040726	-0.040835	-0.04081
471	-0.040742	-0.040865	-0.040843
472	-0.040793	-0.040887	-0.040893
473	-0.04086	-0.040927	-0.040955
474	-0.041026	-0.041091	-0.041099
475	-0.041192	-0.041256	-0.041242
476	-0.04125	-0.041333	-0.04135
477	-0.041306	-0.041408	-0.041457
478	-0.041403	-0.04149	-0.041536
479	-0.041508	-0.041574	-0.041609
480	-0.041613	-0.041699	-0.041711
481	-0.041719	-0.041843	-0.041825
482	-0.042029	-0.042138	-0.042116
483	-0.042517	-0.042563	-0.042557
484	-0.042947	-0.042952	-0.042968
485	-0.043285	-0.043283	-0.043328
486	-0.04351	-0.043508	-0.043581
487	-0.043377	-0.043402	-0.043498
488	-0.043197	-0.04325	-0.043364
489	-0.042571	-0.042665	-0.04274
490	-0.041945	-0.04208	-0.042117
491	-0.041611	-0.041728	-0.04176
492	-0.041292	-0.041389	-0.041418
493	-0.041079	-0.041156	-0.041177
494	-0.040891	-0.040949	-0.040962
495	-0.040608	-0.040681	-0.040676
496	-0.040276	-0.04038	-0.040353
497	-0.04002	-0.040135	-0.040104
498	-0.039835	-0.039941	-0.039923
499	-0.039689	-0.039777	-0.039769
500	-0.039609	-0.039663	-0.03966
501	-0.0395	-0.039528	-0.039532
502	-0.039294	-0.03932	-0.039342
503	-0.039087	-0.039112	-0.039146
504	-0.038861	-0.038911	-0.038899
505	-0.038635	-0.03871	-0.038651
506	-0.038442	-0.038449	-0.038449
507	-0.03825	-0.038184	-0.038251
508	-0.038042	-0.038011	-0.038102
509	-0.03783	-0.037861	-0.037965
510	-0.037658	-0.037705	-0.037781
511	-0.037506	-0.037547	-0.037574
512	-0.037353	-0.037374	-0.037369
513	-0.0372	-0.037188	-0.037166
514	-0.037029	-0.037022	-0.036982
515	-0.03683	-0.03689	-0.036828
516	-0.036613	-0.036717	-0.03665
517	-0.036341	-0.036419	-0.036394
518	-0.036072	-0.036126	-0.036139
519	-0.035835	-0.03588	-0.035885
520	-0.035598	-0.035635	-0.03563
521	-0.035343	-0.035354	-0.035377
522	-0.035087	-0.035073	-0.035123
523	-0.03485	-0.034815	-0.034899
524	-0.034617	-0.034563	-0.034681
525	-0.034358	-0.0343	-0.0344
526	-0.034088	-0.034032	-0.034091
527	-0.033856	-0.033824	-0.033869
528	-0.033653	-0.033661	-0.033715
529	-0.033435	-0.033449	-0.033507
530	-0.033196	-0.033171	-0.033226
531	-0.032997	-0.032957	-0.033007
532	-0.032891	-0.032899	-0.032936
533	-0.032774	-0.03282	-0.03284
534	-0.032601	-0.032628	-0.032612
535	-0.032428	-0.032436	-0.032385
536	-0.032263	-0.032251	-0.03222
537	-0.032098	-0.032066	-0.032055
538	-0.031877	-0.031896	-0.031866
539	-0.031649	-0.031727	-0.031674
540	-0.031405	-0.031486	-0.031473
541	-0.031156	-0.031223	-0.031271
542	-0.030905	-0.030967	-0.031031
543	-0.030655	-0.030716	-0.03077
544	-0.030364	-0.030417	-0.030447
545	-0.030035	-0.03007	-0.030064
546	-0.029714	-0.029723	-0.029715
547	-0.02941	-0.029378	-0.029421
548	-0.029106	-0.029052	-0.029131
549	-0.028802	-0.028787	-0.028847
550	-0.028504	-0.028527	-0.028567
551	-0.028247	-0.028301	-0.028323
552	-0.027991	-0.028075	-0.028079
553	-0.027809	-0.027919	-0.027858
554	-0.027629	-0.027764	-0.027638
555	-0.027452	-0.027566	-0.027466
556	-0.027275	-0.027361	-0.027302
557	-0.027023	-0.027097	-0.027065
558	-0.026743	-0.026813	-0.026801
559	-0.026501	-0.026585	-0.026571
560	-0.026284	-0.026395	-0.026361
561	-0.026122	-0.026237	-0.026208
562	-0.026021	-0.026114	-0.026116
563	-0.025899	-0.025974	-0.025993
564	-0.025743	-0.025802	-0.025816
565	-0.025645	-0.025693	-0.025706
566	-0.025733	-0.025787	-0.025808
567	-0.025826	-0.025885	-0.025912
568	-0.025961	-0.026013	-0.026026
569	-0.026097	-0.026141	-0.026141
570	-0.02622	-0.026236	-0.026263
571	-0.026344	-0.026332	-0.026386
572	-0.026408	-0.026397	-0.026446
573	-0.026463	-0.026457	-0.026498
574	-0.026468	-0.026465	-0.026485
575	-0.026457	-0.026456	-0.02645
576	-0.02641	-0.026421	-0.026417
577	-0.026344	-0.026371	-0.026385
578	-0.026294	-0.026318	-0.026328
579	-0.02626	-0.026261	-0.026246
580	-0.026166	-0.026152	-0.026133
581	-0.02598	-0.025962	-0.025972
582	-0.025735	-0.025708	-0.025747
583	-0.025332	-0.025288	-0.025354
584	-0.024923	-0.024873	-0.02496
585	-0.024486	-0.024488	-0.024555
586	-0.024049	-0.024099	-0.024147
587	-0.023603	-0.023626	-0.023673
588	-0.023158	-0.023153	-0.023198
589	-0.02272	-0.022744	-0.022748
590	-0.022282	-0.02234	-0.022299
591	-0.021915	-0.021942	-0.021914
592	-0.021565	-0.021546	-0.021543
593	-0.021251	-0.021247	-0.021239
594	-0.020953	-0.020989	-0.020962
595	-0.020627	-0.02067	-0.020643
596	-0.020282	-0.02031	-0.020295
597	-0.019955	-0.019966	-0.019956
598	-0.019649	-0.019641	-0.019626
599	-0.01933	-0.019312	-0.019305
600	-0.018989	-0.018975	-0.018997
601	-0.018665	-0.018665	-0.018696
602	-0.018389	-0.01843	-0.018415
603	-0.018095	-0.018172	-0.018116
604	-0.017688	-0.017779	-0.017712
605	-0.017281	-0.017384	-0.017308
606	-0.016883	-0.016971	-0.016912
607	-0.016485	-0.016557	-0.016517
608	-0.016049	-0.016106	-0.016084
609	-0.01561	-0.015652	-0.015649
610	-0.015331	-0.015361	-0.015349
611	-0.015087	-0.015105	-0.015079
612	-0.01483	-0.01485	-0.014827
613	-0.014568	-0.014595	-0.014582
614	-0.014238	-0.014274	-0.014263
615	-0.013864	-0.013911	-0.013897
616	-0.013498	-0.013534	-0.01353
617	-0.013141	-0.013142	-0.013163
618	-0.012809	-0.01279	-0.012805
619	-0.012514	-0.012499	-0.012459
620	-0.012209	-0.012204	-0.012136
621	-0.011879	-0.0119	-0.011864
622	-0.011546	-0.01158	-0.011576
623	-0.011201	-0.011196	-0.011224
624	-0.010855	-0.01082	-0.010873
625	-0.010505	-0.010513	-0.010527
626	-0.010156	-0.010207	-0.010181
627	-0.009861	-0.009914	-0.009904
628	-0.009566	-0.009622	-0.009628
629	-0.009159	-0.009201	-0.009232
630	-0.008738	-0.008765	-0.008822
631	-0.008416	-0.008461	-0.008497
632	-0.00812	-0.008192	-0.008194
633	-0.007723	-0.007819	-0.007803
634	-0.007281	-0.007402	-0.007374
635	-0.00696	-0.007051	-0.007023
636	-0.00672	-0.006744	-0.006724
637	-0.006468	-0.006476	-0.006433
638	-0.006205	-0.006246	-0.00615
639	-0.005945	-0.006003	-0.005893
640	-0.005688	-0.005743	-0.005675
641	-0.005429	-0.005463	-0.005432
642	-0.005165	-0.00514	-0.005134
643	-0.004902	-0.004835	-0.004852
644	-0.004644	-0.004589	-0.004628
645	-0.004399	-0.004355	-0.00441
646	-0.004248	-0.004206	-0.00424
647	-0.004106	-0.004065	-0.004077
648	-0.004204	-0.004143	-0.004113
649	-0.004302	-0.004221	-0.00415
650	-0.004982	-0.004962	-0.004918
651	-0.005699	-0.005743	-0.005731
652	-0.006762	-0.006764	-0.006752
653	-0.007886	-0.007825	-0.00781
654	-0.00861	-0.008592	-0.008582
655	-0.009209	-0.009268	-0.009265
656	-0.009307	-0.009369	-0.009367
657	-0.009164	-0.009192	-0.009187
658	-0.008608	-0.008607	-0.008612
659	-0.007762	-0.007735	-0.007757
660	-0.006657	-0.00664	-0.006664
661	-0.005292	-0.005323	-0.005332
662	-0.004021	-0.004056	-0.004064
663	-0.002882	-0.002858	-0.002886
664	-0.001881	-0.001858	-0.001878
665	-0.001162	-0.001262	-0.001218
666	-0.000539	-0.000708	-0.000631
667	-0.000213	-0.000285	-0.000266
668	0.000112	0.000123	0.00009
669	0.000436	0.000454	0.000399
670	0.000747	0.000766	0.000696
671	0.00093	0.000871	0.000864
672	0.001112	0.000975	0.001031
673	0.001311	0.001213	0.001254
674	0.00151	0.001451	0.001477
675	0.00165	0.001614	0.00163
676	0.001785	0.001771	0.001777
677	0.001967	0.00194	0.001945
678	0.002157	0.002111	0.002116
679	0.002323	0.002302	0.002309
680	0.002481	0.0025	0.002509
681	0.002585	0.002604	0.002632
682	0.002664	0.002666	0.002719
683	0.002826	0.002844	0.002871
684	0.003042	0.003097	0.003067
685	0.003233	0.003278	0.003215
686	0.003402	0.003394	0.003321
687	0.003549	0.003541	0.003452
688	0.003668	0.003724	0.003612
689	0.003789	0.003859	0.003752
690	0.003913	0.003916	0.00386
691	0.004058	0.004019	0.004001
692	0.004248	0.004219	0.004211
693	0.004429	0.004428	0.004416
694	0.00458	0.004665	0.004604
695	0.004729	0.004876	0.004782
696	0.00486	0.004958	0.004913
697	0.005004	0.005056	0.005055
698	0.005268	0.005302	0.005284
699	0.005532	0.005547	0.005516
700	0.005811	0.00579	0.005801
701	0.006091	0.006032	0.006085
702	0.006211	0.00623	0.006233
703	0.006325	0.006426	0.006376
704	0.006537	0.006577	0.006589
705	0.00676	0.006724	0.00681
706	0.006995	0.00696	0.006996
707	0.007234	0.007213	0.007176
708	0.007455	0.00744	0.007422
709	0.007671	0.007659	0.007689
710	0.00789	0.007902	0.007923
711	0.008111	0.008155	0.008144
712	0.008289	0.008291	0.008305
713	0.008445	0.008363	0.008434
714	0.008585	0.00851	0.008556
715	0.008713	0.008712	0.008673
716	0.008856	0.008883	0.008811
717	0.009011	0.009024	0.008966
718	0.009198	0.0092	0.009156
719	0.009421	0.009415	0.009387
720	0.009651	0.00964	0.009625
[LOG]
CHECKSUMÔR