[HEADER]
Format	J&M ASCII Table
Comment	
Date	04/03/2026 18:38:23
Order	Y (evenX)
TechType	UV
NumPoints	411
FirstX	310
LastX	720
XType	nm
YType	Absorbance
ZType	s
NumSubFile	3
Matrix	Z vs X
[LOGIN]
Name=pcbob
[INSTRUMENT]
Name=TIDAS E Base UV/VI
Detector=MMS - ASPEN 97,5 kHz
Diodearray=256 Pixel
Serial#=36584
Calibrated=2011-07-01
Range=183.81-729.88 [nm] (F0)

SWVersion=v3.18.2 (build 0)[LOGIN]
Name=pcbob
[CONFIG]
ChannelName=Channel 1
ChannelType=Normalized
[PARAMETER]
It=400,00
Aver=5
Norm=3
Range=310,0-720,0 nm
Scan=Time
ScanTime=5,00 s
[TRIGGER]
Sweep=0
Scan=0
[DIO]
DigOut=0x0000
DigIn=0x0000
[DATA]
	00:00:00,000	00:00:02,000	00:00:04,000
310	0.269093	0.269027	0.268788
311	0.264821	0.264739	0.264527
312	0.26062	0.260508	0.260333
313	0.25648	0.256365	0.256207
314	0.252423	0.252345	0.252173
315	0.24841	0.248353	0.248166
316	0.244532	0.244452	0.244242
317	0.24066	0.240559	0.240329
318	0.236862	0.236768	0.236555
319	0.233065	0.232978	0.232782
320	0.229273	0.22915	0.228987
321	0.22548	0.225318	0.22519
322	0.221771	0.221612	0.221487
323	0.218096	0.217958	0.217822
324	0.214455	0.214307	0.214171
325	0.210844	0.210659	0.210532
326	0.207279	0.207075	0.206966
327	0.203796	0.203608	0.203529
328	0.200304	0.200144	0.200076
329	0.196773	0.1967	0.196545
330	0.193242	0.193256	0.193014
331	0.18991	0.189829	0.189664
332	0.186578	0.186402	0.186315
333	0.183207	0.183024	0.182936
334	0.179827	0.179655	0.179551
335	0.176538	0.176396	0.17627
336	0.173299	0.173195	0.173046
337	0.17002	0.169929	0.169759
338	0.166696	0.16659	0.1664
339	0.163417	0.163305	0.163091
340	0.160246	0.160148	0.159899
341	0.157089	0.157008	0.156726
342	0.154041	0.153994	0.153688
343	0.150994	0.15098	0.150649
344	0.147972	0.147903	0.147595
345	0.14495	0.144823	0.144541
346	0.141906	0.141731	0.141512
347	0.138855	0.138637	0.13849
348	0.135822	0.135659	0.135499
349	0.132801	0.132758	0.132528
350	0.129869	0.129853	0.129619
351	0.127058	0.126942	0.126792
352	0.124217	0.124031	0.123943
353	0.121284	0.121123	0.121023
354	0.118359	0.118221	0.118109
355	0.115522	0.115385	0.115277
356	0.112686	0.11255	0.112446
357	0.10985	0.109668	0.109554
358	0.107014	0.106781	0.106657
359	0.104246	0.10405	0.103925
360	0.101501	0.101378	0.101254
361	0.098859	0.098755	0.098618
362	0.096297	0.096173	0.09601
363	0.093689	0.093567	0.093391
364	0.091007	0.090925	0.090755
365	0.088368	0.088309	0.088154
366	0.085877	0.085784	0.085675
367	0.083391	0.083266	0.083198
368	0.080988	0.080882	0.080762
369	0.078585	0.078498	0.078325
370	0.076085	0.076045	0.075842
371	0.073571	0.073582	0.073352
372	0.071127	0.071132	0.070931
373	0.068713	0.068687	0.06854
374	0.066346	0.066307	0.066181
375	0.064022	0.063986	0.063852
376	0.061731	0.061672	0.061538
377	0.059497	0.059373	0.059251
378	0.057268	0.057093	0.056973
379	0.055059	0.054893	0.05473
380	0.052848	0.052692	0.052488
381	0.050586	0.050464	0.050322
382	0.048324	0.048235	0.048156
383	0.04625	0.046136	0.046096
384	0.044209	0.044059	0.044054
385	0.042173	0.042041	0.042
386	0.04014	0.040048	0.039942
387	0.038141	0.038046	0.037931
388	0.036176	0.036036	0.035965
389	0.034248	0.034101	0.034032
390	0.032391	0.032306	0.032163
391	0.030521	0.030483	0.030284
392	0.02859	0.028528	0.028359
393	0.02666	0.026574	0.026435
394	0.024808	0.024754	0.02458
395	0.022956	0.022933	0.022726
396	0.021312	0.021304	0.021082
397	0.019706	0.019709	0.019477
398	0.018214	0.018172	0.017985
399	0.016775	0.016661	0.016546
400	0.015187	0.015065	0.014981
401	0.013457	0.013386	0.013296
402	0.011707	0.011666	0.011567
403	0.009917	0.009868	0.009757
404	0.008198	0.008134	0.008019
405	0.006789	0.00669	0.006604
406	0.00538	0.005247	0.005187
407	0.003982	0.003878	0.003671
408	0.002584	0.002509	0.002155
409	0.001028	0.000993	0.00071
410	-0.000554	-0.000548	-0.000724
411	-0.002112	-0.00212	-0.002241
412	-0.00366	-0.003705	-0.003796
413	-0.005169	-0.005251	-0.005318
414	-0.006646	-0.006762	-0.006811
415	-0.008173	-0.008275	-0.008326
416	-0.00979	-0.009794	-0.009882
417	-0.011403	-0.011334	-0.011451
418	-0.013001	-0.012958	-0.013074
419	-0.014585	-0.014569	-0.014684
420	-0.015799	-0.015828	-0.015972
421	-0.017013	-0.017087	-0.01726
422	-0.018377	-0.018449	-0.018607
423	-0.019763	-0.019826	-0.019963
424	-0.021047	-0.021107	-0.021235
425	-0.022291	-0.02235	-0.022475
426	-0.02341	-0.023497	-0.023619
427	-0.024427	-0.024564	-0.024686
428	-0.02537	-0.025509	-0.025642
429	-0.026197	-0.026263	-0.026427
430	-0.027002	-0.027032	-0.027216
431	-0.027735	-0.027847	-0.028013
432	-0.028486	-0.028672	-0.028817
433	-0.029463	-0.029602	-0.029697
434	-0.030441	-0.030532	-0.030576
435	-0.031372	-0.031445	-0.031554
436	-0.0323	-0.032356	-0.032541
437	-0.03322	-0.033266	-0.033472
438	-0.034137	-0.034176	-0.034384
439	-0.034935	-0.035018	-0.035205
440	-0.035652	-0.035815	-0.035964
441	-0.036428	-0.036604	-0.036712
442	-0.037278	-0.037383	-0.037445
443	-0.038035	-0.038101	-0.038147
444	-0.038552	-0.038664	-0.038771
445	-0.03908	-0.039225	-0.039385
446	-0.039681	-0.039766	-0.039933
447	-0.040282	-0.040307	-0.040481
448	-0.040822	-0.040907	-0.041063
449	-0.04136	-0.041509	-0.041646
450	-0.04187	-0.04198	-0.042122
451	-0.042375	-0.04242	-0.042573
452	-0.042808	-0.042877	-0.043
453	-0.043205	-0.043344	-0.043415
454	-0.043663	-0.043814	-0.043875
455	-0.044183	-0.044288	-0.044379
456	-0.04466	-0.044732	-0.044838
457	-0.045057	-0.045118	-0.045213
458	-0.045446	-0.045494	-0.045586
459	-0.045801	-0.045828	-0.04595
460	-0.046154	-0.046163	-0.046313
461	-0.046459	-0.04651	-0.046669
462	-0.046764	-0.046857	-0.047025
463	-0.047152	-0.047212	-0.047378
464	-0.047552	-0.047567	-0.04773
465	-0.047773	-0.047822	-0.047982
466	-0.047929	-0.04804	-0.048198
467	-0.048081	-0.048223	-0.048347
468	-0.048228	-0.048379	-0.048448
469	-0.048345	-0.04848	-0.04854
470	-0.048422	-0.048506	-0.048619
471	-0.048497	-0.048544	-0.048702
472	-0.048568	-0.048611	-0.048798
473	-0.048655	-0.048702	-0.048904
474	-0.048845	-0.048944	-0.049076
475	-0.049035	-0.049185	-0.049249
476	-0.049195	-0.049379	-0.049421
477	-0.049353	-0.049571	-0.049593
478	-0.049529	-0.049688	-0.049739
479	-0.049707	-0.04979	-0.04988
480	-0.049901	-0.04997	-0.050072
481	-0.050102	-0.050187	-0.050288
482	-0.050404	-0.050483	-0.050587
483	-0.050793	-0.050848	-0.050958
484	-0.051163	-0.051214	-0.051334
485	-0.051503	-0.05158	-0.051719
486	-0.05174	-0.05184	-0.051982
487	-0.051655	-0.05177	-0.05186
488	-0.051533	-0.051663	-0.051704
489	-0.051058	-0.051209	-0.051224
490	-0.050582	-0.050755	-0.050743
491	-0.05032	-0.050429	-0.050488
492	-0.050069	-0.050109	-0.050244
493	-0.049886	-0.049954	-0.050116
494	-0.049721	-0.049839	-0.050015
495	-0.049516	-0.04963	-0.049779
496	-0.049292	-0.049374	-0.049473
497	-0.049117	-0.049181	-0.049281
498	-0.048989	-0.049048	-0.049195
499	-0.0489	-0.048956	-0.049125
500	-0.04888	-0.048933	-0.049081
501	-0.048831	-0.048883	-0.04901
502	-0.048681	-0.04874	-0.048849
503	-0.048531	-0.04859	-0.048687
504	-0.04837	-0.048366	-0.048509
505	-0.048209	-0.048142	-0.04833
506	-0.047993	-0.047973	-0.048166
507	-0.047775	-0.047806	-0.048004
508	-0.047613	-0.047665	-0.047842
509	-0.047466	-0.047531	-0.047681
510	-0.047294	-0.047355	-0.047535
511	-0.04711	-0.047157	-0.047397
512	-0.04694	-0.047006	-0.047245
513	-0.046781	-0.046896	-0.047081
514	-0.046623	-0.046761	-0.046906
515	-0.046464	-0.046587	-0.046711
516	-0.046292	-0.046395	-0.046506
517	-0.046076	-0.046146	-0.04627
518	-0.04586	-0.045898	-0.046038
519	-0.045633	-0.045652	-0.045842
520	-0.045406	-0.045406	-0.045647
521	-0.045176	-0.045221	-0.045396
522	-0.044947	-0.045038	-0.045144
523	-0.044746	-0.044865	-0.044973
524	-0.04455	-0.044695	-0.044819
525	-0.044341	-0.044481	-0.044601
526	-0.044126	-0.044249	-0.044354
527	-0.043951	-0.044065	-0.044179
528	-0.043805	-0.043917	-0.04406
529	-0.043611	-0.04372	-0.043868
530	-0.043349	-0.043456	-0.043579
531	-0.043136	-0.043239	-0.04334
532	-0.043037	-0.043136	-0.043224
533	-0.042925	-0.043017	-0.043106
534	-0.042735	-0.042813	-0.042973
535	-0.042547	-0.04261	-0.042837
536	-0.042376	-0.042429	-0.042573
537	-0.042204	-0.042247	-0.04231
538	-0.04199	-0.04208	-0.04212
539	-0.04177	-0.041914	-0.041938
540	-0.041523	-0.04164	-0.041762
541	-0.041267	-0.041334	-0.041587
542	-0.041013	-0.04106	-0.041352
543	-0.040762	-0.040807	-0.041081
544	-0.040505	-0.040554	-0.040816
545	-0.040243	-0.040302	-0.040555
546	-0.039979	-0.040059	-0.040297
547	-0.039715	-0.03983	-0.040047
548	-0.039452	-0.039589	-0.039785
549	-0.039197	-0.039307	-0.03949
550	-0.038943	-0.039031	-0.039201
551	-0.038697	-0.038791	-0.038958
552	-0.03845	-0.038551	-0.038715
553	-0.038246	-0.038311	-0.038521
554	-0.038043	-0.03807	-0.038328
555	-0.037858	-0.037899	-0.038129
556	-0.037677	-0.037739	-0.03793
557	-0.037424	-0.037486	-0.037652
558	-0.037146	-0.037199	-0.037344
559	-0.036876	-0.036946	-0.037089
560	-0.036611	-0.036715	-0.036867
561	-0.036416	-0.036528	-0.036674
562	-0.036294	-0.036387	-0.036512
563	-0.036147	-0.036227	-0.036333
564	-0.035957	-0.036033	-0.036123
565	-0.035822	-0.035898	-0.035972
566	-0.035865	-0.035956	-0.036014
567	-0.035917	-0.036019	-0.036068
568	-0.036045	-0.036121	-0.036218
569	-0.036173	-0.036222	-0.036369
570	-0.036229	-0.036279	-0.036421
571	-0.036285	-0.036336	-0.036473
572	-0.036366	-0.036412	-0.036551
573	-0.036451	-0.03649	-0.036633
574	-0.036435	-0.036468	-0.0366
575	-0.036385	-0.036411	-0.036529
576	-0.03633	-0.036351	-0.036472
577	-0.036271	-0.036288	-0.036423
578	-0.036192	-0.036228	-0.036344
579	-0.036095	-0.036169	-0.036236
580	-0.035959	-0.036051	-0.036098
581	-0.03576	-0.035842	-0.035914
582	-0.035502	-0.035564	-0.035658
583	-0.035089	-0.035109	-0.035211
584	-0.034676	-0.034667	-0.034775
585	-0.034267	-0.0343	-0.034398
586	-0.033854	-0.033926	-0.034014
587	-0.033353	-0.033402	-0.033498
588	-0.032852	-0.032879	-0.032981
589	-0.032431	-0.032469	-0.032585
590	-0.032017	-0.032068	-0.032197
591	-0.031639	-0.031673	-0.031806
592	-0.031269	-0.031281	-0.031414
593	-0.030968	-0.030983	-0.031113
594	-0.030697	-0.030726	-0.030851
595	-0.03038	-0.030416	-0.030539
596	-0.03003	-0.03007	-0.030192
597	-0.029708	-0.029743	-0.029864
598	-0.029415	-0.029435	-0.029558
599	-0.029108	-0.02912	-0.029258
600	-0.028777	-0.028793	-0.028966
601	-0.028465	-0.028485	-0.028673
602	-0.028211	-0.028229	-0.028378
603	-0.027941	-0.027962	-0.028078
604	-0.027578	-0.027634	-0.027745
605	-0.027211	-0.027302	-0.027409
606	-0.026777	-0.02687	-0.026974
607	-0.026344	-0.026438	-0.02654
608	-0.025966	-0.026031	-0.02614
609	-0.025594	-0.025627	-0.025742
610	-0.025257	-0.025286	-0.025407
611	-0.024928	-0.024959	-0.025085
612	-0.024663	-0.024688	-0.024817
613	-0.024423	-0.024438	-0.024569
614	-0.024075	-0.024106	-0.024209
615	-0.023657	-0.023721	-0.023777
616	-0.023262	-0.023333	-0.023391
617	-0.022888	-0.022943	-0.02305
618	-0.022528	-0.022571	-0.022706
619	-0.022189	-0.022226	-0.022359
620	-0.021874	-0.021901	-0.022032
621	-0.021616	-0.021624	-0.021754
622	-0.021328	-0.021327	-0.021453
623	-0.020918	-0.020949	-0.021063
624	-0.020513	-0.020574	-0.020678
625	-0.020155	-0.020241	-0.02034
626	-0.019797	-0.019908	-0.020001
627	-0.019475	-0.019577	-0.019679
628	-0.019153	-0.019246	-0.019356
629	-0.018842	-0.018913	-0.019023
630	-0.018532	-0.018579	-0.018689
631	-0.018207	-0.018274	-0.018401
632	-0.017878	-0.017977	-0.018126
633	-0.01753	-0.017613	-0.017788
634	-0.017174	-0.017221	-0.017424
635	-0.016846	-0.016886	-0.017082
636	-0.016536	-0.01659	-0.016755
637	-0.016273	-0.016359	-0.01648
638	-0.016057	-0.016193	-0.016256
639	-0.015834	-0.015976	-0.016035
640	-0.015599	-0.015684	-0.015815
641	-0.015382	-0.015415	-0.015585
642	-0.015206	-0.015197	-0.015329
643	-0.014993	-0.014966	-0.01507
644	-0.014647	-0.01469	-0.014799
645	-0.014316	-0.014416	-0.014529
646	-0.014089	-0.014153	-0.014264
647	-0.013871	-0.0139	-0.01401
648	-0.013925	-0.013926	-0.014043
649	-0.013979	-0.013951	-0.014077
650	-0.014618	-0.014585	-0.014711
651	-0.015294	-0.015256	-0.015382
652	-0.016194	-0.016171	-0.016291
653	-0.017133	-0.017128	-0.017242
654	-0.017807	-0.017818	-0.017909
655	-0.018399	-0.018424	-0.018488
656	-0.01846	-0.018502	-0.018562
657	-0.018263	-0.018326	-0.018392
658	-0.017656	-0.017721	-0.017804
659	-0.01676	-0.016816	-0.016923
660	-0.01566	-0.01571	-0.015857
661	-0.014355	-0.014406	-0.014605
662	-0.013135	-0.013192	-0.013396
663	-0.012034	-0.012107	-0.01225
664	-0.0111	-0.011185	-0.011288
665	-0.010505	-0.010596	-0.010702
666	-0.009974	-0.010071	-0.01018
667	-0.009639	-0.009744	-0.009855
668	-0.009325	-0.009435	-0.009545
669	-0.009113	-0.009215	-0.009316
670	-0.008902	-0.008994	-0.009089
671	-0.0087	-0.008774	-0.008893
672	-0.008499	-0.008553	-0.008697
673	-0.008248	-0.008253	-0.008447
674	-0.007998	-0.007952	-0.008197
675	-0.007776	-0.007802	-0.007983
676	-0.007557	-0.007664	-0.007771
677	-0.007416	-0.007539	-0.007636
678	-0.00729	-0.007415	-0.007516
679	-0.007123	-0.007207	-0.007345
680	-0.006944	-0.006972	-0.007159
681	-0.006771	-0.006781	-0.006976
682	-0.006601	-0.006611	-0.006794
683	-0.006425	-0.006421	-0.006588
684	-0.006245	-0.00622	-0.006367
685	-0.006056	-0.006045	-0.006183
686	-0.005858	-0.005894	-0.006033
687	-0.005678	-0.005754	-0.005881
688	-0.005519	-0.005624	-0.005727
689	-0.005363	-0.005467	-0.00557
690	-0.005213	-0.005265	-0.005408
691	-0.005042	-0.005069	-0.005222
692	-0.004823	-0.004888	-0.004984
693	-0.004593	-0.004696	-0.004757
694	-0.004329	-0.004471	-0.004567
695	-0.00409	-0.004259	-0.004393
696	-0.003968	-0.004112	-0.004297
697	-0.003839	-0.003958	-0.004183
698	-0.003645	-0.003744	-0.003903
699	-0.003451	-0.00353	-0.003626
700	-0.00322	-0.003281	-0.003424
701	-0.002989	-0.003033	-0.003222
702	-0.002851	-0.002926	-0.003045
703	-0.002716	-0.002825	-0.002869
704	-0.002498	-0.002591	-0.002645
705	-0.00227	-0.002343	-0.002415
706	-0.002126	-0.002207	-0.002249
707	-0.001999	-0.002093	-0.002097
708	-0.001814	-0.00192	-0.001933
709	-0.00161	-0.00173	-0.001766
710	-0.001391	-0.001471	-0.001561
711	-0.001166	-0.001183	-0.001339
712	-0.000954	-0.000991	-0.001165
713	-0.000748	-0.000851	-0.001018
714	-0.000575	-0.0007	-0.000847
715	-0.000425	-0.000541	-0.000659
716	-0.000253	-0.000341	-0.00043
717	-0.00006	-0.000105	-0.000162
718	0.000145	0.000131	0.000055
719	0.000363	0.000369	0.000212
720	0.000584	0.000587	0.00039
[LOG]
CHECKSUMW