[HEADER]
Format	J&M ASCII Table
Comment	
Date	04/03/2026 19:05:17
Order	Y (evenX)
TechType	UV
NumPoints	411
FirstX	310
LastX	720
XType	nm
YType	Absorbance
ZType	s
NumSubFile	3
Matrix	Z vs X
[LOGIN]
Name=pcbob
[INSTRUMENT]
Name=TIDAS E Base UV/VI
Detector=MMS - ASPEN 97,5 kHz
Diodearray=256 Pixel
Serial#=36584
Calibrated=2011-07-01
Range=183.81-729.88 [nm] (F0)

SWVersion=v3.18.2 (build 0)[LOGIN]
Name=pcbob
[CONFIG]
ChannelName=Channel 1
ChannelType=Normalized
[PARAMETER]
It=400,00
Aver=5
Norm=3
Range=310,0-720,0 nm
Scan=Time
ScanTime=5,00 s
[TRIGGER]
Sweep=0
Scan=0
[DIO]
DigOut=0x0000
DigIn=0x0000
[DATA]
	00:00:00,000	00:00:02,000	00:00:04,000
310	0.253555	0.253342	0.253109
311	0.249355	0.24913	0.248906
312	0.245247	0.245002	0.244761
313	0.241166	0.240911	0.240668
314	0.237125	0.236871	0.23665
315	0.23314	0.232883	0.232675
316	0.229332	0.229062	0.228836
317	0.225526	0.225244	0.225004
318	0.22175	0.221468	0.221265
319	0.217974	0.217691	0.217527
320	0.214318	0.214029	0.213831
321	0.210676	0.210381	0.210142
322	0.207088	0.206782	0.206541
323	0.203522	0.203202	0.202977
324	0.199975	0.199672	0.199434
325	0.196445	0.196187	0.19591
326	0.192969	0.192737	0.192444
327	0.189592	0.189352	0.189084
328	0.186221	0.185969	0.185726
329	0.182884	0.182601	0.182373
330	0.179548	0.179232	0.17902
331	0.176161	0.17588	0.175662
332	0.172774	0.172528	0.172304
333	0.169518	0.169279	0.169045
334	0.166291	0.166052	0.165806
335	0.163155	0.162905	0.162671
336	0.160069	0.159802	0.159591
337	0.156943	0.156684	0.156474
338	0.153774	0.153548	0.153315
339	0.150644	0.150425	0.15018
340	0.147605	0.147336	0.147102
341	0.144568	0.144255	0.144032
342	0.141548	0.141237	0.141016
343	0.138529	0.138219	0.138
344	0.135657	0.135354	0.135111
345	0.132793	0.132498	0.132229
346	0.12989	0.129624	0.129368
347	0.126976	0.126745	0.126513
348	0.12409	0.123863	0.123642
349	0.121224	0.120978	0.120759
350	0.118387	0.118116	0.117904
351	0.11559	0.115286	0.115089
352	0.112769	0.11247	0.112261
353	0.109877	0.109694	0.109394
354	0.106998	0.106917	0.106539
355	0.104256	0.104123	0.103823
356	0.101513	0.101329	0.101107
357	0.098852	0.098603	0.098385
358	0.0962	0.095884	0.095662
359	0.093591	0.093311	0.09308
360	0.090998	0.090791	0.09055
361	0.088463	0.088281	0.088038
362	0.085972	0.085777	0.085541
363	0.083438	0.083225	0.083003
364	0.080836	0.080595	0.080401
365	0.078278	0.078022	0.077846
366	0.075881	0.07565	0.075457
367	0.073485	0.073278	0.073071
368	0.071086	0.070911	0.07074
369	0.068687	0.068544	0.06841
370	0.066353	0.066186	0.06604
371	0.064029	0.063831	0.063665
372	0.061708	0.061517	0.061347
373	0.059389	0.05922	0.059055
374	0.05706	0.056885	0.056743
375	0.054721	0.054517	0.054414
376	0.052412	0.05219	0.052108
377	0.050154	0.049935	0.049843
378	0.047927	0.047714	0.047609
379	0.045831	0.045629	0.045499
380	0.043735	0.043543	0.04339
381	0.041628	0.041424	0.041288
382	0.039522	0.039305	0.039186
383	0.037526	0.037287	0.037176
384	0.035549	0.035286	0.035181
385	0.033538	0.03331	0.033187
386	0.03151	0.031345	0.031193
387	0.029537	0.029407	0.029246
388	0.027614	0.027493	0.027342
389	0.025763	0.025626	0.025483
390	0.024047	0.023845	0.023706
391	0.022301	0.022054	0.021931
392	0.020425	0.020216	0.020164
393	0.018549	0.018379	0.018395
394	0.016742	0.016557	0.016558
395	0.014936	0.014735	0.01472
396	0.013374	0.013167	0.013163
397	0.011857	0.011645	0.011658
398	0.010412	0.010239	0.010192
399	0.009001	0.008887	0.008745
400	0.007465	0.007356	0.007208
401	0.00581	0.005654	0.005584
402	0.004131	0.003947	0.003943
403	0.00241	0.002231	0.002267
404	0.00075	0.000584	0.00064
405	-0.000636	-0.000757	-0.000767
406	-0.002021	-0.002097	-0.002172
407	-0.003339	-0.003412	-0.003491
408	-0.004656	-0.004727	-0.004809
409	-0.006058	-0.006161	-0.006208
410	-0.007473	-0.007615	-0.007621
411	-0.008956	-0.00914	-0.009132
412	-0.010468	-0.010698	-0.010686
413	-0.011947	-0.012166	-0.012149
414	-0.013397	-0.013553	-0.013528
415	-0.014866	-0.014985	-0.014961
416	-0.016369	-0.016493	-0.016489
417	-0.017885	-0.018011	-0.018023
418	-0.019454	-0.01957	-0.019582
419	-0.021008	-0.021115	-0.021125
420	-0.02218	-0.022308	-0.022272
421	-0.023353	-0.023502	-0.023418
422	-0.024668	-0.024791	-0.024705
423	-0.026003	-0.026094	-0.026012
424	-0.027253	-0.027304	-0.027248
425	-0.028469	-0.028478	-0.028457
426	-0.029548	-0.029537	-0.029532
427	-0.030515	-0.030505	-0.030499
428	-0.031371	-0.031391	-0.031364
429	-0.032054	-0.032154	-0.032071
430	-0.032767	-0.032929	-0.032798
431	-0.033577	-0.033741	-0.033589
432	-0.034394	-0.034557	-0.03439
433	-0.035298	-0.035406	-0.035302
434	-0.036201	-0.036254	-0.036215
435	-0.037036	-0.037153	-0.037045
436	-0.037865	-0.038057	-0.037866
437	-0.038691	-0.03889	-0.038683
438	-0.039516	-0.039701	-0.039498
439	-0.040282	-0.040435	-0.040274
440	-0.041008	-0.041117	-0.041024
441	-0.04174	-0.041809	-0.041741
442	-0.04248	-0.042514	-0.042417
443	-0.043152	-0.043155	-0.043053
444	-0.043653	-0.043637	-0.043587
445	-0.04416	-0.044132	-0.04412
446	-0.044721	-0.044722	-0.044645
447	-0.045282	-0.045312	-0.04517
448	-0.045825	-0.045842	-0.0457
449	-0.046368	-0.04637	-0.04623
450	-0.046806	-0.04682	-0.046662
451	-0.047219	-0.047252	-0.04707
452	-0.047577	-0.04762	-0.047439
453	-0.047906	-0.047956	-0.047788
454	-0.048325	-0.048366	-0.048211
455	-0.048834	-0.04885	-0.048705
456	-0.049272	-0.049271	-0.049142
457	-0.049576	-0.049571	-0.049471
458	-0.049886	-0.049878	-0.049803
459	-0.050224	-0.050211	-0.050147
460	-0.05056	-0.050542	-0.050487
461	-0.050857	-0.050849	-0.050723
462	-0.051153	-0.051155	-0.050958
463	-0.051436	-0.05146	-0.051247
464	-0.051717	-0.051763	-0.051541
465	-0.051928	-0.051966	-0.051776
466	-0.052114	-0.052133	-0.05199
467	-0.052264	-0.052265	-0.05212
468	-0.05239	-0.052372	-0.052189
469	-0.052473	-0.052459	-0.052254
470	-0.052498	-0.05252	-0.052312
471	-0.052541	-0.052591	-0.052376
472	-0.052628	-0.052691	-0.052453
473	-0.05272	-0.052788	-0.052537
474	-0.052846	-0.052865	-0.052664
475	-0.052972	-0.052942	-0.052791
476	-0.053095	-0.053088	-0.052906
477	-0.053218	-0.053236	-0.05302
478	-0.053276	-0.053314	-0.053131
479	-0.05332	-0.053377	-0.053242
480	-0.053464	-0.05348	-0.053355
481	-0.053652	-0.053601	-0.05347
482	-0.053881	-0.053841	-0.053692
483	-0.054143	-0.054183	-0.054007
484	-0.054435	-0.05453	-0.054322
485	-0.054771	-0.054887	-0.054638
486	-0.054994	-0.055105	-0.054847
487	-0.05486	-0.054887	-0.054719
488	-0.054699	-0.054653	-0.054564
489	-0.054285	-0.054255	-0.054144
490	-0.05387	-0.053856	-0.053724
491	-0.053536	-0.053569	-0.053386
492	-0.053206	-0.053287	-0.053053
493	-0.053075	-0.053151	-0.05291
494	-0.052993	-0.053051	-0.052813
495	-0.052763	-0.052814	-0.052578
496	-0.052457	-0.052508	-0.05227
497	-0.052217	-0.052277	-0.052028
498	-0.052041	-0.052116	-0.051845
499	-0.051904	-0.051961	-0.051698
500	-0.051833	-0.051816	-0.05161
501	-0.051746	-0.051671	-0.051502
502	-0.05161	-0.051528	-0.051327
503	-0.051464	-0.051384	-0.05115
504	-0.051214	-0.051223	-0.050959
505	-0.050965	-0.051061	-0.050768
506	-0.050722	-0.050828	-0.050529
507	-0.05048	-0.05059	-0.050288
508	-0.050387	-0.050428	-0.05014
509	-0.050329	-0.050285	-0.050015
510	-0.050175	-0.050118	-0.049855
511	-0.049972	-0.049938	-0.049676
512	-0.049768	-0.049747	-0.049472
513	-0.049564	-0.049545	-0.049243
514	-0.049375	-0.049352	-0.049046
515	-0.04921	-0.049174	-0.048898
516	-0.049018	-0.048985	-0.048724
517	-0.048743	-0.04876	-0.04847
518	-0.048467	-0.048527	-0.048217
519	-0.048187	-0.048228	-0.047972
520	-0.047907	-0.047929	-0.047727
521	-0.047671	-0.047712	-0.047509
522	-0.047437	-0.047497	-0.047292
523	-0.047184	-0.047248	-0.046986
524	-0.046927	-0.046993	-0.046662
525	-0.046716	-0.046762	-0.046416
526	-0.046525	-0.046542	-0.046202
527	-0.046312	-0.04633	-0.045982
528	-0.046082	-0.046125	-0.045755
529	-0.045838	-0.045901	-0.045538
530	-0.045575	-0.045652	-0.045333
531	-0.045352	-0.045435	-0.045145
532	-0.045228	-0.045296	-0.044999
533	-0.0451	-0.045155	-0.044852
534	-0.044951	-0.044999	-0.044707
535	-0.0448	-0.044843	-0.044559
536	-0.044609	-0.044653	-0.04435
537	-0.044417	-0.044463	-0.044141
538	-0.044206	-0.044219	-0.043928
539	-0.043992	-0.043968	-0.043714
540	-0.043672	-0.043673	-0.0434
541	-0.043319	-0.043363	-0.043055
542	-0.04303	-0.043092	-0.042763
543	-0.042779	-0.042845	-0.042503
544	-0.042499	-0.042565	-0.042231
545	-0.042189	-0.042253	-0.041947
546	-0.041895	-0.041948	-0.041679
547	-0.041629	-0.041656	-0.041438
548	-0.041352	-0.041357	-0.041162
549	-0.04104	-0.041032	-0.040774
550	-0.040732	-0.040717	-0.040403
551	-0.040457	-0.040468	-0.040153
552	-0.040182	-0.040219	-0.039903
553	-0.039975	-0.04	-0.039695
554	-0.039768	-0.039781	-0.039487
555	-0.039571	-0.039566	-0.039297
556	-0.039375	-0.039351	-0.03911
557	-0.039105	-0.039078	-0.038852
558	-0.038809	-0.038784	-0.038568
559	-0.038566	-0.038557	-0.038325
560	-0.038356	-0.038374	-0.038108
561	-0.03818	-0.038199	-0.037918
562	-0.038038	-0.038033	-0.037757
563	-0.037865	-0.037843	-0.037568
564	-0.037635	-0.037609	-0.037329
565	-0.037458	-0.037436	-0.037158
566	-0.037449	-0.037462	-0.037202
567	-0.037447	-0.037488	-0.037244
568	-0.03749	-0.037513	-0.037268
569	-0.037532	-0.037538	-0.037292
570	-0.037532	-0.037539	-0.037304
571	-0.037532	-0.03754	-0.037316
572	-0.037516	-0.03752	-0.037318
573	-0.037497	-0.037498	-0.037319
574	-0.037422	-0.037454	-0.037269
575	-0.037329	-0.037403	-0.037202
576	-0.03726	-0.037331	-0.037114
577	-0.037206	-0.037246	-0.037013
578	-0.037125	-0.037128	-0.03691
579	-0.037018	-0.036978	-0.036803
580	-0.036874	-0.036819	-0.036669
581	-0.036675	-0.036645	-0.036491
582	-0.03642	-0.036399	-0.036247
583	-0.036018	-0.035964	-0.035834
584	-0.035624	-0.035547	-0.035431
585	-0.035272	-0.035226	-0.035086
586	-0.034913	-0.034898	-0.034735
587	-0.03441	-0.034401	-0.034244
588	-0.033906	-0.033904	-0.033752
589	-0.033518	-0.033515	-0.033338
590	-0.033138	-0.033135	-0.03293
591	-0.032733	-0.032757	-0.032544
592	-0.032324	-0.03238	-0.032163
593	-0.03203	-0.032062	-0.031856
594	-0.031785	-0.031771	-0.031581
595	-0.031475	-0.031432	-0.031243
596	-0.03112	-0.031059	-0.030859
597	-0.030763	-0.030704	-0.030506
598	-0.030406	-0.030367	-0.030185
599	-0.030062	-0.030027	-0.029866
600	-0.029743	-0.029679	-0.029549
601	-0.029432	-0.029354	-0.029233
602	-0.029144	-0.029096	-0.028921
603	-0.028842	-0.028825	-0.028603
604	-0.028459	-0.028484	-0.028253
605	-0.028075	-0.028139	-0.027901
606	-0.027664	-0.027693	-0.027474
607	-0.027252	-0.027246	-0.027047
608	-0.026862	-0.026844	-0.026632
609	-0.026473	-0.026444	-0.026218
610	-0.026159	-0.026151	-0.025918
611	-0.025862	-0.02588	-0.025643
612	-0.025614	-0.025622	-0.025412
613	-0.025386	-0.025369	-0.025198
614	-0.025072	-0.025063	-0.024876
615	-0.024703	-0.024722	-0.024485
616	-0.024354	-0.024378	-0.024116
617	-0.024023	-0.024031	-0.023768
618	-0.023689	-0.02368	-0.023427
619	-0.023347	-0.023324	-0.023098
620	-0.023024	-0.022997	-0.022795
621	-0.022744	-0.02274	-0.022553
622	-0.022452	-0.022466	-0.022283
623	-0.022107	-0.022124	-0.021899
624	-0.021769	-0.021783	-0.021524
625	-0.0215	-0.02145	-0.021242
626	-0.021231	-0.021117	-0.02096
627	-0.020876	-0.020809	-0.020606
628	-0.02052	-0.0205	-0.020251
629	-0.020162	-0.020155	-0.019924
630	-0.019803	-0.019805	-0.019599
631	-0.019477	-0.019463	-0.019271
632	-0.01916	-0.019124	-0.018942
633	-0.01876	-0.018744	-0.018551
634	-0.018323	-0.018347	-0.018133
635	-0.017969	-0.01802	-0.017764
636	-0.017669	-0.01774	-0.017428
637	-0.017403	-0.017459	-0.017153
638	-0.01717	-0.017176	-0.016937
639	-0.016939	-0.016908	-0.016703
640	-0.01671	-0.016663	-0.016442
641	-0.016482	-0.016442	-0.016201
642	-0.016256	-0.016277	-0.016003
643	-0.016012	-0.016077	-0.015788
644	-0.015706	-0.015755	-0.015513
645	-0.015416	-0.015445	-0.015244
646	-0.015238	-0.015221	-0.015014
647	-0.015066	-0.015005	-0.014792
648	-0.015069	-0.014998	-0.014803
649	-0.015072	-0.014992	-0.014814
650	-0.015632	-0.015581	-0.015388
651	-0.016226	-0.016206	-0.015997
652	-0.017032	-0.01701	-0.016819
653	-0.017875	-0.017844	-0.017678
654	-0.018446	-0.018425	-0.018267
655	-0.018934	-0.018926	-0.018771
656	-0.018988	-0.018977	-0.018838
657	-0.018834	-0.018809	-0.018693
658	-0.018297	-0.018274	-0.018147
659	-0.01749	-0.017481	-0.017318
660	-0.016479	-0.016493	-0.016297
661	-0.015262	-0.015311	-0.015084
662	-0.014135	-0.014188	-0.013939
663	-0.013136	-0.013146	-0.012888
664	-0.012292	-0.012267	-0.012005
665	-0.011766	-0.011717	-0.011462
666	-0.011283	-0.011208	-0.010973
667	-0.010933	-0.010825	-0.010649
668	-0.010592	-0.010467	-0.010333
669	-0.010298	-0.010238	-0.010054
670	-0.010015	-0.010013	-0.009783
671	-0.009862	-0.009832	-0.009606
672	-0.00971	-0.009651	-0.009428
673	-0.00937	-0.009383	-0.009143
674	-0.009031	-0.009114	-0.008857
675	-0.008836	-0.008899	-0.008635
676	-0.008654	-0.008688	-0.008419
677	-0.008525	-0.008519	-0.008284
678	-0.008407	-0.008357	-0.008166
679	-0.008239	-0.008197	-0.007987
680	-0.008055	-0.008037	-0.00779
681	-0.007901	-0.007891	-0.00765
682	-0.007763	-0.007752	-0.007535
683	-0.007581	-0.00758	-0.007349
684	-0.007372	-0.007385	-0.007117
685	-0.007221	-0.007211	-0.006944
686	-0.007122	-0.007056	-0.006822
687	-0.006988	-0.006919	-0.006681
688	-0.006812	-0.006805	-0.006517
689	-0.006643	-0.006678	-0.006375
690	-0.006484	-0.006529	-0.006267
691	-0.006319	-0.006364	-0.00612
692	-0.00614	-0.006163	-0.005883
693	-0.005945	-0.005957	-0.005649
694	-0.005698	-0.005735	-0.005424
695	-0.005476	-0.005527	-0.005218
696	-0.005378	-0.005388	-0.005109
697	-0.005266	-0.005237	-0.00499
698	-0.005032	-0.004977	-0.004783
699	-0.004798	-0.00472	-0.004575
700	-0.004578	-0.004536	-0.004314
701	-0.004358	-0.004352	-0.004052
702	-0.004235	-0.004187	-0.003934
703	-0.004115	-0.004024	-0.003822
704	-0.003856	-0.003781	-0.003582
705	-0.003581	-0.003529	-0.003327
706	-0.003397	-0.003371	-0.003124
707	-0.003231	-0.00323	-0.002932
708	-0.002992	-0.002997	-0.002726
709	-0.002731	-0.002736	-0.002517
710	-0.00253	-0.002488	-0.002303
711	-0.002355	-0.002245	-0.002088
712	-0.002189	-0.002072	-0.001909
713	-0.002028	-0.00194	-0.001749
714	-0.001832	-0.001784	-0.001547
715	-0.001612	-0.001611	-0.001315
716	-0.001404	-0.001413	-0.001096
717	-0.001207	-0.001192	-0.000889
718	-0.000993	-0.000958	-0.000665
719	-0.000758	-0.00071	-0.000423
720	-0.000522	-0.000477	-0.000203
[LOG]
CHECKSUMË*