[HEADER]
Format	J&M ASCII Table
Comment	
Date	04/03/2026 19:14:53
Order	Y (evenX)
TechType	UV
NumPoints	411
FirstX	310
LastX	720
XType	nm
YType	Absorbance
ZType	s
NumSubFile	3
Matrix	Z vs X
[LOGIN]
Name=pcbob
[INSTRUMENT]
Name=TIDAS E Base UV/VI
Detector=MMS - ASPEN 97,5 kHz
Diodearray=256 Pixel
Serial#=36584
Calibrated=2011-07-01
Range=183.81-729.88 [nm] (F0)

SWVersion=v3.18.2 (build 0)[LOGIN]
Name=pcbob
[CONFIG]
ChannelName=Channel 1
ChannelType=Normalized
[PARAMETER]
It=400,00
Aver=5
Norm=3
Range=310,0-720,0 nm
Scan=Time
ScanTime=5,00 s
[TRIGGER]
Sweep=0
Scan=0
[DIO]
DigOut=0x0000
DigIn=0x0000
[DATA]
	00:00:00,000	00:00:02,000	00:00:04,000
310	0.238903	0.238602	0.238314
311	0.234838	0.234554	0.234251
312	0.230819	0.230535	0.230211
313	0.226919	0.226634	0.226298
314	0.223183	0.222898	0.222562
315	0.219464	0.219179	0.218851
316	0.215797	0.21551	0.215218
317	0.21214	0.21185	0.211593
318	0.208635	0.208337	0.208084
319	0.20513	0.204824	0.204575
320	0.201667	0.201365	0.201096
321	0.198208	0.197914	0.197621
322	0.194747	0.194488	0.19417
323	0.191284	0.191073	0.19073
324	0.187955	0.187738	0.187408
325	0.184746	0.184474	0.184192
326	0.181542	0.181245	0.180986
327	0.178351	0.17808	0.177798
328	0.175173	0.174924	0.174632
329	0.172058	0.171806	0.17157
330	0.168943	0.168688	0.168508
331	0.165846	0.165536	0.165335
332	0.162749	0.162384	0.162163
333	0.159784	0.159423	0.159227
334	0.156848	0.156504	0.156342
335	0.153908	0.1536	0.153411
336	0.150966	0.150704	0.150456
337	0.148028	0.147768	0.147487
338	0.145094	0.144789	0.144503
339	0.1422	0.141873	0.141587
340	0.139397	0.139109	0.138827
341	0.136595	0.136338	0.136066
342	0.13379	0.133515	0.133286
343	0.130985	0.130693	0.130506
344	0.128336	0.128008	0.127809
345	0.125696	0.12533	0.125118
346	0.123008	0.122669	0.122442
347	0.120307	0.120014	0.11977
348	0.11761	0.117363	0.117119
349	0.114914	0.114716	0.114482
350	0.112276	0.112076	0.111857
351	0.109717	0.109446	0.109247
352	0.107145	0.106822	0.106628
353	0.104534	0.104215	0.103981
354	0.101929	0.101615	0.101342
355	0.099386	0.099099	0.098811
356	0.096843	0.096584	0.09628
357	0.094281	0.094015	0.093747
358	0.091718	0.091439	0.091214
359	0.089309	0.089027	0.088819
360	0.086956	0.086675	0.086475
361	0.084628	0.084334	0.08413
362	0.08232	0.082001	0.081784
363	0.079952	0.079632	0.079394
364	0.077488	0.077205	0.076934
365	0.07507	0.074815	0.074523
366	0.072816	0.072559	0.072297
367	0.070567	0.070306	0.070072
368	0.068424	0.068128	0.067879
369	0.066281	0.065951	0.065686
370	0.064075	0.063758	0.063552
371	0.061861	0.061563	0.061426
372	0.05969	0.059383	0.059276
373	0.057539	0.057209	0.057114
374	0.055375	0.055044	0.054936
375	0.0532	0.052888	0.052742
376	0.051069	0.05074	0.050567
377	0.049014	0.048605	0.048422
378	0.046975	0.046512	0.046315
379	0.045004	0.044591	0.044366
380	0.043034	0.042671	0.042416
381	0.041082	0.040726	0.04043
382	0.039131	0.038781	0.038443
383	0.037268	0.036899	0.036574
384	0.03542	0.035028	0.034726
385	0.033574	0.033184	0.032888
386	0.031729	0.031351	0.031055
387	0.029926	0.029536	0.029274
388	0.028164	0.027736	0.027542
389	0.026453	0.026024	0.025867
390	0.02484	0.024477	0.024299
391	0.02321	0.022895	0.0227
392	0.021501	0.021156	0.020959
393	0.019792	0.019417	0.019219
394	0.018124	0.017734	0.017574
395	0.016456	0.016051	0.015929
396	0.015052	0.014597	0.014498
397	0.013696	0.013184	0.013106
398	0.012391	0.011896	0.011795
399	0.011112	0.010666	0.010523
400	0.009704	0.009272	0.009112
401	0.008175	0.007722	0.007572
402	0.006618	0.006151	0.006001
403	0.005007	0.004541	0.00437
404	0.003472	0.003005	0.002812
405	0.002275	0.001791	0.001574
406	0.001078	0.000577	0.000339
407	-0.00011	-0.000643	-0.000806
408	-0.001297	-0.001863	-0.001951
409	-0.002602	-0.003188	-0.003329
410	-0.003927	-0.004532	-0.004747
411	-0.005365	-0.005898	-0.006142
412	-0.006853	-0.007273	-0.007528
413	-0.008217	-0.008622	-0.008866
414	-0.009468	-0.009945	-0.010162
415	-0.010793	-0.011313	-0.011506
416	-0.012245	-0.012755	-0.012933
417	-0.013695	-0.014192	-0.014362
418	-0.015137	-0.015602	-0.015792
419	-0.016565	-0.017	-0.01721
420	-0.017647	-0.018061	-0.018313
421	-0.018728	-0.019122	-0.019417
422	-0.019881	-0.020303	-0.020578
423	-0.021043	-0.021501	-0.021748
424	-0.022164	-0.022678	-0.022868
425	-0.023267	-0.023847	-0.023968
426	-0.02422	-0.024826	-0.024936
427	-0.025049	-0.025653	-0.025799
428	-0.025816	-0.026424	-0.026583
429	-0.026486	-0.027106	-0.027244
430	-0.027148	-0.027771	-0.027891
431	-0.027787	-0.028376	-0.028488
432	-0.028433	-0.028994	-0.029101
433	-0.029155	-0.029779	-0.029926
434	-0.029876	-0.030564	-0.030751
435	-0.030643	-0.031342	-0.03152
436	-0.031413	-0.032119	-0.032283
437	-0.032212	-0.032906	-0.03303
438	-0.03302	-0.033697	-0.033771
439	-0.033685	-0.034403	-0.034451
440	-0.034253	-0.035053	-0.035089
441	-0.034892	-0.035704	-0.035762
442	-0.035621	-0.036356	-0.036479
443	-0.036262	-0.036954	-0.037112
444	-0.036677	-0.037413	-0.037532
445	-0.0371	-0.037872	-0.037957
446	-0.037574	-0.038328	-0.038413
447	-0.038048	-0.038783	-0.03887
448	-0.038439	-0.039205	-0.039304
449	-0.038826	-0.039626	-0.039738
450	-0.039177	-0.039963	-0.040116
451	-0.039518	-0.040281	-0.04048
452	-0.039845	-0.040622	-0.040793
453	-0.040163	-0.040975	-0.041078
454	-0.04055	-0.041348	-0.041428
455	-0.041003	-0.04174	-0.041841
456	-0.041366	-0.042075	-0.042197
457	-0.041559	-0.042303	-0.042444
458	-0.041764	-0.04254	-0.042694
459	-0.042019	-0.042816	-0.042949
460	-0.042274	-0.043089	-0.043203
461	-0.042517	-0.043288	-0.043425
462	-0.04276	-0.043486	-0.043646
463	-0.043005	-0.043757	-0.043905
464	-0.04325	-0.044038	-0.044168
465	-0.043358	-0.044171	-0.044308
466	-0.043417	-0.044252	-0.044403
467	-0.043443	-0.044301	-0.044456
468	-0.043445	-0.044327	-0.044479
469	-0.043417	-0.044321	-0.044485
470	-0.043349	-0.044271	-0.044469
471	-0.043298	-0.044235	-0.044438
472	-0.043292	-0.044235	-0.044372
473	-0.043303	-0.044252	-0.04433
474	-0.043436	-0.044391	-0.044453
475	-0.043568	-0.044531	-0.044576
476	-0.043625	-0.044593	-0.044642
477	-0.04368	-0.044653	-0.044707
478	-0.043744	-0.044685	-0.044767
479	-0.04381	-0.04471	-0.044826
480	-0.04391	-0.044806	-0.044943
481	-0.044025	-0.044933	-0.045085
482	-0.044326	-0.045226	-0.045356
483	-0.044788	-0.045663	-0.045737
484	-0.045204	-0.046042	-0.046099
485	-0.045545	-0.046333	-0.046431
486	-0.045766	-0.046521	-0.046638
487	-0.045609	-0.046384	-0.046452
488	-0.045403	-0.046196	-0.046226
489	-0.044729	-0.045523	-0.045614
490	-0.044054	-0.044851	-0.045002
491	-0.043626	-0.044519	-0.044613
492	-0.043212	-0.044206	-0.044237
493	-0.042931	-0.043946	-0.044005
494	-0.042682	-0.043699	-0.043809
495	-0.042363	-0.043383	-0.043501
496	-0.042007	-0.043032	-0.043134
497	-0.041743	-0.04276	-0.042852
498	-0.041564	-0.042564	-0.042649
499	-0.041423	-0.042397	-0.042503
500	-0.041344	-0.042278	-0.042453
501	-0.041233	-0.042141	-0.042363
502	-0.041011	-0.041938	-0.04214
503	-0.040785	-0.041733	-0.041911
504	-0.040518	-0.041503	-0.041611
505	-0.040251	-0.041273	-0.04131
506	-0.039984	-0.04101	-0.041102
507	-0.039715	-0.040744	-0.0409
508	-0.03951	-0.040526	-0.040681
509	-0.039319	-0.040321	-0.040457
510	-0.039105	-0.040122	-0.040267
511	-0.038879	-0.039927	-0.040092
512	-0.038681	-0.039733	-0.039896
513	-0.038508	-0.039541	-0.039679
514	-0.038337	-0.039367	-0.039476
515	-0.03817	-0.039222	-0.039295
516	-0.037971	-0.039033	-0.039093
517	-0.037673	-0.038709	-0.038826
518	-0.037376	-0.038389	-0.038554
519	-0.037101	-0.03811	-0.038243
520	-0.036826	-0.037831	-0.037933
521	-0.03654	-0.037564	-0.03766
522	-0.036252	-0.037297	-0.037389
523	-0.035981	-0.037012	-0.037124
524	-0.035712	-0.036723	-0.036861
525	-0.035439	-0.036459	-0.0366
526	-0.035163	-0.036206	-0.03634
527	-0.034935	-0.035996	-0.036128
528	-0.034743	-0.035819	-0.035953
529	-0.034515	-0.035609	-0.035733
530	-0.034238	-0.035355	-0.035453
531	-0.034011	-0.035124	-0.035206
532	-0.033904	-0.034952	-0.03504
533	-0.03378	-0.034777	-0.034876
534	-0.033563	-0.034585	-0.034726
535	-0.033347	-0.034393	-0.034574
536	-0.033167	-0.034192	-0.034368
537	-0.032987	-0.03399	-0.034161
538	-0.032823	-0.033815	-0.033974
539	-0.032661	-0.033643	-0.033788
540	-0.032435	-0.033425	-0.033549
541	-0.032189	-0.033193	-0.033292
542	-0.031923	-0.032913	-0.033033
543	-0.031644	-0.032606	-0.032773
544	-0.031325	-0.032282	-0.032453
545	-0.030968	-0.03194	-0.032075
546	-0.030618	-0.031603	-0.031728
547	-0.030279	-0.031274	-0.031436
548	-0.029951	-0.030956	-0.031137
549	-0.029656	-0.030672	-0.030823
550	-0.029365	-0.030392	-0.030515
551	-0.029109	-0.030152	-0.030269
552	-0.028854	-0.029913	-0.030023
553	-0.028691	-0.029708	-0.029765
554	-0.02853	-0.029503	-0.029507
555	-0.028261	-0.02924	-0.029285
556	-0.027973	-0.028967	-0.029069
557	-0.027696	-0.028679	-0.028781
558	-0.027424	-0.028386	-0.028467
559	-0.02719	-0.028117	-0.028222
560	-0.02698	-0.027864	-0.028021
561	-0.026789	-0.027676	-0.027832
562	-0.026619	-0.027558	-0.027657
563	-0.026461	-0.027428	-0.027492
564	-0.026324	-0.027275	-0.027344
565	-0.026251	-0.02719	-0.027259
566	-0.026384	-0.027325	-0.027376
567	-0.026523	-0.02746	-0.027496
568	-0.026701	-0.027588	-0.02763
569	-0.026879	-0.027716	-0.027765
570	-0.027002	-0.02782	-0.027884
571	-0.027126	-0.027924	-0.028002
572	-0.027229	-0.027973	-0.028066
573	-0.027329	-0.028013	-0.028122
574	-0.027363	-0.028027	-0.028148
575	-0.027375	-0.028032	-0.028162
576	-0.027357	-0.028015	-0.028155
577	-0.027321	-0.027984	-0.028134
578	-0.027288	-0.027949	-0.02807
579	-0.027257	-0.027911	-0.027965
580	-0.027144	-0.027803	-0.027825
581	-0.026905	-0.027588	-0.027632
582	-0.026612	-0.027311	-0.027372
583	-0.02618	-0.026869	-0.026937
584	-0.025737	-0.026427	-0.0265
585	-0.025245	-0.025984	-0.026053
586	-0.024752	-0.025538	-0.025603
587	-0.024231	-0.025014	-0.025078
588	-0.02371	-0.02449	-0.024554
589	-0.02323	-0.023978	-0.024069
590	-0.022753	-0.023467	-0.023587
591	-0.022328	-0.023052	-0.023175
592	-0.021914	-0.022659	-0.022779
593	-0.021597	-0.022348	-0.022452
594	-0.021322	-0.022071	-0.022154
595	-0.020972	-0.021726	-0.021802
596	-0.02057	-0.021334	-0.021413
597	-0.020203	-0.020952	-0.021038
598	-0.019875	-0.02058	-0.020681
599	-0.019529	-0.020216	-0.020328
600	-0.019153	-0.019866	-0.019986
601	-0.018802	-0.019539	-0.019658
602	-0.01852	-0.019282	-0.019376
603	-0.018219	-0.019007	-0.019073
604	-0.017807	-0.018624	-0.018646
605	-0.017393	-0.018238	-0.018218
606	-0.016929	-0.017746	-0.01777
607	-0.016464	-0.017255	-0.017323
608	-0.015994	-0.016782	-0.016869
609	-0.015522	-0.016311	-0.016416
610	-0.015199	-0.016004	-0.016105
611	-0.014908	-0.015731	-0.015826
612	-0.01461	-0.015439	-0.015519
613	-0.01431	-0.015138	-0.015202
614	-0.013942	-0.01477	-0.014846
615	-0.013532	-0.014359	-0.014466
616	-0.013131	-0.013954	-0.01409
617	-0.012739	-0.013555	-0.013718
618	-0.012365	-0.013186	-0.013356
619	-0.012019	-0.012859	-0.013011
620	-0.011677	-0.012519	-0.012648
621	-0.011342	-0.012146	-0.012245
622	-0.010987	-0.011772	-0.011848
623	-0.010546	-0.011394	-0.011469
624	-0.010115	-0.011017	-0.011095
625	-0.009768	-0.010649	-0.010764
626	-0.009422	-0.01028	-0.010434
627	-0.009081	-0.009939	-0.010073
628	-0.00874	-0.009597	-0.009713
629	-0.008302	-0.009196	-0.009294
630	-0.007851	-0.008786	-0.008868
631	-0.007536	-0.008452	-0.008516
632	-0.007255	-0.008138	-0.008183
633	-0.006853	-0.007759	-0.007788
634	-0.006398	-0.007352	-0.007367
635	-0.006055	-0.006988	-0.007013
636	-0.005786	-0.006651	-0.006704
637	-0.005496	-0.006349	-0.006423
638	-0.005184	-0.006082	-0.00617
639	-0.004867	-0.005794	-0.0059
640	-0.004543	-0.005479	-0.005603
641	-0.004223	-0.005169	-0.005295
642	-0.003913	-0.004874	-0.004961
643	-0.003624	-0.004586	-0.004642
644	-0.003409	-0.004328	-0.00438
645	-0.003195	-0.004077	-0.004132
646	-0.002984	-0.00387	-0.003974
647	-0.002785	-0.003674	-0.003823
648	-0.00291	-0.003807	-0.003882
649	-0.003035	-0.003941	-0.003941
650	-0.003908	-0.004694	-0.004755
651	-0.004827	-0.005486	-0.005616
652	-0.006038	-0.006636	-0.006748
653	-0.007299	-0.007849	-0.007929
654	-0.008163	-0.008711	-0.00876
655	-0.008904	-0.009465	-0.009484
656	-0.00902	-0.009574	-0.009619
657	-0.008832	-0.00937	-0.009469
658	-0.008147	-0.008724	-0.008831
659	-0.00711	-0.007767	-0.007848
660	-0.005827	-0.006539	-0.006629
661	-0.004299	-0.00504	-0.005174
662	-0.00287	-0.003629	-0.003788
663	-0.001583	-0.002343	-0.002502
664	-0.000477	-0.001253	-0.001404
665	0.000261	-0.000561	-0.000689
666	0.000919	0.000057	-0.000054
667	0.001328	0.000448	0.000335
668	0.001724	0.000825	0.00071
669	0.002046	0.001133	0.001012
670	0.002355	0.001428	0.001305
671	0.002507	0.001577	0.001487
672	0.002658	0.001725	0.001669
673	0.002909	0.001975	0.001899
674	0.003159	0.002224	0.002129
675	0.003351	0.002382	0.002283
676	0.003538	0.002531	0.002429
677	0.003643	0.002734	0.002613
678	0.003732	0.002948	0.002803
679	0.003935	0.003141	0.002985
680	0.004174	0.003328	0.003164
681	0.004342	0.003476	0.003327
682	0.004477	0.003607	0.003483
683	0.004652	0.003786	0.003639
684	0.004853	0.003996	0.003796
685	0.005029	0.004165	0.003969
686	0.005182	0.004298	0.004158
687	0.005316	0.004448	0.004319
688	0.005427	0.004619	0.004448
689	0.005554	0.004751	0.004582
690	0.005709	0.004824	0.004723
691	0.005887	0.004943	0.004893
692	0.006117	0.005163	0.005127
693	0.006344	0.005391	0.005358
694	0.006557	0.005644	0.005582
695	0.006761	0.005869	0.005791
696	0.006914	0.005964	0.00593
697	0.007076	0.006082	0.006077
698	0.007308	0.006408	0.006301
699	0.007539	0.00673	0.006526
700	0.007776	0.006936	0.006771
701	0.008012	0.007142	0.007016
702	0.008119	0.007261	0.007172
703	0.00822	0.007377	0.007324
704	0.008431	0.007626	0.007599
705	0.008654	0.007891	0.007887
706	0.008869	0.008124	0.008031
707	0.009081	0.008351	0.008146
708	0.009311	0.008516	0.00833
709	0.009547	0.008662	0.008534
710	0.009768	0.008879	0.008769
711	0.009983	0.009127	0.009016
712	0.010192	0.009319	0.009251
713	0.010398	0.009481	0.009481
714	0.01056	0.009663	0.009676
715	0.01069	0.00986	0.009845
716	0.010862	0.010031	0.009984
717	0.011072	0.010177	0.010094
718	0.011252	0.010358	0.010245
719	0.011397	0.010578	0.010445
720	0.011581	0.010813	0.010706
[LOG]
CHECKSUM$ 