[HEADER]
Format	J&M ASCII Table
Comment	
Date	04/03/2026 18:50:00
Order	Y (evenX)
TechType	UV
NumPoints	411
FirstX	310
LastX	720
XType	nm
YType	Absorbance
ZType	s
NumSubFile	3
Matrix	Z vs X
[LOGIN]
Name=pcbob
[INSTRUMENT]
Name=TIDAS E Base UV/VI
Detector=MMS - ASPEN 97,5 kHz
Diodearray=256 Pixel
Serial#=36584
Calibrated=2011-07-01
Range=183.81-729.88 [nm] (F0)

SWVersion=v3.18.2 (build 0)[LOGIN]
Name=pcbob
[CONFIG]
ChannelName=Channel 1
ChannelType=Normalized
[PARAMETER]
It=400,00
Aver=5
Norm=3
Range=310,0-720,0 nm
Scan=Time
ScanTime=5,00 s
[TRIGGER]
Sweep=0
Scan=0
[DIO]
DigOut=0x0000
DigIn=0x0000
[DATA]
	00:00:00,000	00:00:02,000	00:00:04,000
310	0.290277	0.290216	0.290145
311	0.285568	0.285509	0.285438
312	0.280892	0.280843	0.280754
313	0.276347	0.276294	0.2762
314	0.271984	0.271906	0.271825
315	0.267619	0.267517	0.267449
316	0.263246	0.263127	0.263072
317	0.258885	0.258749	0.258705
318	0.254703	0.254549	0.254492
319	0.250521	0.25035	0.250278
320	0.246364	0.246264	0.246156
321	0.242211	0.242191	0.242047
322	0.238175	0.238137	0.238019
323	0.234188	0.234091	0.234025
324	0.230253	0.230118	0.230077
325	0.226362	0.226209	0.22617
326	0.222507	0.222354	0.222315
327	0.218715	0.218596	0.218556
328	0.214917	0.214832	0.214782
329	0.211089	0.211037	0.21094
330	0.207261	0.207242	0.207098
331	0.203528	0.203496	0.203411
332	0.199794	0.19975	0.199725
333	0.196221	0.196176	0.196113
334	0.192682	0.192639	0.192518
335	0.189162	0.189155	0.189001
336	0.185652	0.185702	0.185525
337	0.18213	0.182133	0.181994
338	0.178595	0.178435	0.178402
339	0.175111	0.174866	0.174886
340	0.171746	0.171602	0.171548
341	0.168388	0.168333	0.168218
342	0.165074	0.165033	0.164943
343	0.16176	0.161734	0.161668
344	0.158533	0.158481	0.158411
345	0.155311	0.155232	0.155155
346	0.152104	0.152037	0.151974
347	0.148901	0.148858	0.148816
348	0.145736	0.145671	0.145604
349	0.142596	0.142478	0.142356
350	0.139473	0.13935	0.139211
351	0.136372	0.136308	0.136206
352	0.133288	0.133255	0.133188
353	0.130253	0.130171	0.130132
354	0.12722	0.127096	0.127082
355	0.124201	0.12413	0.124104
356	0.121182	0.121164	0.121125
357	0.118258	0.118255	0.118141
358	0.115343	0.115353	0.115155
359	0.112474	0.112457	0.112284
360	0.109622	0.109564	0.109454
361	0.106812	0.106717	0.106631
362	0.104036	0.103906	0.103814
363	0.101243	0.101108	0.101026
364	0.098421	0.098329	0.098287
365	0.095646	0.095584	0.095568
366	0.093041	0.09296	0.092921
367	0.090439	0.090341	0.09028
368	0.087893	0.087831	0.087768
369	0.085347	0.085321	0.085257
370	0.082813	0.082745	0.082717
371	0.080281	0.08016	0.080174
372	0.07772	0.077611	0.077579
373	0.075147	0.075077	0.074962
374	0.072607	0.072539	0.072431
375	0.070098	0.069997	0.069977
376	0.06765	0.067533	0.067559
377	0.065309	0.065205	0.065206
378	0.062988	0.062897	0.062865
379	0.060742	0.060672	0.060573
380	0.058494	0.058443	0.058281
381	0.05615	0.056081	0.055988
382	0.053807	0.053719	0.053694
383	0.051599	0.051554	0.051509
384	0.049414	0.049423	0.049342
385	0.047268	0.047235	0.047176
386	0.045141	0.045022	0.045009
387	0.043003	0.042861	0.042871
388	0.040857	0.040749	0.040759
389	0.038784	0.038716	0.038694
390	0.036849	0.03683	0.036717
391	0.03491	0.03492	0.034743
392	0.032955	0.032898	0.032786
393	0.030999	0.030877	0.03083
394	0.029056	0.028952	0.028888
395	0.027113	0.027027	0.026946
396	0.02541	0.025383	0.025304
397	0.023751	0.023791	0.023716
398	0.022173	0.02223	0.022194
399	0.020632	0.020685	0.020702
400	0.018964	0.018994	0.019025
401	0.017174	0.017167	0.017171
402	0.015362	0.015326	0.01532
403	0.013506	0.013458	0.013473
404	0.011719	0.011666	0.011701
405	0.01024	0.010211	0.010264
406	0.008762	0.008756	0.008825
407	0.007322	0.007321	0.007334
408	0.005882	0.005887	0.005843
409	0.004346	0.00435	0.004303
410	0.002793	0.002794	0.002753
411	0.001265	0.001205	0.001175
412	-0.000253	-0.000399	-0.000417
413	-0.00181	-0.00199	-0.001993
414	-0.003402	-0.003568	-0.003554
415	-0.004995	-0.005158	-0.005118
416	-0.006589	-0.006765	-0.006685
417	-0.008205	-0.008367	-0.008275
418	-0.009907	-0.009943	-0.009954
419	-0.01159	-0.011511	-0.011615
420	-0.012797	-0.012844	-0.01284
421	-0.014003	-0.014177	-0.014064
422	-0.015363	-0.015477	-0.015396
423	-0.016744	-0.016774	-0.016743
424	-0.018035	-0.018041	-0.018037
425	-0.019291	-0.019297	-0.01931
426	-0.020416	-0.020438	-0.020467
427	-0.021436	-0.021487	-0.021531
428	-0.022396	-0.022454	-0.022501
429	-0.023264	-0.023295	-0.023327
430	-0.024118	-0.024136	-0.024145
431	-0.024929	-0.024982	-0.024939
432	-0.025745	-0.025833	-0.025743
433	-0.026625	-0.026754	-0.026662
434	-0.027506	-0.027674	-0.027581
435	-0.028484	-0.028628	-0.028548
436	-0.029471	-0.029584	-0.029518
437	-0.030357	-0.030438	-0.030405
438	-0.031208	-0.031258	-0.031265
439	-0.031992	-0.032003	-0.03201
440	-0.03273	-0.032698	-0.032678
441	-0.03348	-0.033443	-0.033413
442	-0.034245	-0.034251	-0.034234
443	-0.034941	-0.034982	-0.034976
444	-0.03546	-0.035516	-0.035517
445	-0.035986	-0.036053	-0.036057
446	-0.036555	-0.036614	-0.036587
447	-0.037124	-0.037175	-0.037117
448	-0.037647	-0.037688	-0.03766
449	-0.038168	-0.038198	-0.038204
450	-0.03861	-0.038675	-0.038665
451	-0.039034	-0.039144	-0.039106
452	-0.039454	-0.039594	-0.039538
453	-0.039872	-0.040033	-0.039965
454	-0.040351	-0.040492	-0.040429
455	-0.04089	-0.040968	-0.040927
456	-0.041341	-0.041384	-0.041356
457	-0.041629	-0.041686	-0.041652
458	-0.041917	-0.041989	-0.041946
459	-0.042204	-0.042297	-0.042226
460	-0.042493	-0.042605	-0.042508
461	-0.042805	-0.042896	-0.042811
462	-0.043117	-0.043187	-0.043114
463	-0.043425	-0.043495	-0.043414
464	-0.043733	-0.043805	-0.043713
465	-0.043925	-0.044025	-0.043916
466	-0.044074	-0.044212	-0.044085
467	-0.044238	-0.044346	-0.044241
468	-0.044413	-0.044442	-0.044388
469	-0.044514	-0.044535	-0.044487
470	-0.044516	-0.044623	-0.044523
471	-0.044528	-0.044682	-0.044559
472	-0.044563	-0.044666	-0.044597
473	-0.044616	-0.044673	-0.044651
474	-0.044782	-0.044833	-0.044815
475	-0.044948	-0.044993	-0.044979
476	-0.045053	-0.045135	-0.04506
477	-0.045157	-0.045277	-0.045139
478	-0.045238	-0.045334	-0.045212
479	-0.045314	-0.045375	-0.045283
480	-0.045427	-0.045464	-0.045366
481	-0.045558	-0.045576	-0.045455
482	-0.045805	-0.045796	-0.045697
483	-0.046153	-0.046109	-0.046071
484	-0.046454	-0.046417	-0.046399
485	-0.046682	-0.046714	-0.046651
486	-0.046826	-0.046915	-0.046813
487	-0.046706	-0.046813	-0.04669
488	-0.046553	-0.046674	-0.046535
489	-0.046075	-0.04619	-0.046079
490	-0.045597	-0.045707	-0.045622
491	-0.045305	-0.045429	-0.045332
492	-0.045023	-0.045162	-0.04505
493	-0.04482	-0.04497	-0.044847
494	-0.044636	-0.044797	-0.044664
495	-0.044405	-0.044527	-0.044441
496	-0.044152	-0.044207	-0.044199
497	-0.043944	-0.043951	-0.043991
498	-0.043779	-0.043755	-0.043817
499	-0.043644	-0.043621	-0.043672
500	-0.043559	-0.043592	-0.043574
501	-0.04345	-0.043523	-0.043454
502	-0.043258	-0.043322	-0.043257
503	-0.043061	-0.043118	-0.043062
504	-0.04282	-0.042876	-0.042882
505	-0.042578	-0.042634	-0.042701
506	-0.042377	-0.042418	-0.042437
507	-0.042178	-0.042204	-0.042168
508	-0.041999	-0.04204	-0.04201
509	-0.041825	-0.041888	-0.04188
510	-0.041661	-0.041738	-0.041725
511	-0.041502	-0.041589	-0.041557
512	-0.04131	-0.041413	-0.041366
513	-0.041089	-0.041213	-0.041156
514	-0.040915	-0.041036	-0.040977
515	-0.040817	-0.040897	-0.040848
516	-0.040676	-0.040731	-0.040685
517	-0.040406	-0.04048	-0.040416
518	-0.040141	-0.040229	-0.040146
519	-0.03991	-0.039977	-0.039883
520	-0.039678	-0.039725	-0.03962
521	-0.039391	-0.039437	-0.039365
522	-0.039102	-0.039148	-0.03911
523	-0.038872	-0.038903	-0.038856
524	-0.038654	-0.038668	-0.038601
525	-0.038406	-0.038431	-0.038369
526	-0.038144	-0.038193	-0.038146
527	-0.037924	-0.037997	-0.037929
528	-0.037736	-0.037834	-0.037718
529	-0.03753	-0.03764	-0.037495
530	-0.037298	-0.037403	-0.037255
531	-0.037089	-0.037186	-0.037045
532	-0.036937	-0.037014	-0.036907
533	-0.03678	-0.036841	-0.036765
534	-0.0366	-0.03666	-0.036603
535	-0.036419	-0.03648	-0.036441
536	-0.036227	-0.036299	-0.036255
537	-0.036035	-0.036119	-0.036068
538	-0.035836	-0.035923	-0.035885
539	-0.035636	-0.035727	-0.035702
540	-0.035424	-0.035501	-0.035468
541	-0.035208	-0.035267	-0.035216
542	-0.034937	-0.034998	-0.034931
543	-0.034635	-0.034709	-0.034625
544	-0.034312	-0.034395	-0.0343
545	-0.03397	-0.034058	-0.033958
546	-0.033639	-0.033725	-0.033636
547	-0.033329	-0.033402	-0.03335
548	-0.033016	-0.033091	-0.033062
549	-0.032695	-0.032819	-0.032769
550	-0.032387	-0.032549	-0.032477
551	-0.032182	-0.032284	-0.03219
552	-0.031977	-0.03202	-0.031902
553	-0.031765	-0.031822	-0.031735
554	-0.031553	-0.031626	-0.031569
555	-0.031341	-0.031429	-0.03137
556	-0.031129	-0.031232	-0.031164
557	-0.030879	-0.030998	-0.030921
558	-0.030615	-0.030752	-0.030663
559	-0.030378	-0.030505	-0.030426
560	-0.030157	-0.030259	-0.030201
561	-0.02998	-0.030067	-0.030016
562	-0.029849	-0.029933	-0.029874
563	-0.029691	-0.029758	-0.029704
564	-0.029484	-0.02951	-0.029488
565	-0.029339	-0.02933	-0.029331
566	-0.029388	-0.029371	-0.029361
567	-0.02944	-0.029415	-0.029398
568	-0.029501	-0.029477	-0.02948
569	-0.029563	-0.029539	-0.029563
570	-0.029572	-0.029563	-0.029547
571	-0.029582	-0.029585	-0.02953
572	-0.029535	-0.02959	-0.029514
573	-0.02948	-0.029592	-0.029499
574	-0.029443	-0.02955	-0.029457
575	-0.029411	-0.029495	-0.029406
576	-0.029342	-0.029393	-0.029331
577	-0.029251	-0.029265	-0.029241
578	-0.029146	-0.029161	-0.02914
579	-0.029028	-0.029082	-0.029027
580	-0.028887	-0.028958	-0.028888
581	-0.028712	-0.028763	-0.02871
582	-0.028481	-0.028522	-0.028482
583	-0.028105	-0.028161	-0.028126
584	-0.027731	-0.027797	-0.027765
585	-0.027368	-0.027412	-0.027375
586	-0.027001	-0.027025	-0.026985
587	-0.026537	-0.026571	-0.026562
588	-0.026073	-0.026118	-0.026139
589	-0.025714	-0.02574	-0.025772
590	-0.025362	-0.025369	-0.025408
591	-0.024964	-0.024993	-0.02499
592	-0.024555	-0.024617	-0.024559
593	-0.024262	-0.024308	-0.024266
594	-0.024019	-0.024027	-0.024033
595	-0.023708	-0.023699	-0.023719
596	-0.023348	-0.023337	-0.02335
597	-0.022998	-0.022989	-0.022999
598	-0.022661	-0.022657	-0.022667
599	-0.022322	-0.022324	-0.022326
600	-0.021981	-0.021989	-0.02197
601	-0.021656	-0.021671	-0.021632
602	-0.02138	-0.0214	-0.021348
603	-0.021095	-0.021118	-0.021057
604	-0.020757	-0.020764	-0.020726
605	-0.020416	-0.020409	-0.020391
606	-0.019994	-0.020008	-0.019943
607	-0.019573	-0.019607	-0.019496
608	-0.019143	-0.019222	-0.019098
609	-0.018712	-0.018838	-0.018705
610	-0.018447	-0.018535	-0.018429
611	-0.018218	-0.018249	-0.018178
612	-0.017973	-0.018014	-0.017936
613	-0.017722	-0.0178	-0.017697
614	-0.017432	-0.017512	-0.017391
615	-0.017115	-0.017177	-0.017041
616	-0.016788	-0.016844	-0.01671
617	-0.01645	-0.016513	-0.016397
618	-0.016113	-0.016176	-0.01609
619	-0.015778	-0.015829	-0.015794
620	-0.015471	-0.01552	-0.015503
621	-0.01523	-0.0153	-0.015224
622	-0.014959	-0.015044	-0.014929
623	-0.01456	-0.014643	-0.014572
624	-0.01417	-0.014248	-0.014216
625	-0.013862	-0.013913	-0.013873
626	-0.013555	-0.013577	-0.01353
627	-0.013282	-0.013308	-0.013279
628	-0.013009	-0.013039	-0.013029
629	-0.012633	-0.012683	-0.012654
630	-0.012244	-0.012317	-0.012264
631	-0.011949	-0.011992	-0.011928
632	-0.011678	-0.011679	-0.011607
633	-0.011317	-0.01133	-0.011254
634	-0.010917	-0.010967	-0.010887
635	-0.010576	-0.010637	-0.010554
636	-0.010276	-0.010329	-0.010244
637	-0.009992	-0.010037	-0.009984
638	-0.009723	-0.009761	-0.009773
639	-0.009482	-0.009529	-0.009547
640	-0.00928	-0.00936	-0.009299
641	-0.00905	-0.009153	-0.009041
642	-0.008759	-0.008866	-0.008763
643	-0.008476	-0.008578	-0.008492
644	-0.008219	-0.008293	-0.008248
645	-0.007978	-0.008022	-0.008012
646	-0.007842	-0.007848	-0.007832
647	-0.00771	-0.00768	-0.007659
648	-0.007677	-0.007685	-0.007684
649	-0.007644	-0.007689	-0.007709
650	-0.008234	-0.008291	-0.008258
651	-0.008862	-0.00893	-0.008839
652	-0.00972	-0.00979	-0.009692
653	-0.010616	-0.010688	-0.010593
654	-0.01126	-0.011288	-0.011256
655	-0.011826	-0.011795	-0.011845
656	-0.011872	-0.011851	-0.011885
657	-0.011667	-0.011689	-0.01166
658	-0.011123	-0.011154	-0.011109
659	-0.01034	-0.010357	-0.010329
660	-0.009326	-0.00936	-0.009331
661	-0.008081	-0.00816	-0.008115
662	-0.006936	-0.007047	-0.006998
663	-0.005935	-0.006054	-0.006021
664	-0.005098	-0.005211	-0.005189
665	-0.004596	-0.004672	-0.004652
666	-0.004133	-0.004184	-0.00417
667	-0.003788	-0.003855	-0.003859
668	-0.003443	-0.003532	-0.003536
669	-0.003095	-0.003243	-0.003152
670	-0.002761	-0.002961	-0.002789
671	-0.002604	-0.002747	-0.002663
672	-0.002447	-0.002532	-0.002537
673	-0.002257	-0.002332	-0.002304
674	-0.002067	-0.002133	-0.00207
675	-0.001877	-0.001909	-0.00189
676	-0.001687	-0.001682	-0.001715
677	-0.001523	-0.001528	-0.001571
678	-0.001365	-0.001387	-0.001432
679	-0.001209	-0.001251	-0.001273
680	-0.001052	-0.001117	-0.001107
681	-0.000906	-0.000947	-0.000974
682	-0.000763	-0.00076	-0.000857
683	-0.000597	-0.000616	-0.00067
684	-0.000416	-0.0005	-0.000439
685	-0.000265	-0.000377	-0.000288
686	-0.00014	-0.000247	-0.000206
687	-0.000013	-0.00011	-0.000059
688	0.000118	0.000036	0.000165
689	0.000249	0.000176	0.000339
690	0.000378	0.000308	0.000431
691	0.00052	0.000463	0.000559
692	0.00069	0.000668	0.000769
693	0.000872	0.000861	0.000968
694	0.001097	0.001019	0.001132
695	0.001303	0.001178	0.001297
696	0.001422	0.00134	0.001469
697	0.001552	0.001504	0.00165
698	0.00179	0.001685	0.001909
699	0.002028	0.00187	0.002166
700	0.002266	0.002167	0.002349
701	0.002503	0.002464	0.002532
702	0.002724	0.002672	0.002749
703	0.002945	0.002876	0.002967
704	0.003149	0.003131	0.003201
705	0.003351	0.003391	0.003438
706	0.003552	0.003522	0.003622
707	0.003751	0.003626	0.003796
708	0.003995	0.003848	0.004011
709	0.004252	0.004105	0.004239
710	0.00449	0.004335	0.004478
711	0.00472	0.004554	0.004721
712	0.004905	0.004763	0.004891
713	0.005064	0.004967	0.005021
714	0.005248	0.005163	0.005204
715	0.005452	0.005353	0.005427
716	0.005661	0.005548	0.005631
717	0.005873	0.005749	0.005818
718	0.006079	0.005945	0.006013
719	0.006278	0.006138	0.006217
720	0.006483	0.006362	0.006423
[LOG]
CHECKSUML#