[HEADER]
Format	J&M ASCII Table
Comment	
Date	04/03/2026 19:23:01
Order	Y (evenX)
TechType	UV
NumPoints	411
FirstX	310
LastX	720
XType	nm
YType	Absorbance
ZType	s
NumSubFile	3
Matrix	Z vs X
[LOGIN]
Name=pcbob
[INSTRUMENT]
Name=TIDAS E Base UV/VI
Detector=MMS - ASPEN 97,5 kHz
Diodearray=256 Pixel
Serial#=36584
Calibrated=2011-07-01
Range=183.81-729.88 [nm] (F0)

SWVersion=v3.18.2 (build 0)[LOGIN]
Name=pcbob
[CONFIG]
ChannelName=Channel 1
ChannelType=Normalized
[PARAMETER]
It=400,00
Aver=5
Norm=3
Range=310,0-720,0 nm
Scan=Time
ScanTime=5,00 s
[TRIGGER]
Sweep=0
Scan=0
[DIO]
DigOut=0x0000
DigIn=0x0000
[DATA]
	00:00:00,000	00:00:02,000	00:00:04,000
310	0.294139	0.294155	0.294025
311	0.289345	0.289361	0.289251
312	0.284593	0.284602	0.284523
313	0.279956	0.279969	0.279886
314	0.275478	0.275508	0.275376
315	0.271016	0.271055	0.270899
316	0.266608	0.266622	0.266523
317	0.262209	0.262201	0.262152
318	0.257943	0.257946	0.257857
319	0.253676	0.253691	0.253563
320	0.24945	0.249433	0.249307
321	0.245229	0.245174	0.245056
322	0.241069	0.241045	0.240932
323	0.236934	0.23697	0.236859
324	0.232889	0.232934	0.232852
325	0.228921	0.228933	0.228901
326	0.225016	0.224993	0.224979
327	0.221224	0.221161	0.22111
328	0.217425	0.217338	0.217257
329	0.213591	0.21356	0.213486
330	0.209758	0.209782	0.209714
331	0.20599	0.205985	0.20592
332	0.202223	0.202187	0.202125
333	0.198618	0.19857	0.198526
334	0.195048	0.194991	0.194967
335	0.191443	0.19143	0.191393
336	0.187819	0.187878	0.187809
337	0.184249	0.184307	0.184225
338	0.180739	0.180713	0.18064
339	0.177265	0.177192	0.177112
340	0.173876	0.173842	0.173715
341	0.170499	0.170499	0.170335
342	0.167204	0.167201	0.167079
343	0.16391	0.163903	0.163824
344	0.160573	0.160578	0.160486
345	0.157235	0.157252	0.157143
346	0.154029	0.153987	0.153876
347	0.150862	0.150739	0.150631
348	0.147649	0.147555	0.147444
349	0.144405	0.144414	0.144296
350	0.141207	0.141274	0.141133
351	0.138073	0.138136	0.137952
352	0.134942	0.134992	0.134794
353	0.131823	0.131829	0.131706
354	0.128713	0.128681	0.128624
355	0.125725	0.125714	0.125611
356	0.122736	0.122747	0.122599
357	0.119773	0.11974	0.119643
358	0.116813	0.116729	0.116693
359	0.113869	0.113764	0.113766
360	0.11093	0.110815	0.110846
361	0.108058	0.107987	0.107976
362	0.105239	0.105253	0.105143
363	0.102425	0.102475	0.102335
364	0.09962	0.099626	0.099565
365	0.096858	0.096814	0.096814
366	0.094248	0.094135	0.094132
367	0.091639	0.091464	0.091459
368	0.089061	0.08895	0.088955
369	0.086482	0.086436	0.086451
370	0.083836	0.083815	0.083816
371	0.08118	0.081179	0.081163
372	0.078585	0.078583	0.078542
373	0.076015	0.076004	0.075935
374	0.073475	0.073465	0.073378
375	0.070962	0.070961	0.070865
376	0.068495	0.068499	0.06841
377	0.06611	0.066112	0.066056
378	0.063748	0.063746	0.063725
379	0.061482	0.061465	0.06149
380	0.059213	0.059184	0.059253
381	0.056874	0.056865	0.056902
382	0.054534	0.054546	0.054551
383	0.052326	0.052382	0.052332
384	0.050142	0.050244	0.050135
385	0.047976	0.048059	0.047959
386	0.045819	0.045853	0.045792
387	0.043709	0.043727	0.043693
388	0.041644	0.041677	0.041657
389	0.039633	0.039662	0.039643
390	0.037722	0.037714	0.037672
391	0.035797	0.035762	0.035696
392	0.033806	0.033794	0.033706
393	0.031815	0.031827	0.031716
394	0.02984	0.029863	0.029801
395	0.027865	0.027899	0.027886
396	0.026247	0.026236	0.026201
397	0.024694	0.024626	0.024557
398	0.023152	0.023072	0.023024
399	0.021617	0.021544	0.021541
400	0.019952	0.019913	0.019887
401	0.018165	0.018185	0.01807
402	0.016358	0.016406	0.01626
403	0.014512	0.014533	0.01446
404	0.012733	0.012729	0.012723
405	0.011257	0.011232	0.011262
406	0.009782	0.009736	0.0098
407	0.008374	0.008301	0.008332
408	0.006967	0.006866	0.006864
409	0.005434	0.005365	0.005348
410	0.00388	0.003853	0.003824
411	0.002335	0.002332	0.002281
412	0.000794	0.000806	0.000729
413	-0.000761	-0.000767	-0.000837
414	-0.00233	-0.002382	-0.002413
415	-0.00392	-0.003978	-0.003996
416	-0.005547	-0.005538	-0.005588
417	-0.00718	-0.007128	-0.007191
418	-0.008838	-0.008837	-0.00884
419	-0.010482	-0.010529	-0.010477
420	-0.011764	-0.011798	-0.011789
421	-0.013047	-0.013066	-0.013101
422	-0.014393	-0.014361	-0.014412
423	-0.015749	-0.01566	-0.015723
424	-0.017054	-0.016965	-0.017009
425	-0.01834	-0.018271	-0.018285
426	-0.019476	-0.019413	-0.01941
427	-0.020492	-0.020422	-0.020415
428	-0.021406	-0.021355	-0.021357
429	-0.022163	-0.02217	-0.022202
430	-0.022941	-0.022995	-0.023036
431	-0.023793	-0.023856	-0.023828
432	-0.024648	-0.024714	-0.024628
433	-0.025538	-0.025549	-0.025523
434	-0.026428	-0.026383	-0.026418
435	-0.027329	-0.027319	-0.027366
436	-0.028232	-0.028264	-0.02832
437	-0.029119	-0.029159	-0.029192
438	-0.030001	-0.030039	-0.030038
439	-0.030822	-0.030821	-0.030809
440	-0.031604	-0.031539	-0.031529
441	-0.032387	-0.032279	-0.032292
442	-0.033174	-0.033047	-0.03311
443	-0.033888	-0.033766	-0.033858
444	-0.034416	-0.034361	-0.034428
445	-0.034945	-0.034947	-0.034985
446	-0.035475	-0.03546	-0.035454
447	-0.036005	-0.035974	-0.035924
448	-0.036526	-0.036503	-0.036473
449	-0.037047	-0.037033	-0.037025
450	-0.037497	-0.037467	-0.037468
451	-0.03793	-0.037879	-0.037885
452	-0.038333	-0.038294	-0.038283
453	-0.038719	-0.038711	-0.038671
454	-0.039161	-0.039169	-0.03912
455	-0.039659	-0.039667	-0.039629
456	-0.040114	-0.040106	-0.040063
457	-0.040488	-0.040434	-0.040354
458	-0.040847	-0.040761	-0.040651
459	-0.041141	-0.041082	-0.040968
460	-0.041436	-0.041401	-0.041285
461	-0.041756	-0.041699	-0.04162
462	-0.042075	-0.041997	-0.041955
463	-0.04234	-0.042271	-0.042275
464	-0.042597	-0.042541	-0.042593
465	-0.042769	-0.042755	-0.042778
466	-0.04291	-0.04295	-0.042915
467	-0.043001	-0.043051	-0.042994
468	-0.043056	-0.043085	-0.043033
469	-0.043109	-0.043113	-0.04306
470	-0.04316	-0.043133	-0.043073
471	-0.043204	-0.043156	-0.043095
472	-0.043234	-0.043185	-0.04314
473	-0.043276	-0.04323	-0.043197
474	-0.043399	-0.043379	-0.043333
475	-0.043523	-0.043527	-0.043469
476	-0.043662	-0.043603	-0.043579
477	-0.043802	-0.043677	-0.043689
478	-0.043912	-0.043778	-0.043785
479	-0.044016	-0.043884	-0.043879
480	-0.044126	-0.044042	-0.044021
481	-0.044238	-0.044224	-0.044187
482	-0.044528	-0.044538	-0.044499
483	-0.044972	-0.044968	-0.044938
484	-0.045356	-0.045349	-0.045333
485	-0.045646	-0.045652	-0.045659
486	-0.045839	-0.045855	-0.045866
487	-0.045724	-0.045743	-0.045701
488	-0.045564	-0.045584	-0.045499
489	-0.044966	-0.044985	-0.044941
490	-0.044367	-0.044385	-0.044383
491	-0.044017	-0.044005	-0.043991
492	-0.043681	-0.043636	-0.043607
493	-0.043441	-0.043379	-0.043361
494	-0.043225	-0.043149	-0.043148
495	-0.042967	-0.042893	-0.042897
496	-0.042687	-0.042624	-0.042625
497	-0.042462	-0.042405	-0.042374
498	-0.042289	-0.042232	-0.042141
499	-0.042138	-0.042095	-0.04197
500	-0.042027	-0.042022	-0.041906
501	-0.041898	-0.041916	-0.04181
502	-0.041709	-0.041702	-0.04161
503	-0.041513	-0.041488	-0.041407
504	-0.04125	-0.04126	-0.041171
505	-0.040988	-0.041033	-0.040934
506	-0.040785	-0.040803	-0.040691
507	-0.040585	-0.040572	-0.040448
508	-0.040409	-0.040427	-0.040303
509	-0.040239	-0.040303	-0.040181
510	-0.040074	-0.04012	-0.040025
511	-0.039911	-0.039907	-0.039852
512	-0.03974	-0.039709	-0.039674
513	-0.03956	-0.039523	-0.039493
514	-0.039381	-0.039345	-0.039318
515	-0.039202	-0.039179	-0.039155
516	-0.038999	-0.038986	-0.038954
517	-0.038722	-0.03871	-0.03864
518	-0.038445	-0.03844	-0.038339
519	-0.038184	-0.038217	-0.03815
520	-0.037922	-0.037994	-0.037961
521	-0.03763	-0.037683	-0.037647
522	-0.037338	-0.037369	-0.037328
523	-0.037112	-0.037165	-0.037086
524	-0.0369	-0.036982	-0.036859
525	-0.036646	-0.036719	-0.0366
526	-0.036373	-0.036421	-0.036328
527	-0.036193	-0.036204	-0.036115
528	-0.036085	-0.036052	-0.035948
529	-0.035906	-0.035863	-0.035743
530	-0.035632	-0.035624	-0.035486
531	-0.035394	-0.035413	-0.035264
532	-0.035247	-0.035267	-0.035131
533	-0.035094	-0.035106	-0.03499
534	-0.034908	-0.034857	-0.03481
535	-0.034723	-0.03461	-0.034631
536	-0.034573	-0.034443	-0.03444
537	-0.034423	-0.034276	-0.034249
538	-0.034194	-0.034099	-0.034031
539	-0.033956	-0.03392	-0.033809
540	-0.033726	-0.033705	-0.033617
541	-0.033499	-0.033478	-0.033433
542	-0.033258	-0.033236	-0.033201
543	-0.033009	-0.032986	-0.032939
544	-0.032711	-0.03268	-0.032623
545	-0.032363	-0.032319	-0.032253
546	-0.032026	-0.03199	-0.031914
547	-0.031709	-0.031713	-0.031627
548	-0.031404	-0.031435	-0.031339
549	-0.031138	-0.031151	-0.031044
550	-0.03088	-0.030871	-0.03076
551	-0.030681	-0.030628	-0.030555
552	-0.030482	-0.030384	-0.030349
553	-0.030237	-0.030195	-0.030131
554	-0.029991	-0.030006	-0.029913
555	-0.029797	-0.029772	-0.02971
556	-0.029612	-0.029531	-0.02951
557	-0.029361	-0.029292	-0.029289
558	-0.029086	-0.029054	-0.029061
559	-0.02886	-0.028838	-0.028824
560	-0.028665	-0.028637	-0.02858
561	-0.028501	-0.028485	-0.02839
562	-0.028368	-0.028385	-0.028256
563	-0.028232	-0.028243	-0.028113
564	-0.028088	-0.028022	-0.027953
565	-0.027994	-0.027878	-0.027848
566	-0.028066	-0.027979	-0.02792
567	-0.02814	-0.028081	-0.027998
568	-0.028242	-0.02819	-0.028122
569	-0.028343	-0.028299	-0.028246
570	-0.028435	-0.028374	-0.028352
571	-0.028527	-0.02845	-0.028457
572	-0.028579	-0.028513	-0.028496
573	-0.028626	-0.028574	-0.028525
574	-0.028604	-0.02858	-0.028515
575	-0.028559	-0.028569	-0.028492
576	-0.028528	-0.02855	-0.028467
577	-0.028505	-0.028527	-0.02844
578	-0.028466	-0.028473	-0.028391
579	-0.02841	-0.02839	-0.02832
580	-0.028296	-0.028254	-0.028201
581	-0.028094	-0.028035	-0.028005
582	-0.027834	-0.027775	-0.027758
583	-0.027424	-0.027408	-0.027376
584	-0.027015	-0.027028	-0.02699
585	-0.026609	-0.026578	-0.026582
586	-0.026201	-0.026127	-0.026169
587	-0.025727	-0.025663	-0.025662
588	-0.025252	-0.025199	-0.025155
589	-0.024844	-0.02479	-0.024738
590	-0.02444	-0.024384	-0.024329
591	-0.024044	-0.023981	-0.02394
592	-0.023649	-0.023578	-0.023555
593	-0.023331	-0.023283	-0.023256
594	-0.023045	-0.023034	-0.022993
595	-0.022739	-0.022725	-0.022687
596	-0.022419	-0.022373	-0.02235
597	-0.022081	-0.022022	-0.02201
598	-0.021723	-0.021672	-0.021666
599	-0.021379	-0.021336	-0.021332
600	-0.02106	-0.021023	-0.021017
601	-0.020757	-0.020721	-0.020709
602	-0.020499	-0.020452	-0.020421
603	-0.020225	-0.020175	-0.020126
604	-0.019853	-0.019848	-0.019785
605	-0.019479	-0.019518	-0.019442
606	-0.019061	-0.019074	-0.019025
607	-0.018644	-0.018629	-0.018608
608	-0.018249	-0.018215	-0.018157
609	-0.017855	-0.017802	-0.017703
610	-0.017582	-0.01752	-0.017427
611	-0.017336	-0.017265	-0.017191
612	-0.017036	-0.017018	-0.016938
613	-0.016714	-0.016774	-0.016678
614	-0.016369	-0.016447	-0.016355
615	-0.016008	-0.016067	-0.015991
616	-0.015668	-0.015684	-0.015617
617	-0.015348	-0.015297	-0.015234
618	-0.015004	-0.014934	-0.014878
619	-0.014624	-0.014607	-0.014564
620	-0.014277	-0.014292	-0.01425
621	-0.014008	-0.014009	-0.013937
622	-0.013724	-0.013713	-0.013618
623	-0.013374	-0.013361	-0.013277
624	-0.013022	-0.013012	-0.012936
625	-0.012658	-0.012685	-0.012592
626	-0.012293	-0.012358	-0.012249
627	-0.011984	-0.012009	-0.011936
628	-0.011675	-0.01166	-0.011623
629	-0.011318	-0.011245	-0.011245
630	-0.010955	-0.010821	-0.01086
631	-0.010626	-0.010526	-0.010528
632	-0.010306	-0.010264	-0.01021
633	-0.009935	-0.009925	-0.009856
634	-0.009543	-0.009551	-0.009485
635	-0.009212	-0.009251	-0.009164
636	-0.008922	-0.008999	-0.008876
637	-0.008666	-0.008723	-0.008616
638	-0.008444	-0.008425	-0.008382
639	-0.008218	-0.00817	-0.008144
640	-0.007988	-0.007979	-0.007897
641	-0.007752	-0.00775	-0.007637
642	-0.0075	-0.007438	-0.007349
643	-0.007242	-0.007128	-0.007063
644	-0.006963	-0.006827	-0.006783
645	-0.006694	-0.006548	-0.006518
646	-0.006495	-0.006424	-0.006364
647	-0.006305	-0.006304	-0.006216
648	-0.00637	-0.006328	-0.006274
649	-0.006435	-0.006351	-0.006332
650	-0.007082	-0.007031	-0.007022
651	-0.007764	-0.007751	-0.00775
652	-0.00876	-0.008775	-0.008745
653	-0.00981	-0.009852	-0.009786
654	-0.010549	-0.010572	-0.010524
655	-0.011192	-0.011182	-0.011168
656	-0.011309	-0.011272	-0.011247
657	-0.011174	-0.011111	-0.011055
658	-0.010603	-0.010544	-0.010479
659	-0.009726	-0.00969	-0.009632
660	-0.008592	-0.008585	-0.008533
661	-0.007202	-0.00723	-0.00718
662	-0.005946	-0.005976	-0.005928
663	-0.004876	-0.004864	-0.004815
664	-0.003954	-0.003915	-0.003876
665	-0.003333	-0.003297	-0.003291
666	-0.002779	-0.002736	-0.002747
667	-0.002433	-0.002349	-0.002327
668	-0.002089	-0.00197	-0.001928
669	-0.001755	-0.001627	-0.00163
670	-0.001434	-0.001303	-0.001344
671	-0.001277	-0.001188	-0.001192
672	-0.001119	-0.001074	-0.001039
673	-0.000913	-0.000833	-0.000827
674	-0.000706	-0.000593	-0.000616
675	-0.000504	-0.000473	-0.000451
676	-0.000303	-0.000364	-0.000291
677	-0.00018	-0.000265	-0.000142
678	-0.000072	-0.000167	0.000006
679	0.000082	0.000026	0.000175
680	0.000251	0.000249	0.000351
681	0.00039	0.000437	0.000495
682	0.000515	0.00061	0.000622
683	0.0007	0.000751	0.000779
684	0.000923	0.000872	0.000956
685	0.001073	0.000999	0.001127
686	0.001157	0.001132	0.001295
687	0.001291	0.001294	0.001428
688	0.001484	0.001491	0.001519
689	0.001654	0.001674	0.001639
690	0.00179	0.001833	0.001803
691	0.001945	0.002008	0.00198
692	0.00214	0.002219	0.002185
693	0.002334	0.00242	0.00239
694	0.002521	0.002589	0.00259
695	0.002693	0.002749	0.002773
696	0.002786	0.002857	0.002866
697	0.002893	0.002973	0.002974
698	0.003132	0.003155	0.003215
699	0.003371	0.00334	0.003458
700	0.003646	0.003654	0.003751
701	0.00392	0.003967	0.004044
702	0.004077	0.00411	0.004216
703	0.004229	0.004247	0.004385
704	0.004416	0.00443	0.004557
705	0.004607	0.004619	0.00473
706	0.00481	0.004829	0.004897
707	0.005014	0.005045	0.005062
708	0.005223	0.005247	0.005287
709	0.005432	0.005446	0.005531
710	0.005695	0.005667	0.005756
711	0.005982	0.005898	0.005974
712	0.006171	0.006132	0.006169
713	0.006305	0.006368	0.006351
714	0.006474	0.006546	0.006507
715	0.006668	0.006684	0.006645
716	0.006854	0.006861	0.006823
717	0.007032	0.007076	0.00704
718	0.007221	0.007256	0.00725
719	0.007422	0.007396	0.007451
720	0.007604	0.007586	0.007641
[LOG]
CHECKSUM^6