[HEADER]
Format	J&M ASCII Table
Comment	
Date	04/03/2026 19:28:10
Order	Y (evenX)
TechType	UV
NumPoints	411
FirstX	310
LastX	720
XType	nm
YType	Absorbance
ZType	s
NumSubFile	3
Matrix	Z vs X
[LOGIN]
Name=pcbob
[INSTRUMENT]
Name=TIDAS E Base UV/VI
Detector=MMS - ASPEN 97,5 kHz
Diodearray=256 Pixel
Serial#=36584
Calibrated=2011-07-01
Range=183.81-729.88 [nm] (F0)

SWVersion=v3.18.2 (build 0)[LOGIN]
Name=pcbob
[CONFIG]
ChannelName=Channel 1
ChannelType=Normalized
[PARAMETER]
It=400,00
Aver=5
Norm=3
Range=310,0-720,0 nm
Scan=Time
ScanTime=5,00 s
[TRIGGER]
Sweep=0
Scan=0
[DIO]
DigOut=0x0000
DigIn=0x0000
[DATA]
	00:00:00,000	00:00:02,000	00:00:04,000
310	0.280693	0.28041	0.280168
311	0.276054	0.275782	0.275546
312	0.271475	0.271218	0.270968
313	0.267022	0.266766	0.266509
314	0.262744	0.262471	0.262214
315	0.258475	0.258183	0.257932
316	0.254238	0.253921	0.253686
317	0.25001	0.249671	0.249451
318	0.245916	0.245599	0.245364
319	0.241823	0.241526	0.241277
320	0.237778	0.237482	0.237223
321	0.233739	0.233442	0.233172
322	0.229756	0.229454	0.229184
323	0.225796	0.225488	0.225221
324	0.22192	0.221616	0.221359
325	0.218117	0.217828	0.217585
326	0.214357	0.214094	0.213853
327	0.210675	0.210458	0.210196
328	0.207001	0.206809	0.206537
329	0.203363	0.203094	0.202871
330	0.199725	0.19938	0.199206
331	0.196082	0.195822	0.195605
332	0.192439	0.192263	0.192005
333	0.188922	0.188772	0.188488
334	0.185433	0.185295	0.184989
335	0.182038	0.181859	0.181545
336	0.178695	0.178446	0.178131
337	0.175282	0.175041	0.174689
338	0.171789	0.171645	0.171216
339	0.168367	0.168272	0.167815
340	0.165109	0.164953	0.164583
341	0.161867	0.161654	0.161365
342	0.158744	0.158487	0.15824
343	0.155621	0.15532	0.155115
344	0.152492	0.152224	0.15204
345	0.149362	0.149133	0.148967
346	0.146191	0.145969	0.145731
347	0.143007	0.142784	0.142448
348	0.13991	0.139636	0.13934
349	0.13687	0.136512	0.136349
350	0.133823	0.133458	0.133352
351	0.130769	0.130498	0.130346
352	0.127735	0.127531	0.127338
353	0.124763	0.124545	0.124325
354	0.121796	0.121563	0.121317
355	0.118878	0.118625	0.118376
356	0.115961	0.115688	0.115434
357	0.112989	0.11275	0.112489
358	0.110012	0.109811	0.109544
359	0.107203	0.107007	0.106712
360	0.104455	0.104253	0.103921
361	0.101726	0.101508	0.10119
362	0.099014	0.098771	0.098506
363	0.096294	0.096052	0.095813
364	0.093562	0.093359	0.093107
365	0.090866	0.090684	0.090428
366	0.088304	0.088071	0.087851
367	0.085744	0.085464	0.085276
368	0.083248	0.08298	0.082763
369	0.080752	0.080495	0.080249
370	0.078176	0.077928	0.077699
371	0.075589	0.075348	0.075144
372	0.073041	0.072833	0.072598
373	0.070509	0.070346	0.070056
374	0.06805	0.067907	0.067603
375	0.065654	0.06551	0.065228
376	0.063281	0.063106	0.062857
377	0.060946	0.060689	0.060494
378	0.058619	0.058308	0.058151
379	0.056324	0.056079	0.055897
380	0.05403	0.053849	0.053643
381	0.051793	0.051624	0.051396
382	0.049555	0.049399	0.049149
383	0.047423	0.04725	0.046997
384	0.045308	0.045114	0.044862
385	0.043191	0.04301	0.042755
386	0.041073	0.04092	0.040661
387	0.03901	0.038869	0.038618
388	0.036999	0.036854	0.036623
389	0.035034	0.034889	0.034661
390	0.033155	0.033017	0.032759
391	0.031258	0.031129	0.03085
392	0.029281	0.029171	0.028907
393	0.027307	0.027215	0.026966
394	0.02549	0.025416	0.025117
395	0.023673	0.023617	0.023269
396	0.022022	0.021923	0.021636
397	0.0204	0.020248	0.020041
398	0.018867	0.018697	0.018535
399	0.017376	0.017204	0.017072
400	0.015778	0.015597	0.015458
401	0.01408	0.013882	0.013701
402	0.012344	0.012121	0.011935
403	0.010536	0.010272	0.010149
404	0.008789	0.008504	0.008426
405	0.007311	0.007099	0.00698
406	0.005835	0.005693	0.005534
407	0.004433	0.004258	0.004137
408	0.003031	0.002822	0.002739
409	0.001583	0.001351	0.001227
410	0.000126	-0.000127	-0.000304
411	-0.001445	-0.001675	-0.001838
412	-0.003068	-0.003255	-0.003372
413	-0.004619	-0.004805	-0.004917
414	-0.006106	-0.006328	-0.006471
415	-0.007631	-0.007874	-0.008027
416	-0.009222	-0.009461	-0.009588
417	-0.010824	-0.011053	-0.01116
418	-0.012464	-0.012665	-0.012782
419	-0.014088	-0.014261	-0.014388
420	-0.015319	-0.01545	-0.015628
421	-0.016549	-0.01664	-0.016867
422	-0.017901	-0.018014	-0.018228
423	-0.01927	-0.019415	-0.019607
424	-0.020548	-0.020661	-0.020872
425	-0.021789	-0.021846	-0.022093
426	-0.022896	-0.022956	-0.02319
427	-0.023893	-0.024004	-0.024187
428	-0.024807	-0.024961	-0.025108
429	-0.025592	-0.025777	-0.02591
430	-0.026368	-0.026578	-0.026706
431	-0.027115	-0.02733	-0.027482
432	-0.027874	-0.028091	-0.028266
433	-0.028782	-0.028977	-0.029164
434	-0.029689	-0.029862	-0.030062
435	-0.030611	-0.030765	-0.030937
436	-0.031533	-0.03167	-0.031811
437	-0.032442	-0.032555	-0.032696
438	-0.033346	-0.033434	-0.033584
439	-0.034141	-0.034229	-0.03439
440	-0.034862	-0.034968	-0.035139
441	-0.035606	-0.035722	-0.035887
442	-0.03638	-0.036495	-0.036634
443	-0.037082	-0.037202	-0.037321
444	-0.037604	-0.037739	-0.037859
445	-0.038127	-0.038277	-0.038399
446	-0.038666	-0.038821	-0.038961
447	-0.039204	-0.039366	-0.039524
448	-0.039759	-0.03988	-0.04004
449	-0.040314	-0.040393	-0.040554
450	-0.040758	-0.040832	-0.040999
451	-0.041176	-0.041253	-0.041427
452	-0.041566	-0.041653	-0.041818
453	-0.041941	-0.042043	-0.042191
454	-0.042353	-0.042481	-0.042623
455	-0.0428	-0.042966	-0.043114
456	-0.043224	-0.043395	-0.043536
457	-0.043604	-0.043722	-0.04383
458	-0.043973	-0.044049	-0.044129
459	-0.044297	-0.044378	-0.044446
460	-0.044619	-0.044706	-0.044764
461	-0.044874	-0.044995	-0.045068
462	-0.04513	-0.045284	-0.045373
463	-0.04542	-0.045579	-0.04567
464	-0.045715	-0.045875	-0.045966
465	-0.045933	-0.046093	-0.046171
466	-0.046124	-0.046284	-0.046343
467	-0.046221	-0.046389	-0.046464
468	-0.046252	-0.046431	-0.046549
469	-0.046303	-0.046453	-0.046592
470	-0.046381	-0.046446	-0.04658
471	-0.046436	-0.046443	-0.046577
472	-0.04643	-0.04645	-0.0466
473	-0.046439	-0.046478	-0.046643
474	-0.046554	-0.046651	-0.046827
475	-0.046669	-0.046824	-0.047012
476	-0.04682	-0.046946	-0.047122
477	-0.046971	-0.047066	-0.04723
478	-0.047078	-0.047181	-0.047337
479	-0.047177	-0.047294	-0.047444
480	-0.047282	-0.047446	-0.047577
481	-0.04739	-0.047615	-0.047723
482	-0.04771	-0.047885	-0.047988
483	-0.048214	-0.04824	-0.048358
484	-0.048636	-0.048606	-0.048718
485	-0.048928	-0.048988	-0.049065
486	-0.049117	-0.049244	-0.049301
487	-0.048983	-0.049106	-0.04919
488	-0.048807	-0.048925	-0.049035
489	-0.048238	-0.048339	-0.048466
490	-0.047669	-0.047753	-0.047896
491	-0.04732	-0.047423	-0.047535
492	-0.046982	-0.047106	-0.047185
493	-0.046754	-0.046901	-0.046988
494	-0.046552	-0.046722	-0.046829
495	-0.04629	-0.046429	-0.046597
496	-0.045998	-0.046075	-0.046328
497	-0.045752	-0.045831	-0.04608
498	-0.045548	-0.045688	-0.045851
499	-0.045392	-0.045568	-0.045686
500	-0.045319	-0.045482	-0.045627
501	-0.045212	-0.045371	-0.045532
502	-0.044992	-0.045171	-0.045316
503	-0.044777	-0.044969	-0.045097
504	-0.044606	-0.044736	-0.044832
505	-0.044435	-0.044504	-0.044567
506	-0.044162	-0.044273	-0.044372
507	-0.043883	-0.044041	-0.044182
508	-0.043754	-0.04388	-0.04402
509	-0.043663	-0.043736	-0.043864
510	-0.043477	-0.043566	-0.043679
511	-0.043243	-0.043384	-0.043479
512	-0.043041	-0.043181	-0.04328
513	-0.042867	-0.042959	-0.043081
514	-0.042698	-0.042783	-0.042921
515	-0.042537	-0.04268	-0.042821
516	-0.042347	-0.042535	-0.042669
517	-0.042068	-0.042264	-0.042356
518	-0.041793	-0.041995	-0.042049
519	-0.041545	-0.04174	-0.041787
520	-0.041298	-0.041484	-0.041525
521	-0.041038	-0.041175	-0.041289
522	-0.040778	-0.040864	-0.041055
523	-0.040535	-0.040621	-0.040802
524	-0.040296	-0.040392	-0.040546
525	-0.040041	-0.040158	-0.040296
526	-0.039779	-0.039921	-0.04005
527	-0.039559	-0.039679	-0.03982
528	-0.039371	-0.039435	-0.039603
529	-0.039148	-0.039206	-0.039381
530	-0.038878	-0.038998	-0.039153
531	-0.038648	-0.038806	-0.038947
532	-0.038516	-0.038657	-0.038794
533	-0.038378	-0.038499	-0.038641
534	-0.03821	-0.038302	-0.038485
535	-0.038041	-0.038106	-0.038327
536	-0.037825	-0.037938	-0.038094
537	-0.03761	-0.037769	-0.037861
538	-0.037446	-0.03759	-0.037703
539	-0.037288	-0.037409	-0.037555
540	-0.037062	-0.03716	-0.037307
541	-0.036815	-0.036889	-0.037027
542	-0.036563	-0.036631	-0.036751
543	-0.036308	-0.036379	-0.036478
544	-0.036009	-0.036079	-0.036166
545	-0.035665	-0.035731	-0.035816
546	-0.035328	-0.035417	-0.035506
547	-0.035002	-0.03516	-0.035265
548	-0.03469	-0.034892	-0.035011
549	-0.034417	-0.034586	-0.034717
550	-0.034147	-0.034282	-0.034424
551	-0.03389	-0.034001	-0.034146
552	-0.033633	-0.03372	-0.033867
553	-0.033391	-0.033529	-0.033649
554	-0.033149	-0.033338	-0.033431
555	-0.032968	-0.033131	-0.033239
556	-0.032798	-0.032922	-0.033051
557	-0.032561	-0.032677	-0.032807
558	-0.032299	-0.03242	-0.032544
559	-0.032078	-0.032211	-0.032331
560	-0.031881	-0.032033	-0.03215
561	-0.031727	-0.031873	-0.031995
562	-0.031617	-0.031732	-0.031868
563	-0.031471	-0.031576	-0.031694
564	-0.031262	-0.031393	-0.031439
565	-0.031125	-0.031271	-0.031274
566	-0.031222	-0.031345	-0.031399
567	-0.03132	-0.031422	-0.031522
568	-0.03143	-0.031525	-0.031626
569	-0.031541	-0.031628	-0.03173
570	-0.031628	-0.031697	-0.031811
571	-0.031715	-0.031766	-0.031892
572	-0.031785	-0.031843	-0.031919
573	-0.031853	-0.031921	-0.031939
574	-0.03183	-0.031902	-0.031938
575	-0.031777	-0.031849	-0.031931
576	-0.031713	-0.031788	-0.031884
577	-0.031642	-0.031722	-0.031812
578	-0.03157	-0.031664	-0.031738
579	-0.031498	-0.031613	-0.03166
580	-0.031391	-0.031502	-0.031542
581	-0.03123	-0.031298	-0.03136
582	-0.03099	-0.031027	-0.031119
583	-0.030544	-0.030583	-0.030719
584	-0.030107	-0.030151	-0.030319
585	-0.029716	-0.029785	-0.029914
586	-0.029321	-0.029414	-0.029506
587	-0.028848	-0.028936	-0.029021
588	-0.028376	-0.028457	-0.028535
589	-0.027966	-0.028043	-0.028103
590	-0.02756	-0.027634	-0.027674
591	-0.027162	-0.027228	-0.027301
592	-0.026765	-0.026824	-0.026941
593	-0.026455	-0.026529	-0.026656
594	-0.026182	-0.026281	-0.026403
595	-0.025864	-0.025977	-0.026084
596	-0.025513	-0.025635	-0.025719
597	-0.025186	-0.025293	-0.02537
598	-0.024884	-0.024949	-0.025037
599	-0.024568	-0.024608	-0.024718
600	-0.024229	-0.024272	-0.024424
601	-0.023908	-0.023951	-0.024131
602	-0.023641	-0.023673	-0.023843
603	-0.023358	-0.023384	-0.023542
604	-0.022984	-0.023027	-0.023162
605	-0.022607	-0.022667	-0.022781
606	-0.022171	-0.022238	-0.022357
607	-0.021735	-0.021808	-0.021933
608	-0.021318	-0.02139	-0.021515
609	-0.020902	-0.020972	-0.021098
610	-0.020597	-0.020691	-0.020769
611	-0.020316	-0.020439	-0.020459
612	-0.020063	-0.020187	-0.02021
613	-0.019821	-0.019935	-0.019986
614	-0.019506	-0.019597	-0.019675
615	-0.019145	-0.019204	-0.019309
616	-0.018784	-0.018846	-0.018946
617	-0.018423	-0.018523	-0.018588
618	-0.018061	-0.018167	-0.018238
619	-0.017696	-0.017766	-0.0179
620	-0.017361	-0.0174	-0.017582
621	-0.017095	-0.01712	-0.017311
622	-0.016807	-0.016832	-0.017011
623	-0.016433	-0.016517	-0.016596
624	-0.01606	-0.016198	-0.016191
625	-0.015698	-0.015851	-0.015879
626	-0.015336	-0.015503	-0.015568
627	-0.015088	-0.015221	-0.015294
628	-0.01484	-0.01494	-0.015022
629	-0.014462	-0.014577	-0.014622
630	-0.014069	-0.014203	-0.014208
631	-0.013724	-0.013842	-0.013878
632	-0.01339	-0.013484	-0.013571
633	-0.013041	-0.013144	-0.013205
634	-0.012684	-0.012811	-0.012814
635	-0.01235	-0.012487	-0.012484
636	-0.012032	-0.01217	-0.012194
637	-0.011735	-0.011871	-0.011928
638	-0.011461	-0.01159	-0.011687
639	-0.011208	-0.011339	-0.011441
640	-0.010987	-0.011131	-0.011185
641	-0.010738	-0.010889	-0.010923
642	-0.010426	-0.01057	-0.010643
643	-0.010134	-0.010273	-0.010376
644	-0.009915	-0.010058	-0.010155
645	-0.009703	-0.009841	-0.009929
646	-0.009536	-0.009624	-0.009671
647	-0.009376	-0.009416	-0.009426
648	-0.009433	-0.009474	-0.009525
649	-0.009489	-0.009532	-0.009623
650	-0.010164	-0.010249	-0.010317
651	-0.010877	-0.011008	-0.011046
652	-0.011866	-0.011988	-0.012011
653	-0.012903	-0.013007	-0.013017
654	-0.013608	-0.013696	-0.013743
655	-0.01421	-0.014283	-0.014383
656	-0.014307	-0.014382	-0.014485
657	-0.014159	-0.014247	-0.014327
658	-0.013582	-0.013662	-0.013728
659	-0.012705	-0.012761	-0.012819
660	-0.011603	-0.011666	-0.011716
661	-0.010276	-0.010379	-0.010419
662	-0.009031	-0.009153	-0.0092
663	-0.007903	-0.008013	-0.008088
664	-0.006926	-0.007043	-0.007143
665	-0.006257	-0.006416	-0.006535
666	-0.005661	-0.005849	-0.005982
667	-0.005287	-0.005467	-0.005597
668	-0.004929	-0.005101	-0.005223
669	-0.004646	-0.004818	-0.004908
670	-0.004371	-0.004547	-0.004607
671	-0.004193	-0.004391	-0.004461
672	-0.004015	-0.004235	-0.004315
673	-0.003847	-0.003993	-0.004138
674	-0.003679	-0.00375	-0.003961
675	-0.003464	-0.003561	-0.003767
676	-0.003245	-0.003376	-0.003571
677	-0.003079	-0.003226	-0.003403
678	-0.002923	-0.003083	-0.003241
679	-0.002756	-0.002916	-0.003037
680	-0.002585	-0.002741	-0.00282
681	-0.00246	-0.002598	-0.00266
682	-0.002355	-0.002472	-0.002526
683	-0.002213	-0.002305	-0.002365
684	-0.002048	-0.002112	-0.002188
685	-0.001896	-0.001961	-0.002047
686	-0.001757	-0.001847	-0.001938
687	-0.001639	-0.001739	-0.001797
688	-0.001545	-0.001638	-0.001618
689	-0.00142	-0.001511	-0.001475
690	-0.001247	-0.001346	-0.00139
691	-0.001057	-0.001154	-0.001267
692	-0.00083	-0.000905	-0.001059
693	-0.000615	-0.000681	-0.000854
694	-0.000432	-0.000534	-0.000662
695	-0.000262	-0.000392	-0.00048
696	-0.000152	-0.000273	-0.000345
697	-0.00003	-0.000144	-0.000208
698	0.000197	0.000065	-0.000059
699	0.000422	0.000276	0.000095
700	0.000601	0.000551	0.000409
701	0.000781	0.000826	0.000723
702	0.000987	0.000967	0.000918
703	0.001194	0.001104	0.001109
704	0.001446	0.001356	0.00135
705	0.001703	0.001621	0.001597
706	0.001925	0.001857	0.00173
707	0.00214	0.002088	0.001839
708	0.002312	0.002273	0.002041
709	0.002471	0.002445	0.00227
710	0.002689	0.002669	0.002502
711	0.002933	0.002916	0.002735
712	0.003146	0.003104	0.002943
713	0.003341	0.003258	0.003137
714	0.003507	0.003387	0.003314
715	0.003654	0.003498	0.003478
716	0.003839	0.003655	0.003652
717	0.004062	0.003854	0.003835
718	0.004252	0.004062	0.004014
719	0.004405	0.00428	0.00419
720	0.004568	0.004497	0.004381
[LOG]
CHECKSUM¢}