[HEADER]
Format	J&M ASCII Table
Comment	
Date	04/03/2026 19:35:37
Order	Y (evenX)
TechType	UV
NumPoints	411
FirstX	310
LastX	720
XType	nm
YType	Absorbance
ZType	s
NumSubFile	3
Matrix	Z vs X
[LOGIN]
Name=pcbob
[INSTRUMENT]
Name=TIDAS E Base UV/VI
Detector=MMS - ASPEN 97,5 kHz
Diodearray=256 Pixel
Serial#=36584
Calibrated=2011-07-01
Range=183.81-729.88 [nm] (F0)

SWVersion=v3.18.2 (build 0)[LOGIN]
Name=pcbob
[CONFIG]
ChannelName=Channel 1
ChannelType=Normalized
[PARAMETER]
It=400,00
Aver=5
Norm=3
Range=310,0-720,0 nm
Scan=Time
ScanTime=5,00 s
[TRIGGER]
Sweep=0
Scan=0
[DIO]
DigOut=0x0000
DigIn=0x0000
[DATA]
	00:00:00,000	00:00:02,000	00:00:04,000
310	0.2982	0.298089	0.29782
311	0.293482	0.293358	0.293085
312	0.288869	0.288717	0.288417
313	0.284303	0.284117	0.283829
314	0.279801	0.279572	0.279354
315	0.275331	0.275082	0.274896
316	0.27096	0.27076	0.270497
317	0.266598	0.266446	0.26611
318	0.262356	0.262246	0.261912
319	0.258114	0.258046	0.257715
320	0.253918	0.253822	0.253556
321	0.249729	0.249594	0.249402
322	0.245705	0.245502	0.245347
323	0.241749	0.241465	0.241332
324	0.237807	0.237536	0.2374
325	0.233876	0.233703	0.233543
326	0.229995	0.229879	0.229688
327	0.226205	0.226072	0.225839
328	0.222419	0.222278	0.222014
329	0.218651	0.218543	0.218301
330	0.214882	0.214809	0.214589
331	0.211149	0.211004	0.2108
332	0.207416	0.2072	0.20701
333	0.203858	0.203598	0.203455
334	0.200339	0.200039	0.199949
335	0.196804	0.196524	0.196456
336	0.193262	0.193032	0.192971
337	0.189705	0.189499	0.18941
338	0.186129	0.185919	0.185764
339	0.182635	0.182431	0.182235
340	0.179334	0.179161	0.178978
341	0.176035	0.175885	0.175719
342	0.172749	0.172567	0.17244
343	0.169463	0.169249	0.169162
344	0.166171	0.166021	0.165874
345	0.162879	0.162797	0.162585
346	0.159647	0.159551	0.159354
347	0.156432	0.156298	0.15614
348	0.153237	0.153065	0.152944
349	0.150055	0.149844	0.149761
350	0.146899	0.146689	0.146581
351	0.14378	0.143623	0.143404
352	0.140652	0.140546	0.140241
353	0.137501	0.137439	0.137119
354	0.13436	0.134333	0.134005
355	0.131338	0.131237	0.130976
356	0.128316	0.128141	0.127947
357	0.125358	0.125258	0.125
358	0.122407	0.122396	0.122062
359	0.119529	0.119546	0.11921
360	0.116677	0.1167	0.116388
361	0.113811	0.113792	0.113527
362	0.110936	0.110837	0.110634
363	0.108077	0.107918	0.107743
364	0.105241	0.105053	0.104858
365	0.102442	0.102245	0.102027
366	0.099772	0.099644	0.099396
367	0.097106	0.097043	0.096769
368	0.094531	0.094446	0.094221
369	0.091955	0.091849	0.091673
370	0.089358	0.089233	0.089029
371	0.086758	0.086614	0.08637
372	0.084127	0.083977	0.083691
373	0.081483	0.081332	0.081003
374	0.078871	0.078719	0.078399
375	0.076287	0.076135	0.07587
376	0.073788	0.073613	0.073402
377	0.071438	0.071204	0.071043
378	0.069092	0.068812	0.068692
379	0.066767	0.066494	0.066376
380	0.06444	0.064176	0.064059
381	0.062069	0.061866	0.061726
382	0.059697	0.059556	0.059392
383	0.057467	0.057328	0.057127
384	0.05526	0.055113	0.054873
385	0.053044	0.052915	0.052656
386	0.050823	0.050724	0.050456
387	0.048667	0.048585	0.048348
388	0.046571	0.046493	0.046328
389	0.044537	0.044464	0.044324
390	0.042618	0.042551	0.042351
391	0.040662	0.040598	0.040353
392	0.03854	0.03847	0.038241
393	0.03642	0.036343	0.036131
394	0.034497	0.0344	0.034182
395	0.032574	0.032456	0.032233
396	0.030891	0.030796	0.030561
397	0.029252	0.029187	0.028938
398	0.027676	0.02758	0.027361
399	0.02613	0.025975	0.025806
400	0.02442	0.024251	0.024096
401	0.022557	0.022416	0.022242
402	0.020663	0.02054	0.02035
403	0.018713	0.018586	0.018386
404	0.01684	0.016716	0.016509
405	0.015318	0.015224	0.015016
406	0.013796	0.013731	0.013523
407	0.01231	0.012257	0.012035
408	0.010824	0.010782	0.010547
409	0.009275	0.009238	0.00898
410	0.007716	0.007682	0.007399
411	0.006144	0.006057	0.005788
412	0.004566	0.004401	0.004165
413	0.002944	0.002762	0.002543
414	0.001281	0.001137	0.000923
415	-0.000385	-0.000528	-0.000723
416	-0.002059	-0.002262	-0.002415
417	-0.003739	-0.003975	-0.004109
418	-0.005449	-0.005605	-0.00581
419	-0.007142	-0.007223	-0.007495
420	-0.008444	-0.008563	-0.008783
421	-0.009746	-0.009903	-0.010072
422	-0.011149	-0.011329	-0.011447
423	-0.012566	-0.012766	-0.012836
424	-0.013911	-0.014089	-0.014178
425	-0.015228	-0.015365	-0.015502
426	-0.016434	-0.016538	-0.016711
427	-0.017552	-0.017628	-0.017829
428	-0.018603	-0.018657	-0.018876
429	-0.019548	-0.019592	-0.019813
430	-0.020481	-0.020519	-0.020737
431	-0.021369	-0.021419	-0.021616
432	-0.022258	-0.02232	-0.022502
433	-0.023145	-0.023232	-0.023486
434	-0.024033	-0.024144	-0.02447
435	-0.025035	-0.025104	-0.025379
436	-0.026047	-0.026069	-0.026281
437	-0.027016	-0.027032	-0.027225
438	-0.027971	-0.027995	-0.028182
439	-0.028806	-0.028828	-0.029
440	-0.029559	-0.029573	-0.029724
441	-0.03034	-0.030361	-0.030499
442	-0.031155	-0.031202	-0.031338
443	-0.031921	-0.031996	-0.032127
444	-0.032562	-0.032666	-0.03279
445	-0.033194	-0.033323	-0.033442
446	-0.033766	-0.033888	-0.034022
447	-0.034338	-0.034454	-0.034602
448	-0.034955	-0.035031	-0.035197
449	-0.035573	-0.035609	-0.035793
450	-0.03607	-0.03612	-0.036291
451	-0.036539	-0.036616	-0.036766
452	-0.036973	-0.037054	-0.037221
453	-0.037389	-0.037461	-0.037665
454	-0.037872	-0.037941	-0.03816
455	-0.03842	-0.038493	-0.038705
456	-0.038904	-0.038978	-0.039183
457	-0.03927	-0.039336	-0.039535
458	-0.039632	-0.039694	-0.039886
459	-0.039985	-0.040054	-0.040241
460	-0.040338	-0.040412	-0.040595
461	-0.040716	-0.040733	-0.04095
462	-0.041094	-0.041054	-0.041306
463	-0.041416	-0.041457	-0.041652
464	-0.041732	-0.041871	-0.041997
465	-0.042027	-0.042106	-0.042285
466	-0.042315	-0.042277	-0.042553
467	-0.042526	-0.042457	-0.042761
468	-0.042682	-0.042643	-0.042927
469	-0.042844	-0.042823	-0.04309
470	-0.043016	-0.042994	-0.04325
471	-0.04316	-0.043131	-0.043385
472	-0.043232	-0.043178	-0.043456
473	-0.043318	-0.043253	-0.043542
474	-0.04349	-0.043508	-0.043726
475	-0.043662	-0.043764	-0.043909
476	-0.043767	-0.043871	-0.044065
477	-0.043871	-0.043976	-0.044221
478	-0.044021	-0.044094	-0.044345
479	-0.04418	-0.044214	-0.044464
480	-0.044333	-0.044343	-0.044569
481	-0.044485	-0.044476	-0.044668
482	-0.044703	-0.044711	-0.044903
483	-0.044977	-0.045033	-0.045253
484	-0.045252	-0.045331	-0.04556
485	-0.045528	-0.045589	-0.045799
486	-0.045733	-0.045784	-0.045975
487	-0.045715	-0.045781	-0.045955
488	-0.045658	-0.045739	-0.045894
489	-0.045235	-0.045321	-0.045455
490	-0.044812	-0.044904	-0.045015
491	-0.044586	-0.044678	-0.044794
492	-0.044371	-0.044463	-0.044586
493	-0.044199	-0.044276	-0.04444
494	-0.044038	-0.044096	-0.04431
495	-0.043846	-0.043891	-0.044089
496	-0.043639	-0.043673	-0.043821
497	-0.043468	-0.043474	-0.043636
498	-0.04333	-0.043295	-0.043529
499	-0.043224	-0.043165	-0.043448
500	-0.043172	-0.043119	-0.043413
501	-0.043095	-0.04306	-0.043348
502	-0.042936	-0.042956	-0.043182
503	-0.042775	-0.04284	-0.043013
504	-0.042595	-0.042598	-0.042813
505	-0.042415	-0.042357	-0.042613
506	-0.042203	-0.042142	-0.042431
507	-0.041989	-0.041928	-0.042249
508	-0.041851	-0.041834	-0.042119
509	-0.041732	-0.04177	-0.042001
510	-0.04159	-0.041643	-0.041847
511	-0.041436	-0.041484	-0.041674
512	-0.041282	-0.041336	-0.041519
513	-0.041129	-0.041198	-0.04138
514	-0.040988	-0.04107	-0.041243
515	-0.040866	-0.040958	-0.041108
516	-0.040711	-0.040814	-0.040956
517	-0.040454	-0.040567	-0.040752
518	-0.040201	-0.040321	-0.040547
519	-0.039983	-0.040082	-0.040342
520	-0.039764	-0.039842	-0.040136
521	-0.039538	-0.039613	-0.039904
522	-0.03931	-0.039384	-0.039671
523	-0.039099	-0.039165	-0.039416
524	-0.038891	-0.038948	-0.039156
525	-0.03865	-0.038715	-0.038927
526	-0.038394	-0.038474	-0.038711
527	-0.038157	-0.03825	-0.038497
528	-0.037935	-0.03804	-0.038286
529	-0.037737	-0.037829	-0.038068
530	-0.03757	-0.037616	-0.03784
531	-0.037411	-0.03743	-0.037631
532	-0.037269	-0.037306	-0.037466
533	-0.037117	-0.037169	-0.037302
534	-0.036914	-0.036968	-0.037138
535	-0.036712	-0.036768	-0.036974
536	-0.036548	-0.036599	-0.036822
537	-0.036383	-0.03643	-0.03667
538	-0.036228	-0.036248	-0.036495
539	-0.036074	-0.036065	-0.036317
540	-0.035818	-0.035814	-0.03606
541	-0.035529	-0.035543	-0.035779
542	-0.035245	-0.03528	-0.035506
543	-0.034963	-0.035023	-0.035238
544	-0.034687	-0.034742	-0.034949
545	-0.034416	-0.034438	-0.034639
546	-0.03413	-0.034132	-0.034347
547	-0.033818	-0.033826	-0.034085
548	-0.033525	-0.033547	-0.033823
549	-0.033288	-0.033354	-0.033563
550	-0.033048	-0.033151	-0.033303
551	-0.03278	-0.032871	-0.033045
552	-0.032512	-0.032591	-0.032787
553	-0.032317	-0.032375	-0.032567
554	-0.032124	-0.03216	-0.032347
555	-0.031893	-0.031942	-0.03214
556	-0.031656	-0.031724	-0.031936
557	-0.031399	-0.031461	-0.031685
558	-0.031136	-0.031181	-0.031417
559	-0.030895	-0.030931	-0.03117
560	-0.03067	-0.030698	-0.030935
561	-0.030512	-0.030528	-0.030749
562	-0.030425	-0.030423	-0.030614
563	-0.030293	-0.030279	-0.030451
564	-0.03008	-0.030064	-0.030238
565	-0.029912	-0.029896	-0.030072
566	-0.029892	-0.029878	-0.030057
567	-0.029875	-0.029867	-0.030048
568	-0.029881	-0.029911	-0.030087
569	-0.029887	-0.029954	-0.030126
570	-0.029882	-0.029935	-0.030082
571	-0.029877	-0.029915	-0.030038
572	-0.029879	-0.029904	-0.030021
573	-0.029881	-0.029894	-0.030008
574	-0.029813	-0.029842	-0.029942
575	-0.029722	-0.029775	-0.029859
576	-0.02962	-0.029671	-0.029763
577	-0.029513	-0.029545	-0.029659
578	-0.02939	-0.029418	-0.029551
579	-0.029253	-0.029288	-0.02944
580	-0.029114	-0.029135	-0.029305
581	-0.028973	-0.028946	-0.029134
582	-0.028765	-0.028707	-0.028902
583	-0.028382	-0.028337	-0.028511
584	-0.027998	-0.027965	-0.028124
585	-0.027609	-0.027582	-0.027756
586	-0.027219	-0.027197	-0.027384
587	-0.026774	-0.026782	-0.026927
588	-0.02633	-0.026366	-0.026471
589	-0.025951	-0.025983	-0.026116
590	-0.025576	-0.025602	-0.025768
591	-0.025176	-0.025207	-0.025372
592	-0.024771	-0.02481	-0.024964
593	-0.02448	-0.024489	-0.024668
594	-0.024239	-0.024201	-0.02442
595	-0.023934	-0.023888	-0.0241
596	-0.023584	-0.023557	-0.023732
597	-0.023241	-0.023229	-0.023397
598	-0.022906	-0.022902	-0.023099
599	-0.022555	-0.022564	-0.022771
600	-0.02218	-0.022206	-0.022392
601	-0.021836	-0.021869	-0.022037
602	-0.021584	-0.021596	-0.021754
603	-0.021317	-0.021315	-0.021463
604	-0.020963	-0.020982	-0.021123
605	-0.020606	-0.020645	-0.020781
606	-0.020172	-0.020189	-0.020372
607	-0.019737	-0.019734	-0.019962
608	-0.019336	-0.019341	-0.01954
609	-0.018937	-0.018954	-0.019118
610	-0.018639	-0.018668	-0.018853
611	-0.018364	-0.018404	-0.018622
612	-0.018089	-0.018127	-0.018377
613	-0.017815	-0.017845	-0.018125
614	-0.017523	-0.017543	-0.017793
615	-0.01722	-0.017229	-0.017409
616	-0.016893	-0.016893	-0.017043
617	-0.016542	-0.016538	-0.016695
618	-0.016189	-0.016184	-0.016354
619	-0.015835	-0.015833	-0.016026
620	-0.015513	-0.015512	-0.015707
621	-0.01527	-0.015264	-0.015408
622	-0.014997	-0.014987	-0.015105
623	-0.0146	-0.014592	-0.014787
624	-0.014206	-0.014201	-0.014463
625	-0.013837	-0.013851	-0.014086
626	-0.013469	-0.013501	-0.013708
627	-0.013195	-0.01323	-0.013416
628	-0.012923	-0.01296	-0.013123
629	-0.012524	-0.012543	-0.012797
630	-0.012111	-0.012107	-0.012467
631	-0.011788	-0.011813	-0.012107
632	-0.011489	-0.011556	-0.011739
633	-0.011157	-0.011242	-0.011392
634	-0.01081	-0.010904	-0.011053
635	-0.01048	-0.010572	-0.010713
636	-0.010162	-0.010244	-0.010371
637	-0.009871	-0.009937	-0.010058
638	-0.009607	-0.00965	-0.009774
639	-0.00935	-0.009391	-0.009534
640	-0.009102	-0.009172	-0.009357
641	-0.008839	-0.008923	-0.00913
642	-0.008545	-0.008608	-0.008794
643	-0.00825	-0.0083	-0.008474
644	-0.007954	-0.008015	-0.008211
645	-0.007671	-0.007742	-0.007958
646	-0.007485	-0.007551	-0.007769
647	-0.007304	-0.007365	-0.007586
648	-0.007306	-0.007328	-0.007559
649	-0.007307	-0.007292	-0.007532
650	-0.007892	-0.007829	-0.008079
651	-0.008513	-0.008401	-0.008661
652	-0.009298	-0.009219	-0.009469
653	-0.010111	-0.01008	-0.010315
654	-0.010698	-0.0107	-0.010889
655	-0.011215	-0.011244	-0.011378
656	-0.011267	-0.011298	-0.011421
657	-0.011095	-0.011115	-0.011249
658	-0.01059	-0.010573	-0.010719
659	-0.00985	-0.009779	-0.009936
660	-0.008861	-0.008782	-0.008933
661	-0.007622	-0.007583	-0.007708
662	-0.006454	-0.006468	-0.006591
663	-0.005387	-0.005473	-0.005624
664	-0.004505	-0.004625	-0.004781
665	-0.003999	-0.004075	-0.004189
666	-0.003514	-0.003567	-0.003658
667	-0.003091	-0.003182	-0.003312
668	-0.002692	-0.002801	-0.002982
669	-0.00242	-0.002439	-0.002733
670	-0.002155	-0.002094	-0.002489
671	-0.001959	-0.001944	-0.002287
672	-0.001763	-0.001794	-0.002085
673	-0.001554	-0.001587	-0.001792
674	-0.001345	-0.00138	-0.001498
675	-0.001133	-0.001162	-0.001287
676	-0.000921	-0.000943	-0.001083
677	-0.000784	-0.000779	-0.00097
678	-0.00066	-0.000626	-0.000874
679	-0.00049	-0.000485	-0.000686
680	-0.000305	-0.000347	-0.00047
681	-0.000144	-0.00017	-0.00033
682	0.000008	0.000027	-0.000227
683	0.000157	0.000224	-0.000068
684	0.000304	0.000421	0.000127
685	0.000487	0.000559	0.00031
686	0.000701	0.000646	0.000484
687	0.000885	0.000786	0.000644
688	0.001034	0.000989	0.000789
689	0.001194	0.001176	0.00096
690	0.001375	0.001336	0.00117
691	0.001559	0.001504	0.001367
692	0.001751	0.001688	0.001532
693	0.001932	0.00187	0.001715
694	0.00208	0.002046	0.00195
695	0.002233	0.002228	0.002161
696	0.002411	0.002439	0.002261
697	0.002589	0.002644	0.002372
698	0.002783	0.002793	0.002583
699	0.002979	0.002948	0.002797
700	0.00325	0.003263	0.003078
701	0.003521	0.003578	0.003358
702	0.003722	0.003779	0.003575
703	0.003921	0.003976	0.00379
704	0.004148	0.004171	0.003973
705	0.004378	0.004367	0.004153
706	0.004567	0.004557	0.004359
707	0.004747	0.004745	0.004571
708	0.004964	0.00497	0.004778
709	0.005191	0.005205	0.004984
710	0.005454	0.005408	0.005242
711	0.005732	0.005598	0.005522
712	0.0059	0.005772	0.005726
713	0.006006	0.005937	0.005888
714	0.006162	0.00614	0.006042
715	0.006354	0.00637	0.00619
716	0.006553	0.006588	0.006377
717	0.006757	0.006795	0.0066
718	0.006957	0.006955	0.006784
719	0.00715	0.00706	0.006923
720	0.007356	0.007244	0.007083
[LOG]
CHECKSUMì;