[HEADER]
Format	J&M ASCII Table
Comment	
Date	04/03/2026 19:33:21
Order	Y (evenX)
TechType	UV
NumPoints	411
FirstX	310
LastX	720
XType	nm
YType	Absorbance
ZType	s
NumSubFile	3
Matrix	Z vs X
[LOGIN]
Name=pcbob
[INSTRUMENT]
Name=TIDAS E Base UV/VI
Detector=MMS - ASPEN 97,5 kHz
Diodearray=256 Pixel
Serial#=36584
Calibrated=2011-07-01
Range=183.81-729.88 [nm] (F0)

SWVersion=v3.18.2 (build 0)[LOGIN]
Name=pcbob
[CONFIG]
ChannelName=Channel 1
ChannelType=Normalized
[PARAMETER]
It=400,00
Aver=5
Norm=3
Range=310,0-720,0 nm
Scan=Time
ScanTime=5,00 s
[TRIGGER]
Sweep=0
Scan=0
[DIO]
DigOut=0x0000
DigIn=0x0000
[DATA]
	00:00:00,000	00:00:02,000	00:00:04,000
310	0.296985	0.296648	0.29639
311	0.292287	0.291921	0.291658
312	0.287685	0.28729	0.287034
313	0.283124	0.282729	0.282469
314	0.278619	0.278262	0.277987
315	0.274152	0.273818	0.273536
316	0.269802	0.269443	0.269182
317	0.265462	0.265083	0.26484
318	0.261276	0.260946	0.260664
319	0.25709	0.256809	0.256487
320	0.25294	0.252692	0.252348
321	0.248795	0.248578	0.248214
322	0.244741	0.244523	0.244177
323	0.240723	0.240492	0.24018
324	0.236805	0.236525	0.236225
325	0.232976	0.232612	0.232306
326	0.229172	0.228751	0.228444
327	0.225416	0.224981	0.224685
328	0.221666	0.221221	0.220947
329	0.217947	0.217509	0.217299
330	0.214227	0.213798	0.213652
331	0.21044	0.210084	0.20986
332	0.206653	0.206371	0.206069
333	0.203099	0.202832	0.20252
334	0.199596	0.199331	0.199022
335	0.196114	0.195832	0.195559
336	0.192644	0.192334	0.192114
337	0.189099	0.188804	0.188582
338	0.185472	0.185239	0.184951
339	0.181986	0.181766	0.181435
340	0.178835	0.178506	0.178186
341	0.175666	0.175246	0.174942
342	0.172365	0.171982	0.171724
343	0.169065	0.168717	0.168506
344	0.165815	0.165478	0.165214
345	0.162568	0.162239	0.161918
346	0.159357	0.159023	0.158689
347	0.156155	0.155812	0.15548
348	0.152959	0.152616	0.152303
349	0.149766	0.149428	0.149149
350	0.146617	0.146277	0.146032
351	0.143525	0.143176	0.142965
352	0.140433	0.140079	0.139893
353	0.137339	0.136996	0.136803
354	0.134247	0.133919	0.133716
355	0.131186	0.130934	0.130655
356	0.128124	0.127949	0.127594
357	0.125217	0.124952	0.124664
358	0.122325	0.121953	0.121748
359	0.119474	0.119135	0.118897
360	0.116638	0.116383	0.116072
361	0.113791	0.11354	0.113214
362	0.110936	0.110623	0.110332
363	0.108089	0.107752	0.107462
364	0.105253	0.10495	0.104612
365	0.102454	0.102174	0.101813
366	0.099784	0.099491	0.099199
367	0.097122	0.096816	0.096589
368	0.094642	0.094308	0.094046
369	0.092161	0.091799	0.091504
370	0.089482	0.089165	0.088872
371	0.086774	0.086512	0.086227
372	0.084128	0.083864	0.083612
373	0.081508	0.081218	0.08101
374	0.07894	0.078645	0.078442
375	0.076417	0.076137	0.075905
376	0.073936	0.073679	0.073418
377	0.071529	0.071311	0.07102
378	0.069147	0.06895	0.068638
379	0.066873	0.066615	0.066332
380	0.064598	0.064282	0.064024
381	0.062295	0.062003	0.061695
382	0.059992	0.059725	0.059366
383	0.057765	0.057483	0.057136
384	0.055551	0.055249	0.054923
385	0.053333	0.053055	0.052738
386	0.051112	0.050879	0.050568
387	0.048952	0.048751	0.048439
388	0.046851	0.046667	0.04635
389	0.044807	0.044637	0.044338
390	0.04287	0.042709	0.042469
391	0.040911	0.040743	0.040554
392	0.038854	0.038604	0.03843
393	0.036798	0.036468	0.036309
394	0.034891	0.034596	0.034398
395	0.032983	0.032723	0.032487
396	0.031316	0.031055	0.03084
397	0.029692	0.029423	0.02924
398	0.02814	0.027856	0.027666
399	0.026622	0.02632	0.026105
400	0.024928	0.024635	0.024424
401	0.023069	0.02281	0.022629
402	0.021191	0.020955	0.020801
403	0.019275	0.019047	0.018914
404	0.017429	0.01721	0.017088
405	0.015899	0.015685	0.015536
406	0.014372	0.014162	0.013986
407	0.012989	0.01273	0.01254
408	0.011607	0.011297	0.011095
409	0.010071	0.009804	0.009583
410	0.00851	0.0083	0.008061
411	0.006902	0.006688	0.006472
412	0.005273	0.005028	0.004852
413	0.003641	0.003411	0.003232
414	0.002005	0.001834	0.001612
415	0.000354	0.000209	-0.000026
416	-0.001325	-0.001501	-0.001696
417	-0.003001	-0.003196	-0.003357
418	-0.00467	-0.004831	-0.004982
419	-0.006322	-0.006452	-0.006594
420	-0.007563	-0.007732	-0.007908
421	-0.008803	-0.009013	-0.009223
422	-0.010198	-0.010416	-0.010564
423	-0.011616	-0.011837	-0.011909
424	-0.012969	-0.013113	-0.013213
425	-0.014297	-0.01433	-0.014501
426	-0.015478	-0.015507	-0.015686
427	-0.016541	-0.016651	-0.016788
428	-0.017527	-0.017692	-0.017818
429	-0.018396	-0.018573	-0.018736
430	-0.019266	-0.019457	-0.019637
431	-0.020143	-0.020353	-0.020484
432	-0.021022	-0.021246	-0.021336
433	-0.021933	-0.022115	-0.022252
434	-0.022845	-0.022983	-0.023167
435	-0.023793	-0.023929	-0.024101
436	-0.024744	-0.024883	-0.025037
437	-0.025704	-0.025827	-0.025963
438	-0.026666	-0.026768	-0.026886
439	-0.027449	-0.027591	-0.027684
440	-0.028111	-0.028336	-0.028397
441	-0.028844	-0.029093	-0.029144
442	-0.029668	-0.029864	-0.029934
443	-0.030438	-0.030607	-0.03068
444	-0.03107	-0.031277	-0.031314
445	-0.0317	-0.031935	-0.03194
446	-0.032306	-0.032505	-0.032519
447	-0.032913	-0.033075	-0.033098
448	-0.033465	-0.033589	-0.033667
449	-0.034015	-0.034101	-0.034235
450	-0.034493	-0.034593	-0.034715
451	-0.034954	-0.035081	-0.035174
452	-0.035395	-0.035515	-0.035591
453	-0.035825	-0.035922	-0.035987
454	-0.036284	-0.036395	-0.036461
455	-0.036774	-0.036932	-0.037011
456	-0.037208	-0.037402	-0.037484
457	-0.03754	-0.037748	-0.03781
458	-0.03788	-0.03808	-0.038142
459	-0.038258	-0.038349	-0.038497
460	-0.038633	-0.038625	-0.038851
461	-0.038953	-0.039029	-0.03918
462	-0.039274	-0.039433	-0.03951
463	-0.03961	-0.039768	-0.039813
464	-0.039949	-0.040094	-0.040113
465	-0.040187	-0.040335	-0.040374
466	-0.040389	-0.040544	-0.04062
467	-0.040569	-0.040704	-0.04083
468	-0.040734	-0.040828	-0.041013
469	-0.040885	-0.040968	-0.041136
470	-0.041018	-0.041129	-0.041181
471	-0.041134	-0.041277	-0.041246
472	-0.041208	-0.041392	-0.041361
473	-0.041293	-0.041511	-0.041482
474	-0.041453	-0.041662	-0.041652
475	-0.041613	-0.041812	-0.041821
476	-0.041772	-0.041893	-0.041937
477	-0.041931	-0.041972	-0.042053
478	-0.042003	-0.042069	-0.042122
479	-0.042057	-0.042169	-0.042182
480	-0.042171	-0.042279	-0.042318
481	-0.042314	-0.042394	-0.042488
482	-0.042569	-0.04262	-0.042716
483	-0.042921	-0.042943	-0.042995
484	-0.043215	-0.043251	-0.043256
485	-0.043419	-0.043535	-0.04349
486	-0.043573	-0.04373	-0.043671
487	-0.043573	-0.043648	-0.043684
488	-0.04353	-0.043532	-0.043654
489	-0.043074	-0.043099	-0.043224
490	-0.042617	-0.042665	-0.042793
491	-0.042335	-0.04245	-0.042534
492	-0.042061	-0.042247	-0.042284
493	-0.041884	-0.042083	-0.042115
494	-0.04173	-0.041929	-0.041965
495	-0.041515	-0.0417	-0.041735
496	-0.04127	-0.041433	-0.041464
497	-0.041076	-0.041219	-0.041259
498	-0.040932	-0.041055	-0.041117
499	-0.040816	-0.040933	-0.041006
500	-0.040748	-0.040885	-0.040949
501	-0.040659	-0.040805	-0.040867
502	-0.040497	-0.040621	-0.040702
503	-0.040335	-0.040439	-0.040532
504	-0.040177	-0.040279	-0.040299
505	-0.040019	-0.040118	-0.040065
506	-0.039819	-0.039925	-0.039937
507	-0.039618	-0.039729	-0.039814
508	-0.03949	-0.03956	-0.039654
509	-0.03938	-0.039398	-0.039484
510	-0.039244	-0.039274	-0.039332
511	-0.039093	-0.039168	-0.039187
512	-0.038917	-0.039026	-0.03903
513	-0.038717	-0.038849	-0.038862
514	-0.038539	-0.038684	-0.038715
515	-0.038398	-0.038538	-0.038601
516	-0.038234	-0.038364	-0.038452
517	-0.037999	-0.038101	-0.038193
518	-0.037764	-0.037845	-0.037937
519	-0.03753	-0.037641	-0.037701
520	-0.037296	-0.037437	-0.037465
521	-0.037077	-0.037196	-0.037226
522	-0.036859	-0.036954	-0.036986
523	-0.036627	-0.036715	-0.03672
524	-0.036392	-0.036475	-0.036448
525	-0.036117	-0.036219	-0.036205
526	-0.035824	-0.035957	-0.035974
527	-0.03563	-0.035748	-0.035788
528	-0.035511	-0.035583	-0.035638
529	-0.035352	-0.035398	-0.035445
530	-0.035139	-0.035186	-0.035195
531	-0.03493	-0.034993	-0.034989
532	-0.034735	-0.034845	-0.034885
533	-0.034546	-0.03469	-0.03477
534	-0.034395	-0.034505	-0.034586
535	-0.034242	-0.03432	-0.034403
536	-0.03406	-0.03415	-0.034233
537	-0.033878	-0.033979	-0.034064
538	-0.033716	-0.033802	-0.033863
539	-0.033556	-0.033624	-0.033659
540	-0.033364	-0.033426	-0.033439
541	-0.033161	-0.033223	-0.033214
542	-0.032928	-0.032974	-0.032973
543	-0.032678	-0.032699	-0.032723
544	-0.032366	-0.032396	-0.032422
545	-0.031992	-0.032065	-0.03207
546	-0.031658	-0.031748	-0.031749
547	-0.03139	-0.031455	-0.03148
548	-0.031114	-0.031154	-0.031202
549	-0.030816	-0.030826	-0.030896
550	-0.030526	-0.030512	-0.030597
551	-0.030307	-0.030303	-0.030358
552	-0.030087	-0.030095	-0.030118
553	-0.029829	-0.029878	-0.029951
554	-0.02957	-0.029662	-0.029786
555	-0.029385	-0.029455	-0.02957
556	-0.029212	-0.02925	-0.029347
557	-0.028971	-0.028996	-0.029069
558	-0.028704	-0.028725	-0.028771
559	-0.028449	-0.028513	-0.028537
560	-0.028201	-0.028339	-0.028345
561	-0.028019	-0.028164	-0.028168
562	-0.027907	-0.027987	-0.028007
563	-0.027737	-0.027792	-0.027832
564	-0.027463	-0.027567	-0.027633
565	-0.027269	-0.027398	-0.027479
566	-0.027329	-0.027413	-0.027468
567	-0.027385	-0.02743	-0.027464
568	-0.027408	-0.027457	-0.027511
569	-0.027432	-0.027485	-0.027558
570	-0.027473	-0.027521	-0.02756
571	-0.027514	-0.027558	-0.027563
572	-0.02749	-0.02754	-0.027559
573	-0.027457	-0.027513	-0.027554
574	-0.027406	-0.02745	-0.027498
575	-0.027349	-0.027375	-0.027425
576	-0.027262	-0.027285	-0.027325
577	-0.027157	-0.027185	-0.027207
578	-0.027051	-0.027087	-0.027089
579	-0.026944	-0.026992	-0.026969
580	-0.026782	-0.026853	-0.026832
581	-0.026537	-0.026647	-0.02667
582	-0.026262	-0.026389	-0.02644
583	-0.025908	-0.025994	-0.026032
584	-0.02555	-0.025597	-0.025631
585	-0.025168	-0.025189	-0.025262
586	-0.024783	-0.024779	-0.024888
587	-0.024328	-0.02434	-0.024416
588	-0.023872	-0.023902	-0.023943
589	-0.023459	-0.02347	-0.023537
590	-0.023049	-0.023039	-0.023136
591	-0.022653	-0.022692	-0.022749
592	-0.02226	-0.022364	-0.022366
593	-0.021968	-0.022067	-0.022067
594	-0.021719	-0.021783	-0.021804
595	-0.021404	-0.021463	-0.021478
596	-0.021042	-0.021118	-0.021107
597	-0.020711	-0.020788	-0.020764
598	-0.020413	-0.020473	-0.020451
599	-0.020089	-0.020145	-0.020131
600	-0.019717	-0.019796	-0.019797
601	-0.01937	-0.019462	-0.019477
602	-0.019095	-0.019177	-0.019196
603	-0.018808	-0.018877	-0.018902
604	-0.018447	-0.018491	-0.018531
605	-0.018084	-0.018106	-0.018157
606	-0.017684	-0.017716	-0.017723
607	-0.017284	-0.017327	-0.017289
608	-0.01686	-0.016894	-0.016888
609	-0.016433	-0.016458	-0.016491
610	-0.016151	-0.016193	-0.016181
611	-0.015899	-0.015965	-0.01589
612	-0.015625	-0.015694	-0.015645
613	-0.015341	-0.015406	-0.015418
614	-0.015	-0.015068	-0.015085
615	-0.014623	-0.014697	-0.014684
616	-0.014267	-0.014343	-0.01432
617	-0.013932	-0.014003	-0.013991
618	-0.013598	-0.013666	-0.013651
619	-0.013264	-0.013331	-0.013296
620	-0.012952	-0.013003	-0.012955
621	-0.012691	-0.012689	-0.012646
622	-0.012402	-0.012372	-0.012334
623	-0.011996	-0.012043	-0.012002
624	-0.011598	-0.011709	-0.011667
625	-0.011281	-0.011335	-0.011299
626	-0.010964	-0.010961	-0.010931
627	-0.010666	-0.010673	-0.010678
628	-0.010369	-0.010387	-0.010424
629	-0.009957	-0.009972	-0.009996
630	-0.00953	-0.009543	-0.009547
631	-0.009216	-0.009199	-0.009249
632	-0.008931	-0.008879	-0.008991
633	-0.008579	-0.008521	-0.008628
634	-0.008196	-0.008148	-0.008219
635	-0.007856	-0.00785	-0.007873
636	-0.007544	-0.007603	-0.007569
637	-0.007264	-0.007332	-0.007293
638	-0.007016	-0.007039	-0.007046
639	-0.00676	-0.00677	-0.006816
640	-0.00649	-0.006535	-0.006613
641	-0.006199	-0.006282	-0.006365
642	-0.005859	-0.005989	-0.006021
643	-0.005543	-0.005696	-0.005694
644	-0.00531	-0.0054	-0.00543
645	-0.005082	-0.005118	-0.005176
646	-0.004887	-0.004925	-0.00499
647	-0.004699	-0.00474	-0.004809
648	-0.004704	-0.004752	-0.004769
649	-0.004709	-0.004765	-0.004729
650	-0.005266	-0.005316	-0.005305
651	-0.005857	-0.0059	-0.005919
652	-0.006698	-0.006728	-0.006738
653	-0.007582	-0.007598	-0.007592
654	-0.008194	-0.008226	-0.00821
655	-0.008721	-0.008778	-0.008754
656	-0.008758	-0.008828	-0.008807
657	-0.008558	-0.008634	-0.008622
658	-0.008027	-0.00809	-0.008076
659	-0.007264	-0.007298	-0.007276
660	-0.006278	-0.006314	-0.006285
661	-0.005069	-0.005138	-0.005104
662	-0.003923	-0.003999	-0.003942
663	-0.002864	-0.002914	-0.002804
664	-0.001952	-0.001998	-0.001876
665	-0.001338	-0.001426	-0.001374
666	-0.000796	-0.000906	-0.000888
667	-0.000476	-0.000543	-0.000453
668	-0.00016	-0.00019	-0.000057
669	0.000141	0.000105	0.000143
670	0.000431	0.000392	0.000341
671	0.000615	0.000582	0.000527
672	0.000798	0.000773	0.000712
673	0.001035	0.001003	0.000964
674	0.001272	0.001232	0.001215
675	0.001435	0.001431	0.001417
676	0.001591	0.001626	0.001616
677	0.001789	0.001784	0.001749
678	0.001994	0.001935	0.00187
679	0.002169	0.002121	0.002064
680	0.002334	0.002319	0.002281
681	0.0025	0.002485	0.002459
682	0.002667	0.002636	0.002618
683	0.002837	0.002794	0.002799
684	0.003009	0.002957	0.002994
685	0.003175	0.003123	0.003178
686	0.003334	0.003292	0.003352
687	0.003481	0.003473	0.003524
688	0.003613	0.003669	0.003691
689	0.003781	0.003828	0.00383
690	0.004007	0.003929	0.003924
691	0.004216	0.004076	0.004057
692	0.004386	0.004326	0.004278
693	0.004564	0.004553	0.004516
694	0.004768	0.004713	0.00481
695	0.004963	0.004872	0.005065
696	0.005118	0.005027	0.005127
697	0.005282	0.005195	0.005208
698	0.005522	0.005482	0.005464
699	0.005765	0.005768	0.005721
700	0.006055	0.005993	0.006012
701	0.006345	0.006218	0.006302
702	0.006431	0.006356	0.006405
703	0.006508	0.006492	0.006501
704	0.006726	0.006773	0.006752
705	0.00696	0.00707	0.00702
706	0.007158	0.007203	0.007246
707	0.007349	0.007304	0.007463
708	0.007619	0.007512	0.007649
709	0.007912	0.007752	0.007826
710	0.008142	0.008014	0.008022
711	0.008344	0.008286	0.008227
712	0.008515	0.008458	0.00844
713	0.008669	0.008573	0.008658
714	0.008832	0.008746	0.008843
715	0.009003	0.00896	0.009003
716	0.009171	0.009147	0.009167
717	0.009337	0.00931	0.009336
718	0.009521	0.009481	0.009503
719	0.009727	0.009661	0.00967
720	0.009957	0.009868	0.00988
[LOG]
CHECKSUMa¿