[HEADER]
Format	J&M ASCII Table
Comment	
Date	04/03/2026 19:12:54
Order	Y (evenX)
TechType	UV
NumPoints	411
FirstX	310
LastX	720
XType	nm
YType	Absorbance
ZType	s
NumSubFile	3
Matrix	Z vs X
[LOGIN]
Name=pcbob
[INSTRUMENT]
Name=TIDAS E Base UV/VI
Detector=MMS - ASPEN 97,5 kHz
Diodearray=256 Pixel
Serial#=36584
Calibrated=2011-07-01
Range=183.81-729.88 [nm] (F0)

SWVersion=v3.18.2 (build 0)[LOGIN]
Name=pcbob
[CONFIG]
ChannelName=Channel 1
ChannelType=Normalized
[PARAMETER]
It=400,00
Aver=5
Norm=3
Range=310,0-720,0 nm
Scan=Time
ScanTime=5,00 s
[TRIGGER]
Sweep=0
Scan=0
[DIO]
DigOut=0x0000
DigIn=0x0000
[DATA]
	00:00:00,000	00:00:02,000	00:00:04,000
310	0.237133	0.236891	0.236566
311	0.233092	0.232836	0.232529
312	0.229115	0.228833	0.228551
313	0.225237	0.224954	0.224683
314	0.221498	0.221245	0.220967
315	0.217777	0.217539	0.217259
316	0.214116	0.213842	0.213576
317	0.210466	0.210159	0.209907
318	0.206987	0.206675	0.206445
319	0.203509	0.203192	0.202983
320	0.200021	0.199763	0.199474
321	0.196531	0.196342	0.195959
322	0.193099	0.192921	0.192536
323	0.189689	0.189502	0.189151
324	0.186391	0.186199	0.185867
325	0.18319	0.182998	0.182673
326	0.179993	0.17981	0.179476
327	0.176803	0.176643	0.176273
328	0.173636	0.173483	0.173095
329	0.170574	0.170353	0.170034
330	0.167512	0.167222	0.166972
331	0.164436	0.164162	0.163862
332	0.161361	0.161102	0.160752
333	0.158384	0.158159	0.157806
334	0.155427	0.15524	0.154895
335	0.152515	0.152357	0.151984
336	0.149626	0.149492	0.149074
337	0.146707	0.14657	0.146172
338	0.143756	0.143586	0.143279
339	0.140864	0.140672	0.140425
340	0.138111	0.137927	0.137663
341	0.135357	0.13518	0.134899
342	0.132594	0.13243	0.132115
343	0.12983	0.12968	0.12933
344	0.127191	0.126976	0.126679
345	0.124559	0.124275	0.124035
346	0.121899	0.121582	0.121371
347	0.119231	0.118891	0.118702
348	0.116579	0.116261	0.116031
349	0.113936	0.113672	0.11336
350	0.111318	0.111083	0.110732
351	0.108734	0.108496	0.108165
352	0.106147	0.105911	0.10559
353	0.103553	0.103331	0.102993
354	0.100961	0.100752	0.1004
355	0.098403	0.098181	0.097857
356	0.095845	0.09561	0.095314
357	0.093382	0.093132	0.092796
358	0.090929	0.090664	0.09028
359	0.088488	0.088278	0.08792
360	0.086051	0.085921	0.085617
361	0.083714	0.083572	0.08329
362	0.081455	0.08123	0.080945
363	0.079129	0.07886	0.078587
364	0.076696	0.076445	0.076208
365	0.07431	0.074069	0.073855
366	0.072092	0.071834	0.071596
367	0.069877	0.069602	0.069344
368	0.06771	0.067461	0.067223
369	0.065543	0.065319	0.065101
370	0.063436	0.063179	0.062935
371	0.061338	0.061038	0.060762
372	0.059199	0.058916	0.058609
373	0.057042	0.056801	0.056465
374	0.054859	0.054638	0.05427
375	0.05265	0.052432	0.052032
376	0.050492	0.050274	0.049873
377	0.04842	0.048201	0.047853
378	0.046375	0.046162	0.045863
379	0.044442	0.044261	0.043995
380	0.042509	0.042359	0.042124
381	0.040589	0.040383	0.040125
382	0.03867	0.038407	0.038125
383	0.036813	0.036575	0.036251
384	0.034967	0.034768	0.034398
385	0.033156	0.032914	0.032605
386	0.031362	0.03104	0.030838
387	0.029578	0.029256	0.029083
388	0.027803	0.027557	0.027341
389	0.026109	0.025891	0.025653
390	0.024566	0.024289	0.024065
391	0.022994	0.022687	0.022468
392	0.021291	0.021084	0.020821
393	0.019588	0.01948	0.019174
394	0.017958	0.017794	0.017533
395	0.016328	0.016109	0.015893
396	0.014931	0.014697	0.014439
397	0.013576	0.013334	0.01302
398	0.012337	0.01206	0.011749
399	0.011151	0.010827	0.010549
400	0.009774	0.009461	0.009181
401	0.008214	0.00797	0.007656
402	0.006648	0.006452	0.006111
403	0.005073	0.004884	0.00453
404	0.003562	0.003377	0.00302
405	0.002342	0.002142	0.001821
406	0.001123	0.000908	0.000623
407	-0.000005	-0.000215	-0.000535
408	-0.001133	-0.001339	-0.001693
409	-0.002437	-0.002657	-0.003011
410	-0.00377	-0.004009	-0.004358
411	-0.005126	-0.005349	-0.005719
412	-0.006492	-0.006685	-0.007087
413	-0.007796	-0.008003	-0.008393
414	-0.009042	-0.009305	-0.009644
415	-0.010349	-0.010637	-0.01095
416	-0.011764	-0.012018	-0.012356
417	-0.013176	-0.013408	-0.013757
418	-0.014575	-0.014832	-0.015143
419	-0.015961	-0.01624	-0.016516
420	-0.017012	-0.017247	-0.017559
421	-0.018062	-0.018255	-0.018602
422	-0.019199	-0.019408	-0.01975
423	-0.020349	-0.020582	-0.020912
424	-0.021444	-0.021677	-0.022016
425	-0.022517	-0.022741	-0.023096
426	-0.023439	-0.023677	-0.024042
427	-0.024239	-0.024512	-0.024878
428	-0.024957	-0.025254	-0.025619
429	-0.025547	-0.025852	-0.026213
430	-0.02615	-0.026445	-0.026809
431	-0.026793	-0.02702	-0.027412
432	-0.027444	-0.027609	-0.028027
433	-0.028204	-0.028374	-0.028784
434	-0.028963	-0.029139	-0.029541
435	-0.02972	-0.029884	-0.030274
436	-0.030476	-0.030627	-0.031005
437	-0.031205	-0.031401	-0.031759
438	-0.031925	-0.032186	-0.03252
439	-0.03255	-0.032814	-0.033151
440	-0.033111	-0.033336	-0.033696
441	-0.033736	-0.033921	-0.034303
442	-0.034444	-0.034586	-0.034991
443	-0.035059	-0.035189	-0.035604
444	-0.035438	-0.035636	-0.036027
445	-0.035822	-0.036079	-0.03645
446	-0.036238	-0.036492	-0.036871
447	-0.036655	-0.036906	-0.037291
448	-0.037076	-0.037285	-0.037694
449	-0.037498	-0.037664	-0.038096
450	-0.03783	-0.037988	-0.038407
451	-0.038142	-0.0383	-0.038697
452	-0.038426	-0.038616	-0.039016
453	-0.038695	-0.038935	-0.039349
454	-0.039041	-0.039283	-0.039704
455	-0.039464	-0.039659	-0.04008
456	-0.039806	-0.039979	-0.040408
457	-0.039999	-0.040196	-0.040646
458	-0.040206	-0.040415	-0.040876
459	-0.040473	-0.040649	-0.041068
460	-0.040736	-0.040881	-0.041261
461	-0.040915	-0.041074	-0.041474
462	-0.041093	-0.041267	-0.041687
463	-0.041351	-0.041531	-0.041925
464	-0.041619	-0.041805	-0.042166
465	-0.041729	-0.041908	-0.042274
466	-0.041783	-0.04195	-0.042334
467	-0.04176	-0.041923	-0.042347
468	-0.041681	-0.041847	-0.042326
469	-0.041619	-0.041786	-0.042295
470	-0.041579	-0.041746	-0.042251
471	-0.041552	-0.041723	-0.042204
472	-0.041555	-0.041748	-0.042153
473	-0.041564	-0.041779	-0.042123
474	-0.041603	-0.041853	-0.042235
475	-0.041643	-0.041927	-0.042346
476	-0.04171	-0.041942	-0.042388
477	-0.041778	-0.041956	-0.042429
478	-0.041797	-0.042019	-0.042474
479	-0.041807	-0.042091	-0.042519
480	-0.041901	-0.042184	-0.042626
481	-0.042035	-0.042285	-0.042762
482	-0.042335	-0.042562	-0.043072
483	-0.042781	-0.042992	-0.043535
484	-0.043181	-0.043402	-0.043927
485	-0.043507	-0.043781	-0.044208
486	-0.043711	-0.044031	-0.044376
487	-0.04353	-0.043878	-0.044187
488	-0.043303	-0.043668	-0.043955
489	-0.04264	-0.042909	-0.043309
490	-0.041978	-0.042151	-0.042662
491	-0.041517	-0.04174	-0.042266
492	-0.041068	-0.041349	-0.041884
493	-0.040799	-0.041083	-0.04156
494	-0.040575	-0.040849	-0.041251
495	-0.040243	-0.040511	-0.040935
496	-0.039856	-0.040118	-0.040615
497	-0.039559	-0.039823	-0.040368
498	-0.039346	-0.039622	-0.04019
499	-0.039184	-0.039436	-0.040022
500	-0.039106	-0.039278	-0.039872
501	-0.038982	-0.039112	-0.039693
502	-0.038699	-0.038915	-0.039421
503	-0.038418	-0.038711	-0.039153
504	-0.03816	-0.038428	-0.038925
505	-0.037901	-0.038145	-0.038697
506	-0.037672	-0.037866	-0.038416
507	-0.037444	-0.037587	-0.038131
508	-0.037246	-0.037389	-0.037937
509	-0.037055	-0.03721	-0.037765
510	-0.03683	-0.037027	-0.037572
511	-0.036588	-0.03684	-0.037369
512	-0.036354	-0.036631	-0.03717
513	-0.036126	-0.0364	-0.036976
514	-0.035931	-0.036194	-0.036779
515	-0.035787	-0.036026	-0.036576
516	-0.035608	-0.035828	-0.036349
517	-0.035316	-0.035534	-0.036046
518	-0.035022	-0.035244	-0.03575
519	-0.034707	-0.034985	-0.0355
520	-0.034392	-0.034726	-0.03525
521	-0.0341	-0.034436	-0.034946
522	-0.033809	-0.034145	-0.03464
523	-0.033532	-0.033835	-0.034311
524	-0.033257	-0.033521	-0.033978
525	-0.032966	-0.033267	-0.033742
526	-0.032668	-0.033039	-0.033549
527	-0.032432	-0.032801	-0.033319
528	-0.032245	-0.032555	-0.033061
529	-0.032034	-0.032301	-0.032808
530	-0.031792	-0.032036	-0.032564
531	-0.03158	-0.03182	-0.032353
532	-0.031445	-0.031723	-0.032223
533	-0.031307	-0.031601	-0.032075
534	-0.031155	-0.031351	-0.031831
535	-0.031001	-0.031101	-0.031589
536	-0.030768	-0.030892	-0.031394
537	-0.030534	-0.030682	-0.031199
538	-0.030329	-0.030491	-0.031007
539	-0.030127	-0.030301	-0.030816
540	-0.029918	-0.03009	-0.03059
541	-0.029707	-0.029871	-0.030353
542	-0.029433	-0.029643	-0.030116
543	-0.029124	-0.029409	-0.029879
544	-0.028795	-0.029107	-0.029586
545	-0.028446	-0.028739	-0.029237
546	-0.028099	-0.028364	-0.028883
547	-0.027756	-0.027976	-0.028522
548	-0.027412	-0.027608	-0.028176
549	-0.027061	-0.027303	-0.027881
550	-0.026727	-0.027007	-0.027589
551	-0.02651	-0.026791	-0.027315
552	-0.026294	-0.026574	-0.027042
553	-0.026068	-0.026322	-0.026833
554	-0.025842	-0.026069	-0.026624
555	-0.025611	-0.025865	-0.026356
556	-0.025378	-0.025668	-0.026079
557	-0.025088	-0.025374	-0.025808
558	-0.024778	-0.025044	-0.02554
559	-0.024509	-0.024775	-0.025286
560	-0.024266	-0.024545	-0.025041
561	-0.024101	-0.024373	-0.024869
562	-0.024019	-0.024263	-0.024773
563	-0.023908	-0.024143	-0.024647
564	-0.023744	-0.024004	-0.024466
565	-0.023642	-0.023922	-0.024347
566	-0.023741	-0.024026	-0.024431
567	-0.023851	-0.024137	-0.024527
568	-0.024047	-0.024306	-0.024722
569	-0.024243	-0.024474	-0.024917
570	-0.024408	-0.024636	-0.025076
571	-0.024572	-0.024798	-0.025236
572	-0.024678	-0.024873	-0.025305
573	-0.024777	-0.024936	-0.025362
574	-0.024804	-0.024959	-0.025349
575	-0.024807	-0.024969	-0.025314
576	-0.024805	-0.024977	-0.025289
577	-0.0248	-0.024985	-0.02527
578	-0.024768	-0.024959	-0.025244
579	-0.024712	-0.024901	-0.02521
580	-0.024603	-0.024781	-0.025117
581	-0.024413	-0.024564	-0.024931
582	-0.024139	-0.024281	-0.02467
583	-0.023644	-0.023824	-0.024213
584	-0.023157	-0.023364	-0.023749
585	-0.02272	-0.022889	-0.023248
586	-0.022279	-0.022413	-0.022746
587	-0.021745	-0.021898	-0.022241
588	-0.021211	-0.021384	-0.021736
589	-0.020699	-0.020893	-0.021225
590	-0.020189	-0.020403	-0.020715
591	-0.019736	-0.019963	-0.020306
592	-0.019296	-0.019534	-0.019921
593	-0.018964	-0.019191	-0.019592
594	-0.018679	-0.018885	-0.019289
595	-0.018338	-0.018528	-0.018936
596	-0.01796	-0.018137	-0.018549
597	-0.017586	-0.017753	-0.018173
598	-0.017215	-0.017379	-0.01781
599	-0.01685	-0.017024	-0.017455
600	-0.016497	-0.016704	-0.017114
601	-0.016167	-0.016396	-0.016785
602	-0.015907	-0.01612	-0.016489
603	-0.015626	-0.015822	-0.016177
604	-0.015218	-0.015401	-0.015774
605	-0.014808	-0.014977	-0.015368
606	-0.014327	-0.014518	-0.014908
607	-0.013846	-0.014058	-0.014447
608	-0.01336	-0.013554	-0.013957
609	-0.012874	-0.013046	-0.013465
610	-0.012547	-0.012732	-0.013133
611	-0.012255	-0.01246	-0.012836
612	-0.011972	-0.012155	-0.012561
613	-0.011692	-0.011837	-0.012294
614	-0.011308	-0.011461	-0.011921
615	-0.010855	-0.011047	-0.011479
616	-0.010415	-0.010641	-0.011057
617	-0.009987	-0.010242	-0.010655
618	-0.00959	-0.009853	-0.010276
619	-0.00924	-0.00948	-0.00993
620	-0.008897	-0.009124	-0.009587
621	-0.008572	-0.00881	-0.009248
622	-0.008227	-0.008479	-0.008895
623	-0.007803	-0.008079	-0.008486
624	-0.007387	-0.007679	-0.008078
625	-0.007041	-0.007272	-0.007691
626	-0.006695	-0.006866	-0.007304
627	-0.00631	-0.006534	-0.006969
628	-0.005924	-0.006203	-0.006633
629	-0.005518	-0.005755	-0.006193
630	-0.005109	-0.005292	-0.00574
631	-0.004727	-0.004969	-0.005384
632	-0.004352	-0.004682	-0.005053
633	-0.003975	-0.004275	-0.004648
634	-0.003597	-0.003815	-0.004211
635	-0.003254	-0.003446	-0.003862
636	-0.002936	-0.003139	-0.003571
637	-0.002653	-0.002862	-0.003303
638	-0.002406	-0.002615	-0.00306
639	-0.002113	-0.002323	-0.002767
640	-0.001752	-0.001964	-0.0024
641	-0.00141	-0.001624	-0.002066
642	-0.001109	-0.001324	-0.001804
643	-0.000822	-0.001034	-0.001549
644	-0.00059	-0.000779	-0.001323
645	-0.000362	-0.000533	-0.001098
646	-0.000169	-0.000344	-0.00088
647	0.000013	-0.000166	-0.000673
648	-0.00014	-0.000289	-0.000753
649	-0.000293	-0.000412	-0.000833
650	-0.001146	-0.001283	-0.00172
651	-0.002042	-0.002199	-0.002657
652	-0.003339	-0.003488	-0.003891
653	-0.004706	-0.004842	-0.005178
654	-0.00555	-0.0057	-0.006006
655	-0.006232	-0.006404	-0.006692
656	-0.006331	-0.006513	-0.006783
657	-0.006149	-0.006334	-0.006588
658	-0.00548	-0.005664	-0.005945
659	-0.004468	-0.004646	-0.004985
660	-0.003179	-0.003352	-0.00374
661	-0.001613	-0.00178	-0.00221
662	-0.000131	-0.000297	-0.000771
663	0.00123	0.001063	0.00054
664	0.002392	0.002229	0.001678
665	0.003147	0.003002	0.002465
666	0.003816	0.003679	0.003156
667	0.004221	0.004061	0.003552
668	0.004609	0.004425	0.00394
669	0.004904	0.0047	0.004282
670	0.005191	0.004969	0.00461
671	0.00538	0.005174	0.004767
672	0.005569	0.005379	0.004925
673	0.005796	0.005535	0.005101
674	0.006024	0.00569	0.005277
675	0.006198	0.005898	0.005472
676	0.006366	0.006111	0.005668
677	0.006481	0.006262	0.005851
678	0.006586	0.006401	0.006032
679	0.006765	0.006601	0.00617
680	0.006966	0.00682	0.006295
681	0.007157	0.006976	0.006459
682	0.007343	0.007104	0.006641
683	0.007471	0.007279	0.006836
684	0.007561	0.007486	0.007039
685	0.007685	0.007668	0.007195
686	0.007838	0.007829	0.007309
687	0.008013	0.007951	0.007451
688	0.008213	0.008027	0.007626
689	0.008407	0.00815	0.007799
690	0.008592	0.008344	0.007967
691	0.008783	0.008543	0.00815
692	0.008987	0.008749	0.008368
693	0.009208	0.008969	0.00858
694	0.009481	0.009234	0.008774
695	0.009723	0.009471	0.008956
696	0.00981	0.009576	0.009086
697	0.009908	0.009694	0.009225
698	0.010112	0.009931	0.00944
699	0.010317	0.010169	0.009658
700	0.010594	0.010438	0.009965
701	0.010871	0.010707	0.010272
702	0.011051	0.010842	0.010395
703	0.011226	0.010972	0.010511
704	0.011396	0.011197	0.010753
705	0.011565	0.011432	0.011009
706	0.011813	0.011606	0.011208
707	0.012076	0.011767	0.011396
708	0.012267	0.011988	0.011584
709	0.012436	0.012226	0.011774
710	0.012625	0.012476	0.011996
711	0.012823	0.01273	0.012233
712	0.013014	0.012911	0.012433
713	0.013201	0.013051	0.012612
714	0.013362	0.013154	0.012731
715	0.013504	0.013228	0.012807
716	0.013693	0.013393	0.012967
717	0.013927	0.013642	0.013208
718	0.014101	0.013869	0.013415
719	0.014206	0.014072	0.013583
720	0.014375	0.014273	0.013787
[LOG]
CHECKSUMX