[HEADER]
Format	J&M ASCII Table
Comment	
Date	04/03/2026 19:24:47
Order	Y (evenX)
TechType	UV
NumPoints	411
FirstX	310
LastX	720
XType	nm
YType	Absorbance
ZType	s
NumSubFile	3
Matrix	Z vs X
[LOGIN]
Name=pcbob
[INSTRUMENT]
Name=TIDAS E Base UV/VI
Detector=MMS - ASPEN 97,5 kHz
Diodearray=256 Pixel
Serial#=36584
Calibrated=2011-07-01
Range=183.81-729.88 [nm] (F0)

SWVersion=v3.18.2 (build 0)[LOGIN]
Name=pcbob
[CONFIG]
ChannelName=Channel 1
ChannelType=Normalized
[PARAMETER]
It=400,00
Aver=5
Norm=3
Range=310,0-720,0 nm
Scan=Time
ScanTime=5,00 s
[TRIGGER]
Sweep=0
Scan=0
[DIO]
DigOut=0x0000
DigIn=0x0000
[DATA]
	00:00:00,000	00:00:02,000	00:00:04,000
310	0.300505	0.300144	0.299797
311	0.295621	0.295295	0.294931
312	0.290807	0.290541	0.290173
313	0.286091	0.285858	0.285495
314	0.281513	0.281273	0.280929
315	0.276971	0.276718	0.276393
316	0.272547	0.272257	0.271953
317	0.268127	0.267805	0.267521
318	0.263789	0.263494	0.263225
319	0.259451	0.259183	0.258929
320	0.25514	0.254886	0.254624
321	0.250832	0.250591	0.250318
322	0.246639	0.246391	0.246092
323	0.242493	0.242231	0.241899
324	0.238467	0.23819	0.237853
325	0.234546	0.234253	0.233937
326	0.230634	0.230325	0.230035
327	0.226737	0.226413	0.22616
328	0.222852	0.222511	0.222291
329	0.219021	0.21866	0.21845
330	0.21519	0.214809	0.214608
331	0.211346	0.211011	0.210777
332	0.207502	0.207214	0.206945
333	0.203817	0.203553	0.203285
334	0.200165	0.199921	0.19966
335	0.196586	0.196323	0.196093
336	0.193046	0.192742	0.192557
337	0.189458	0.189128	0.188947
338	0.185817	0.185477	0.185256
339	0.182251	0.18192	0.181652
340	0.178864	0.178585	0.178254
341	0.175485	0.175243	0.174868
342	0.172155	0.17185	0.171559
343	0.168825	0.168457	0.16825
344	0.165493	0.165193	0.164936
345	0.16216	0.161936	0.161622
346	0.158869	0.158646	0.158339
347	0.155589	0.155346	0.155065
348	0.152357	0.152111	0.151807
349	0.149155	0.148918	0.14856
350	0.145955	0.145728	0.145367
351	0.142756	0.142542	0.142246
352	0.139573	0.139349	0.139112
353	0.136434	0.136139	0.135937
354	0.133297	0.132942	0.132768
355	0.130186	0.129898	0.129673
356	0.127076	0.126855	0.126578
357	0.124105	0.123868	0.123616
358	0.121148	0.120886	0.120668
359	0.11824	0.117984	0.117753
360	0.115349	0.115111	0.114851
361	0.112446	0.112219	0.111961
362	0.109534	0.109311	0.10908
363	0.106662	0.10644	0.1062
364	0.103852	0.103626	0.103321
365	0.101055	0.100833	0.100489
366	0.098302	0.09811	0.097833
367	0.095557	0.095393	0.095179
368	0.092969	0.09278	0.09257
369	0.090382	0.090167	0.089961
370	0.087742	0.087553	0.087342
371	0.085095	0.084937	0.084721
372	0.08241	0.082257	0.082053
373	0.079708	0.07955	0.079365
374	0.077082	0.076915	0.076758
375	0.074521	0.074344	0.074224
376	0.072024	0.071842	0.071732
377	0.069641	0.069463	0.069314
378	0.067274	0.067093	0.066928
379	0.064973	0.064759	0.064675
380	0.062669	0.062425	0.062418
381	0.060298	0.060085	0.059987
382	0.057927	0.057745	0.057556
383	0.055667	0.055519	0.055287
384	0.053426	0.053312	0.053046
385	0.051219	0.051079	0.050838
386	0.049028	0.048834	0.048647
387	0.046867	0.046655	0.046498
388	0.044735	0.044537	0.044391
389	0.04268	0.042494	0.042344
390	0.040768	0.040588	0.040413
391	0.038817	0.038642	0.038454
392	0.036691	0.036512	0.036371
393	0.034566	0.034384	0.03429
394	0.03261	0.032423	0.032317
395	0.030654	0.030462	0.030343
396	0.028989	0.0288	0.028659
397	0.027377	0.027192	0.027027
398	0.025816	0.025622	0.025443
399	0.024278	0.024071	0.023881
400	0.022557	0.022365	0.022175
401	0.020663	0.020514	0.020334
402	0.018761	0.018648	0.018471
403	0.016843	0.016757	0.016567
404	0.014997	0.014928	0.014741
405	0.013476	0.013379	0.013264
406	0.011956	0.011833	0.011787
407	0.010521	0.010394	0.010299
408	0.009086	0.008955	0.008811
409	0.007515	0.007453	0.007261
410	0.00592	0.005941	0.005699
411	0.004332	0.004328	0.004077
412	0.002746	0.002671	0.002427
413	0.001117	0.000995	0.000792
414	-0.000553	-0.000698	-0.000831
415	-0.0022	-0.002369	-0.002457
416	-0.003807	-0.004004	-0.004088
417	-0.005439	-0.00565	-0.005734
418	-0.007172	-0.00734	-0.007437
419	-0.00889	-0.009017	-0.009126
420	-0.010245	-0.010339	-0.010445
421	-0.011599	-0.011661	-0.011765
422	-0.013052	-0.013051	-0.013175
423	-0.014519	-0.01445	-0.014598
424	-0.015809	-0.015772	-0.015882
425	-0.017029	-0.017062	-0.017111
426	-0.01818	-0.01822	-0.018254
427	-0.019277	-0.019273	-0.019328
428	-0.020269	-0.020272	-0.020328
429	-0.021098	-0.02119	-0.021214
430	-0.02193	-0.022096	-0.0221
431	-0.022773	-0.022962	-0.022985
432	-0.023622	-0.023829	-0.023868
433	-0.024569	-0.024719	-0.024732
434	-0.025516	-0.025609	-0.025597
435	-0.026451	-0.026527	-0.026498
436	-0.027386	-0.027447	-0.027403
437	-0.028304	-0.028385	-0.028363
438	-0.029217	-0.029329	-0.029342
439	-0.030072	-0.030161	-0.030182
440	-0.030888	-0.030917	-0.030928
441	-0.031712	-0.031726	-0.031723
442	-0.032547	-0.032601	-0.03258
443	-0.033302	-0.03339	-0.033364
444	-0.033856	-0.033962	-0.033963
445	-0.034411	-0.03453	-0.034553
446	-0.034974	-0.035072	-0.035084
447	-0.035537	-0.035614	-0.035614
448	-0.036096	-0.036147	-0.036165
449	-0.036655	-0.036679	-0.036716
450	-0.0371	-0.037105	-0.037164
451	-0.03752	-0.037507	-0.03759
452	-0.037953	-0.037968	-0.038027
453	-0.038391	-0.038459	-0.038471
454	-0.038883	-0.038976	-0.038967
455	-0.039427	-0.039519	-0.039516
456	-0.039893	-0.039996	-0.039994
457	-0.040216	-0.040347	-0.040343
458	-0.040553	-0.04069	-0.040689
459	-0.040949	-0.040993	-0.041025
460	-0.041339	-0.041296	-0.041361
461	-0.041591	-0.041621	-0.041682
462	-0.041843	-0.041945	-0.042002
463	-0.042175	-0.042281	-0.042324
464	-0.042518	-0.042618	-0.042645
465	-0.042718	-0.042814	-0.042856
466	-0.042867	-0.042959	-0.043027
467	-0.042999	-0.043053	-0.043138
468	-0.043119	-0.04311	-0.043204
469	-0.043185	-0.043163	-0.043278
470	-0.043179	-0.043213	-0.043362
471	-0.0432	-0.043261	-0.043424
472	-0.043291	-0.043308	-0.043431
473	-0.043387	-0.043374	-0.043454
474	-0.043507	-0.043565	-0.043576
475	-0.043627	-0.043756	-0.043699
476	-0.0438	-0.043866	-0.043845
477	-0.043973	-0.043975	-0.043991
478	-0.044096	-0.044102	-0.044114
479	-0.044208	-0.044234	-0.044233
480	-0.044364	-0.044392	-0.044389
481	-0.04454	-0.044564	-0.044563
482	-0.044869	-0.04491	-0.044897
483	-0.045329	-0.045406	-0.045371
484	-0.045721	-0.045823	-0.045779
485	-0.046004	-0.046117	-0.046084
486	-0.046195	-0.046301	-0.046286
487	-0.0461	-0.046144	-0.046162
488	-0.045956	-0.045949	-0.045994
489	-0.045355	-0.045406	-0.045414
490	-0.044755	-0.044862	-0.044833
491	-0.044403	-0.044519	-0.044522
492	-0.044063	-0.044186	-0.044225
493	-0.043857	-0.043938	-0.043946
494	-0.043683	-0.043711	-0.043671
495	-0.043441	-0.043458	-0.043402
496	-0.043163	-0.043191	-0.043138
497	-0.042918	-0.042955	-0.042929
498	-0.042704	-0.042747	-0.042772
499	-0.042551	-0.042596	-0.042644
500	-0.042503	-0.042541	-0.042565
501	-0.042424	-0.042463	-0.042457
502	-0.042244	-0.042306	-0.042254
503	-0.042058	-0.042143	-0.042048
504	-0.041817	-0.041902	-0.04181
505	-0.041576	-0.04166	-0.041571
506	-0.041387	-0.041414	-0.041355
507	-0.041201	-0.041167	-0.041141
508	-0.041023	-0.041039	-0.040979
509	-0.040846	-0.040941	-0.040828
510	-0.040649	-0.040768	-0.040675
511	-0.04044	-0.040556	-0.04052
512	-0.040247	-0.040353	-0.040334
513	-0.040068	-0.040156	-0.040118
514	-0.039917	-0.039969	-0.03993
515	-0.039812	-0.039798	-0.039786
516	-0.039671	-0.039602	-0.039611
517	-0.039418	-0.039328	-0.039337
518	-0.039164	-0.039063	-0.039066
519	-0.038894	-0.038865	-0.038813
520	-0.038624	-0.038668	-0.03856
521	-0.03836	-0.038437	-0.038321
522	-0.038096	-0.038204	-0.038082
523	-0.037876	-0.037931	-0.037846
524	-0.037665	-0.03765	-0.037609
525	-0.037427	-0.037401	-0.037396
526	-0.037177	-0.037166	-0.037193
527	-0.036964	-0.036959	-0.036965
528	-0.03678	-0.036772	-0.036718
529	-0.03656	-0.036557	-0.036486
530	-0.036293	-0.036302	-0.036275
531	-0.036068	-0.03608	-0.03608
532	-0.035943	-0.035936	-0.03592
533	-0.035805	-0.035793	-0.035762
534	-0.035599	-0.03565	-0.035618
535	-0.035395	-0.035507	-0.035472
536	-0.03523	-0.035319	-0.035275
537	-0.035066	-0.035132	-0.035078
538	-0.034876	-0.034908	-0.034888
539	-0.034684	-0.03468	-0.0347
540	-0.034472	-0.034467	-0.034449
541	-0.034254	-0.034259	-0.034179
542	-0.034017	-0.034025	-0.033954
543	-0.033769	-0.033777	-0.033756
544	-0.033464	-0.033475	-0.033472
545	-0.033103	-0.03312	-0.033101
546	-0.032773	-0.0328	-0.032768
547	-0.032495	-0.032542	-0.0325
548	-0.032212	-0.032279	-0.032231
549	-0.031912	-0.032001	-0.031962
550	-0.031621	-0.031726	-0.031695
551	-0.031394	-0.031469	-0.03144
552	-0.031166	-0.031212	-0.031186
553	-0.030962	-0.031025	-0.03096
554	-0.030758	-0.030838	-0.030735
555	-0.030605	-0.030635	-0.030582
556	-0.03046	-0.030428	-0.030441
557	-0.030218	-0.030214	-0.030192
558	-0.029941	-0.029997	-0.029905
559	-0.029701	-0.029749	-0.029662
560	-0.029485	-0.029483	-0.029446
561	-0.029324	-0.029297	-0.029272
562	-0.029221	-0.029196	-0.029142
563	-0.029086	-0.029073	-0.029002
564	-0.028893	-0.028908	-0.028842
565	-0.028769	-0.028798	-0.028744
566	-0.028866	-0.028863	-0.028851
567	-0.028968	-0.028939	-0.028959
568	-0.029103	-0.029093	-0.029077
569	-0.029238	-0.029247	-0.029194
570	-0.029335	-0.029355	-0.029294
571	-0.029431	-0.029463	-0.029393
572	-0.029508	-0.02952	-0.029452
573	-0.029581	-0.029569	-0.029504
574	-0.029579	-0.029577	-0.029532
575	-0.029552	-0.029571	-0.029552
576	-0.029521	-0.029548	-0.029525
577	-0.029487	-0.029514	-0.029471
578	-0.029429	-0.029448	-0.0294
579	-0.029348	-0.029353	-0.029314
580	-0.029235	-0.029231	-0.029196
581	-0.029072	-0.029071	-0.02903
582	-0.028846	-0.028842	-0.028795
583	-0.028451	-0.028437	-0.028376
584	-0.028052	-0.028032	-0.027962
585	-0.027622	-0.027629	-0.027577
586	-0.027189	-0.027223	-0.027187
587	-0.02671	-0.026735	-0.026698
588	-0.026231	-0.026246	-0.02621
589	-0.025847	-0.025843	-0.025813
590	-0.025469	-0.025446	-0.025423
591	-0.025057	-0.025027	-0.025021
592	-0.024637	-0.024602	-0.024615
593	-0.024321	-0.024303	-0.024308
594	-0.024049	-0.024057	-0.024043
595	-0.023727	-0.023759	-0.023722
596	-0.023371	-0.023423	-0.023361
597	-0.023039	-0.023068	-0.023018
598	-0.022734	-0.022692	-0.022697
599	-0.022422	-0.022356	-0.022377
600	-0.0221	-0.022086	-0.02206
601	-0.021794	-0.021813	-0.021762
602	-0.021537	-0.021533	-0.021521
603	-0.021267	-0.021246	-0.02126
604	-0.020926	-0.020917	-0.020892
605	-0.020583	-0.020585	-0.020521
606	-0.020164	-0.02016	-0.02009
607	-0.019745	-0.019734	-0.019658
608	-0.019298	-0.019307	-0.01924
609	-0.01885	-0.01888	-0.018822
610	-0.018564	-0.018591	-0.018564
611	-0.018314	-0.018333	-0.01834
612	-0.018042	-0.018036	-0.018076
613	-0.017763	-0.017723	-0.017794
614	-0.017466	-0.017414	-0.017454
615	-0.017158	-0.017107	-0.017077
616	-0.016818	-0.016773	-0.016707
617	-0.016449	-0.016412	-0.016345
618	-0.01608	-0.016051	-0.016001
619	-0.015709	-0.01569	-0.015685
620	-0.015378	-0.015361	-0.015374
621	-0.015139	-0.015111	-0.015077
622	-0.014874	-0.014833	-0.014766
623	-0.014497	-0.014441	-0.0144
624	-0.014121	-0.014052	-0.014032
625	-0.013751	-0.0137	-0.013652
626	-0.013381	-0.013348	-0.013272
627	-0.013096	-0.013074	-0.012975
628	-0.012812	-0.0128	-0.012678
629	-0.012385	-0.012435	-0.012323
630	-0.01194	-0.01206	-0.011962
631	-0.011635	-0.011729	-0.011639
632	-0.011366	-0.011409	-0.011327
633	-0.011042	-0.011045	-0.010989
634	-0.010694	-0.010663	-0.010638
635	-0.010366	-0.010343	-0.010322
636	-0.010052	-0.010064	-0.010029
637	-0.009774	-0.00979	-0.009752
638	-0.009532	-0.009522	-0.009489
639	-0.009301	-0.009278	-0.009252
640	-0.00909	-0.00907	-0.009054
641	-0.008849	-0.008829	-0.008815
642	-0.008544	-0.008516	-0.008482
643	-0.008239	-0.008219	-0.008161
644	-0.007935	-0.007982	-0.007877
645	-0.007651	-0.007752	-0.007614
646	-0.007515	-0.007574	-0.007492
647	-0.007386	-0.007404	-0.007377
648	-0.007448	-0.007467	-0.007448
649	-0.00751	-0.007531	-0.007518
650	-0.008222	-0.008253	-0.008192
651	-0.008975	-0.009016	-0.008904
652	-0.010018	-0.010015	-0.009908
653	-0.011111	-0.011055	-0.010964
654	-0.011811	-0.011797	-0.011714
655	-0.012389	-0.012446	-0.01237
656	-0.012482	-0.012516	-0.01246
657	-0.01234	-0.012308	-0.012276
658	-0.011762	-0.011734	-0.011699
659	-0.010876	-0.010903	-0.010844
660	-0.00977	-0.009803	-0.009738
661	-0.008442	-0.008434	-0.00838
662	-0.007207	-0.007168	-0.007121
663	-0.006105	-0.006046	-0.006001
664	-0.00516	-0.00508	-0.005049
665	-0.004535	-0.00443	-0.004438
666	-0.003969	-0.003858	-0.003888
667	-0.003582	-0.003529	-0.003521
668	-0.003206	-0.003203	-0.003169
669	-0.002882	-0.002891	-0.002891
670	-0.002575	-0.002595	-0.00262
671	-0.002461	-0.002481	-0.00244
672	-0.002346	-0.002366	-0.002261
673	-0.002117	-0.002123	-0.002017
674	-0.001888	-0.001879	-0.001773
675	-0.001672	-0.001684	-0.001638
676	-0.001457	-0.001493	-0.001513
677	-0.001359	-0.001373	-0.001352
678	-0.001284	-0.001266	-0.001183
679	-0.001136	-0.001108	-0.001018
680	-0.000965	-0.000935	-0.000854
681	-0.000742	-0.00076	-0.000696
682	-0.000494	-0.000585	-0.000541
683	-0.000321	-0.000433	-0.000376
684	-0.000194	-0.000297	-0.000204
685	-0.000096	-0.000156	-0.000068
686	-0.000024	-0.000011	0.000037
687	0.000094	0.000143	0.000162
688	0.000266	0.000307	0.000311
689	0.000441	0.000469	0.000476
690	0.000622	0.000627	0.000667
691	0.000795	0.000786	0.000841
692	0.000952	0.000948	0.000975
693	0.001123	0.001123	0.001122
694	0.001335	0.001338	0.001312
695	0.001536	0.001538	0.001489
696	0.001681	0.001662	0.001605
697	0.001829	0.00179	0.001736
698	0.002008	0.001954	0.001992
699	0.00219	0.00212	0.002247
700	0.002451	0.002387	0.002462
701	0.002712	0.002653	0.002676
702	0.002922	0.002823	0.002857
703	0.00313	0.002988	0.003036
704	0.003281	0.003199	0.003269
705	0.003426	0.003414	0.003508
706	0.003593	0.003582	0.003684
707	0.003764	0.003739	0.003847
708	0.003986	0.003963	0.004033
709	0.004225	0.004207	0.004227
710	0.004414	0.004433	0.004448
711	0.004583	0.004653	0.004681
712	0.004807	0.004842	0.004894
713	0.005062	0.005014	0.005095
714	0.005267	0.005184	0.005267
715	0.005436	0.005352	0.005417
716	0.005605	0.005525	0.00557
717	0.005776	0.005704	0.005727
718	0.005945	0.005882	0.005902
719	0.006112	0.00606	0.0061
720	0.006299	0.006252	0.006323
[LOG]
CHECKSUMÉ