[HEADER]
Format	J&M ASCII Table
Comment	
Date	04/03/2026 19:37:35
Order	Y (evenX)
TechType	UV
NumPoints	411
FirstX	310
LastX	720
XType	nm
YType	Absorbance
ZType	s
NumSubFile	3
Matrix	Z vs X
[LOGIN]
Name=pcbob
[INSTRUMENT]
Name=TIDAS E Base UV/VI
Detector=MMS - ASPEN 97,5 kHz
Diodearray=256 Pixel
Serial#=36584
Calibrated=2011-07-01
Range=183.81-729.88 [nm] (F0)

SWVersion=v3.18.2 (build 0)[LOGIN]
Name=pcbob
[CONFIG]
ChannelName=Channel 1
ChannelType=Normalized
[PARAMETER]
It=400,00
Aver=5
Norm=3
Range=310,0-720,0 nm
Scan=Time
ScanTime=5,00 s
[TRIGGER]
Sweep=0
Scan=0
[DIO]
DigOut=0x0000
DigIn=0x0000
[DATA]
	00:00:00,000	00:00:02,000	00:00:04,000
310	0.300246	0.300043	0.299818
311	0.295479	0.2953	0.295086
312	0.290816	0.290649	0.290458
313	0.286236	0.286067	0.285868
314	0.281773	0.281579	0.281332
315	0.27734	0.277119	0.276852
316	0.272997	0.272745	0.272554
317	0.268663	0.26838	0.268256
318	0.264443	0.264145	0.263972
319	0.260224	0.25991	0.259688
320	0.256044	0.255732	0.255506
321	0.251869	0.251562	0.251336
322	0.247768	0.24746	0.247241
323	0.243696	0.243386	0.243177
324	0.239712	0.239425	0.239213
325	0.235804	0.235562	0.235337
326	0.231912	0.23169	0.231472
327	0.228048	0.227798	0.227626
328	0.224201	0.223928	0.223785
329	0.220429	0.22016	0.219968
330	0.216656	0.216391	0.216151
331	0.212862	0.212576	0.212348
332	0.209069	0.20876	0.208545
333	0.205411	0.205184	0.204932
334	0.201783	0.201659	0.20136
335	0.198201	0.198111	0.197812
336	0.194644	0.194552	0.194277
337	0.191062	0.190965	0.190702
338	0.187452	0.187348	0.187081
339	0.183936	0.183814	0.183548
340	0.180642	0.180476	0.18022
341	0.17734	0.177141	0.176891
342	0.173989	0.173823	0.173555
343	0.170638	0.170506	0.170218
344	0.167367	0.167223	0.166943
345	0.1641	0.163942	0.163672
346	0.160866	0.160658	0.160388
347	0.157641	0.157373	0.157101
348	0.154407	0.154149	0.153886
349	0.151166	0.150967	0.150719
350	0.147982	0.147793	0.147565
351	0.144876	0.14463	0.14443
352	0.14177	0.141483	0.141306
353	0.138666	0.138386	0.138216
354	0.135559	0.135292	0.135124
355	0.132424	0.132233	0.132023
356	0.129289	0.129174	0.128922
357	0.126333	0.126207	0.125978
358	0.123397	0.123251	0.123052
359	0.120534	0.120384	0.120161
360	0.117698	0.11755	0.117282
361	0.114805	0.114655	0.114384
362	0.111867	0.111711	0.11147
363	0.108954	0.108792	0.108586
364	0.10608	0.105912	0.10575
365	0.103254	0.103077	0.102943
366	0.100605	0.100403	0.100248
367	0.097957	0.097732	0.097557
368	0.095336	0.095142	0.094965
369	0.092715	0.092552	0.092372
370	0.09009	0.089907	0.089737
371	0.087464	0.087254	0.087095
372	0.084799	0.084575	0.084413
373	0.082117	0.081885	0.081712
374	0.07951	0.079269	0.079099
375	0.07697	0.076716	0.076563
376	0.074468	0.074228	0.074074
377	0.072034	0.071852	0.071669
378	0.069615	0.069477	0.069279
379	0.067259	0.067107	0.066953
380	0.064904	0.064738	0.064626
381	0.062544	0.062401	0.062239
382	0.060184	0.060064	0.059852
383	0.057864	0.057775	0.057567
384	0.055552	0.055495	0.0553
385	0.053326	0.053228	0.053035
386	0.051141	0.050968	0.05077
387	0.048985	0.04881	0.048613
388	0.046854	0.046749	0.046557
389	0.04477	0.044715	0.044532
390	0.042772	0.042729	0.042566
391	0.040741	0.040703	0.040564
392	0.038555	0.038498	0.038402
393	0.036374	0.036296	0.036242
394	0.034472	0.034315	0.034208
395	0.03257	0.032335	0.032174
396	0.030831	0.030639	0.030478
397	0.029121	0.028995	0.028843
398	0.027485	0.027359	0.027226
399	0.025884	0.025728	0.025617
400	0.024124	0.023944	0.023855
401	0.022214	0.022015	0.021949
402	0.020271	0.020096	0.020016
403	0.018265	0.018197	0.018033
404	0.016342	0.016348	0.016132
405	0.014785	0.014719	0.014596
406	0.013228	0.013092	0.013059
407	0.011669	0.011535	0.011502
408	0.01011	0.009978	0.009945
409	0.008519	0.008369	0.008312
410	0.006922	0.006751	0.006667
411	0.005251	0.005103	0.005007
412	0.003548	0.003443	0.003342
413	0.001875	0.001784	0.001708
414	0.000231	0.000126	0.000104
415	-0.001437	-0.001542	-0.001547
416	-0.003147	-0.003225	-0.00328
417	-0.004864	-0.00493	-0.005016
418	-0.006605	-0.006718	-0.006763
419	-0.008332	-0.008489	-0.008497
420	-0.009708	-0.009832	-0.009876
421	-0.011083	-0.011174	-0.011256
422	-0.012516	-0.012604	-0.012707
423	-0.013957	-0.014045	-0.014167
424	-0.015353	-0.015441	-0.015563
425	-0.016731	-0.016818	-0.016934
426	-0.017984	-0.018065	-0.018172
427	-0.019137	-0.019207	-0.019304
428	-0.020224	-0.020279	-0.020372
429	-0.02121	-0.021243	-0.021341
430	-0.022194	-0.0222	-0.022307
431	-0.02317	-0.02314	-0.023261
432	-0.024144	-0.024086	-0.024215
433	-0.02508	-0.02512	-0.025157
434	-0.026015	-0.026154	-0.026098
435	-0.027033	-0.027108	-0.027148
436	-0.028058	-0.028054	-0.028208
437	-0.02903	-0.029084	-0.029205
438	-0.029985	-0.030141	-0.030182
439	-0.030852	-0.030998	-0.031045
440	-0.031659	-0.03172	-0.031831
441	-0.032489	-0.032499	-0.032633
442	-0.033349	-0.033353	-0.033455
443	-0.03414	-0.034161	-0.034232
444	-0.034756	-0.034851	-0.034893
445	-0.035378	-0.035532	-0.035552
446	-0.036046	-0.036142	-0.036197
447	-0.036714	-0.036752	-0.036843
448	-0.037345	-0.037409	-0.037467
449	-0.037974	-0.038068	-0.03809
450	-0.03854	-0.038623	-0.038637
451	-0.039092	-0.039154	-0.039167
452	-0.039607	-0.039649	-0.039658
453	-0.040103	-0.040124	-0.04013
454	-0.040628	-0.040633	-0.04065
455	-0.041182	-0.041174	-0.041218
456	-0.041671	-0.04166	-0.041721
457	-0.042039	-0.04204	-0.042101
458	-0.042413	-0.042426	-0.042486
459	-0.042814	-0.042836	-0.042894
460	-0.043212	-0.043244	-0.043299
461	-0.04354	-0.043629	-0.043637
462	-0.043869	-0.044014	-0.043974
463	-0.044257	-0.044344	-0.044368
464	-0.044651	-0.044667	-0.044768
465	-0.044963	-0.044974	-0.045053
466	-0.045246	-0.045277	-0.045297
467	-0.045502	-0.045558	-0.045545
468	-0.04574	-0.045824	-0.045795
469	-0.045935	-0.046023	-0.046005
470	-0.046074	-0.046133	-0.046161
471	-0.046215	-0.046261	-0.046301
472	-0.046363	-0.046434	-0.046403
473	-0.046517	-0.046607	-0.046523
474	-0.046715	-0.046787	-0.046771
475	-0.046913	-0.046967	-0.04702
476	-0.047099	-0.047143	-0.047172
477	-0.047285	-0.047318	-0.047322
478	-0.047391	-0.047433	-0.047438
479	-0.047481	-0.047535	-0.047547
480	-0.047596	-0.047644	-0.047697
481	-0.047723	-0.047756	-0.047866
482	-0.047918	-0.047966	-0.048037
483	-0.048172	-0.048261	-0.04821
484	-0.048449	-0.04854	-0.048426
485	-0.048761	-0.048794	-0.048712
486	-0.048987	-0.048979	-0.048929
487	-0.048937	-0.048946	-0.048933
488	-0.048863	-0.04889	-0.048904
489	-0.048552	-0.048604	-0.048554
490	-0.048241	-0.048318	-0.048204
491	-0.048064	-0.048108	-0.048036
492	-0.047895	-0.047902	-0.047879
493	-0.047795	-0.047789	-0.047749
494	-0.047712	-0.0477	-0.047627
495	-0.047522	-0.0475	-0.047472
496	-0.047276	-0.047244	-0.047302
497	-0.047091	-0.04708	-0.047162
498	-0.046962	-0.047004	-0.047053
499	-0.046873	-0.046943	-0.046967
500	-0.046852	-0.046909	-0.046922
501	-0.046796	-0.046842	-0.046852
502	-0.046624	-0.046665	-0.0467
503	-0.046453	-0.04649	-0.046542
504	-0.046289	-0.046324	-0.04633
505	-0.046126	-0.046158	-0.046119
506	-0.04596	-0.045976	-0.045983
507	-0.045794	-0.045792	-0.045852
508	-0.0457	-0.045717	-0.04572
509	-0.045625	-0.045667	-0.045589
510	-0.045494	-0.045566	-0.045465
511	-0.045335	-0.045438	-0.045344
512	-0.045197	-0.045285	-0.04522
513	-0.045079	-0.045107	-0.045093
514	-0.04496	-0.044952	-0.044967
515	-0.04484	-0.044834	-0.044843
516	-0.044698	-0.044691	-0.044699
517	-0.04449	-0.04447	-0.044493
518	-0.044281	-0.044252	-0.044288
519	-0.044064	-0.044065	-0.044101
520	-0.043847	-0.043877	-0.043913
521	-0.043643	-0.043634	-0.043696
522	-0.04344	-0.043389	-0.043479
523	-0.04322	-0.043148	-0.043225
524	-0.042997	-0.042908	-0.042963
525	-0.042773	-0.04269	-0.042709
526	-0.042548	-0.042483	-0.042457
527	-0.042338	-0.042289	-0.042289
528	-0.042138	-0.042107	-0.042185
529	-0.04192	-0.041896	-0.041994
530	-0.041677	-0.041646	-0.041684
531	-0.041473	-0.041448	-0.041439
532	-0.041366	-0.041373	-0.041348
533	-0.041249	-0.041282	-0.041244
534	-0.04108	-0.041101	-0.041069
535	-0.04091	-0.040918	-0.040894
536	-0.040702	-0.040684	-0.040693
537	-0.040493	-0.04045	-0.040493
538	-0.040337	-0.040266	-0.040311
539	-0.040187	-0.040087	-0.040132
540	-0.039928	-0.039864	-0.039887
541	-0.039635	-0.039627	-0.039621
542	-0.039342	-0.039368	-0.039352
543	-0.039048	-0.039097	-0.039081
544	-0.038763	-0.038841	-0.038796
545	-0.038487	-0.038602	-0.038498
546	-0.038229	-0.038349	-0.038218
547	-0.038001	-0.038075	-0.03797
548	-0.037755	-0.037792	-0.037723
549	-0.037451	-0.037485	-0.037478
550	-0.037157	-0.037186	-0.037234
551	-0.036934	-0.036951	-0.036988
552	-0.036712	-0.036716	-0.036742
553	-0.036472	-0.036474	-0.036449
554	-0.036232	-0.036232	-0.036155
555	-0.036011	-0.036037	-0.03598
556	-0.035793	-0.03585	-0.035824
557	-0.035546	-0.035592	-0.035581
558	-0.035287	-0.035307	-0.035307
559	-0.035042	-0.035045	-0.035043
560	-0.034805	-0.034797	-0.034785
561	-0.034618	-0.034581	-0.034583
562	-0.034483	-0.034398	-0.034442
563	-0.034297	-0.03419	-0.034253
564	-0.034023	-0.033937	-0.033977
565	-0.03381	-0.033749	-0.03376
566	-0.033798	-0.033767	-0.033728
567	-0.033782	-0.033783	-0.0337
568	-0.033744	-0.033779	-0.033704
569	-0.033705	-0.033775	-0.033708
570	-0.033689	-0.033714	-0.03365
571	-0.033672	-0.033653	-0.033591
572	-0.033609	-0.033591	-0.033544
573	-0.033538	-0.033529	-0.033499
574	-0.033442	-0.033445	-0.033422
575	-0.033337	-0.033354	-0.033334
576	-0.033217	-0.033236	-0.033226
577	-0.033088	-0.033102	-0.033108
578	-0.03296	-0.032961	-0.032987
579	-0.032834	-0.032813	-0.032863
580	-0.03269	-0.032661	-0.032715
581	-0.03252	-0.032501	-0.032529
582	-0.032292	-0.032278	-0.032282
583	-0.031913	-0.031886	-0.031873
584	-0.031536	-0.031501	-0.031476
585	-0.03117	-0.031151	-0.031135
586	-0.030801	-0.030797	-0.030789
587	-0.030358	-0.030368	-0.030334
588	-0.029915	-0.029938	-0.029878
589	-0.029556	-0.029565	-0.029533
590	-0.029203	-0.029197	-0.029196
591	-0.028833	-0.028825	-0.028821
592	-0.028459	-0.028453	-0.028437
593	-0.028153	-0.028139	-0.028137
594	-0.027876	-0.027849	-0.027873
595	-0.027559	-0.027531	-0.027561
596	-0.027214	-0.027193	-0.027217
597	-0.026886	-0.026866	-0.026875
598	-0.026575	-0.02655	-0.026537
599	-0.026258	-0.026236	-0.02621
600	-0.02593	-0.025923	-0.025904
601	-0.025617	-0.025618	-0.025602
602	-0.02535	-0.025332	-0.025312
603	-0.025068	-0.025037	-0.025014
604	-0.024705	-0.02469	-0.024664
605	-0.024341	-0.02434	-0.024312
606	-0.023947	-0.023931	-0.023931
607	-0.023554	-0.023522	-0.02355
608	-0.023165	-0.023148	-0.023145
609	-0.022776	-0.022776	-0.022737
610	-0.0225	-0.022512	-0.022472
611	-0.022248	-0.022271	-0.022238
612	-0.021987	-0.022022	-0.022011
613	-0.021721	-0.021769	-0.021788
614	-0.021412	-0.021455	-0.021442
615	-0.021075	-0.021101	-0.021019
616	-0.020746	-0.020759	-0.020644
617	-0.020426	-0.020429	-0.020318
618	-0.020095	-0.02009	-0.019997
619	-0.01975	-0.01974	-0.019684
620	-0.019429	-0.019404	-0.019384
621	-0.019164	-0.0191	-0.01911
622	-0.018876	-0.018791	-0.018823
623	-0.018493	-0.01846	-0.01848
624	-0.018117	-0.018133	-0.018138
625	-0.017808	-0.017844	-0.017795
626	-0.017498	-0.017556	-0.017452
627	-0.017207	-0.017253	-0.017179
628	-0.016916	-0.01695	-0.016906
629	-0.016573	-0.016587	-0.016559
630	-0.016224	-0.016217	-0.016202
631	-0.015879	-0.015901	-0.015876
632	-0.015534	-0.015599	-0.015558
633	-0.015188	-0.015252	-0.015197
634	-0.014841	-0.014885	-0.014818
635	-0.014532	-0.014548	-0.0145
636	-0.014248	-0.014231	-0.014224
637	-0.013988	-0.013939	-0.013955
638	-0.013752	-0.013671	-0.013695
639	-0.013497	-0.013434	-0.013455
640	-0.013214	-0.013244	-0.013245
641	-0.012946	-0.013023	-0.013003
642	-0.012709	-0.012736	-0.012693
643	-0.012463	-0.012461	-0.012405
644	-0.012182	-0.01223	-0.012194
645	-0.011905	-0.011994	-0.011976
646	-0.011666	-0.011732	-0.011707
647	-0.011435	-0.011477	-0.011447
648	-0.011429	-0.011426	-0.011432
649	-0.011424	-0.011376	-0.011416
650	-0.011857	-0.011862	-0.011849
651	-0.012317	-0.012381	-0.012309
652	-0.012967	-0.01301	-0.012966
653	-0.013651	-0.013659	-0.013656
654	-0.014124	-0.014132	-0.014151
655	-0.014532	-0.01455	-0.014585
656	-0.014568	-0.01459	-0.014611
657	-0.014424	-0.014449	-0.014438
658	-0.013964	-0.013963	-0.013958
659	-0.013282	-0.013234	-0.013262
660	-0.012386	-0.012331	-0.012379
661	-0.011277	-0.011254	-0.011309
662	-0.010255	-0.010237	-0.010287
663	-0.009357	-0.009305	-0.009333
664	-0.008577	-0.008522	-0.008533
665	-0.008037	-0.008046	-0.008051
666	-0.007553	-0.007592	-0.007599
667	-0.007239	-0.00721	-0.007242
668	-0.006936	-0.006867	-0.006906
669	-0.006686	-0.00673	-0.006676
670	-0.006439	-0.006579	-0.006448
671	-0.00623	-0.006278	-0.00623
672	-0.006021	-0.005976	-0.006011
673	-0.005792	-0.005764	-0.005789
674	-0.005562	-0.005551	-0.005567
675	-0.005379	-0.005383	-0.005366
676	-0.005201	-0.005218	-0.005168
677	-0.004997	-0.005037	-0.005025
678	-0.004788	-0.004853	-0.004892
679	-0.004613	-0.004649	-0.004673
680	-0.004448	-0.004438	-0.004428
681	-0.004317	-0.004273	-0.00428
682	-0.004201	-0.00413	-0.004176
683	-0.004022	-0.003981	-0.004011
684	-0.003803	-0.003829	-0.003807
685	-0.003608	-0.003663	-0.003609
686	-0.003432	-0.003485	-0.003416
687	-0.003296	-0.003312	-0.003224
688	-0.003205	-0.003144	-0.003033
689	-0.003074	-0.002997	-0.002891
690	-0.002878	-0.002883	-0.002825
691	-0.002666	-0.002726	-0.0027
692	-0.002421	-0.002474	-0.002448
693	-0.002206	-0.002231	-0.002202
694	-0.002086	-0.00202	-0.001977
695	-0.001947	-0.001829	-0.001774
696	-0.001715	-0.001737	-0.00167
697	-0.001485	-0.001631	-0.001552
698	-0.001264	-0.00139	-0.001318
699	-0.001043	-0.001147	-0.001084
700	-0.000841	-0.000857	-0.000833
701	-0.000638	-0.000566	-0.000581
702	-0.000469	-0.000402	-0.000435
703	-0.000302	-0.000242	-0.000294
704	-0.000039	-0.000008	-0.000067
705	0.000234	0.000234	0.00017
706	0.000428	0.000379	0.000384
707	0.000606	0.000505	0.000594
708	0.0008	0.000741	0.00078
709	0.000998	0.001009	0.00096
710	0.001218	0.001258	0.00115
711	0.001447	0.001498	0.001345
712	0.001641	0.001671	0.001548
713	0.001814	0.001807	0.001755
714	0.00197	0.00196	0.001948
715	0.002114	0.002126	0.002129
716	0.00233	0.002332	0.002325
717	0.002613	0.002578	0.002535
718	0.00282	0.002753	0.002747
719	0.002935	0.002846	0.002961
720	0.003125	0.003035	0.003187
[LOG]
CHECKSUMVÚ