[HEADER]
Format	J&M ASCII Table
Comment	
Date	04/03/2026 19:49:27
Order	Y (evenX)
TechType	UV
NumPoints	411
FirstX	310
LastX	720
XType	nm
YType	Absorbance
ZType	s
NumSubFile	3
Matrix	Z vs X
[LOGIN]
Name=pcbob
[INSTRUMENT]
Name=TIDAS E Base UV/VI
Detector=MMS - ASPEN 97,5 kHz
Diodearray=256 Pixel
Serial#=36584
Calibrated=2011-07-01
Range=183.81-729.88 [nm] (F0)

SWVersion=v3.18.2 (build 0)[LOGIN]
Name=pcbob
[CONFIG]
ChannelName=Channel 1
ChannelType=Normalized
[PARAMETER]
It=400,00
Aver=5
Norm=3
Range=310,0-720,0 nm
Scan=Time
ScanTime=5,00 s
[TRIGGER]
Sweep=0
Scan=0
[DIO]
DigOut=0x0000
DigIn=0x0000
[DATA]
	00:00:00,000	00:00:02,000	00:00:04,000
310	0.683746	0.683203	0.682978
311	0.673667	0.673158	0.672906
312	0.663756	0.66327	0.662927
313	0.653985	0.653531	0.653129
314	0.644407	0.644	0.64358
315	0.634942	0.63457	0.634133
316	0.625832	0.625457	0.625007
317	0.61672	0.616344	0.615879
318	0.607581	0.607214	0.60671
319	0.598443	0.598085	0.59754
320	0.589561	0.58911	0.588697
321	0.580712	0.580155	0.579897
322	0.572023	0.571411	0.571195
323	0.563401	0.562754	0.562534
324	0.554839	0.554268	0.553972
325	0.546332	0.545933	0.545496
326	0.537949	0.537658	0.537121
327	0.529793	0.52949	0.52893
328	0.521654	0.521336	0.520761
329	0.513591	0.513246	0.512696
330	0.505528	0.505156	0.504632
331	0.497619	0.497253	0.496742
332	0.489709	0.48935	0.488853
333	0.482052	0.481643	0.481226
334	0.474449	0.473977	0.473655
335	0.466894	0.466407	0.466102
336	0.459364	0.458889	0.45856
337	0.451916	0.451453	0.451122
338	0.444559	0.44411	0.443799
339	0.437312	0.436883	0.436565
340	0.430328	0.42993	0.429537
341	0.42336	0.422987	0.422526
342	0.416507	0.416111	0.415638
343	0.409655	0.409236	0.408749
344	0.402943	0.402557	0.402078
345	0.39624	0.395889	0.395419
346	0.389678	0.389352	0.388852
347	0.383158	0.382853	0.382311
348	0.376754	0.37637	0.375847
349	0.370428	0.369899	0.369435
350	0.364098	0.363565	0.363114
351	0.357766	0.357416	0.356917
352	0.351495	0.351275	0.350752
353	0.345411	0.345157	0.344685
354	0.339332	0.339048	0.338621
355	0.333321	0.333046	0.332605
356	0.32731	0.327043	0.326588
357	0.321569	0.321239	0.320828
358	0.315856	0.315456	0.315094
359	0.310315	0.309894	0.309525
360	0.304835	0.304413	0.304015
361	0.299286	0.298834	0.298449
362	0.293683	0.293176	0.292839
363	0.288065	0.287575	0.287249
364	0.282423	0.282064	0.281689
365	0.276894	0.276632	0.276197
366	0.271773	0.271483	0.270947
367	0.266654	0.26634	0.26571
368	0.261563	0.261303	0.260753
369	0.256473	0.256267	0.255795
370	0.251474	0.251228	0.250763
371	0.246488	0.246188	0.245721
372	0.241472	0.241136	0.240651
373	0.236444	0.236079	0.23557
374	0.231469	0.231052	0.230605
375	0.22654	0.226053	0.225743
376	0.221677	0.221184	0.220953
377	0.216931	0.216544	0.21629
378	0.212242	0.211926	0.21166
379	0.20779	0.207396	0.207166
380	0.203338	0.202869	0.202673
381	0.198878	0.198479	0.198217
382	0.194419	0.19409	0.193761
383	0.190097	0.189816	0.189458
384	0.185799	0.185562	0.185181
385	0.181609	0.181357	0.180972
386	0.177469	0.177174	0.176794
387	0.17338	0.173078	0.172705
388	0.16934	0.169064	0.1687
389	0.165329	0.165076	0.164714
390	0.161372	0.161137	0.160762
391	0.157442	0.15722	0.156836
392	0.153631	0.153409	0.153026
393	0.149824	0.149601	0.149219
394	0.146248	0.145952	0.14561
395	0.142673	0.142303	0.142001
396	0.139247	0.138922	0.138631
397	0.135846	0.135589	0.135304
398	0.132568	0.13232	0.132063
399	0.129346	0.129082	0.128863
400	0.126033	0.125726	0.125543
401	0.122635	0.122259	0.122109
402	0.119206	0.118816	0.118669
403	0.115721	0.115417	0.115217
404	0.112336	0.112093	0.11185
405	0.109396	0.1091	0.108858
406	0.106456	0.10611	0.105869
407	0.103597	0.103284	0.103068
408	0.100738	0.100458	0.100268
409	0.097795	0.097513	0.097277
410	0.094837	0.094549	0.094253
411	0.091833	0.091606	0.091294
412	0.08881	0.088672	0.088364
413	0.085922	0.08578	0.085469
414	0.083158	0.082924	0.082606
415	0.080316	0.080012	0.07974
416	0.077338	0.077002	0.076868
417	0.074366	0.074026	0.073982
418	0.071424	0.071191	0.07104
419	0.068498	0.068367	0.068115
420	0.065957	0.065807	0.065623
421	0.063417	0.063248	0.06313
422	0.061045	0.060866	0.060759
423	0.058697	0.05851	0.058405
424	0.056354	0.056172	0.056077
425	0.054012	0.053841	0.053759
426	0.051825	0.051685	0.05156
427	0.049762	0.049671	0.049458
428	0.047791	0.047713	0.04747
429	0.045961	0.045842	0.045658
430	0.044133	0.043997	0.043844
431	0.042313	0.042236	0.04202
432	0.040495	0.040471	0.040204
433	0.038692	0.038655	0.038492
434	0.03689	0.03684	0.03678
435	0.035227	0.035081	0.035035
436	0.033576	0.033326	0.033286
437	0.031876	0.031666	0.031585
438	0.030159	0.030035	0.029899
439	0.02859	0.028493	0.028329
440	0.027122	0.02701	0.026837
441	0.025674	0.025541	0.02539
442	0.024255	0.024089	0.024001
443	0.022896	0.022711	0.02265
444	0.021692	0.021522	0.021396
445	0.020491	0.020336	0.020159
446	0.019314	0.019166	0.019041
447	0.018137	0.017997	0.017923
448	0.016958	0.016877	0.016789
449	0.015779	0.015758	0.015654
450	0.014765	0.014734	0.014622
451	0.013789	0.013732	0.013614
452	0.012896	0.012799	0.012698
453	0.012046	0.011902	0.011831
454	0.011115	0.010961	0.010891
455	0.010105	0.009977	0.009879
456	0.009164	0.009047	0.008953
457	0.008352	0.008221	0.008188
458	0.007536	0.007397	0.007408
459	0.006701	0.006586	0.006563
460	0.005871	0.005778	0.005721
461	0.005151	0.005048	0.004948
462	0.004432	0.004319	0.004175
463	0.0037	0.00359	0.00346
464	0.002966	0.002862	0.002751
465	0.002371	0.002278	0.002191
466	0.001826	0.001746	0.001683
467	0.001369	0.001265	0.001203
468	0.000975	0.00082	0.000741
469	0.000542	0.00039	0.000294
470	0.000056	-0.000019	-0.000134
471	-0.0004	-0.000429	-0.000552
472	-0.000781	-0.000844	-0.000943
473	-0.001172	-0.001266	-0.001342
474	-0.001637	-0.001739	-0.001797
475	-0.002102	-0.002211	-0.002251
476	-0.002471	-0.002573	-0.00264
477	-0.002838	-0.002933	-0.003028
478	-0.003292	-0.003298	-0.003401
479	-0.003764	-0.003663	-0.003771
480	-0.004171	-0.004107	-0.004174
481	-0.004548	-0.004587	-0.004592
482	-0.005078	-0.005158	-0.005151
483	-0.005741	-0.005807	-0.005833
484	-0.006381	-0.006436	-0.006499
485	-0.006985	-0.007031	-0.007143
486	-0.007465	-0.007499	-0.007636
487	-0.007553	-0.007569	-0.007655
488	-0.007613	-0.007618	-0.007656
489	-0.007398	-0.007462	-0.007484
490	-0.007183	-0.007305	-0.007311
491	-0.007156	-0.007241	-0.007266
492	-0.007139	-0.007183	-0.007228
493	-0.007175	-0.007241	-0.007313
494	-0.007223	-0.007328	-0.007427
495	-0.00725	-0.00733	-0.007419
496	-0.007265	-0.007288	-0.007349
497	-0.00731	-0.007308	-0.007359
498	-0.007383	-0.007385	-0.007446
499	-0.007481	-0.007473	-0.007548
500	-0.00762	-0.007579	-0.007675
501	-0.00771	-0.007661	-0.007768
502	-0.007636	-0.00766	-0.007743
503	-0.00757	-0.007661	-0.00772
504	-0.007594	-0.007668	-0.007701
505	-0.007618	-0.007675	-0.007681
506	-0.007606	-0.0077	-0.007714
507	-0.007592	-0.007726	-0.007749
508	-0.00767	-0.007734	-0.007776
509	-0.00777	-0.007738	-0.007801
510	-0.007804	-0.007757	-0.007815
511	-0.007804	-0.007786	-0.007824
512	-0.007812	-0.0078	-0.007849
513	-0.007827	-0.007801	-0.007887
514	-0.007869	-0.007852	-0.00795
515	-0.007955	-0.007984	-0.008054
516	-0.007998	-0.008062	-0.008106
517	-0.007913	-0.007976	-0.008
518	-0.007833	-0.007895	-0.007896
519	-0.007805	-0.007848	-0.00781
520	-0.007776	-0.007801	-0.007724
521	-0.007685	-0.007719	-0.007685
522	-0.007593	-0.007635	-0.007647
523	-0.007533	-0.007585	-0.007574
524	-0.00748	-0.00754	-0.007493
525	-0.007446	-0.007482	-0.007463
526	-0.007421	-0.007418	-0.007456
527	-0.007405	-0.007384	-0.007459
528	-0.007395	-0.007373	-0.00747
529	-0.007369	-0.007367	-0.007444
530	-0.007318	-0.007367	-0.007369
531	-0.007307	-0.007373	-0.007339
532	-0.007389	-0.007391	-0.007416
533	-0.00745	-0.007406	-0.007478
534	-0.007404	-0.007405	-0.007462
535	-0.007358	-0.007403	-0.007444
536	-0.007332	-0.007334	-0.007384
537	-0.007306	-0.007265	-0.007323
538	-0.007281	-0.007215	-0.007294
539	-0.007256	-0.007168	-0.007269
540	-0.007143	-0.007097	-0.007177
541	-0.007003	-0.007019	-0.007063
542	-0.006914	-0.006958	-0.007009
543	-0.006854	-0.006906	-0.006989
544	-0.006808	-0.006825	-0.006908
545	-0.006775	-0.006714	-0.006764
546	-0.006711	-0.00661	-0.006634
547	-0.006594	-0.006515	-0.006525
548	-0.006472	-0.006406	-0.006411
549	-0.006334	-0.006256	-0.006279
550	-0.006194	-0.006114	-0.006152
551	-0.00604	-0.006043	-0.00606
552	-0.005885	-0.005972	-0.005968
553	-0.005844	-0.005892	-0.005943
554	-0.005805	-0.005811	-0.005918
555	-0.005808	-0.005829	-0.005897
556	-0.005819	-0.005863	-0.005877
557	-0.005785	-0.005813	-0.005836
558	-0.005735	-0.005732	-0.005788
559	-0.005674	-0.005671	-0.005741
560	-0.005606	-0.005622	-0.005695
561	-0.005568	-0.005595	-0.005648
562	-0.005562	-0.00559	-0.0056
563	-0.005552	-0.005562	-0.005565
564	-0.005536	-0.005491	-0.005554
565	-0.00555	-0.005473	-0.005571
566	-0.005661	-0.005626	-0.005677
567	-0.005776	-0.005777	-0.00579
568	-0.005923	-0.005907	-0.005949
569	-0.006071	-0.006037	-0.006108
570	-0.006177	-0.00615	-0.006201
571	-0.006284	-0.006263	-0.006294
572	-0.006391	-0.006391	-0.006418
573	-0.006498	-0.006521	-0.006546
574	-0.006561	-0.006581	-0.006611
575	-0.006611	-0.006616	-0.006654
576	-0.006637	-0.006632	-0.006684
577	-0.006649	-0.006638	-0.006707
578	-0.006663	-0.006648	-0.00673
579	-0.00668	-0.006662	-0.006751
580	-0.006664	-0.006662	-0.006731
581	-0.006601	-0.00664	-0.006646
582	-0.006499	-0.006554	-0.006524
583	-0.006296	-0.006301	-0.006305
584	-0.006091	-0.006057	-0.006091
585	-0.005876	-0.005864	-0.005906
586	-0.005657	-0.005667	-0.005715
587	-0.005357	-0.005362	-0.005402
588	-0.005056	-0.005056	-0.005089
589	-0.00487	-0.004855	-0.004902
590	-0.004694	-0.004661	-0.004724
591	-0.004467	-0.004438	-0.004507
592	-0.004229	-0.004208	-0.004282
593	-0.004108	-0.004078	-0.004131
594	-0.004038	-0.003989	-0.004012
595	-0.003861	-0.003807	-0.003812
596	-0.003607	-0.00356	-0.003556
597	-0.003374	-0.003327	-0.003321
598	-0.003164	-0.003111	-0.003109
599	-0.002961	-0.002929	-0.002919
600	-0.002773	-0.002804	-0.002766
601	-0.002604	-0.002671	-0.002615
602	-0.002489	-0.002514	-0.002467
603	-0.002355	-0.002349	-0.002314
604	-0.002116	-0.00214	-0.002124
605	-0.001876	-0.001926	-0.001929
606	-0.001619	-0.001589	-0.001603
607	-0.001361	-0.001253	-0.001278
608	-0.001119	-0.001055	-0.001099
609	-0.000879	-0.000869	-0.000933
610	-0.000708	-0.00069	-0.000739
611	-0.000553	-0.000514	-0.000539
612	-0.000431	-0.000399	-0.000452
613	-0.000322	-0.000308	-0.00041
614	-0.000172	-0.00016	-0.000236
615	0.000003	0.000027	0.000023
616	0.000208	0.000238	0.000247
617	0.000442	0.000472	0.000436
618	0.000646	0.000674	0.000627
619	0.000806	0.000825	0.00082
620	0.000971	0.000972	0.000998
621	0.001153	0.00111	0.001141
622	0.001339	0.001274	0.001309
623	0.001544	0.001543	0.00158
624	0.001747	0.001803	0.001837
625	0.001934	0.001966	0.001966
626	0.002122	0.00213	0.002096
627	0.002381	0.002382	0.002366
628	0.002641	0.002634	0.002636
629	0.00286	0.002867	0.002873
630	0.003074	0.003098	0.003106
631	0.003264	0.003321	0.003298
632	0.003447	0.003542	0.00348
633	0.003716	0.00377	0.003739
634	0.004022	0.004002	0.004032
635	0.004241	0.004209	0.004248
636	0.004402	0.0044	0.004413
637	0.004575	0.004594	0.00459
638	0.004761	0.004792	0.00478
639	0.004944	0.004982	0.00496
640	0.005123	0.00516	0.005127
641	0.005287	0.005316	0.005278
642	0.005414	0.005425	0.005393
643	0.005542	0.005537	0.005519
644	0.005667	0.005663	0.005686
645	0.005789	0.00579	0.005839
646	0.005889	0.005931	0.005904
647	0.005983	0.006066	0.005965
648	0.005931	0.006014	0.005924
649	0.005878	0.005962	0.005882
650	0.005354	0.005418	0.005349
651	0.0048	0.004843	0.004786
652	0.004088	0.004112	0.004081
653	0.003347	0.003355	0.003351
654	0.002914	0.002909	0.002898
655	0.002575	0.00256	0.00253
656	0.002464	0.002453	0.002423
657	0.002462	0.002463	0.002441
658	0.00278	0.002809	0.002801
659	0.003324	0.00339	0.003401
660	0.004051	0.004125	0.004113
661	0.00496	0.005013	0.004937
662	0.005806	0.00584	0.005738
663	0.006561	0.006581	0.006506
664	0.007248	0.007248	0.00721
665	0.007793	0.007768	0.00778
666	0.008251	0.008214	0.008258
667	0.008442	0.008431	0.008453
668	0.008643	0.008651	0.008648
669	0.008892	0.008888	0.008833
670	0.009131	0.009113	0.009013
671	0.00925	0.009208	0.009132
672	0.009369	0.009302	0.009251
673	0.009497	0.009482	0.009423
674	0.009625	0.009662	0.009595
675	0.009731	0.009745	0.009708
676	0.009836	0.00982	0.009815
677	0.009939	0.009914	0.009926
678	0.010041	0.010011	0.010038
679	0.010141	0.010129	0.010164
680	0.01024	0.010253	0.010294
681	0.010337	0.01036	0.010376
682	0.010433	0.010458	0.010436
683	0.010521	0.01056	0.010515
684	0.010603	0.010663	0.010605
685	0.010715	0.010771	0.01072
686	0.010851	0.010885	0.010856
687	0.010952	0.010969	0.010967
688	0.011013	0.011019	0.011048
689	0.011102	0.011091	0.011123
690	0.011237	0.011198	0.011189
691	0.011395	0.01133	0.011297
692	0.011603	0.011516	0.011499
693	0.011779	0.011693	0.011687
694	0.011855	0.011839	0.011831
695	0.011935	0.011966	0.011961
696	0.012037	0.012	0.012026
697	0.012144	0.012052	0.012106
698	0.01229	0.012262	0.012317
699	0.012441	0.012472	0.012527
700	0.012699	0.012668	0.012723
701	0.012957	0.012865	0.01292
702	0.013074	0.012978	0.013007
703	0.013187	0.013088	0.01309
704	0.013326	0.013209	0.013258
705	0.013468	0.013333	0.013434
706	0.013548	0.013454	0.013525
707	0.013616	0.013576	0.013598
708	0.013743	0.013742	0.013739
709	0.013888	0.013922	0.0139
710	0.014073	0.014091	0.014076
711	0.014274	0.014254	0.014259
712	0.014438	0.014406	0.014403
713	0.014581	0.014552	0.014527
714	0.01467	0.014637	0.014619
715	0.014719	0.014677	0.014687
716	0.014786	0.014774	0.014789
717	0.01487	0.014922	0.014924
718	0.015003	0.015071	0.015064
719	0.015193	0.015223	0.015213
720	0.015358	0.015383	0.015377
[LOG]
CHECKSUM 