[HEADER]
Format	J&M ASCII Table
Comment	
Date	26/03/2026 11:49:52
Order	Y (evenX)
TechType	UV
NumPoints	411
FirstX	310
LastX	720
XType	nm
YType	Absorbance
ZType	s
NumSubFile	3
Matrix	Z vs X
[LOGIN]
Name=pcbob
[INSTRUMENT]
Name=TIDAS E Base UV/VI
Detector=MMS - ASPEN 97,5 kHz
Diodearray=256 Pixel
Serial#=36584
Calibrated=2011-07-01
Range=183.81-729.88 [nm] (F0)

SWVersion=v3.18.2 (build 0)[LOGIN]
Name=pcbob
[CONFIG]
ChannelName=Channel 1
ChannelType=Normalized
[PARAMETER]
It=400,00
Aver=5
Norm=3
Range=310,0-720,0 nm
Scan=Time
ScanTime=5,00 s
[TRIGGER]
Sweep=0
Scan=0
[DIO]
DigOut=0x0000
DigIn=0x0000
[DATA]
	00:00:00,000	00:00:02,000	00:00:04,000
310	0.015944	0.015969	0.015871
311	0.015125	0.015162	0.015057
312	0.014309	0.014346	0.014234
313	0.013524	0.013569	0.013453
314	0.012782	0.012847	0.012728
315	0.012042	0.012116	0.011999
316	0.01131	0.011357	0.011252
317	0.010574	0.010597	0.010505
318	0.009783	0.009824	0.009761
319	0.008993	0.009052	0.009016
320	0.008112	0.008184	0.008128
321	0.00722	0.007303	0.007222
322	0.006372	0.006456	0.00639
323	0.005542	0.005625	0.00559
324	0.004741	0.004843	0.004809
325	0.003965	0.004105	0.004046
326	0.003239	0.003392	0.003312
327	0.002604	0.002725	0.002631
328	0.001974	0.002077	0.001974
329	0.001369	0.001521	0.001432
330	0.000765	0.000965	0.00089
331	0.00034	0.000551	0.000477
332	-0.000084	0.000137	0.000063
333	-0.000452	-0.000268	-0.000353
334	-0.000808	-0.00067	-0.00077
335	-0.00123	-0.001091	-0.001173
336	-0.001688	-0.001523	-0.001568
337	-0.002139	-0.001962	-0.001988
338	-0.002582	-0.002409	-0.002436
339	-0.00302	-0.002849	-0.002879
340	-0.003443	-0.003272	-0.003313
341	-0.003884	-0.003708	-0.003757
342	-0.004446	-0.00424	-0.004274
343	-0.005007	-0.004772	-0.00479
344	-0.00555	-0.005374	-0.00536
345	-0.006091	-0.005981	-0.005933
346	-0.006703	-0.006598	-0.006576
347	-0.007337	-0.00722	-0.00724
348	-0.007997	-0.007869	-0.007893
349	-0.008676	-0.008538	-0.008537
350	-0.009334	-0.009182	-0.009185
351	-0.009964	-0.009794	-0.009836
352	-0.010627	-0.010441	-0.010503
353	-0.011389	-0.011198	-0.011215
354	-0.012146	-0.011953	-0.011928
355	-0.012841	-0.012679	-0.012645
356	-0.013535	-0.013406	-0.013363
357	-0.01437	-0.014232	-0.014165
358	-0.01522	-0.015069	-0.014975
359	-0.016026	-0.015874	-0.01578
360	-0.016815	-0.016667	-0.016583
361	-0.017613	-0.017482	-0.017406
362	-0.018417	-0.018313	-0.018244
363	-0.01921	-0.019092	-0.01905
364	-0.019986	-0.019787	-0.019803
365	-0.020796	-0.020542	-0.020594
366	-0.021736	-0.021517	-0.021525
367	-0.022671	-0.022485	-0.022451
368	-0.023514	-0.023315	-0.023287
369	-0.024357	-0.024145	-0.024123
370	-0.025188	-0.025037	-0.025012
371	-0.026017	-0.025937	-0.025909
372	-0.026846	-0.026763	-0.02674
373	-0.027676	-0.027558	-0.027542
374	-0.028496	-0.028384	-0.028352
375	-0.029308	-0.029237	-0.029168
376	-0.030131	-0.030076	-0.029988
377	-0.030975	-0.030888	-0.030816
378	-0.031818	-0.031699	-0.031641
379	-0.03266	-0.032501	-0.032454
380	-0.033501	-0.033304	-0.033268
381	-0.034302	-0.034134	-0.034128
382	-0.035103	-0.034963	-0.034988
383	-0.035843	-0.035703	-0.035745
384	-0.036571	-0.036426	-0.036484
385	-0.037277	-0.037126	-0.037132
386	-0.037971	-0.037814	-0.037738
387	-0.038562	-0.038422	-0.038339
388	-0.039058	-0.038954	-0.038937
389	-0.039534	-0.039453	-0.039464
390	-0.039973	-0.03989	-0.039856
391	-0.040421	-0.040329	-0.040269
392	-0.040907	-0.04078	-0.040775
393	-0.041396	-0.041233	-0.041282
394	-0.042047	-0.041893	-0.041897
395	-0.042697	-0.042552	-0.042513
396	-0.043048	-0.042959	-0.042865
397	-0.043345	-0.043319	-0.043169
398	-0.043672	-0.043629	-0.043483
399	-0.044013	-0.043916	-0.043802
400	-0.044456	-0.044336	-0.044227
401	-0.044995	-0.044884	-0.04475
402	-0.045515	-0.045428	-0.045291
403	-0.046001	-0.045965	-0.045866
404	-0.046462	-0.046451	-0.046386
405	-0.046813	-0.046713	-0.046664
406	-0.047165	-0.046977	-0.046943
407	-0.04752	-0.047337	-0.047313
408	-0.047876	-0.047696	-0.047683
409	-0.048338	-0.048165	-0.048112
410	-0.048819	-0.048653	-0.048551
411	-0.049138	-0.048989	-0.048885
412	-0.049384	-0.049258	-0.049173
413	-0.049649	-0.049549	-0.049457
414	-0.049931	-0.049861	-0.049738
415	-0.050301	-0.050261	-0.05012
416	-0.050824	-0.050816	-0.050681
417	-0.051325	-0.05133	-0.051211
418	-0.051734	-0.05168	-0.051619
419	-0.052137	-0.052026	-0.05202
420	-0.052391	-0.05226	-0.052249
421	-0.052645	-0.052494	-0.052479
422	-0.052924	-0.052821	-0.052728
423	-0.053207	-0.05316	-0.052981
424	-0.053424	-0.053379	-0.053191
425	-0.053616	-0.05355	-0.053384
426	-0.053723	-0.053639	-0.05349
427	-0.05376	-0.053661	-0.053525
428	-0.053681	-0.053588	-0.053459
429	-0.053421	-0.05337	-0.05324
430	-0.053198	-0.053169	-0.053042
431	-0.053096	-0.053025	-0.052912
432	-0.052997	-0.052889	-0.052791
433	-0.052948	-0.052846	-0.052777
434	-0.052898	-0.052804	-0.052764
435	-0.052832	-0.052751	-0.052689
436	-0.052765	-0.052698	-0.052608
437	-0.052652	-0.052575	-0.052464
438	-0.052525	-0.052431	-0.052298
439	-0.052431	-0.052325	-0.052187
440	-0.052358	-0.052245	-0.052112
441	-0.052256	-0.052159	-0.052027
442	-0.052117	-0.052065	-0.05193
443	-0.051958	-0.051926	-0.051799
444	-0.051747	-0.051673	-0.051583
445	-0.051538	-0.051431	-0.05137
446	-0.05134	-0.051255	-0.05118
447	-0.051143	-0.05108	-0.05099
448	-0.050922	-0.050851	-0.050758
449	-0.050701	-0.050621	-0.050524
450	-0.050443	-0.050401	-0.050301
451	-0.050177	-0.050184	-0.05008
452	-0.049958	-0.049958	-0.04987
453	-0.049763	-0.049727	-0.049664
454	-0.04958	-0.049527	-0.049457
455	-0.049409	-0.049358	-0.049248
456	-0.049217	-0.04919	-0.049049
457	-0.048985	-0.049021	-0.048867
458	-0.048757	-0.048832	-0.048675
459	-0.048543	-0.048558	-0.048443
460	-0.048325	-0.048285	-0.048206
461	-0.048041	-0.048016	-0.047874
462	-0.047757	-0.047748	-0.047542
463	-0.047508	-0.047489	-0.047342
464	-0.047263	-0.047232	-0.047159
465	-0.04694	-0.046903	-0.046844
466	-0.046589	-0.046547	-0.046482
467	-0.046117	-0.046054	-0.045993
468	-0.045559	-0.045464	-0.045412
469	-0.045039	-0.044935	-0.044876
470	-0.04457	-0.044488	-0.044399
471	-0.044107	-0.044028	-0.043923
472	-0.043662	-0.043536	-0.043449
473	-0.043237	-0.043074	-0.042999
474	-0.042938	-0.04281	-0.042714
475	-0.042638	-0.042546	-0.042428
476	-0.042298	-0.042221	-0.042092
477	-0.041958	-0.041895	-0.041754
478	-0.041595	-0.041553	-0.041405
479	-0.041228	-0.041207	-0.041053
480	-0.041024	-0.040979	-0.040837
481	-0.040895	-0.040804	-0.040685
482	-0.0409	-0.040812	-0.040705
483	-0.041019	-0.040978	-0.040872
484	-0.041102	-0.041082	-0.040982
485	-0.041128	-0.04109	-0.041001
486	-0.041025	-0.04098	-0.040892
487	-0.04052	-0.0405	-0.040383
488	-0.039999	-0.039999	-0.039857
489	-0.039329	-0.039282	-0.039174
490	-0.038659	-0.038566	-0.038492
491	-0.038067	-0.037983	-0.037909
492	-0.037481	-0.037407	-0.037332
493	-0.036901	-0.036827	-0.036764
494	-0.036324	-0.036247	-0.036198
495	-0.035827	-0.035742	-0.035675
496	-0.035373	-0.035276	-0.035174
497	-0.03495	-0.034842	-0.034731
498	-0.034556	-0.034438	-0.034341
499	-0.034153	-0.034044	-0.033949
500	-0.033734	-0.033665	-0.033551
501	-0.033303	-0.03327	-0.033142
502	-0.032827	-0.032821	-0.032694
503	-0.032355	-0.032373	-0.032246
504	-0.031923	-0.03193	-0.031808
505	-0.031491	-0.031487	-0.031369
506	-0.031066	-0.031018	-0.030898
507	-0.030641	-0.030548	-0.030426
508	-0.030246	-0.030149	-0.030042
509	-0.029858	-0.029768	-0.02968
510	-0.029496	-0.029439	-0.029334
511	-0.029147	-0.029135	-0.028997
512	-0.028832	-0.028815	-0.028657
513	-0.02855	-0.028482	-0.028315
514	-0.028225	-0.028131	-0.027965
515	-0.027832	-0.027754	-0.027601
516	-0.027447	-0.027382	-0.027238
517	-0.027085	-0.027024	-0.026876
518	-0.026728	-0.026669	-0.026519
519	-0.026402	-0.026327	-0.026192
520	-0.026076	-0.025986	-0.025866
521	-0.025793	-0.0257	-0.025605
522	-0.025512	-0.025417	-0.025346
523	-0.025193	-0.025129	-0.025042
524	-0.024866	-0.024841	-0.024729
525	-0.02463	-0.024553	-0.024451
526	-0.024433	-0.024265	-0.024187
527	-0.024211	-0.024036	-0.023973
528	-0.023969	-0.023855	-0.023795
529	-0.023665	-0.023615	-0.023549
530	-0.023278	-0.023298	-0.023211
531	-0.022917	-0.022977	-0.022861
532	-0.022621	-0.022645	-0.022485
533	-0.022324	-0.022321	-0.022127
534	-0.022026	-0.022034	-0.02187
535	-0.02173	-0.021747	-0.021612
536	-0.02148	-0.021461	-0.021341
537	-0.02123	-0.021175	-0.021071
538	-0.020893	-0.020863	-0.020737
539	-0.020547	-0.020548	-0.020396
540	-0.020284	-0.020307	-0.020128
541	-0.020047	-0.020088	-0.019882
542	-0.019772	-0.01978	-0.019594
543	-0.019475	-0.019421	-0.019282
544	-0.01919	-0.019115	-0.018994
545	-0.01892	-0.018862	-0.018731
546	-0.018646	-0.018604	-0.018454
547	-0.018368	-0.018338	-0.018154
548	-0.018093	-0.018061	-0.017856
549	-0.01783	-0.017753	-0.017568
550	-0.017547	-0.017432	-0.017265
551	-0.0171	-0.017011	-0.016844
552	-0.016654	-0.01659	-0.016422
553	-0.01644	-0.016356	-0.016181
554	-0.016229	-0.016125	-0.015942
555	-0.01606	-0.015993	-0.015808
556	-0.015899	-0.015876	-0.015691
557	-0.015722	-0.015681	-0.015535
558	-0.015538	-0.015459	-0.015366
559	-0.015304	-0.015256	-0.015129
560	-0.015038	-0.015066	-0.014849
561	-0.014822	-0.014864	-0.014624
562	-0.014659	-0.014649	-0.014458
563	-0.014537	-0.014495	-0.014333
564	-0.014487	-0.014449	-0.01428
565	-0.014447	-0.014393	-0.014229
566	-0.014437	-0.014305	-0.014184
567	-0.014438	-0.014244	-0.014155
568	-0.014521	-0.014386	-0.014247
569	-0.014603	-0.014529	-0.014338
570	-0.014646	-0.014569	-0.014409
571	-0.014689	-0.014609	-0.014479
572	-0.014643	-0.014578	-0.014463
573	-0.014584	-0.014537	-0.014434
574	-0.014562	-0.014532	-0.014414
575	-0.014551	-0.014539	-0.014397
576	-0.01447	-0.014447	-0.014297
577	-0.014349	-0.014297	-0.01415
578	-0.014205	-0.014144	-0.013992
579	-0.014041	-0.013989	-0.013824
580	-0.013842	-0.013799	-0.013631
581	-0.013589	-0.013557	-0.013398
582	-0.013313	-0.013286	-0.013129
583	-0.012976	-0.012939	-0.01277
584	-0.012633	-0.012586	-0.012411
585	-0.012251	-0.012206	-0.012049
586	-0.011867	-0.011824	-0.011686
587	-0.011428	-0.011395	-0.011282
588	-0.010989	-0.010965	-0.010878
589	-0.010614	-0.01059	-0.010496
590	-0.010245	-0.010219	-0.010116
591	-0.009926	-0.009911	-0.009777
592	-0.009619	-0.009618	-0.009448
593	-0.009339	-0.009312	-0.009142
594	-0.00907	-0.009001	-0.008844
595	-0.008811	-0.008743	-0.008576
596	-0.008559	-0.008522	-0.008326
597	-0.008281	-0.00826	-0.008057
598	-0.007973	-0.007953	-0.007767
599	-0.007726	-0.007709	-0.007539
600	-0.007585	-0.007572	-0.007419
601	-0.007439	-0.007426	-0.007278
602	-0.007276	-0.007254	-0.007075
603	-0.0071	-0.007068	-0.006862
604	-0.006843	-0.006796	-0.006593
605	-0.006585	-0.006524	-0.006325
606	-0.006299	-0.00626	-0.006076
607	-0.006014	-0.005995	-0.005828
608	-0.005758	-0.005735	-0.005573
609	-0.005504	-0.005475	-0.005318
610	-0.005298	-0.005251	-0.005085
611	-0.005103	-0.005033	-0.004857
612	-0.004888	-0.004825	-0.004666
613	-0.004665	-0.00462	-0.00449
614	-0.004429	-0.004407	-0.004283
615	-0.004186	-0.00419	-0.004057
616	-0.003922	-0.003909	-0.003777
617	-0.003639	-0.003568	-0.003444
618	-0.003379	-0.003288	-0.003166
619	-0.003156	-0.003097	-0.002969
620	-0.002941	-0.002898	-0.002753
621	-0.002748	-0.002674	-0.002494
622	-0.002528	-0.002442	-0.002234
623	-0.002199	-0.002169	-0.001971
624	-0.001879	-0.001898	-0.001709
625	-0.00165	-0.001639	-0.001452
626	-0.001421	-0.001379	-0.001195
627	-0.001169	-0.001106	-0.000966
628	-0.000917	-0.000832	-0.000737
629	-0.000623	-0.000589	-0.000447
630	-0.000324	-0.000349	-0.00015
631	-0.000097	-0.000131	0.000076
632	0.000111	0.000081	0.000285
633	0.000336	0.00035	0.000534
634	0.000568	0.000644	0.0008
635	0.000771	0.000864	0.00103
636	0.000954	0.001034	0.001237
637	0.001176	0.00124	0.001441
638	0.001435	0.001481	0.001642
639	0.001662	0.001679	0.00183
640	0.001841	0.001813	0.002
641	0.002043	0.001991	0.002204
642	0.002298	0.002265	0.002484
643	0.002541	0.002521	0.002741
644	0.002744	0.002715	0.002916
645	0.002944	0.002907	0.003093
646	0.003128	0.003089	0.003279
647	0.003305	0.003264	0.003459
648	0.003264	0.00325	0.00346
649	0.003223	0.003235	0.00346
650	0.002851	0.002888	0.003066
651	0.002459	0.00252	0.002648
652	0.001863	0.001915	0.00205
653	0.001231	0.001269	0.001422
654	0.00083	0.000853	0.00101
655	0.0005	0.000508	0.000666
656	0.000449	0.000493	0.000645
657	0.000533	0.000638	0.00078
658	0.000855	0.000958	0.001107
659	0.001344	0.001402	0.001567
660	0.001988	0.00202	0.002199
661	0.002786	0.002811	0.003002
662	0.003516	0.003511	0.0037
663	0.004152	0.004082	0.004251
664	0.004691	0.004606	0.00474
665	0.005036	0.005031	0.005106
666	0.005353	0.005382	0.005437
667	0.005582	0.005506	0.005665
668	0.005788	0.005642	0.005882
669	0.005872	0.00584	0.006039
670	0.005963	0.006036	0.006194
671	0.006129	0.006213	0.006337
672	0.006296	0.00639	0.006479
673	0.006385	0.006459	0.006551
674	0.006474	0.006528	0.006623
675	0.006601	0.006649	0.006829
676	0.006731	0.006774	0.007046
677	0.006886	0.006924	0.007136
678	0.007045	0.007079	0.007201
679	0.007138	0.007184	0.007256
680	0.007209	0.007273	0.007307
681	0.007347	0.007404	0.007488
682	0.007515	0.007555	0.007729
683	0.007685	0.007697	0.007911
684	0.007856	0.007834	0.008054
685	0.007981	0.007941	0.008155
686	0.008064	0.008022	0.00822
687	0.008184	0.008156	0.008331
688	0.008349	0.008355	0.008496
689	0.008518	0.008544	0.008657
690	0.008694	0.008718	0.008813
691	0.008851	0.008863	0.008951
692	0.008964	0.008944	0.009052
693	0.009077	0.009036	0.009173
694	0.009188	0.00916	0.009362
695	0.00932	0.009309	0.009551
696	0.009551	0.009578	0.00974
697	0.009766	0.009823	0.009919
698	0.009846	0.009859	0.010015
699	0.009928	0.009901	0.010113
700	0.010112	0.010098	0.010275
701	0.010297	0.010296	0.010438
702	0.010455	0.010434	0.010649
703	0.010613	0.01057	0.010861
704	0.010769	0.010707	0.01094
705	0.010925	0.010843	0.011003
706	0.011002	0.010967	0.011094
707	0.011062	0.011088	0.01119
708	0.011188	0.011221	0.011352
709	0.011334	0.011359	0.011533
710	0.01147	0.011458	0.011656
711	0.011603	0.01154	0.011752
712	0.011658	0.011612	0.011786
713	0.01167	0.011676	0.011785
714	0.011726	0.011752	0.011834
715	0.011815	0.011835	0.011921
716	0.011945	0.011956	0.012071
717	0.012113	0.012113	0.012279
718	0.012238	0.012217	0.012407
719	0.012313	0.012261	0.01244
720	0.012411	0.01234	0.012524
[LOG]
CHECKSUM")