[HEADER]
Format	J&M ASCII Table
Comment	
Date	02/04/2026 13:58:59
Order	Y (evenX)
TechType	UV
NumPoints	411
FirstX	310
LastX	720
XType	nm
YType	Absorbance
ZType	s
NumSubFile	3
Matrix	Z vs X
[LOGIN]
Name=pcbob
[INSTRUMENT]
Name=TIDAS E Base UV/VI
Detector=MMS - ASPEN 97,5 kHz
Diodearray=256 Pixel
Serial#=36584
Calibrated=2011-07-01
Range=183.81-729.88 [nm] (F0)

SWVersion=v3.18.2 (build 0)[LOGIN]
Name=pcbob
[CONFIG]
ChannelName=Channel 1
ChannelType=Normalized
[PARAMETER]
It=400,00
Aver=5
Norm=3
Range=310,0-720,0 nm
Scan=Time
ScanTime=5,00 s
[TRIGGER]
Sweep=0
Scan=0
[DIO]
DigOut=0x0000
DigIn=0x0000
[DATA]
	00:00:00,000	00:00:02,000	00:00:04,000
310	0.004757	0.004831	0.004844
311	0.004493	0.004558	0.004575
312	0.004276	0.004341	0.00433
313	0.004025	0.00409	0.004062
314	0.003725	0.003791	0.00376
315	0.003438	0.003506	0.003475
316	0.003195	0.003266	0.003245
317	0.002951	0.003027	0.003013
318	0.002707	0.002791	0.002746
319	0.002463	0.002555	0.002479
320	0.002181	0.002263	0.002193
321	0.001894	0.001963	0.001904
322	0.001636	0.001689	0.001641
323	0.00139	0.001426	0.001388
324	0.001127	0.001153	0.001135
325	0.000847	0.000872	0.00088
326	0.000577	0.000601	0.00062
327	0.000322	0.000348	0.000349
328	0.000054	0.000086	0.000065
329	-0.000281	-0.000222	-0.000281
330	-0.000616	-0.00053	-0.000628
331	-0.000894	-0.000806	-0.000865
332	-0.001172	-0.001083	-0.001102
333	-0.001472	-0.001423	-0.001416
334	-0.001777	-0.001777	-0.001747
335	-0.002098	-0.002088	-0.002073
336	-0.002429	-0.002377	-0.002396
337	-0.002811	-0.00274	-0.002754
338	-0.003249	-0.003185	-0.003152
339	-0.003679	-0.00362	-0.003567
340	-0.004088	-0.004032	-0.004025
341	-0.00451	-0.004456	-0.004489
342	-0.005018	-0.00497	-0.004997
343	-0.005527	-0.005483	-0.005506
344	-0.005997	-0.005935	-0.005936
345	-0.006465	-0.006383	-0.006361
346	-0.006962	-0.006887	-0.006888
347	-0.007468	-0.007407	-0.007444
348	-0.008081	-0.008033	-0.008048
349	-0.008764	-0.008732	-0.008686
350	-0.009432	-0.009383	-0.009318
351	-0.010077	-0.00997	-0.009942
352	-0.010726	-0.010583	-0.010581
353	-0.011388	-0.011271	-0.011265
354	-0.012051	-0.01196	-0.011948
355	-0.012722	-0.012658	-0.012622
356	-0.013392	-0.013356	-0.013295
357	-0.01412	-0.014111	-0.01412
358	-0.014854	-0.014871	-0.01496
359	-0.015629	-0.015664	-0.015702
360	-0.016418	-0.016468	-0.016408
361	-0.017193	-0.017201	-0.01716
362	-0.017957	-0.017878	-0.017948
363	-0.018705	-0.01858	-0.018688
364	-0.019428	-0.019323	-0.019352
365	-0.020167	-0.02008	-0.020058
366	-0.02097	-0.02089	-0.02091
367	-0.021775	-0.021702	-0.021761
368	-0.022627	-0.022547	-0.02258
369	-0.023479	-0.023392	-0.023399
370	-0.024306	-0.02426	-0.024259
371	-0.025129	-0.025131	-0.025125
372	-0.025955	-0.025942	-0.025966
373	-0.026784	-0.026726	-0.026798
374	-0.027576	-0.027494	-0.027586
375	-0.028338	-0.028246	-0.028334
376	-0.029115	-0.029025	-0.029106
377	-0.02992	-0.029851	-0.029921
378	-0.030731	-0.030676	-0.030733
379	-0.031564	-0.031493	-0.031538
380	-0.032394	-0.03231	-0.032343
381	-0.033109	-0.033056	-0.033112
382	-0.033824	-0.033803	-0.033882
383	-0.034519	-0.034491	-0.034564
384	-0.03521	-0.035168	-0.035231
385	-0.035873	-0.035832	-0.035857
386	-0.036522	-0.036488	-0.036464
387	-0.037139	-0.037078	-0.037058
388	-0.037725	-0.037606	-0.037639
389	-0.03828	-0.038158	-0.038235
390	-0.038776	-0.038757	-0.038859
391	-0.039287	-0.039352	-0.039463
392	-0.039867	-0.039927	-0.039972
393	-0.040449	-0.040502	-0.040482
394	-0.041176	-0.041116	-0.041144
395	-0.041903	-0.041731	-0.041806
396	-0.042304	-0.042151	-0.042252
397	-0.042645	-0.042536	-0.04266
398	-0.043058	-0.04295	-0.043061
399	-0.043505	-0.043379	-0.043459
400	-0.044026	-0.0439	-0.043951
401	-0.044617	-0.04451	-0.044533
402	-0.045199	-0.045092	-0.045116
403	-0.045765	-0.045621	-0.0457
404	-0.046295	-0.046142	-0.046243
405	-0.046661	-0.046632	-0.046604
406	-0.047029	-0.047118	-0.046966
407	-0.047473	-0.047481	-0.047437
408	-0.047918	-0.047843	-0.047908
409	-0.048337	-0.048245	-0.048322
410	-0.048753	-0.048655	-0.048727
411	-0.049225	-0.049135	-0.049209
412	-0.049724	-0.049648	-0.049727
413	-0.050126	-0.050078	-0.050145
414	-0.050439	-0.050435	-0.050475
415	-0.050889	-0.05089	-0.050923
416	-0.05158	-0.051521	-0.051579
417	-0.05225	-0.052156	-0.05222
418	-0.052834	-0.052811	-0.052797
419	-0.053411	-0.053455	-0.053368
420	-0.053793	-0.053811	-0.05377
421	-0.054175	-0.054168	-0.054172
422	-0.054584	-0.054517	-0.054538
423	-0.054996	-0.054866	-0.054899
424	-0.055351	-0.055211	-0.055257
425	-0.055684	-0.055554	-0.055613
426	-0.055876	-0.055767	-0.055806
427	-0.055955	-0.055874	-0.055867
428	-0.05596	-0.055884	-0.055868
429	-0.055852	-0.055745	-0.055776
430	-0.05577	-0.055639	-0.055705
431	-0.055778	-0.055644	-0.055703
432	-0.055794	-0.055657	-0.05571
433	-0.055912	-0.055771	-0.055842
434	-0.05603	-0.055886	-0.055973
435	-0.055978	-0.055885	-0.056019
436	-0.05591	-0.055874	-0.056057
437	-0.055923	-0.055871	-0.056065
438	-0.055962	-0.055873	-0.056063
439	-0.055991	-0.055894	-0.056052
440	-0.056012	-0.055929	-0.056037
441	-0.055973	-0.05589	-0.055977
442	-0.055855	-0.055755	-0.055861
443	-0.055756	-0.055645	-0.055764
444	-0.055708	-0.0556	-0.055713
445	-0.055649	-0.05555	-0.055651
446	-0.055515	-0.05547	-0.055504
447	-0.05538	-0.05539	-0.055358
448	-0.055222	-0.055194	-0.055213
449	-0.055064	-0.054994	-0.055069
450	-0.054854	-0.054786	-0.054867
451	-0.054634	-0.054576	-0.054651
452	-0.054462	-0.054403	-0.054465
453	-0.054315	-0.05425	-0.054293
454	-0.054162	-0.054104	-0.054136
455	-0.054002	-0.053965	-0.053991
456	-0.053824	-0.053792	-0.053817
457	-0.053614	-0.053554	-0.053586
458	-0.053402	-0.053319	-0.053357
459	-0.053179	-0.053091	-0.053134
460	-0.052958	-0.052864	-0.052913
461	-0.052754	-0.052659	-0.052729
462	-0.05255	-0.052455	-0.052544
463	-0.052341	-0.052251	-0.052327
464	-0.052133	-0.052047	-0.052105
465	-0.051852	-0.051749	-0.051811
466	-0.051545	-0.051417	-0.051491
467	-0.05115	-0.05103	-0.051109
468	-0.050694	-0.050605	-0.050684
469	-0.050246	-0.050195	-0.050281
470	-0.04981	-0.049806	-0.049906
471	-0.049391	-0.049411	-0.049535
472	-0.049016	-0.048999	-0.049174
473	-0.048656	-0.048607	-0.048817
474	-0.048402	-0.048355	-0.04849
475	-0.048148	-0.048103	-0.048163
476	-0.047804	-0.047762	-0.047838
477	-0.047458	-0.047421	-0.047514
478	-0.047182	-0.047122	-0.047237
479	-0.046919	-0.046832	-0.046971
480	-0.046638	-0.046569	-0.046699
481	-0.046347	-0.04632	-0.046425
482	-0.046235	-0.046212	-0.046312
483	-0.046278	-0.046228	-0.046338
484	-0.046302	-0.046235	-0.046319
485	-0.046295	-0.046228	-0.046228
486	-0.046181	-0.046118	-0.046071
487	-0.045728	-0.045685	-0.045703
488	-0.045257	-0.045229	-0.045312
489	-0.044619	-0.044556	-0.044695
490	-0.04398	-0.043883	-0.044078
491	-0.043382	-0.043302	-0.043449
492	-0.042785	-0.042725	-0.04282
493	-0.042262	-0.042183	-0.042247
494	-0.041757	-0.04165	-0.041688
495	-0.041284	-0.041191	-0.041219
496	-0.040827	-0.04077	-0.040796
497	-0.04043	-0.040353	-0.040413
498	-0.04009	-0.03994	-0.040068
499	-0.039713	-0.039547	-0.039699
500	-0.039274	-0.039188	-0.039287
501	-0.038837	-0.038817	-0.038878
502	-0.038404	-0.038405	-0.038477
503	-0.037979	-0.037998	-0.03808
504	-0.037641	-0.037651	-0.037719
505	-0.037303	-0.037303	-0.037357
506	-0.036877	-0.036828	-0.036899
507	-0.036447	-0.036346	-0.036434
508	-0.036085	-0.035972	-0.036062
509	-0.035741	-0.035626	-0.035713
510	-0.035375	-0.035296	-0.035362
511	-0.034998	-0.034976	-0.03501
512	-0.034641	-0.034629	-0.034649
513	-0.034303	-0.034257	-0.034279
514	-0.033947	-0.033891	-0.033925
515	-0.033565	-0.033536	-0.033596
516	-0.033181	-0.033164	-0.033241
517	-0.03279	-0.032745	-0.032809
518	-0.0324	-0.032332	-0.032385
519	-0.032014	-0.03197	-0.032034
520	-0.031627	-0.031608	-0.031683
521	-0.031265	-0.03125	-0.031255
522	-0.030903	-0.030893	-0.030824
523	-0.030542	-0.030503	-0.030492
524	-0.030181	-0.030106	-0.03018
525	-0.029837	-0.029801	-0.029857
526	-0.0295	-0.029535	-0.029529
527	-0.029199	-0.029261	-0.029247
528	-0.028925	-0.02898	-0.028999
529	-0.028649	-0.028659	-0.028708
530	-0.02837	-0.028285	-0.028359
531	-0.028071	-0.027943	-0.028024
532	-0.027722	-0.027681	-0.02772
533	-0.027366	-0.027391	-0.0274
534	-0.026978	-0.026958	-0.026995
535	-0.026592	-0.026528	-0.026592
536	-0.026287	-0.026216	-0.026298
537	-0.025983	-0.025904	-0.026004
538	-0.025664	-0.025564	-0.025673
539	-0.025343	-0.025221	-0.025337
540	-0.025011	-0.024941	-0.025027
541	-0.024677	-0.02468	-0.024725
542	-0.024396	-0.024415	-0.024435
543	-0.024147	-0.024148	-0.024151
544	-0.023875	-0.023875	-0.02386
545	-0.02358	-0.023598	-0.023561
546	-0.023267	-0.023284	-0.023254
547	-0.022926	-0.02291	-0.022932
548	-0.022585	-0.022533	-0.022604
549	-0.022247	-0.02215	-0.022261
550	-0.021904	-0.021773	-0.021917
551	-0.021515	-0.021442	-0.021573
552	-0.021127	-0.02111	-0.02123
553	-0.020799	-0.020834	-0.020882
554	-0.020473	-0.02056	-0.020535
555	-0.020215	-0.020265	-0.020277
556	-0.019969	-0.019967	-0.020034
557	-0.019708	-0.019693	-0.019765
558	-0.019442	-0.019427	-0.019488
559	-0.019176	-0.019143	-0.019185
560	-0.018908	-0.018846	-0.018865
561	-0.018613	-0.018537	-0.018576
562	-0.018286	-0.018214	-0.01832
563	-0.018042	-0.017984	-0.018115
564	-0.017946	-0.017917	-0.018
565	-0.017849	-0.017837	-0.017893
566	-0.017745	-0.017712	-0.017815
567	-0.017649	-0.0176	-0.017741
568	-0.017606	-0.017589	-0.017701
569	-0.017562	-0.017577	-0.01766
570	-0.017541	-0.017515	-0.017615
571	-0.01752	-0.017451	-0.017569
572	-0.017444	-0.017379	-0.017465
573	-0.01736	-0.017306	-0.017351
574	-0.017252	-0.017202	-0.017247
575	-0.017136	-0.017087	-0.017146
576	-0.017012	-0.016984	-0.017038
577	-0.016884	-0.016888	-0.016925
578	-0.016729	-0.016735	-0.016756
579	-0.01655	-0.016529	-0.016534
580	-0.016353	-0.016321	-0.016311
581	-0.016129	-0.016112	-0.016087
582	-0.01587	-0.015861	-0.015836
583	-0.015517	-0.015503	-0.015513
584	-0.015159	-0.015139	-0.015184
585	-0.014772	-0.014747	-0.014819
586	-0.014384	-0.014354	-0.014451
587	-0.013979	-0.013935	-0.014019
588	-0.013573	-0.013516	-0.013587
589	-0.013149	-0.013134	-0.013197
590	-0.012724	-0.012754	-0.012809
591	-0.012448	-0.01248	-0.012499
592	-0.012207	-0.01223	-0.012206
593	-0.011909	-0.011936	-0.011899
594	-0.011587	-0.011624	-0.011586
595	-0.011293	-0.011316	-0.011296
596	-0.011019	-0.01101	-0.011024
597	-0.010712	-0.010692	-0.010728
598	-0.01037	-0.010362	-0.010407
599	-0.010081	-0.010079	-0.010126
600	-0.009887	-0.009878	-0.009915
601	-0.009676	-0.009664	-0.009694
602	-0.009418	-0.009413	-0.009442
603	-0.009162	-0.009161	-0.009188
604	-0.008923	-0.008909	-0.008917
605	-0.008677	-0.008653	-0.008642
606	-0.008279	-0.008278	-0.008262
607	-0.007882	-0.007903	-0.007883
608	-0.00758	-0.007603	-0.00761
609	-0.007286	-0.007309	-0.007346
610	-0.007045	-0.007063	-0.007066
611	-0.006817	-0.006828	-0.006784
612	-0.006525	-0.006538	-0.006486
613	-0.006207	-0.006227	-0.006183
614	-0.005875	-0.005893	-0.005883
615	-0.005533	-0.005545	-0.005586
616	-0.005219	-0.005222	-0.005281
617	-0.004934	-0.004923	-0.00497
618	-0.004657	-0.004635	-0.004686
619	-0.004392	-0.004366	-0.004443
620	-0.004113	-0.004082	-0.004176
621	-0.003804	-0.003764	-0.003854
622	-0.003501	-0.003457	-0.003547
623	-0.003222	-0.003194	-0.003297
624	-0.002939	-0.002926	-0.003037
625	-0.002608	-0.002619	-0.002684
626	-0.002278	-0.002312	-0.002331
627	-0.002036	-0.002063	-0.002092
628	-0.001795	-0.001815	-0.001854
629	-0.001591	-0.001597	-0.001672
630	-0.001392	-0.001383	-0.001496
631	-0.001116	-0.00114	-0.001239
632	-0.000821	-0.00089	-0.000961
633	-0.000592	-0.000647	-0.000692
634	-0.000391	-0.000407	-0.000425
635	-0.000218	-0.00022	-0.000256
636	-0.000064	-0.00007	-0.000152
637	0.000169	0.000159	0.000061
638	0.000478	0.000466	0.00038
639	0.000738	0.000729	0.000664
640	0.000924	0.000926	0.000896
641	0.001113	0.001135	0.001118
642	0.001309	0.001372	0.001313
643	0.001517	0.001598	0.001517
644	0.001769	0.001779	0.001749
645	0.002015	0.00196	0.001975
646	0.002221	0.002138	0.002159
647	0.002422	0.002312	0.002338
648	0.002456	0.002406	0.002378
649	0.00249	0.0025	0.002418
650	0.002166	0.002164	0.002099
651	0.00182	0.001802	0.001759
652	0.001382	0.001396	0.001367
653	0.000928	0.000983	0.000966
654	0.000624	0.000671	0.000662
655	0.000368	0.000392	0.000387
656	0.00038	0.000416	0.000391
657	0.00052	0.000586	0.00053
658	0.000854	0.000897	0.000863
659	0.001324	0.001305	0.001332
660	0.001966	0.001923	0.001978
661	0.002778	0.002749	0.002801
662	0.003546	0.003535	0.003561
663	0.004251	0.004264	0.004232
664	0.004842	0.004871	0.004802
665	0.005198	0.005231	0.005167
666	0.005527	0.005564	0.005508
667	0.005768	0.005816	0.005776
668	0.006006	0.006063	0.006039
669	0.006228	0.006285	0.006271
670	0.006453	0.006505	0.006499
671	0.006711	0.006697	0.006676
672	0.006968	0.00689	0.006853
673	0.007065	0.007049	0.007005
674	0.007161	0.007209	0.007156
675	0.007278	0.00734	0.007304
676	0.007396	0.007469	0.007451
677	0.0075	0.007569	0.007535
678	0.007602	0.007663	0.007608
679	0.007827	0.007828	0.007801
680	0.00809	0.008017	0.008031
681	0.008278	0.008228	0.008205
682	0.008432	0.008449	0.008353
683	0.008561	0.008643	0.008491
684	0.008674	0.008819	0.008622
685	0.008834	0.008985	0.008813
686	0.009036	0.009142	0.009057
687	0.009258	0.009333	0.009278
688	0.009504	0.009563	0.00947
689	0.009712	0.009745	0.009636
690	0.009861	0.009848	0.009758
691	0.009995	0.009947	0.009888
692	0.010095	0.010036	0.010036
693	0.010206	0.010163	0.010193
694	0.010351	0.010408	0.010379
695	0.010517	0.010637	0.010565
696	0.01078	0.010787	0.01075
697	0.011025	0.010936	0.010929
698	0.011105	0.011087	0.011064
699	0.011188	0.011237	0.011197
700	0.01137	0.011342	0.011302
701	0.011552	0.011447	0.011407
702	0.011682	0.01153	0.01158
703	0.011811	0.011612	0.011755
704	0.011963	0.011816	0.01188
705	0.012118	0.012034	0.011999
706	0.012215	0.012187	0.012131
707	0.012301	0.012328	0.012267
708	0.01244	0.012448	0.012419
709	0.012595	0.012562	0.012577
710	0.012812	0.012735	0.012776
711	0.013055	0.012933	0.012991
712	0.013215	0.01314	0.013139
713	0.013329	0.013352	0.013249
714	0.013417	0.013517	0.013345
715	0.013485	0.013648	0.01343
716	0.013662	0.013801	0.013625
717	0.013938	0.013976	0.013921
718	0.014149	0.01414	0.014135
719	0.014282	0.014294	0.01425
720	0.014436	0.014469	0.01439
[LOG]
CHECKSUMJD