[HEADER]
Format	J&M ASCII Table
Comment	
Date	26/03/2026 11:51:57
Order	Y (evenX)
TechType	UV
NumPoints	411
FirstX	310
LastX	720
XType	nm
YType	Absorbance
ZType	s
NumSubFile	3
Matrix	Z vs X
[LOGIN]
Name=pcbob
[INSTRUMENT]
Name=TIDAS E Base UV/VI
Detector=MMS - ASPEN 97,5 kHz
Diodearray=256 Pixel
Serial#=36584
Calibrated=2011-07-01
Range=183.81-729.88 [nm] (F0)

SWVersion=v3.18.2 (build 0)[LOGIN]
Name=pcbob
[CONFIG]
ChannelName=Channel 1
ChannelType=Normalized
[PARAMETER]
It=400,00
Aver=5
Norm=3
Range=310,0-720,0 nm
Scan=Time
ScanTime=5,00 s
[TRIGGER]
Sweep=0
Scan=0
[DIO]
DigOut=0x0000
DigIn=0x0000
[DATA]
	00:00:00,000	00:00:02,000	00:00:04,000
310	0.016815	0.016789	0.016965
311	0.01602	0.015979	0.016179
312	0.015228	0.015149	0.015362
313	0.014469	0.01438	0.014589
314	0.013757	0.013694	0.013876
315	0.013029	0.012986	0.013151
316	0.012251	0.012214	0.012388
317	0.01147	0.011436	0.01162
318	0.010644	0.010577	0.010785
319	0.009818	0.009718	0.009949
320	0.008851	0.00879	0.00902
321	0.007867	0.007853	0.008079
322	0.006967	0.006967	0.007168
323	0.006103	0.006103	0.00627
324	0.005299	0.005293	0.005441
325	0.00455	0.004533	0.004673
326	0.003835	0.003826	0.003963
327	0.003184	0.003213	0.003355
328	0.002554	0.002612	0.002764
329	0.00202	0.002063	0.002251
330	0.001486	0.001513	0.001738
331	0.001022	0.001101	0.001326
332	0.000559	0.000689	0.000915
333	0.000174	0.000296	0.000506
334	-0.000195	-0.000093	0.000098
335	-0.000592	-0.000515	-0.00033
336	-0.001006	-0.000955	-0.000768
337	-0.001433	-0.001397	-0.001214
338	-0.001875	-0.001842	-0.001668
339	-0.002321	-0.002292	-0.002107
340	-0.002775	-0.002755	-0.002512
341	-0.003241	-0.003223	-0.00293
342	-0.003791	-0.003735	-0.00345
343	-0.004341	-0.004246	-0.003969
344	-0.004907	-0.004791	-0.004584
345	-0.005475	-0.005338	-0.005203
346	-0.006065	-0.005951	-0.005772
347	-0.006662	-0.006582	-0.006327
348	-0.0073	-0.00724	-0.006964
349	-0.007965	-0.007916	-0.007657
350	-0.008618	-0.00858	-0.008329
351	-0.009255	-0.00923	-0.008975
352	-0.00991	-0.0099	-0.00963
353	-0.010623	-0.010631	-0.010313
354	-0.011336	-0.011356	-0.010997
355	-0.012048	-0.012004	-0.011689
356	-0.012759	-0.012653	-0.012381
357	-0.013577	-0.013488	-0.013229
358	-0.014407	-0.014342	-0.014094
359	-0.015204	-0.015159	-0.01491
360	-0.01599	-0.015963	-0.015709
361	-0.016817	-0.01678	-0.016544
362	-0.017675	-0.017607	-0.017406
363	-0.018502	-0.018425	-0.018228
364	-0.019278	-0.019226	-0.018985
365	-0.02009	-0.020062	-0.019783
366	-0.021032	-0.02102	-0.02073
367	-0.02197	-0.021975	-0.021673
368	-0.022839	-0.022853	-0.022545
369	-0.023707	-0.023731	-0.023416
370	-0.024598	-0.024586	-0.024313
371	-0.025492	-0.025438	-0.025213
372	-0.026338	-0.026268	-0.02602
373	-0.027163	-0.027088	-0.026789
374	-0.027984	-0.027916	-0.027607
375	-0.028801	-0.028752	-0.028469
376	-0.02963	-0.02959	-0.029325
377	-0.030483	-0.03043	-0.030172
378	-0.031324	-0.03127	-0.03101
379	-0.032112	-0.032114	-0.031812
380	-0.032902	-0.032957	-0.032616
381	-0.033806	-0.033786	-0.033502
382	-0.03471	-0.034614	-0.034388
383	-0.035501	-0.035382	-0.035142
384	-0.036273	-0.036139	-0.035874
385	-0.036959	-0.03684	-0.036568
386	-0.037606	-0.037514	-0.037246
387	-0.038205	-0.038142	-0.03787
388	-0.03876	-0.038727	-0.038446
389	-0.039266	-0.039249	-0.038967
390	-0.039682	-0.039656	-0.039386
391	-0.040116	-0.040082	-0.039816
392	-0.040634	-0.040597	-0.040293
393	-0.041153	-0.041113	-0.040771
394	-0.041752	-0.041698	-0.041389
395	-0.042352	-0.042282	-0.042006
396	-0.042734	-0.042654	-0.042394
397	-0.043078	-0.042986	-0.04274
398	-0.043426	-0.043352	-0.0431
399	-0.043776	-0.043734	-0.043466
400	-0.044228	-0.044145	-0.04389
401	-0.044774	-0.044583	-0.044368
402	-0.04531	-0.045069	-0.044868
403	-0.045828	-0.045642	-0.045406
404	-0.046308	-0.046169	-0.045916
405	-0.046622	-0.04649	-0.046299
406	-0.046936	-0.046812	-0.046679
407	-0.047255	-0.047165	-0.046951
408	-0.047574	-0.047517	-0.047222
409	-0.048032	-0.047911	-0.04763
410	-0.048514	-0.048311	-0.048061
411	-0.048838	-0.048681	-0.048421
412	-0.049091	-0.049037	-0.048749
413	-0.049387	-0.049317	-0.049038
414	-0.049721	-0.049529	-0.049295
415	-0.050099	-0.049862	-0.049649
416	-0.050555	-0.050408	-0.050174
417	-0.051005	-0.05092	-0.050661
418	-0.051436	-0.051292	-0.05099
419	-0.051859	-0.051661	-0.051317
420	-0.05209	-0.051917	-0.051579
421	-0.05232	-0.052174	-0.05184
422	-0.052622	-0.05244	-0.052138
423	-0.052933	-0.052706	-0.052441
424	-0.053134	-0.052927	-0.052666
425	-0.05329	-0.053129	-0.052861
426	-0.053371	-0.053248	-0.05294
427	-0.05339	-0.053301	-0.052925
428	-0.0533	-0.053213	-0.052844
429	-0.053039	-0.052909	-0.052661
430	-0.05281	-0.052653	-0.052488
431	-0.052682	-0.05256	-0.05235
432	-0.052563	-0.052472	-0.052215
433	-0.052546	-0.052438	-0.052118
434	-0.05253	-0.052405	-0.052021
435	-0.052447	-0.052316	-0.051991
436	-0.052359	-0.052223	-0.051968
437	-0.05222	-0.052072	-0.051823
438	-0.052065	-0.051903	-0.051639
439	-0.051985	-0.051793	-0.051524
440	-0.051956	-0.051723	-0.051455
441	-0.051875	-0.051651	-0.051363
442	-0.051726	-0.051576	-0.051243
443	-0.051547	-0.051458	-0.05108
444	-0.051291	-0.051229	-0.050807
445	-0.051049	-0.051002	-0.050548
446	-0.0509	-0.050794	-0.050387
447	-0.050752	-0.050586	-0.050226
448	-0.050512	-0.050349	-0.049968
449	-0.050269	-0.050112	-0.049708
450	-0.050014	-0.049854	-0.049476
451	-0.049755	-0.04959	-0.049251
452	-0.049542	-0.049382	-0.049036
453	-0.049352	-0.049203	-0.048828
454	-0.049164	-0.04903	-0.04864
455	-0.048979	-0.048862	-0.048471
456	-0.048815	-0.048693	-0.048304
457	-0.048692	-0.048523	-0.048139
458	-0.048532	-0.048331	-0.047958
459	-0.04822	-0.048046	-0.047709
460	-0.047911	-0.047763	-0.047459
461	-0.047664	-0.047489	-0.047165
462	-0.047418	-0.047215	-0.04687
463	-0.047162	-0.046951	-0.046624
464	-0.046906	-0.046688	-0.046383
465	-0.046586	-0.046371	-0.046055
466	-0.046244	-0.046034	-0.045697
467	-0.045747	-0.045543	-0.045175
468	-0.04514	-0.044942	-0.044537
469	-0.044561	-0.044388	-0.043963
470	-0.044021	-0.043894	-0.043473
471	-0.043511	-0.0434	-0.042985
472	-0.043081	-0.042903	-0.042502
473	-0.042671	-0.042437	-0.042053
474	-0.042396	-0.042167	-0.041826
475	-0.042121	-0.041897	-0.041598
476	-0.041735	-0.041523	-0.041182
477	-0.041348	-0.041147	-0.040762
478	-0.040986	-0.040829	-0.040409
479	-0.040629	-0.040521	-0.040069
480	-0.040443	-0.04033	-0.039924
481	-0.040335	-0.040192	-0.039869
482	-0.040365	-0.040202	-0.039912
483	-0.040513	-0.040342	-0.040039
484	-0.040626	-0.040453	-0.040143
485	-0.040686	-0.04052	-0.040209
486	-0.04062	-0.040444	-0.040147
487	-0.040157	-0.039919	-0.039687
488	-0.03967	-0.039379	-0.039197
489	-0.038942	-0.038691	-0.038435
490	-0.038214	-0.038003	-0.037672
491	-0.037612	-0.03738	-0.037072
492	-0.037017	-0.036761	-0.03648
493	-0.036444	-0.036215	-0.035889
494	-0.035876	-0.035687	-0.035298
495	-0.035338	-0.035161	-0.034777
496	-0.034815	-0.034637	-0.034292
497	-0.034356	-0.034176	-0.033836
498	-0.033957	-0.033773	-0.033409
499	-0.033578	-0.033375	-0.032983
500	-0.033232	-0.032986	-0.032563
501	-0.032855	-0.032583	-0.032142
502	-0.032372	-0.032137	-0.03172
503	-0.031889	-0.031691	-0.031297
504	-0.031404	-0.031248	-0.030847
505	-0.03092	-0.030805	-0.030397
506	-0.030471	-0.030315	-0.029904
507	-0.030025	-0.029823	-0.029408
508	-0.029614	-0.029408	-0.029002
509	-0.029213	-0.029012	-0.028618
510	-0.02883	-0.028664	-0.028267
511	-0.028456	-0.028341	-0.027932
512	-0.028127	-0.028026	-0.027586
513	-0.027838	-0.02772	-0.02723
514	-0.027522	-0.027379	-0.026881
515	-0.027161	-0.026983	-0.026546
516	-0.026797	-0.026594	-0.026208
517	-0.026422	-0.026228	-0.02586
518	-0.026056	-0.025868	-0.025511
519	-0.025758	-0.025553	-0.025153
520	-0.025461	-0.025237	-0.024795
521	-0.025135	-0.024919	-0.02451
522	-0.024808	-0.024601	-0.024227
523	-0.02453	-0.024305	-0.023952
524	-0.024262	-0.024012	-0.023677
525	-0.024031	-0.023758	-0.023406
526	-0.023816	-0.023521	-0.023137
527	-0.023591	-0.023298	-0.022897
528	-0.02336	-0.023085	-0.022681
529	-0.023081	-0.022819	-0.022424
530	-0.022737	-0.022481	-0.022112
531	-0.022402	-0.022164	-0.021788
532	-0.022087	-0.021898	-0.021436
533	-0.021779	-0.021625	-0.0211
534	-0.021507	-0.021311	-0.020851
535	-0.021234	-0.020998	-0.020602
536	-0.020939	-0.020713	-0.020311
537	-0.020644	-0.020428	-0.020021
538	-0.020361	-0.020143	-0.019737
539	-0.020078	-0.019859	-0.019453
540	-0.019818	-0.019626	-0.019175
541	-0.019565	-0.019409	-0.018899
542	-0.019267	-0.019074	-0.018559
543	-0.018944	-0.018669	-0.018182
544	-0.018643	-0.018346	-0.01787
545	-0.018366	-0.018105	-0.017623
546	-0.018093	-0.017847	-0.017366
547	-0.017824	-0.017561	-0.017095
548	-0.017544	-0.017262	-0.016818
549	-0.017226	-0.016921	-0.01652
550	-0.016897	-0.016577	-0.016208
551	-0.016485	-0.016215	-0.015781
552	-0.016074	-0.015853	-0.015353
553	-0.015846	-0.015619	-0.015155
554	-0.015621	-0.015386	-0.01496
555	-0.015501	-0.015246	-0.014807
556	-0.015397	-0.015121	-0.014662
557	-0.01521	-0.014969	-0.014487
558	-0.014991	-0.014806	-0.0143
559	-0.014784	-0.01457	-0.014083
560	-0.014584	-0.014286	-0.013848
561	-0.014376	-0.014064	-0.013627
562	-0.014158	-0.013908	-0.013423
563	-0.014008	-0.01378	-0.013295
564	-0.013979	-0.013701	-0.013303
565	-0.013952	-0.013652	-0.013302
566	-0.013932	-0.013698	-0.013272
567	-0.013929	-0.013752	-0.01326
568	-0.014064	-0.01387	-0.013388
569	-0.0142	-0.013988	-0.013517
570	-0.014299	-0.014065	-0.013612
571	-0.014398	-0.014143	-0.013707
572	-0.014374	-0.014149	-0.01369
573	-0.014332	-0.014144	-0.013657
574	-0.01433	-0.014134	-0.013642
575	-0.014341	-0.014122	-0.013634
576	-0.014254	-0.014037	-0.013572
577	-0.014111	-0.01391	-0.013479
578	-0.013974	-0.013769	-0.013362
579	-0.013842	-0.013616	-0.013224
580	-0.01367	-0.01343	-0.013035
581	-0.013436	-0.013193	-0.01277
582	-0.013157	-0.012917	-0.012475
583	-0.012764	-0.012538	-0.012103
584	-0.012373	-0.012154	-0.011725
585	-0.011999	-0.011746	-0.011322
586	-0.011622	-0.011338	-0.010917
587	-0.011198	-0.010933	-0.010488
588	-0.010774	-0.010529	-0.010059
589	-0.010346	-0.010111	-0.009656
590	-0.009918	-0.009693	-0.009256
591	-0.009595	-0.009376	-0.008927
592	-0.009296	-0.009084	-0.008615
593	-0.008993	-0.008763	-0.0083
594	-0.008689	-0.008431	-0.007983
595	-0.008422	-0.008175	-0.007711
596	-0.008182	-0.007971	-0.007469
597	-0.007912	-0.007713	-0.007194
598	-0.007609	-0.007395	-0.006881
599	-0.007374	-0.007144	-0.006638
600	-0.007253	-0.007009	-0.006513
601	-0.007126	-0.006866	-0.006381
602	-0.006979	-0.006701	-0.006231
603	-0.006812	-0.006521	-0.006067
604	-0.006532	-0.006256	-0.005816
605	-0.006252	-0.00599	-0.005564
606	-0.00598	-0.005707	-0.005278
607	-0.005709	-0.005425	-0.004992
608	-0.005431	-0.005165	-0.004715
609	-0.005154	-0.004907	-0.00444
610	-0.004961	-0.004697	-0.004249
611	-0.004787	-0.004497	-0.004076
612	-0.0046	-0.004315	-0.003876
613	-0.004408	-0.004141	-0.003665
614	-0.004182	-0.003919	-0.003426
615	-0.003934	-0.003666	-0.003169
616	-0.00364	-0.003387	-0.002891
617	-0.0033	-0.003082	-0.002592
618	-0.003035	-0.002818	-0.002335
619	-0.002884	-0.002615	-0.002139
620	-0.002699	-0.002394	-0.00192
621	-0.002434	-0.00213	-0.001646
622	-0.002158	-0.00186	-0.001373
623	-0.001836	-0.001567	-0.001108
624	-0.001523	-0.001284	-0.000844
625	-0.001294	-0.001081	-0.000595
626	-0.001065	-0.000878	-0.000346
627	-0.000836	-0.000553	-0.000096
628	-0.000607	-0.000228	0.000154
629	-0.000319	0.00002	0.000435
630	-0.000024	0.000258	0.000719
631	0.000231	0.000503	0.001005
632	0.000477	0.00075	0.001291
633	0.000707	0.001034	0.001523
634	0.000931	0.001334	0.001732
635	0.001194	0.001569	0.001975
636	0.001482	0.00176	0.002242
637	0.001696	0.001965	0.002462
638	0.001837	0.002183	0.002635
639	0.002004	0.00237	0.002809
640	0.002209	0.00251	0.002986
641	0.002441	0.002689	0.003184
642	0.002732	0.002951	0.00343
643	0.002998	0.003197	0.003672
644	0.003174	0.003383	0.003897
645	0.003349	0.003571	0.00411
646	0.003511	0.00377	0.004233
647	0.003667	0.003959	0.004352
648	0.003637	0.003889	0.004355
649	0.003606	0.00382	0.004357
650	0.003169	0.003403	0.003925
651	0.002707	0.002966	0.003466
652	0.002045	0.0023	0.002797
653	0.001349	0.001594	0.002093
654	0.000921	0.001159	0.001607
655	0.000576	0.000808	0.001189
656	0.000552	0.000776	0.001166
657	0.000681	0.000899	0.001333
658	0.001033	0.001223	0.00169
659	0.001541	0.001689	0.002181
660	0.002201	0.002371	0.002839
661	0.003013	0.003268	0.003666
662	0.003747	0.004029	0.004433
663	0.00437	0.004595	0.005116
664	0.004906	0.00511	0.005691
665	0.005262	0.005521	0.006044
666	0.005589	0.005888	0.006364
667	0.005827	0.00612	0.00658
668	0.00605	0.006338	0.006791
669	0.006201	0.006487	0.006978
670	0.006351	0.006637	0.007162
671	0.006509	0.006785	0.007316
672	0.006667	0.006934	0.007469
673	0.006753	0.007021	0.007565
674	0.006838	0.007107	0.007661
675	0.006952	0.007233	0.007752
676	0.007068	0.007363	0.007843
677	0.007215	0.007468	0.007912
678	0.007368	0.007568	0.007977
679	0.007431	0.007662	0.008051
680	0.007467	0.007755	0.008127
681	0.007575	0.007887	0.008299
682	0.007715	0.008036	0.008517
683	0.007873	0.008148	0.008655
684	0.008042	0.008236	0.008742
685	0.008159	0.008345	0.008858
686	0.008232	0.008471	0.009001
687	0.008356	0.008612	0.00915
688	0.00854	0.008773	0.009307
689	0.008727	0.008937	0.009473
690	0.008919	0.009106	0.009655
691	0.00907	0.009265	0.009793
692	0.009128	0.009401	0.009837
693	0.009205	0.009541	0.009907
694	0.009343	0.009693	0.01006
695	0.009494	0.009849	0.01023
696	0.009707	0.010025	0.010482
697	0.009904	0.010193	0.010719
698	0.009968	0.010298	0.010824
699	0.010036	0.010406	0.010931
700	0.010273	0.010624	0.011074
701	0.010509	0.010842	0.011216
702	0.010669	0.011015	0.011388
703	0.010827	0.011187	0.01156
704	0.010971	0.011274	0.011647
705	0.011114	0.011351	0.011725
706	0.011175	0.011443	0.011821
707	0.011219	0.011537	0.011921
708	0.011354	0.011686	0.012083
709	0.011516	0.011851	0.012263
710	0.011639	0.011967	0.012405
711	0.011744	0.012062	0.012531
712	0.011798	0.012146	0.012617
713	0.011825	0.012224	0.01268
714	0.011883	0.01227	0.012729
715	0.011964	0.012294	0.012769
716	0.012102	0.0124	0.012877
717	0.012294	0.012582	0.013048
718	0.012413	0.012708	0.013185
719	0.012446	0.012769	0.013284
720	0.012536	0.012845	0.013379
[LOG]
CHECKSUM]Ñ