[HEADER]
Format	J&M ASCII Table
Comment	
Date	26/03/2026 11:45:58
Order	Y (evenX)
TechType	UV
NumPoints	411
FirstX	310
LastX	720
XType	nm
YType	Absorbance
ZType	s
NumSubFile	3
Matrix	Z vs X
[LOGIN]
Name=pcbob
[INSTRUMENT]
Name=TIDAS E Base UV/VI
Detector=MMS - ASPEN 97,5 kHz
Diodearray=256 Pixel
Serial#=36584
Calibrated=2011-07-01
Range=183.81-729.88 [nm] (F0)

SWVersion=v3.18.2 (build 0)[LOGIN]
Name=pcbob
[CONFIG]
ChannelName=Channel 1
ChannelType=Normalized
[PARAMETER]
It=400,00
Aver=5
Norm=3
Range=310,0-720,0 nm
Scan=Time
ScanTime=5,00 s
[TRIGGER]
Sweep=0
Scan=0
[DIO]
DigOut=0x0000
DigIn=0x0000
[DATA]
	00:00:00,000	00:00:02,000	00:00:04,000
310	0.007915	0.007863	0.007746
311	0.007488	0.007441	0.007332
312	0.007055	0.007022	0.006931
313	0.006667	0.006622	0.006541
314	0.006343	0.006249	0.006166
315	0.006008	0.005878	0.005798
316	0.005642	0.005513	0.005455
317	0.005273	0.005145	0.005109
318	0.004868	0.004737	0.00472
319	0.004464	0.004329	0.004331
320	0.004002	0.003905	0.003855
321	0.003533	0.00348	0.003367
322	0.003079	0.003005	0.00291
323	0.002632	0.00251	0.002466
324	0.002194	0.002073	0.002059
325	0.001762	0.001688	0.001685
326	0.001357	0.001302	0.001308
327	0.001	0.000914	0.000929
328	0.000646	0.000534	0.000553
329	0.000308	0.000192	0.000191
330	-0.00003	-0.000149	-0.00017
331	-0.000345	-0.000429	-0.000443
332	-0.000661	-0.000709	-0.000716
333	-0.000937	-0.000986	-0.001002
334	-0.001204	-0.001264	-0.001291
335	-0.001553	-0.001589	-0.001625
336	-0.001946	-0.001942	-0.001983
337	-0.002327	-0.002315	-0.002343
338	-0.002695	-0.002713	-0.002703
339	-0.003062	-0.003108	-0.003076
340	-0.00343	-0.003493	-0.003476
341	-0.003806	-0.003888	-0.003879
342	-0.004241	-0.004347	-0.0043
343	-0.004676	-0.004807	-0.004721
344	-0.005149	-0.005225	-0.005183
345	-0.005623	-0.005641	-0.005648
346	-0.006151	-0.006152	-0.006175
347	-0.006693	-0.00669	-0.00672
348	-0.007226	-0.007232	-0.00726
349	-0.007752	-0.007776	-0.007795
350	-0.008284	-0.008322	-0.008334
351	-0.008822	-0.008872	-0.008877
352	-0.009384	-0.009433	-0.009439
353	-0.010017	-0.01003	-0.010059
354	-0.010642	-0.010622	-0.010676
355	-0.011177	-0.011153	-0.011272
356	-0.011712	-0.011683	-0.011868
357	-0.012406	-0.012435	-0.012496
358	-0.013116	-0.01321	-0.013128
359	-0.013752	-0.01382	-0.013768
360	-0.014361	-0.014369	-0.014412
361	-0.014956	-0.014944	-0.015025
362	-0.01554	-0.015541	-0.015612
363	-0.016104	-0.016137	-0.01618
364	-0.016637	-0.016732	-0.016718
365	-0.017206	-0.017335	-0.017284
366	-0.017909	-0.017972	-0.017954
367	-0.018608	-0.018608	-0.01862
368	-0.019219	-0.019204	-0.019195
369	-0.019829	-0.019801	-0.01977
370	-0.02039	-0.020364	-0.020342
371	-0.020945	-0.020922	-0.020914
372	-0.021452	-0.021453	-0.021448
373	-0.021939	-0.021971	-0.021967
374	-0.022457	-0.022487	-0.02247
375	-0.023	-0.023002	-0.02296
376	-0.023508	-0.023495	-0.023448
377	-0.023956	-0.023952	-0.023934
378	-0.024386	-0.024393	-0.024398
379	-0.024744	-0.024766	-0.024775
380	-0.025103	-0.02514	-0.025152
381	-0.025549	-0.025583	-0.025587
382	-0.025995	-0.026025	-0.026022
383	-0.02627	-0.026282	-0.02632
384	-0.026517	-0.026506	-0.026594
385	-0.026704	-0.026725	-0.026776
386	-0.026866	-0.026941	-0.026916
387	-0.027038	-0.02713	-0.027082
388	-0.027222	-0.027294	-0.027272
389	-0.027305	-0.027378	-0.027378
390	-0.027201	-0.027311	-0.027325
391	-0.02715	-0.027286	-0.027302
392	-0.027338	-0.027449	-0.027421
393	-0.027525	-0.027611	-0.02754
394	-0.027732	-0.027733	-0.027705
395	-0.027938	-0.027855	-0.02787
396	-0.027907	-0.027902	-0.027907
397	-0.027834	-0.027936	-0.02792
398	-0.02778	-0.027863	-0.027867
399	-0.027736	-0.02774	-0.027783
400	-0.02777	-0.027775	-0.027802
401	-0.027877	-0.02796	-0.027918
402	-0.027991	-0.028112	-0.028038
403	-0.028117	-0.028204	-0.028167
404	-0.028224	-0.028273	-0.028269
405	-0.028247	-0.028241	-0.028248
406	-0.028268	-0.028209	-0.028226
407	-0.02819	-0.028164	-0.028162
408	-0.028111	-0.028119	-0.028097
409	-0.028169	-0.028195	-0.0282
410	-0.028249	-0.028293	-0.028332
411	-0.028213	-0.028312	-0.02832
412	-0.028124	-0.028296	-0.028245
413	-0.028164	-0.028317	-0.028259
414	-0.02832	-0.028372	-0.028353
415	-0.028503	-0.028493	-0.028493
416	-0.028733	-0.028728	-0.028711
417	-0.028928	-0.028938	-0.028909
418	-0.02899	-0.029049	-0.029022
419	-0.02905	-0.029153	-0.029131
420	-0.029067	-0.029124	-0.029133
421	-0.029083	-0.029095	-0.029135
422	-0.029158	-0.029141	-0.029198
423	-0.02924	-0.029199	-0.02927
424	-0.029203	-0.02919	-0.029236
425	-0.029118	-0.029154	-0.029161
426	-0.029026	-0.029063	-0.029071
427	-0.02893	-0.028927	-0.028969
428	-0.02872	-0.028702	-0.028749
429	-0.028337	-0.028338	-0.028347
430	-0.027955	-0.027979	-0.027957
431	-0.027578	-0.027636	-0.027607
432	-0.027208	-0.027297	-0.027265
433	-0.026938	-0.027011	-0.027011
434	-0.026669	-0.026725	-0.026757
435	-0.026473	-0.026527	-0.026549
436	-0.026285	-0.026338	-0.026346
437	-0.026113	-0.026177	-0.026186
438	-0.025948	-0.026026	-0.026038
439	-0.025746	-0.025806	-0.025816
440	-0.025521	-0.02554	-0.025543
441	-0.025297	-0.025305	-0.025334
442	-0.025074	-0.02511	-0.025204
443	-0.024851	-0.024911	-0.025033
444	-0.024626	-0.024703	-0.024758
445	-0.024409	-0.024495	-0.024493
446	-0.024247	-0.024283	-0.024296
447	-0.024085	-0.02407	-0.024099
448	-0.023782	-0.023786	-0.023779
449	-0.023474	-0.023499	-0.023456
450	-0.023197	-0.023235	-0.023215
451	-0.022927	-0.022977	-0.022994
452	-0.022701	-0.022759	-0.022796
453	-0.022497	-0.022563	-0.02261
454	-0.022278	-0.022337	-0.022369
455	-0.022045	-0.022083	-0.022071
456	-0.021811	-0.02183	-0.021812
457	-0.021576	-0.02158	-0.021628
458	-0.021339	-0.021341	-0.021432
459	-0.021093	-0.021148	-0.02119
460	-0.020849	-0.020952	-0.020949
461	-0.020637	-0.020697	-0.020717
462	-0.020426	-0.020443	-0.020485
463	-0.020221	-0.020317	-0.020318
464	-0.020017	-0.020209	-0.020161
465	-0.019802	-0.019967	-0.019913
466	-0.019582	-0.019678	-0.019632
467	-0.019204	-0.019293	-0.019285
468	-0.018715	-0.018838	-0.01889
469	-0.018371	-0.018492	-0.018562
470	-0.018219	-0.018289	-0.018323
471	-0.017985	-0.018022	-0.018031
472	-0.017543	-0.017593	-0.017603
473	-0.017144	-0.01721	-0.017217
474	-0.017034	-0.017125	-0.017109
475	-0.016924	-0.01704	-0.017001
476	-0.016712	-0.016777	-0.016792
477	-0.016497	-0.016511	-0.01658
478	-0.016255	-0.0163	-0.016353
479	-0.016007	-0.016099	-0.016123
480	-0.015914	-0.015997	-0.016014
481	-0.015894	-0.015939	-0.015961
482	-0.015876	-0.015895	-0.015945
483	-0.015861	-0.015863	-0.015962
484	-0.01587	-0.015881	-0.015982
485	-0.015916	-0.015978	-0.016007
486	-0.015863	-0.015959	-0.015937
487	-0.015498	-0.015572	-0.015564
488	-0.015133	-0.015186	-0.015192
489	-0.014758	-0.014808	-0.014829
490	-0.014382	-0.01443	-0.014467
491	-0.014009	-0.014122	-0.014137
492	-0.013636	-0.013818	-0.013807
493	-0.013372	-0.013514	-0.013489
494	-0.013136	-0.01321	-0.013173
495	-0.012831	-0.012862	-0.012856
496	-0.012491	-0.012491	-0.012538
497	-0.012209	-0.012234	-0.012284
498	-0.011982	-0.012084	-0.012091
499	-0.011758	-0.011901	-0.011881
500	-0.011538	-0.011662	-0.011644
501	-0.011315	-0.011417	-0.011404
502	-0.01108	-0.011158	-0.011155
503	-0.010841	-0.010902	-0.010905
504	-0.010563	-0.010667	-0.010651
505	-0.010284	-0.010431	-0.010396
506	-0.010008	-0.010132	-0.010089
507	-0.009732	-0.009829	-0.009779
508	-0.009481	-0.009567	-0.009549
509	-0.009237	-0.009316	-0.009338
510	-0.009009	-0.009093	-0.009161
511	-0.008788	-0.008883	-0.009001
512	-0.008614	-0.008694	-0.008814
513	-0.008482	-0.008522	-0.008602
514	-0.008307	-0.008342	-0.008395
515	-0.008061	-0.00815	-0.008195
516	-0.007824	-0.00794	-0.00799
517	-0.00761	-0.007676	-0.007768
518	-0.007403	-0.007428	-0.007551
519	-0.007244	-0.007318	-0.007385
520	-0.007085	-0.007207	-0.007219
521	-0.006938	-0.007047	-0.007066
522	-0.006792	-0.006884	-0.006913
523	-0.006641	-0.006765	-0.006721
524	-0.006489	-0.006655	-0.006523
525	-0.006368	-0.006528	-0.006413
526	-0.00626	-0.006395	-0.006343
527	-0.006173	-0.006291	-0.006283
528	-0.006102	-0.00621	-0.006232
529	-0.005996	-0.006083	-0.006132
530	-0.005845	-0.005896	-0.005967
531	-0.005688	-0.005726	-0.005808
532	-0.005513	-0.005598	-0.005662
533	-0.005342	-0.005468	-0.005511
534	-0.005188	-0.005319	-0.005336
535	-0.005037	-0.005172	-0.005164
536	-0.004981	-0.005063	-0.00508
537	-0.004925	-0.004953	-0.004997
538	-0.004734	-0.00478	-0.004845
539	-0.004527	-0.004599	-0.004685
540	-0.004404	-0.004495	-0.004544
541	-0.004306	-0.004415	-0.004409
542	-0.00414	-0.004247	-0.004243
543	-0.003936	-0.004028	-0.004058
544	-0.003772	-0.003852	-0.003919
545	-0.003647	-0.00372	-0.003823
546	-0.003516	-0.0036	-0.003714
547	-0.003374	-0.003497	-0.00358
548	-0.003243	-0.003396	-0.003448
549	-0.003149	-0.003296	-0.003318
550	-0.003043	-0.00318	-0.00318
551	-0.002851	-0.002941	-0.002978
552	-0.00266	-0.002701	-0.002775
553	-0.002524	-0.002606	-0.002693
554	-0.002389	-0.002513	-0.002613
555	-0.0023	-0.002413	-0.002503
556	-0.002218	-0.00231	-0.002389
557	-0.002134	-0.002229	-0.002288
558	-0.002049	-0.002154	-0.002191
559	-0.00194	-0.002061	-0.002095
560	-0.001816	-0.001956	-0.002
561	-0.001724	-0.001856	-0.001906
562	-0.001667	-0.001761	-0.001813
563	-0.001611	-0.001683	-0.001743
564	-0.00156	-0.001634	-0.001715
565	-0.001526	-0.001595	-0.001694
566	-0.001546	-0.001589	-0.001695
567	-0.001565	-0.001589	-0.0017
568	-0.001582	-0.001631	-0.001739
569	-0.001598	-0.001674	-0.001779
570	-0.001613	-0.001713	-0.001791
571	-0.001628	-0.001752	-0.001803
572	-0.00161	-0.001746	-0.001774
573	-0.001586	-0.001733	-0.001739
574	-0.001586	-0.001714	-0.001719
575	-0.001594	-0.001694	-0.001704
576	-0.001555	-0.001633	-0.001655
577	-0.001489	-0.00155	-0.001586
578	-0.0014	-0.00146	-0.001496
579	-0.00129	-0.001366	-0.001388
580	-0.001179	-0.001261	-0.00128
581	-0.001067	-0.00114	-0.001172
582	-0.000936	-0.001008	-0.001044
583	-0.000756	-0.000844	-0.000865
584	-0.000572	-0.000675	-0.000684
585	-0.000365	-0.000474	-0.00049
586	-0.000159	-0.000274	-0.000297
587	0.00004	-0.000073	-0.000114
588	0.000238	0.000127	0.000069
589	0.000392	0.000307	0.00025
590	0.000542	0.000484	0.000431
591	0.000735	0.000656	0.000612
592	0.000938	0.000828	0.000793
593	0.001093	0.000974	0.000929
594	0.001229	0.001111	0.001046
595	0.001303	0.001193	0.001134
596	0.001335	0.001237	0.001201
597	0.001437	0.001324	0.001312
598	0.001617	0.00146	0.001474
599	0.001758	0.001581	0.001614
600	0.001829	0.001675	0.001717
601	0.001899	0.001768	0.001804
602	0.001967	0.001859	0.001846
603	0.002046	0.001956	0.001903
604	0.002189	0.002092	0.002057
605	0.002332	0.002227	0.002209
606	0.002461	0.002337	0.002297
607	0.00259	0.002448	0.002385
608	0.002734	0.002618	0.002529
609	0.00288	0.002793	0.002678
610	0.002959	0.002874	0.002774
611	0.003024	0.002935	0.00286
612	0.003108	0.003021	0.00294
613	0.0032	0.003116	0.003018
614	0.003316	0.003229	0.003128
615	0.003448	0.003352	0.003259
616	0.003603	0.003495	0.003416
617	0.00378	0.003655	0.003598
618	0.003895	0.003774	0.003724
619	0.003916	0.003829	0.003766
620	0.003954	0.003902	0.003828
621	0.004031	0.004018	0.003937
622	0.004134	0.004141	0.00406
623	0.004344	0.004287	0.004245
624	0.004544	0.004432	0.004422
625	0.004654	0.004555	0.004517
626	0.004764	0.004679	0.004613
627	0.004852	0.004739	0.004682
628	0.00494	0.0048	0.004751
629	0.005075	0.004944	0.004879
630	0.005217	0.005099	0.005013
631	0.005281	0.0052	0.005113
632	0.005326	0.005288	0.005203
633	0.005407	0.005355	0.005291
634	0.005503	0.005412	0.005378
635	0.005625	0.005529	0.005506
636	0.005764	0.005685	0.00566
637	0.00586	0.005807	0.00578
638	0.005914	0.005894	0.005864
639	0.005987	0.005971	0.005931
640	0.006089	0.006031	0.005972
641	0.006195	0.006132	0.006049
642	0.006312	0.006321	0.006207
643	0.006434	0.006479	0.006352
644	0.006572	0.006528	0.006454
645	0.006705	0.006585	0.006552
646	0.006804	0.006698	0.006627
647	0.006895	0.006804	0.006696
648	0.006764	0.006746	0.006626
649	0.006633	0.006688	0.006557
650	0.006448	0.006464	0.00638
651	0.00626	0.00623	0.006198
652	0.005962	0.005912	0.005903
653	0.005645	0.005579	0.005589
654	0.005413	0.005359	0.005363
655	0.005209	0.005174	0.005166
656	0.005195	0.005172	0.005159
657	0.005273	0.005257	0.005245
658	0.005442	0.005412	0.005409
659	0.005675	0.005615	0.005628
660	0.005995	0.005909	0.005906
661	0.006401	0.006293	0.006242
662	0.006716	0.006606	0.006541
663	0.006903	0.006819	0.006788
664	0.007091	0.007019	0.007012
665	0.007281	0.00719	0.007189
666	0.007456	0.007352	0.007345
667	0.007588	0.007487	0.00743
668	0.007703	0.007611	0.007515
669	0.007738	0.00768	0.007599
670	0.007777	0.007747	0.00768
671	0.007862	0.007792	0.007724
672	0.007947	0.007837	0.007768
673	0.007922	0.007824	0.007771
674	0.007898	0.007812	0.007774
675	0.007919	0.007872	0.007816
676	0.007944	0.007937	0.007861
677	0.008014	0.007986	0.007932
678	0.008092	0.00803	0.008007
679	0.008115	0.008032	0.008016
680	0.008122	0.00802	0.008004
681	0.008212	0.008147	0.008102
682	0.008341	0.008338	0.008251
683	0.008428	0.008422	0.00834
684	0.008488	0.008438	0.00839
685	0.008536	0.008454	0.008408
686	0.008573	0.00847	0.008397
687	0.0086	0.008503	0.008439
688	0.008616	0.008555	0.00854
689	0.008655	0.00863	0.008626
690	0.008734	0.008743	0.008686
691	0.008806	0.008821	0.008747
692	0.008867	0.008823	0.008809
693	0.008916	0.008825	0.008841
694	0.00893	0.008828	0.008775
695	0.008958	0.008856	0.008748
696	0.009056	0.009008	0.008919
697	0.009144	0.009142	0.009071
698	0.009138	0.009112	0.009063
699	0.009135	0.009084	0.009056
700	0.009215	0.009142	0.009094
701	0.009294	0.0092	0.009133
702	0.009387	0.009305	0.009235
703	0.009481	0.009412	0.009339
704	0.009495	0.009442	0.009415
705	0.009499	0.009463	0.009488
706	0.009506	0.009506	0.009542
707	0.009513	0.009554	0.009593
708	0.009572	0.009593	0.009597
709	0.009646	0.009629	0.009587
710	0.009685	0.009684	0.009624
711	0.009709	0.009747	0.00968
712	0.009745	0.009735	0.009647
713	0.009786	0.009683	0.009564
714	0.009798	0.009654	0.009555
715	0.009787	0.009643	0.009599
716	0.009781	0.009662	0.009638
717	0.009777	0.009709	0.00967
718	0.009801	0.009773	0.00973
719	0.009857	0.009857	0.009823
720	0.009918	0.009914	0.009878
[LOG]
CHECKSUM®ã