[HEADER]
Format	J&M ASCII Table
Comment	
Date	02/04/2026 14:01:10
Order	Y (evenX)
TechType	UV
NumPoints	411
FirstX	310
LastX	720
XType	nm
YType	Absorbance
ZType	s
NumSubFile	3
Matrix	Z vs X
[LOGIN]
Name=pcbob
[INSTRUMENT]
Name=TIDAS E Base UV/VI
Detector=MMS - ASPEN 97,5 kHz
Diodearray=256 Pixel
Serial#=36584
Calibrated=2011-07-01
Range=183.81-729.88 [nm] (F0)

SWVersion=v3.18.2 (build 0)[LOGIN]
Name=pcbob
[CONFIG]
ChannelName=Channel 1
ChannelType=Normalized
[PARAMETER]
It=400,00
Aver=5
Norm=3
Range=310,0-720,0 nm
Scan=Time
ScanTime=5,00 s
[TRIGGER]
Sweep=0
Scan=0
[DIO]
DigOut=0x0000
DigIn=0x0000
[DATA]
	00:00:00,000	00:00:02,000	00:00:04,000
310	0.005081	0.00517	0.005234
311	0.004814	0.004894	0.004949
312	0.004592	0.004683	0.004682
313	0.004343	0.004435	0.004407
314	0.004057	0.004137	0.00412
315	0.003774	0.003848	0.003838
316	0.003503	0.003582	0.003571
317	0.00323	0.003314	0.003303
318	0.002924	0.003006	0.003009
319	0.002619	0.002698	0.002715
320	0.002314	0.002387	0.0024
321	0.00201	0.002075	0.002082
322	0.001733	0.001797	0.001804
323	0.001468	0.001533	0.001542
324	0.001207	0.00128	0.001275
325	0.000951	0.001038	0.001004
326	0.000683	0.000779	0.000735
327	0.000393	0.000492	0.000468
328	0.000094	0.000198	0.000191
329	-0.000243	-0.000132	-0.000131
330	-0.00058	-0.000461	-0.000452
331	-0.000838	-0.000766	-0.000714
332	-0.001096	-0.001071	-0.000976
333	-0.001451	-0.001393	-0.001324
334	-0.001828	-0.001718	-0.001689
335	-0.002178	-0.002053	-0.00205
336	-0.002515	-0.002394	-0.002408
337	-0.002895	-0.002783	-0.002803
338	-0.003321	-0.003224	-0.003239
339	-0.003746	-0.003658	-0.00367
340	-0.004166	-0.004076	-0.004088
341	-0.004596	-0.004507	-0.004516
342	-0.005095	-0.005028	-0.005007
343	-0.005593	-0.005549	-0.005498
344	-0.006044	-0.00595	-0.005915
345	-0.006492	-0.006345	-0.006328
346	-0.007022	-0.0069	-0.006881
347	-0.007575	-0.0075	-0.007475
348	-0.008193	-0.008138	-0.008124
349	-0.008854	-0.008801	-0.008811
350	-0.009524	-0.009443	-0.009483
351	-0.010208	-0.01006	-0.010138
352	-0.010895	-0.010704	-0.010803
353	-0.011593	-0.01143	-0.011504
354	-0.012291	-0.012156	-0.012201
355	-0.012979	-0.012872	-0.012865
356	-0.013668	-0.013587	-0.013529
357	-0.014434	-0.014397	-0.014304
358	-0.015209	-0.015216	-0.01509
359	-0.015949	-0.015938	-0.015847
360	-0.016677	-0.016624	-0.016593
361	-0.017422	-0.017355	-0.01736
362	-0.018181	-0.018122	-0.018143
363	-0.018944	-0.018883	-0.018895
364	-0.019712	-0.019638	-0.019598
365	-0.020494	-0.020408	-0.020341
366	-0.021325	-0.021238	-0.021227
367	-0.022159	-0.022068	-0.02211
368	-0.023034	-0.022927	-0.022935
369	-0.023909	-0.023785	-0.02376
370	-0.024761	-0.024653	-0.024642
371	-0.02561	-0.025521	-0.025532
372	-0.026486	-0.026382	-0.02642
373	-0.027373	-0.02724	-0.027308
374	-0.028191	-0.028044	-0.028099
375	-0.028947	-0.028801	-0.028805
376	-0.029724	-0.02958	-0.02955
377	-0.030538	-0.030398	-0.030363
378	-0.03135	-0.031221	-0.031184
379	-0.032154	-0.032061	-0.032041
380	-0.032956	-0.032899	-0.032896
381	-0.033732	-0.033648	-0.033661
382	-0.034507	-0.034396	-0.034426
383	-0.035197	-0.035067	-0.035127
384	-0.035872	-0.035726	-0.035817
385	-0.036546	-0.036397	-0.036496
386	-0.037219	-0.037074	-0.037171
387	-0.037842	-0.037724	-0.037787
388	-0.038419	-0.038348	-0.038348
389	-0.039013	-0.038961	-0.038932
390	-0.03964	-0.039555	-0.03956
391	-0.040262	-0.040145	-0.040178
392	-0.040858	-0.04072	-0.040752
393	-0.041454	-0.041296	-0.041326
394	-0.042033	-0.041939	-0.041972
395	-0.042612	-0.042582	-0.042618
396	-0.043063	-0.04304	-0.043038
397	-0.043491	-0.043465	-0.043417
398	-0.043928	-0.043874	-0.043839
399	-0.044369	-0.044275	-0.044282
400	-0.044896	-0.044773	-0.044808
401	-0.045502	-0.045363	-0.045413
402	-0.046074	-0.045935	-0.046002
403	-0.046583	-0.046478	-0.04656
404	-0.04708	-0.047001	-0.04709
405	-0.047519	-0.047443	-0.047492
406	-0.047957	-0.047883	-0.047894
407	-0.04835	-0.048275	-0.048262
408	-0.048743	-0.048668	-0.048631
409	-0.049197	-0.049131	-0.04909
410	-0.049662	-0.049606	-0.049565
411	-0.050203	-0.050097	-0.050084
412	-0.050778	-0.050595	-0.050622
413	-0.051222	-0.051032	-0.051104
414	-0.051547	-0.051414	-0.051537
415	-0.052012	-0.051907	-0.052039
416	-0.052719	-0.052593	-0.052665
417	-0.053414	-0.053278	-0.053304
418	-0.054064	-0.053959	-0.053999
419	-0.054705	-0.054626	-0.054681
420	-0.055091	-0.054972	-0.055036
421	-0.055477	-0.055318	-0.055391
422	-0.055848	-0.055706	-0.055783
423	-0.056218	-0.056099	-0.05618
424	-0.05655	-0.056457	-0.05647
425	-0.056867	-0.056801	-0.056718
426	-0.05705	-0.056963	-0.056902
427	-0.057123	-0.05698	-0.057034
428	-0.057118	-0.056948	-0.057054
429	-0.05699	-0.05684	-0.056902
430	-0.056906	-0.056777	-0.056792
431	-0.05697	-0.056866	-0.056822
432	-0.057038	-0.056956	-0.056861
433	-0.057163	-0.057051	-0.057015
434	-0.057288	-0.057147	-0.057169
435	-0.057355	-0.0572	-0.05722
436	-0.057415	-0.05725	-0.057261
437	-0.057471	-0.057305	-0.05728
438	-0.057525	-0.057362	-0.057292
439	-0.057548	-0.057401	-0.057334
440	-0.057551	-0.057429	-0.057397
441	-0.057531	-0.057411	-0.057399
442	-0.057481	-0.057333	-0.057324
443	-0.057437	-0.057265	-0.057262
444	-0.057409	-0.057221	-0.057234
445	-0.057362	-0.057168	-0.057192
446	-0.057187	-0.057052	-0.057051
447	-0.057012	-0.056937	-0.056911
448	-0.056841	-0.056746	-0.056745
449	-0.056671	-0.056552	-0.056578
450	-0.056457	-0.056344	-0.056327
451	-0.056233	-0.056133	-0.056057
452	-0.056043	-0.055962	-0.055882
453	-0.05587	-0.055812	-0.055758
454	-0.055691	-0.055641	-0.055626
455	-0.055507	-0.055448	-0.055488
456	-0.05533	-0.055249	-0.055314
457	-0.055167	-0.055038	-0.055073
458	-0.054992	-0.054827	-0.054837
459	-0.054766	-0.054617	-0.054617
460	-0.05454	-0.054408	-0.054401
461	-0.054324	-0.054241	-0.054265
462	-0.054107	-0.054075	-0.054128
463	-0.053981	-0.053897	-0.053958
464	-0.053866	-0.053717	-0.053783
465	-0.053606	-0.053476	-0.05351
466	-0.053293	-0.053213	-0.053201
467	-0.052938	-0.052864	-0.052847
468	-0.052553	-0.052454	-0.052461
469	-0.052165	-0.052061	-0.052073
470	-0.051776	-0.051689	-0.051681
471	-0.051395	-0.051311	-0.051291
472	-0.051038	-0.05092	-0.050904
473	-0.050697	-0.050546	-0.050535
474	-0.050463	-0.050284	-0.050287
475	-0.050228	-0.050021	-0.050039
476	-0.049853	-0.049684	-0.049673
477	-0.049475	-0.049346	-0.049305
478	-0.049196	-0.049057	-0.049038
479	-0.048936	-0.048778	-0.048791
480	-0.048634	-0.048486	-0.048503
481	-0.048313	-0.048186	-0.048195
482	-0.048138	-0.048017	-0.04801
483	-0.048092	-0.047961	-0.047933
484	-0.048044	-0.047927	-0.047874
485	-0.047993	-0.047927	-0.047844
486	-0.047855	-0.047813	-0.047729
487	-0.047442	-0.04734	-0.04735
488	-0.047007	-0.046856	-0.046943
489	-0.046368	-0.04626	-0.046276
490	-0.045729	-0.045664	-0.045609
491	-0.045207	-0.045135	-0.045092
492	-0.044692	-0.04461	-0.044583
493	-0.044188	-0.044075	-0.044097
494	-0.043686	-0.043539	-0.043616
495	-0.043235	-0.043074	-0.043147
496	-0.042811	-0.042647	-0.042684
497	-0.042437	-0.042283	-0.042293
498	-0.042111	-0.041979	-0.041971
499	-0.041755	-0.041652	-0.041614
500	-0.041351	-0.041284	-0.041196
501	-0.040967	-0.040922	-0.040803
502	-0.040655	-0.040583	-0.040493
503	-0.040336	-0.040236	-0.040179
504	-0.03995	-0.039816	-0.039824
505	-0.039563	-0.039395	-0.039469
506	-0.039129	-0.038945	-0.039024
507	-0.038692	-0.038492	-0.038574
508	-0.038283	-0.03811	-0.038172
509	-0.037881	-0.037744	-0.037781
510	-0.037542	-0.0374	-0.037448
511	-0.037234	-0.037066	-0.037143
512	-0.036883	-0.036717	-0.036776
513	-0.036493	-0.036354	-0.036353
514	-0.036111	-0.03599	-0.035949
515	-0.035744	-0.035625	-0.035575
516	-0.035353	-0.035242	-0.03519
517	-0.034889	-0.034805	-0.034773
518	-0.034437	-0.034373	-0.034359
519	-0.034079	-0.033989	-0.033972
520	-0.033721	-0.033604	-0.033585
521	-0.033298	-0.033195	-0.033221
522	-0.032873	-0.032785	-0.032858
523	-0.03251	-0.032432	-0.032481
524	-0.032159	-0.03209	-0.032102
525	-0.031855	-0.031761	-0.031764
526	-0.031571	-0.031438	-0.031445
527	-0.031277	-0.031128	-0.031152
528	-0.030975	-0.030829	-0.030879
529	-0.030671	-0.030533	-0.030586
530	-0.030365	-0.030243	-0.030265
531	-0.030067	-0.029963	-0.029955
532	-0.029789	-0.029707	-0.029674
533	-0.029495	-0.029433	-0.029376
534	-0.029115	-0.029069	-0.028997
535	-0.028737	-0.028705	-0.028621
536	-0.028459	-0.028404	-0.028379
537	-0.02818	-0.028103	-0.028137
538	-0.027907	-0.027782	-0.027827
539	-0.027634	-0.027458	-0.027509
540	-0.027333	-0.027181	-0.027197
541	-0.027024	-0.026917	-0.026887
542	-0.02674	-0.026658	-0.026611
543	-0.026471	-0.026402	-0.026355
544	-0.026209	-0.026147	-0.026092
545	-0.025954	-0.025894	-0.025822
546	-0.025668	-0.0256	-0.02553
547	-0.025331	-0.025236	-0.025202
548	-0.024981	-0.02487	-0.024858
549	-0.024596	-0.024497	-0.02447
550	-0.024215	-0.024126	-0.024085
551	-0.023872	-0.023778	-0.023726
552	-0.023529	-0.02343	-0.023367
553	-0.023227	-0.023102	-0.023052
554	-0.022926	-0.022774	-0.022737
555	-0.022597	-0.022483	-0.022428
556	-0.022264	-0.022198	-0.02212
557	-0.021965	-0.021909	-0.021836
558	-0.021678	-0.021619	-0.021561
559	-0.021385	-0.021301	-0.021245
560	-0.021089	-0.020966	-0.020903
561	-0.020773	-0.02065	-0.020576
562	-0.020434	-0.020353	-0.020265
563	-0.020169	-0.020097	-0.020016
564	-0.020036	-0.019914	-0.019877
565	-0.019901	-0.019747	-0.019739
566	-0.01976	-0.019627	-0.0196
567	-0.01963	-0.019516	-0.019474
568	-0.019586	-0.019477	-0.019439
569	-0.019542	-0.019438	-0.019404
570	-0.0195	-0.019412	-0.019387
571	-0.019458	-0.019385	-0.01937
572	-0.019399	-0.019296	-0.019241
573	-0.019338	-0.019197	-0.019096
574	-0.019215	-0.019087	-0.018993
575	-0.019073	-0.018973	-0.018905
576	-0.018955	-0.018864	-0.018824
577	-0.018852	-0.018757	-0.018747
578	-0.018721	-0.018626	-0.018605
579	-0.018563	-0.018474	-0.018402
580	-0.018386	-0.018301	-0.018208
581	-0.01818	-0.018096	-0.018028
582	-0.017946	-0.017853	-0.017811
583	-0.017637	-0.01751	-0.017502
584	-0.017317	-0.017166	-0.017178
585	-0.016936	-0.016814	-0.016784
586	-0.016553	-0.016459	-0.016391
587	-0.016134	-0.016031	-0.016008
588	-0.015714	-0.015603	-0.015624
589	-0.015375	-0.015264	-0.015243
590	-0.015041	-0.014931	-0.014861
591	-0.01473	-0.014632	-0.014577
592	-0.014423	-0.014341	-0.014314
593	-0.01415	-0.014048	-0.014032
594	-0.013892	-0.013754	-0.013743
595	-0.0136	-0.013461	-0.013449
596	-0.013285	-0.013169	-0.013152
597	-0.012959	-0.012847	-0.01282
598	-0.01262	-0.012495	-0.012449
599	-0.012315	-0.012195	-0.012135
600	-0.012066	-0.011987	-0.011924
601	-0.011822	-0.011766	-0.011701
602	-0.01159	-0.011505	-0.011446
603	-0.01135	-0.011243	-0.011189
604	-0.011056	-0.010973	-0.01092
605	-0.010757	-0.010696	-0.010644
606	-0.010298	-0.010235	-0.0102
607	-0.00984	-0.009774	-0.009756
608	-0.009581	-0.009495	-0.009454
609	-0.009337	-0.009229	-0.009163
610	-0.009115	-0.008969	-0.008946
611	-0.008898	-0.00871	-0.008745
612	-0.00858	-0.008407	-0.008434
613	-0.008222	-0.008086	-0.008078
614	-0.00789	-0.007797	-0.007768
615	-0.007573	-0.007527	-0.007487
616	-0.007272	-0.007236	-0.007192
617	-0.006985	-0.006923	-0.006881
618	-0.006722	-0.006634	-0.006577
619	-0.006493	-0.006381	-0.006284
620	-0.006236	-0.006107	-0.006001
621	-0.00591	-0.005785	-0.005746
622	-0.005606	-0.005482	-0.00549
623	-0.005386	-0.005256	-0.005232
624	-0.00516	-0.005022	-0.004973
625	-0.004873	-0.004723	-0.004698
626	-0.004586	-0.004423	-0.004423
627	-0.004329	-0.004174	-0.004135
628	-0.004072	-0.003926	-0.003848
629	-0.003895	-0.003742	-0.003646
630	-0.003728	-0.003565	-0.003455
631	-0.003475	-0.003337	-0.003249
632	-0.003201	-0.003095	-0.00304
633	-0.002968	-0.00289	-0.002854
634	-0.002755	-0.002699	-0.002677
635	-0.00262	-0.002572	-0.00255
636	-0.002538	-0.002487	-0.002457
637	-0.002348	-0.002278	-0.002259
638	-0.002051	-0.001945	-0.001957
639	-0.001788	-0.001655	-0.001672
640	-0.001576	-0.001429	-0.001412
641	-0.001368	-0.001216	-0.001172
642	-0.00117	-0.001032	-0.000977
643	-0.000981	-0.000843	-0.000787
644	-0.000819	-0.000634	-0.000616
645	-0.000649	-0.000433	-0.00044
646	-0.000418	-0.000283	-0.000238
647	-0.000192	-0.000137	-0.000038
648	-0.000127	-0.000075	0.000063
649	-0.000062	-0.000013	0.000165
650	-0.000282	-0.000204	-0.000075
651	-0.00052	-0.000411	-0.000335
652	-0.000855	-0.000741	-0.0007
653	-0.001208	-0.001093	-0.001082
654	-0.001464	-0.001346	-0.00134
655	-0.001691	-0.001568	-0.00156
656	-0.001659	-0.001543	-0.001518
657	-0.001504	-0.001399	-0.001349
658	-0.001209	-0.001091	-0.001048
659	-0.000815	-0.000668	-0.000653
660	-0.000213	-0.000074	-0.000061
661	0.000599	0.000689	0.00073
662	0.001346	0.001416	0.001471
663	0.002002	0.002092	0.002142
664	0.002584	0.002684	0.002731
665	0.003016	0.003107	0.003156
666	0.003397	0.003475	0.003519
667	0.003625	0.003674	0.003697
668	0.003851	0.003879	0.003897
669	0.004071	0.004114	0.004212
670	0.004289	0.004344	0.004517
671	0.00449	0.004523	0.004714
672	0.004691	0.004701	0.004911
673	0.00482	0.004883	0.005053
674	0.004949	0.005066	0.005196
675	0.005075	0.005157	0.005284
676	0.005201	0.00524	0.005367
677	0.005311	0.005401	0.005467
678	0.005418	0.005578	0.005569
679	0.005618	0.00574	0.005729
680	0.005848	0.005898	0.005907
681	0.006024	0.006072	0.006089
682	0.006176	0.006255	0.006271
683	0.006345	0.006408	0.00645
684	0.006526	0.006543	0.006626
685	0.00667	0.006714	0.00678
686	0.006781	0.006916	0.006915
687	0.006953	0.007103	0.007076
688	0.007198	0.007272	0.007269
689	0.007393	0.007424	0.007437
690	0.007509	0.007548	0.007566
691	0.007625	0.007667	0.007697
692	0.007741	0.007779	0.007832
693	0.007861	0.007908	0.007976
694	0.007993	0.008093	0.008145
695	0.008128	0.008279	0.008312
696	0.008275	0.008464	0.008462
697	0.008424	0.008643	0.008612
698	0.008583	0.008757	0.00875
699	0.008743	0.008871	0.008887
700	0.008887	0.008996	0.008999
701	0.009031	0.009122	0.009111
702	0.009107	0.00929	0.009305
703	0.009181	0.009459	0.009501
704	0.009347	0.009569	0.009631
705	0.009524	0.009672	0.009753
706	0.00967	0.009813	0.00988
707	0.009811	0.009962	0.010006
708	0.009972	0.010068	0.010089
709	0.01014	0.010162	0.010158
710	0.010333	0.01035	0.010327
711	0.010537	0.010579	0.010539
712	0.010682	0.01077	0.010774
713	0.010796	0.010939	0.011021
714	0.010899	0.011058	0.011133
715	0.010995	0.011141	0.011145
716	0.011175	0.011325	0.011297
717	0.011433	0.011604	0.011579
718	0.011659	0.011818	0.011778
719	0.011848	0.011956	0.011881
720	0.012034	0.012103	0.012034
[LOG]
CHECKSUMFâ