[HEADER]
Format	J&M ASCII Table
Comment	
Date	02/04/2026 13:53:36
Order	Y (evenX)
TechType	UV
NumPoints	411
FirstX	310
LastX	720
XType	nm
YType	Absorbance
ZType	s
NumSubFile	3
Matrix	Z vs X
[LOGIN]
Name=pcbob
[INSTRUMENT]
Name=TIDAS E Base UV/VI
Detector=MMS - ASPEN 97,5 kHz
Diodearray=256 Pixel
Serial#=36584
Calibrated=2011-07-01
Range=183.81-729.88 [nm] (F0)

SWVersion=v3.18.2 (build 0)[LOGIN]
Name=pcbob
[CONFIG]
ChannelName=Channel 1
ChannelType=Normalized
[PARAMETER]
It=400,00
Aver=5
Norm=3
Range=310,0-720,0 nm
Scan=Time
ScanTime=5,00 s
[TRIGGER]
Sweep=0
Scan=0
[DIO]
DigOut=0x0000
DigIn=0x0000
[DATA]
	00:00:00,000	00:00:02,000	00:00:04,000
310	0.001653	0.001593	0.001629
311	0.001376	0.001335	0.00135
312	0.001109	0.001135	0.001087
313	0.000849	0.000917	0.000834
314	0.000597	0.000675	0.000593
315	0.000356	0.000433	0.000362
316	0.000148	0.000189	0.00016
317	-0.000055	-0.000048	-0.000039
318	-0.000187	-0.000185	-0.000184
319	-0.000319	-0.000321	-0.000329
320	-0.000485	-0.000503	-0.000493
321	-0.000656	-0.000691	-0.000659
322	-0.000838	-0.000882	-0.00086
323	-0.001026	-0.001076	-0.001074
324	-0.001231	-0.001276	-0.001273
325	-0.001452	-0.001482	-0.001459
326	-0.001672	-0.001693	-0.001651
327	-0.001892	-0.001914	-0.001852
328	-0.002129	-0.002142	-0.002072
329	-0.002443	-0.002408	-0.002377
330	-0.002756	-0.002674	-0.002682
331	-0.002953	-0.002899	-0.002933
332	-0.003149	-0.003125	-0.003184
333	-0.00339	-0.003361	-0.003411
334	-0.00364	-0.003599	-0.003633
335	-0.003903	-0.00388	-0.003891
336	-0.004174	-0.004182	-0.004169
337	-0.004524	-0.004536	-0.004523
338	-0.004965	-0.004946	-0.004962
339	-0.005387	-0.005361	-0.005394
340	-0.005767	-0.005786	-0.005811
341	-0.006168	-0.006218	-0.006232
342	-0.006717	-0.006693	-0.006692
343	-0.007265	-0.007169	-0.007152
344	-0.007707	-0.007637	-0.007621
345	-0.008143	-0.008104	-0.00809
346	-0.008725	-0.008685	-0.008661
347	-0.009351	-0.009299	-0.009263
348	-0.009956	-0.0099	-0.009866
349	-0.010548	-0.010491	-0.01047
350	-0.011138	-0.011082	-0.011065
351	-0.011725	-0.011674	-0.01165
352	-0.012346	-0.012295	-0.012254
353	-0.013065	-0.013003	-0.012915
354	-0.013782	-0.01371	-0.013579
355	-0.014462	-0.014392	-0.014273
356	-0.015142	-0.015074	-0.014967
357	-0.015923	-0.015885	-0.015767
358	-0.016714	-0.01671	-0.016579
359	-0.017488	-0.017463	-0.01736
360	-0.018256	-0.018189	-0.018128
361	-0.018996	-0.018932	-0.018898
362	-0.019715	-0.019688	-0.019669
363	-0.020432	-0.020414	-0.020406
364	-0.021147	-0.021094	-0.021088
365	-0.021875	-0.021804	-0.021802
366	-0.022653	-0.022623	-0.022628
367	-0.02343	-0.023436	-0.02345
368	-0.024201	-0.024155	-0.024178
369	-0.024971	-0.024873	-0.024905
370	-0.025703	-0.025613	-0.025692
371	-0.026428	-0.026357	-0.026486
372	-0.027204	-0.027119	-0.027245
373	-0.028	-0.027889	-0.027988
374	-0.028748	-0.028623	-0.028687
375	-0.029454	-0.029324	-0.029346
376	-0.030147	-0.030025	-0.030021
377	-0.030816	-0.030726	-0.030722
378	-0.0315	-0.03144	-0.03143
379	-0.032248	-0.032212	-0.032171
380	-0.032994	-0.032982	-0.03291
381	-0.033641	-0.03365	-0.03358
382	-0.034287	-0.034317	-0.034251
383	-0.03485	-0.034862	-0.034852
384	-0.035398	-0.035385	-0.035441
385	-0.035907	-0.035909	-0.035932
386	-0.036396	-0.036432	-0.036378
387	-0.036844	-0.036875	-0.036801
388	-0.037255	-0.037245	-0.037202
389	-0.037652	-0.037621	-0.037611
390	-0.038025	-0.038008	-0.038035
391	-0.038395	-0.038402	-0.038448
392	-0.038755	-0.038821	-0.038809
393	-0.039116	-0.039239	-0.03917
394	-0.039572	-0.039609	-0.03957
395	-0.040028	-0.039979	-0.03997
396	-0.040252	-0.040207	-0.040239
397	-0.040435	-0.040408	-0.040484
398	-0.040693	-0.040621	-0.040681
399	-0.040985	-0.040841	-0.040856
400	-0.041316	-0.041157	-0.041159
401	-0.041682	-0.041565	-0.041583
402	-0.042025	-0.041946	-0.041965
403	-0.042325	-0.042277	-0.04227
404	-0.042613	-0.04258	-0.042552
405	-0.042844	-0.042761	-0.042736
406	-0.043073	-0.042941	-0.042918
407	-0.04319	-0.043084	-0.043058
408	-0.043307	-0.043227	-0.043198
409	-0.043442	-0.043352	-0.04335
410	-0.043581	-0.043474	-0.043505
411	-0.043774	-0.043693	-0.043693
412	-0.04399	-0.043957	-0.043897
413	-0.044137	-0.04412	-0.044055
414	-0.044222	-0.044194	-0.044172
415	-0.044413	-0.044354	-0.044378
416	-0.04479	-0.044668	-0.044739
417	-0.045162	-0.045005	-0.0451
418	-0.045515	-0.045438	-0.045462
419	-0.045859	-0.045859	-0.045814
420	-0.045965	-0.045955	-0.045906
421	-0.046071	-0.046051	-0.045998
422	-0.046229	-0.046189	-0.046185
423	-0.046395	-0.046333	-0.046385
424	-0.04659	-0.046528	-0.046559
425	-0.046797	-0.046743	-0.046724
426	-0.046819	-0.046774	-0.0467
427	-0.046691	-0.046659	-0.046524
428	-0.046492	-0.046455	-0.046313
429	-0.046183	-0.046117	-0.046049
430	-0.045906	-0.045814	-0.045812
431	-0.045737	-0.045629	-0.045661
432	-0.045578	-0.045456	-0.045517
433	-0.045556	-0.045422	-0.045449
434	-0.045535	-0.045387	-0.045381
435	-0.045323	-0.045243	-0.045228
436	-0.045093	-0.045089	-0.045067
437	-0.044923	-0.044918	-0.04489
438	-0.044772	-0.044741	-0.044708
439	-0.044612	-0.044579	-0.044535
440	-0.044447	-0.044427	-0.04437
441	-0.044228	-0.04421	-0.044178
442	-0.043939	-0.04391	-0.043952
443	-0.043677	-0.043652	-0.043726
444	-0.043483	-0.043499	-0.0435
445	-0.043285	-0.043333	-0.043268
446	-0.043058	-0.043066	-0.042998
447	-0.04283	-0.042799	-0.042728
448	-0.042615	-0.04258	-0.042548
449	-0.042401	-0.042362	-0.042371
450	-0.042149	-0.0421	-0.042112
451	-0.041888	-0.041828	-0.041834
452	-0.04167	-0.041608	-0.041637
453	-0.041475	-0.041415	-0.041482
454	-0.041293	-0.041235	-0.041299
455	-0.041124	-0.041068	-0.041089
456	-0.040912	-0.040865	-0.040857
457	-0.04062	-0.040594	-0.040584
458	-0.040331	-0.040322	-0.04031
459	-0.040057	-0.040043	-0.040029
460	-0.039783	-0.039764	-0.039747
461	-0.039515	-0.039492	-0.039443
462	-0.039247	-0.039221	-0.039138
463	-0.038992	-0.03897	-0.038887
464	-0.038739	-0.038722	-0.038642
465	-0.038397	-0.038398	-0.038319
466	-0.038022	-0.038046	-0.037968
467	-0.037606	-0.037617	-0.037536
468	-0.037158	-0.037132	-0.037045
469	-0.036753	-0.036685	-0.036627
470	-0.036403	-0.036288	-0.036303
471	-0.036056	-0.035913	-0.035968
472	-0.035718	-0.035594	-0.035602
473	-0.035374	-0.035276	-0.035236
474	-0.034998	-0.034955	-0.034863
475	-0.034621	-0.034634	-0.03449
476	-0.034338	-0.034289	-0.034202
477	-0.034056	-0.033944	-0.033916
478	-0.033781	-0.033702	-0.033683
479	-0.033506	-0.03348	-0.033461
480	-0.033278	-0.033254	-0.033219
481	-0.033072	-0.033027	-0.032968
482	-0.03287	-0.032812	-0.032785
483	-0.03267	-0.032609	-0.032659
484	-0.032541	-0.032462	-0.032557
485	-0.032522	-0.032404	-0.032489
486	-0.032412	-0.032278	-0.032347
487	-0.032018	-0.031938	-0.031974
488	-0.031622	-0.03159	-0.031599
489	-0.031209	-0.031159	-0.031218
490	-0.030797	-0.030728	-0.030837
491	-0.030292	-0.030285	-0.030307
492	-0.029782	-0.029842	-0.029768
493	-0.029409	-0.029462	-0.029358
494	-0.029069	-0.029098	-0.028978
495	-0.028725	-0.028682	-0.028571
496	-0.028379	-0.028239	-0.028148
497	-0.028012	-0.027853	-0.027787
498	-0.027626	-0.027521	-0.027483
499	-0.027209	-0.027155	-0.02713
500	-0.02674	-0.026731	-0.026692
501	-0.02631	-0.02633	-0.026281
502	-0.026008	-0.026007	-0.02596
503	-0.025703	-0.025684	-0.025642
504	-0.025374	-0.025369	-0.025354
505	-0.025044	-0.025054	-0.025067
506	-0.024716	-0.024707	-0.0247
507	-0.024389	-0.024358	-0.024328
508	-0.02412	-0.024072	-0.024043
509	-0.023865	-0.023802	-0.023779
510	-0.023646	-0.023562	-0.02353
511	-0.023446	-0.023339	-0.023289
512	-0.023203	-0.023127	-0.023069
513	-0.022923	-0.022927	-0.022869
514	-0.022686	-0.022722	-0.022673
515	-0.022518	-0.022509	-0.022485
516	-0.02232	-0.022284	-0.022278
517	-0.022029	-0.022027	-0.022014
518	-0.021749	-0.021777	-0.021755
519	-0.021563	-0.021584	-0.021537
520	-0.021377	-0.021391	-0.02132
521	-0.02113	-0.021122	-0.021071
522	-0.02088	-0.02085	-0.020822
523	-0.020647	-0.020608	-0.020584
524	-0.020418	-0.020372	-0.020347
525	-0.020174	-0.020155	-0.020095
526	-0.019923	-0.019947	-0.019835
527	-0.019692	-0.019698	-0.019613
528	-0.019476	-0.019417	-0.019419
529	-0.019261	-0.019163	-0.019204
530	-0.01905	-0.018945	-0.018959
531	-0.018828	-0.018733	-0.018721
532	-0.018583	-0.018534	-0.018501
533	-0.018328	-0.018312	-0.018258
534	-0.018022	-0.017968	-0.017896
535	-0.017716	-0.017624	-0.017538
536	-0.017395	-0.017317	-0.017306
537	-0.017074	-0.017009	-0.017074
538	-0.016812	-0.016749	-0.016817
539	-0.016556	-0.016493	-0.016557
540	-0.01629	-0.016223	-0.016254
541	-0.01602	-0.015948	-0.015937
542	-0.015763	-0.015688	-0.015701
543	-0.015513	-0.015436	-0.015512
544	-0.015306	-0.01524	-0.015301
545	-0.015143	-0.015099	-0.015068
546	-0.014957	-0.014906	-0.014833
547	-0.014735	-0.014625	-0.014596
548	-0.014498	-0.014362	-0.014364
549	-0.014215	-0.014155	-0.014152
550	-0.013942	-0.013947	-0.013942
551	-0.013744	-0.013724	-0.013744
552	-0.013545	-0.013501	-0.013545
553	-0.0133	-0.013271	-0.013295
554	-0.013055	-0.013041	-0.013044
555	-0.012835	-0.012803	-0.012833
556	-0.012619	-0.012563	-0.012628
557	-0.01248	-0.012431	-0.012479
558	-0.012369	-0.012339	-0.01235
559	-0.012214	-0.012186	-0.012162
560	-0.012031	-0.011994	-0.011936
561	-0.011829	-0.011774	-0.011733
562	-0.011609	-0.011525	-0.011553
563	-0.011443	-0.011352	-0.011413
564	-0.011375	-0.011318	-0.011342
565	-0.011289	-0.011261	-0.01125
566	-0.011145	-0.011131	-0.011089
567	-0.010999	-0.011001	-0.010929
568	-0.010848	-0.010863	-0.010774
569	-0.010697	-0.010725	-0.01062
570	-0.010589	-0.010632	-0.010579
571	-0.010481	-0.01054	-0.010539
572	-0.010367	-0.010382	-0.010388
573	-0.010252	-0.010216	-0.010221
574	-0.010086	-0.010051	-0.010041
575	-0.009902	-0.009887	-0.009856
576	-0.009731	-0.009726	-0.00968
577	-0.009566	-0.009566	-0.009509
578	-0.009385	-0.009387	-0.009328
579	-0.00919	-0.00919	-0.009137
580	-0.008996	-0.008997	-0.00894
581	-0.008804	-0.00881	-0.008733
582	-0.008597	-0.008609	-0.008524
583	-0.008348	-0.008371	-0.008311
584	-0.008093	-0.008123	-0.008083
585	-0.007799	-0.007823	-0.007774
586	-0.007508	-0.007525	-0.007468
587	-0.007278	-0.007276	-0.007223
588	-0.007048	-0.007027	-0.006978
589	-0.006796	-0.006768	-0.006726
590	-0.006543	-0.006508	-0.006473
591	-0.006341	-0.006311	-0.006278
592	-0.00615	-0.006129	-0.006097
593	-0.00593	-0.005913	-0.005875
594	-0.005698	-0.005684	-0.005635
595	-0.005488	-0.005466	-0.005432
596	-0.005293	-0.005255	-0.005252
597	-0.005109	-0.005072	-0.005072
598	-0.004938	-0.004919	-0.004889
599	-0.004792	-0.00479	-0.004736
600	-0.004689	-0.004701	-0.004633
601	-0.004571	-0.004578	-0.00451
602	-0.004407	-0.004356	-0.004332
603	-0.004249	-0.004151	-0.004164
604	-0.004123	-0.004048	-0.004057
605	-0.003992	-0.003939	-0.003944
606	-0.003734	-0.003684	-0.003681
607	-0.003475	-0.003429	-0.003418
608	-0.003314	-0.003287	-0.00327
609	-0.003161	-0.003155	-0.003132
610	-0.003035	-0.003046	-0.003003
611	-0.002915	-0.002944	-0.002877
612	-0.002764	-0.0028	-0.002723
613	-0.002601	-0.002641	-0.002557
614	-0.002443	-0.002449	-0.002381
615	-0.00229	-0.002237	-0.002196
616	-0.002131	-0.002058	-0.002035
617	-0.001966	-0.001911	-0.001896
618	-0.001792	-0.001768	-0.001749
619	-0.001605	-0.00163	-0.001589
620	-0.001418	-0.001471	-0.001418
621	-0.001234	-0.001259	-0.00122
622	-0.001047	-0.001059	-0.00103
623	-0.000853	-0.000906	-0.000876
624	-0.000662	-0.000746	-0.000712
625	-0.000499	-0.000524	-0.000449
626	-0.000336	-0.000302	-0.000186
627	-0.000161	-0.000078	-0.000045
628	0.000013	0.000146	0.000096
629	0.000195	0.000264	0.000245
630	0.000377	0.000369	0.000396
631	0.000538	0.000507	0.000577
632	0.000694	0.000655	0.000767
633	0.000827	0.000836	0.000891
634	0.00095	0.001032	0.000987
635	0.00108	0.001156	0.001094
636	0.001213	0.001233	0.00121
637	0.001393	0.001376	0.001389
638	0.001617	0.001586	0.001632
639	0.001794	0.001764	0.001828
640	0.001901	0.001897	0.001956
641	0.00203	0.002037	0.002075
642	0.002205	0.00219	0.002175
643	0.002369	0.00235	0.0023
644	0.002498	0.002539	0.002508
645	0.002627	0.002723	0.002711
646	0.002756	0.002882	0.00288
647	0.002884	0.003035	0.003046
648	0.002977	0.003056	0.003095
649	0.003069	0.003078	0.003144
650	0.003025	0.003008	0.00306
651	0.002973	0.002932	0.002967
652	0.0029	0.002892	0.002916
653	0.002822	0.002857	0.002873
654	0.002751	0.002766	0.002789
655	0.002681	0.002657	0.002693
656	0.002717	0.002695	0.002722
657	0.002804	0.002804	0.002812
658	0.0029	0.002922	0.002917
659	0.003002	0.003045	0.003031
660	0.003213	0.003266	0.003252
661	0.003531	0.003585	0.003577
662	0.003834	0.003878	0.003866
663	0.004114	0.004135	0.004105
664	0.004339	0.00436	0.004327
665	0.004448	0.00452	0.004514
666	0.004566	0.004658	0.004675
667	0.004711	0.004727	0.004752
668	0.004851	0.004809	0.004841
669	0.004969	0.004949	0.004992
670	0.005088	0.005087	0.005138
671	0.005217	0.005192	0.005237
672	0.005346	0.005298	0.005335
673	0.005424	0.00545	0.005423
674	0.005502	0.005601	0.005511
675	0.005567	0.005659	0.005601
676	0.005631	0.005708	0.005691
677	0.005682	0.005744	0.00569
678	0.005731	0.005778	0.005672
679	0.005861	0.005898	0.0058
680	0.006017	0.006046	0.005973
681	0.006132	0.006195	0.006143
682	0.006229	0.006344	0.00631
683	0.00633	0.006422	0.006432
684	0.006433	0.006455	0.006524
685	0.006565	0.006565	0.006638
686	0.006723	0.006744	0.00677
687	0.006874	0.006899	0.006887
688	0.007019	0.007025	0.006986
689	0.007138	0.007139	0.00708
690	0.007216	0.007236	0.007166
691	0.007298	0.007322	0.007259
692	0.00739	0.007384	0.007367
693	0.007495	0.007474	0.007488
694	0.007642	0.00765	0.007654
695	0.007783	0.007812	0.007814
696	0.007901	0.007899	0.007947
697	0.008014	0.00799	0.008072
698	0.008095	0.008102	0.00812
699	0.008175	0.008216	0.008169
700	0.008272	0.008342	0.00825
701	0.008369	0.008469	0.00833
702	0.00847	0.0085	0.008446
703	0.00857	0.008527	0.008563
704	0.008662	0.008663	0.008647
705	0.008753	0.008811	0.008727
706	0.008846	0.008932	0.008824
707	0.008939	0.009047	0.008925
708	0.008995	0.009083	0.008992
709	0.00904	0.009095	0.009048
710	0.009168	0.009186	0.009173
711	0.009331	0.00931	0.009328
712	0.009395	0.00941	0.009426
713	0.009403	0.009497	0.009494
714	0.009441	0.009531	0.009528
715	0.009499	0.009528	0.009539
716	0.00959	0.009611	0.009634
717	0.009714	0.009774	0.009809
718	0.00984	0.009884	0.009924
719	0.00997	0.009931	0.009968
720	0.01007	0.009986	0.010015
[LOG]
CHECKSUM™ý