[HEADER]
Format	J&M ASCII Table
Comment	
Date	02/04/2026 13:55:29
Order	Y (evenX)
TechType	UV
NumPoints	411
FirstX	310
LastX	720
XType	nm
YType	Absorbance
ZType	s
NumSubFile	3
Matrix	Z vs X
[LOGIN]
Name=pcbob
[INSTRUMENT]
Name=TIDAS E Base UV/VI
Detector=MMS - ASPEN 97,5 kHz
Diodearray=256 Pixel
Serial#=36584
Calibrated=2011-07-01
Range=183.81-729.88 [nm] (F0)

SWVersion=v3.18.2 (build 0)[LOGIN]
Name=pcbob
[CONFIG]
ChannelName=Channel 1
ChannelType=Normalized
[PARAMETER]
It=400,00
Aver=5
Norm=3
Range=310,0-720,0 nm
Scan=Time
ScanTime=5,00 s
[TRIGGER]
Sweep=0
Scan=0
[DIO]
DigOut=0x0000
DigIn=0x0000
[DATA]
	00:00:00,000	00:00:02,000	00:00:04,000
310	0.001915	0.001964	0.001905
311	0.001662	0.001709	0.001639
312	0.001449	0.001474	0.001431
313	0.001206	0.001226	0.001195
314	0.000922	0.00096	0.00092
315	0.000649	0.000706	0.000653
316	0.00041	0.000489	0.000414
317	0.000176	0.000272	0.000178
318	0.000016	0.000055	-0.000011
319	-0.000143	-0.000162	-0.0002
320	-0.000336	-0.000341	-0.000357
321	-0.000533	-0.000514	-0.000511
322	-0.000732	-0.000723	-0.000729
323	-0.00093	-0.000946	-0.000974
324	-0.001155	-0.001144	-0.00118
325	-0.001402	-0.001319	-0.001351
326	-0.001624	-0.001509	-0.001535
327	-0.001803	-0.001725	-0.001743
328	-0.002008	-0.001961	-0.001974
329	-0.002336	-0.002291	-0.002312
330	-0.002665	-0.00262	-0.00265
331	-0.002908	-0.002862	-0.002858
332	-0.00315	-0.003103	-0.003067
333	-0.003404	-0.003354	-0.003338
334	-0.003659	-0.003608	-0.003621
335	-0.003938	-0.003886	-0.003918
336	-0.004229	-0.004177	-0.004222
337	-0.004588	-0.00454	-0.004587
338	-0.005023	-0.004983	-0.005018
339	-0.005448	-0.005414	-0.005438
340	-0.005847	-0.00582	-0.005829
341	-0.00626	-0.006233	-0.006229
342	-0.006774	-0.006701	-0.006699
343	-0.007289	-0.007169	-0.007169
344	-0.007743	-0.007692	-0.007668
345	-0.008193	-0.008217	-0.008169
346	-0.008737	-0.008768	-0.008733
347	-0.009308	-0.009327	-0.009317
348	-0.009957	-0.009956	-0.009948
349	-0.01066	-0.010632	-0.010611
350	-0.011312	-0.011259	-0.011248
351	-0.011896	-0.011818	-0.01185
352	-0.012513	-0.012424	-0.012465
353	-0.013227	-0.013166	-0.013123
354	-0.013939	-0.013901	-0.013783
355	-0.014644	-0.014547	-0.014472
356	-0.015348	-0.015194	-0.015161
357	-0.016114	-0.016033	-0.015998
358	-0.016887	-0.016892	-0.016851
359	-0.01764	-0.017648	-0.017628
360	-0.018387	-0.018367	-0.018377
361	-0.019154	-0.019148	-0.019122
362	-0.019937	-0.01998	-0.019865
363	-0.020688	-0.020736	-0.020592
364	-0.021388	-0.021372	-0.021294
365	-0.022104	-0.022049	-0.022014
366	-0.022877	-0.022874	-0.0228
367	-0.023649	-0.023695	-0.023586
368	-0.024427	-0.024433	-0.024379
369	-0.025205	-0.025172	-0.025173
370	-0.025987	-0.025942	-0.025967
371	-0.026771	-0.026716	-0.026759
372	-0.02756	-0.027514	-0.027543
373	-0.028352	-0.028324	-0.028322
374	-0.029078	-0.029045	-0.029052
375	-0.029745	-0.029688	-0.02974
376	-0.030433	-0.030356	-0.030427
377	-0.031161	-0.031071	-0.031116
378	-0.031895	-0.031794	-0.031816
379	-0.032662	-0.032555	-0.032566
380	-0.033424	-0.033313	-0.033312
381	-0.033997	-0.033985	-0.033931
382	-0.03457	-0.034658	-0.03455
383	-0.035155	-0.035201	-0.035141
384	-0.035744	-0.035723	-0.035727
385	-0.036281	-0.036249	-0.036287
386	-0.036795	-0.036779	-0.036835
387	-0.037238	-0.037248	-0.03729
388	-0.037614	-0.037662	-0.037659
389	-0.038015	-0.038063	-0.038038
390	-0.038462	-0.038442	-0.038436
391	-0.038891	-0.038813	-0.038826
392	-0.039242	-0.03915	-0.039182
393	-0.039594	-0.03949	-0.039539
394	-0.040024	-0.039944	-0.039927
395	-0.040454	-0.040399	-0.040316
396	-0.040712	-0.040648	-0.040641
397	-0.040939	-0.04086	-0.040954
398	-0.041149	-0.0411	-0.041189
399	-0.041351	-0.041353	-0.041386
400	-0.041653	-0.041664	-0.041684
401	-0.042049	-0.04203	-0.042078
402	-0.042421	-0.042391	-0.042435
403	-0.042747	-0.042743	-0.042722
404	-0.043043	-0.043058	-0.042993
405	-0.043202	-0.043207	-0.043192
406	-0.043362	-0.043356	-0.04339
407	-0.043544	-0.043488	-0.043521
408	-0.043726	-0.043621	-0.043651
409	-0.043819	-0.043728	-0.043785
410	-0.043896	-0.04383	-0.04392
411	-0.044099	-0.044091	-0.044131
412	-0.044358	-0.044424	-0.044377
413	-0.044557	-0.044644	-0.04457
414	-0.044701	-0.044763	-0.044717
415	-0.04491	-0.044958	-0.044914
416	-0.045232	-0.045285	-0.045198
417	-0.045574	-0.045618	-0.045512
418	-0.045999	-0.045974	-0.045945
419	-0.04641	-0.046322	-0.046366
420	-0.04651	-0.046458	-0.046492
421	-0.04661	-0.046595	-0.046617
422	-0.046778	-0.046753	-0.046755
423	-0.046956	-0.046914	-0.046895
424	-0.047136	-0.047096	-0.04708
425	-0.047316	-0.047286	-0.047284
426	-0.047302	-0.047289	-0.047286
427	-0.047131	-0.047142	-0.047125
428	-0.046902	-0.046922	-0.0469
429	-0.046581	-0.04659	-0.046575
430	-0.046304	-0.046298	-0.046302
431	-0.046169	-0.046136	-0.046201
432	-0.046042	-0.045981	-0.0461
433	-0.046004	-0.045906	-0.045993
434	-0.045966	-0.045831	-0.045886
435	-0.045779	-0.045693	-0.045709
436	-0.045577	-0.045549	-0.045526
437	-0.045445	-0.045385	-0.045399
438	-0.045335	-0.045215	-0.04529
439	-0.045206	-0.045075	-0.045159
440	-0.045064	-0.044954	-0.045014
441	-0.044876	-0.044782	-0.04482
442	-0.044631	-0.044546	-0.044562
443	-0.044402	-0.044335	-0.04433
444	-0.044216	-0.044186	-0.044163
445	-0.044021	-0.044018	-0.043987
446	-0.04377	-0.043714	-0.043755
447	-0.043519	-0.04341	-0.043523
448	-0.043261	-0.043194	-0.043276
449	-0.043002	-0.042982	-0.043028
450	-0.04277	-0.042728	-0.042768
451	-0.042543	-0.042465	-0.042504
452	-0.04235	-0.042273	-0.042321
453	-0.042175	-0.042117	-0.042178
454	-0.041992	-0.041937	-0.041999
455	-0.041801	-0.041733	-0.041785
456	-0.041572	-0.041495	-0.041554
457	-0.041269	-0.041195	-0.041289
458	-0.040973	-0.040904	-0.041025
459	-0.040701	-0.040654	-0.040766
460	-0.040431	-0.040402	-0.040505
461	-0.040185	-0.040124	-0.040187
462	-0.039939	-0.039845	-0.039869
463	-0.039723	-0.039619	-0.03964
464	-0.03951	-0.039398	-0.039422
465	-0.039197	-0.039104	-0.039123
466	-0.038847	-0.038782	-0.038797
467	-0.038425	-0.038365	-0.038371
468	-0.037953	-0.037879	-0.037876
469	-0.037506	-0.037446	-0.037438
470	-0.03709	-0.037084	-0.037075
471	-0.0367	-0.036732	-0.036728
472	-0.036373	-0.036407	-0.03642
473	-0.036046	-0.036078	-0.036109
474	-0.035721	-0.035714	-0.035769
475	-0.035396	-0.03535	-0.035429
476	-0.035086	-0.035016	-0.035091
477	-0.034777	-0.034682	-0.034753
478	-0.034539	-0.034438	-0.034533
479	-0.034315	-0.034212	-0.034335
480	-0.03407	-0.033999	-0.034092
481	-0.033814	-0.033791	-0.033827
482	-0.033622	-0.033597	-0.033616
483	-0.033487	-0.033414	-0.03345
484	-0.033369	-0.033295	-0.033339
485	-0.03328	-0.033278	-0.033313
486	-0.033121	-0.033162	-0.033201
487	-0.032742	-0.032735	-0.032818
488	-0.032364	-0.032309	-0.032431
489	-0.031989	-0.031889	-0.032005
490	-0.031614	-0.031468	-0.03158
491	-0.03112	-0.030997	-0.031095
492	-0.030619	-0.030522	-0.030607
493	-0.03021	-0.030149	-0.030191
494	-0.029824	-0.029801	-0.029793
495	-0.029416	-0.029412	-0.029428
496	-0.028998	-0.029004	-0.02908
497	-0.028658	-0.028642	-0.028734
498	-0.02839	-0.028326	-0.028389
499	-0.02807	-0.027977	-0.028025
500	-0.027661	-0.027572	-0.02763
501	-0.027274	-0.027192	-0.027261
502	-0.026963	-0.026895	-0.026977
503	-0.026649	-0.026596	-0.02669
504	-0.026309	-0.02629	-0.026367
505	-0.02597	-0.025983	-0.026044
506	-0.025625	-0.025637	-0.025713
507	-0.025279	-0.025289	-0.02538
508	-0.02502	-0.02501	-0.025095
509	-0.024783	-0.024747	-0.02482
510	-0.024558	-0.024514	-0.024589
511	-0.024339	-0.024295	-0.024379
512	-0.024114	-0.024047	-0.024164
513	-0.023883	-0.02377	-0.023944
514	-0.023656	-0.023536	-0.023712
515	-0.023434	-0.023369	-0.023461
516	-0.023205	-0.023166	-0.023208
517	-0.022954	-0.022854	-0.022951
518	-0.022705	-0.022553	-0.022698
519	-0.022465	-0.022335	-0.022483
520	-0.022225	-0.022118	-0.022268
521	-0.021984	-0.021888	-0.022009
522	-0.021742	-0.021658	-0.02175
523	-0.021518	-0.021428	-0.02149
524	-0.021296	-0.021198	-0.021231
525	-0.021058	-0.020999	-0.021017
526	-0.020812	-0.020814	-0.020823
527	-0.020595	-0.020581	-0.020633
528	-0.020401	-0.020311	-0.020448
529	-0.020188	-0.020064	-0.020243
530	-0.01995	-0.019849	-0.020009
531	-0.019709	-0.019625	-0.019771
532	-0.019458	-0.019379	-0.019522
533	-0.019191	-0.019119	-0.019258
534	-0.018845	-0.018786	-0.01892
535	-0.018499	-0.018453	-0.018582
536	-0.018205	-0.018155	-0.018268
537	-0.017911	-0.017857	-0.017954
538	-0.017665	-0.017634	-0.01773
539	-0.017426	-0.01742	-0.017517
540	-0.017203	-0.017158	-0.017271
541	-0.016986	-0.016881	-0.017014
542	-0.016746	-0.01664	-0.016755
543	-0.016492	-0.01642	-0.016495
544	-0.016299	-0.016228	-0.0163
545	-0.016166	-0.016066	-0.016169
546	-0.015986	-0.015889	-0.015985
547	-0.015726	-0.015687	-0.015709
548	-0.015476	-0.01547	-0.015463
549	-0.015254	-0.015205	-0.015309
550	-0.015033	-0.014948	-0.015141
551	-0.014824	-0.01475	-0.014873
552	-0.014616	-0.014551	-0.014605
553	-0.014361	-0.014275	-0.014334
554	-0.014105	-0.013997	-0.014064
555	-0.013891	-0.013799	-0.013868
556	-0.013683	-0.013614	-0.013684
557	-0.013516	-0.013476	-0.013531
558	-0.013365	-0.013354	-0.013389
559	-0.013193	-0.013192	-0.013201
560	-0.013008	-0.013005	-0.012983
561	-0.012805	-0.012796	-0.01276
562	-0.012584	-0.012565	-0.01253
563	-0.012426	-0.012384	-0.012372
564	-0.012381	-0.012295	-0.012342
565	-0.012309	-0.012196	-0.012284
566	-0.012148	-0.012063	-0.012135
567	-0.011992	-0.011929	-0.011987
568	-0.011872	-0.011786	-0.011856
569	-0.011752	-0.011643	-0.011724
570	-0.011673	-0.011573	-0.011624
571	-0.011595	-0.011504	-0.011525
572	-0.011474	-0.011397	-0.011403
573	-0.011346	-0.011285	-0.011277
574	-0.01116	-0.011123	-0.011123
575	-0.010955	-0.010945	-0.01096
576	-0.010793	-0.010782	-0.010808
577	-0.010656	-0.010629	-0.010663
578	-0.010505	-0.010465	-0.010512
579	-0.010341	-0.010291	-0.010357
580	-0.010163	-0.010108	-0.01018
581	-0.009962	-0.009913	-0.009969
582	-0.009762	-0.009706	-0.009751
583	-0.009565	-0.009469	-0.009517
584	-0.009348	-0.009227	-0.009279
585	-0.009031	-0.008962	-0.009024
586	-0.008718	-0.008698	-0.008769
587	-0.008485	-0.008469	-0.008524
588	-0.008252	-0.008239	-0.008279
589	-0.008014	-0.007989	-0.008048
590	-0.007775	-0.007736	-0.007818
591	-0.007586	-0.007526	-0.007639
592	-0.007409	-0.007327	-0.007472
593	-0.007205	-0.007123	-0.007249
594	-0.00699	-0.006918	-0.007003
595	-0.006775	-0.006708	-0.006789
596	-0.006558	-0.006496	-0.006596
597	-0.006356	-0.006314	-0.006421
598	-0.006169	-0.006167	-0.006265
599	-0.006025	-0.00603	-0.006118
600	-0.005955	-0.005911	-0.005987
601	-0.005857	-0.005776	-0.005849
602	-0.005678	-0.005598	-0.005694
603	-0.005499	-0.005425	-0.005536
604	-0.005318	-0.005282	-0.005368
605	-0.005137	-0.005135	-0.005198
606	-0.004918	-0.004883	-0.004967
607	-0.004699	-0.004632	-0.004737
608	-0.004545	-0.004471	-0.004559
609	-0.004396	-0.004317	-0.004386
610	-0.004249	-0.004191	-0.004249
611	-0.004101	-0.004071	-0.00412
612	-0.003938	-0.00389	-0.003953
613	-0.003768	-0.003685	-0.00377
614	-0.00358	-0.003505	-0.003583
615	-0.00338	-0.003342	-0.003391
616	-0.003213	-0.003177	-0.003226
617	-0.00308	-0.003011	-0.003085
618	-0.002929	-0.002845	-0.002924
619	-0.00275	-0.002676	-0.002731
620	-0.002559	-0.002493	-0.002535
621	-0.002341	-0.002275	-0.002328
622	-0.002136	-0.002068	-0.002134
623	-0.001991	-0.00191	-0.001996
624	-0.001837	-0.001744	-0.001851
625	-0.001592	-0.001501	-0.001635
626	-0.001346	-0.001258	-0.001419
627	-0.001269	-0.001152	-0.001261
628	-0.001193	-0.001047	-0.001104
629	-0.001052	-0.000945	-0.001028
630	-0.000903	-0.000845	-0.000963
631	-0.00072	-0.000691	-0.00077
632	-0.000528	-0.000525	-0.000543
633	-0.000335	-0.000356	-0.000355
634	-0.000141	-0.000187	-0.000183
635	-0.000026	-0.00007	-0.000081
636	0.000038	0.000011	-0.000024
637	0.000159	0.000153	0.000103
638	0.000336	0.000353	0.000299
639	0.000506	0.000545	0.000469
640	0.000664	0.000722	0.000604
641	0.000827	0.000882	0.000749
642	0.001001	0.001002	0.000918
643	0.001162	0.001127	0.001078
644	0.001277	0.001268	0.001206
645	0.001393	0.001407	0.001339
646	0.001521	0.001535	0.001516
647	0.001647	0.00166	0.001688
648	0.001729	0.00171	0.001721
649	0.001811	0.001759	0.001755
650	0.001715	0.001754	0.001673
651	0.001607	0.001746	0.001584
652	0.001549	0.001647	0.001516
653	0.001499	0.001532	0.001451
654	0.001413	0.001449	0.001373
655	0.001315	0.001376	0.001292
656	0.001337	0.001405	0.001322
657	0.001415	0.001484	0.001406
658	0.00154	0.001619	0.001555
659	0.001697	0.001792	0.00175
660	0.001958	0.002055	0.001994
661	0.002321	0.002407	0.002288
662	0.002629	0.002709	0.002557
663	0.002858	0.002943	0.002793
664	0.003073	0.003158	0.003012
665	0.00326	0.003333	0.0032
666	0.003413	0.00349	0.003368
667	0.003462	0.003589	0.003477
668	0.003531	0.003693	0.00359
669	0.003709	0.003825	0.003721
670	0.003881	0.003957	0.003853
671	0.003983	0.004102	0.003998
672	0.004084	0.004246	0.004142
673	0.004229	0.004368	0.004253
674	0.004373	0.004491	0.004365
675	0.004452	0.004526	0.00442
676	0.004525	0.004554	0.004471
677	0.004605	0.00462	0.004497
678	0.004686	0.004693	0.004519
679	0.004791	0.004802	0.004644
680	0.004903	0.004922	0.004802
681	0.005017	0.00503	0.004929
682	0.005133	0.005132	0.005042
683	0.005207	0.00524	0.005143
684	0.005256	0.005351	0.005235
685	0.005368	0.005475	0.005334
686	0.005537	0.005609	0.005437
687	0.005664	0.005723	0.005543
688	0.005742	0.005812	0.005652
689	0.005831	0.005905	0.005751
690	0.005938	0.006003	0.005834
691	0.00603	0.006096	0.005936
692	0.006089	0.006174	0.006083
693	0.006169	0.006262	0.006207
694	0.006313	0.006379	0.006254
695	0.006443	0.006485	0.00631
696	0.006504	0.006539	0.006406
697	0.006565	0.006598	0.006503
698	0.006632	0.006714	0.006613
699	0.0067	0.006828	0.006721
700	0.006795	0.006892	0.006769
701	0.006889	0.006957	0.006818
702	0.006998	0.007039	0.006873
703	0.007108	0.007121	0.006928
704	0.007172	0.007213	0.007087
705	0.007232	0.007305	0.007259
706	0.007332	0.007411	0.007377
707	0.007439	0.007518	0.007484
708	0.007504	0.007578	0.007553
709	0.007555	0.007624	0.00761
710	0.007692	0.007723	0.007704
711	0.007865	0.007844	0.007814
712	0.007953	0.007954	0.007886
713	0.007993	0.008058	0.007937
714	0.008018	0.008105	0.00798
715	0.008033	0.008112	0.008017
716	0.008101	0.008155	0.008103
717	0.008219	0.00823	0.008234
718	0.008354	0.008339	0.008351
719	0.008512	0.008487	0.008451
720	0.008636	0.008592	0.008558
[LOG]
CHECKSUMÄ