[HEADER]
Format	J&M ASCII Table
Comment	
Date	02/04/2026 14:02:56
Order	Y (evenX)
TechType	UV
NumPoints	411
FirstX	310
LastX	720
XType	nm
YType	Absorbance
ZType	s
NumSubFile	3
Matrix	Z vs X
[LOGIN]
Name=pcbob
[INSTRUMENT]
Name=TIDAS E Base UV/VI
Detector=MMS - ASPEN 97,5 kHz
Diodearray=256 Pixel
Serial#=36584
Calibrated=2011-07-01
Range=183.81-729.88 [nm] (F0)

SWVersion=v3.18.2 (build 0)[LOGIN]
Name=pcbob
[CONFIG]
ChannelName=Channel 1
ChannelType=Normalized
[PARAMETER]
It=400,00
Aver=5
Norm=3
Range=310,0-720,0 nm
Scan=Time
ScanTime=5,00 s
[TRIGGER]
Sweep=0
Scan=0
[DIO]
DigOut=0x0000
DigIn=0x0000
[DATA]
	00:00:00,000	00:00:02,000	00:00:04,000
310	0.006001	0.006032	0.005951
311	0.005714	0.005731	0.005673
312	0.005467	0.005456	0.005459
313	0.005185	0.005163	0.00519
314	0.004852	0.004844	0.004845
315	0.004535	0.004533	0.004516
316	0.004263	0.004242	0.004235
317	0.003985	0.00395	0.003952
318	0.003628	0.003634	0.003621
319	0.00327	0.003317	0.003291
320	0.002967	0.002968	0.002947
321	0.00267	0.002616	0.002602
322	0.002362	0.002306	0.002282
323	0.00205	0.002013	0.001974
324	0.001742	0.001723	0.001689
325	0.00144	0.001435	0.001425
326	0.001157	0.001155	0.001159
327	0.000909	0.000889	0.000888
328	0.00064	0.000608	0.000598
329	0.000268	0.000258	0.00022
330	-0.000104	-0.000093	-0.000158
331	-0.00039	-0.000418	-0.000419
332	-0.000676	-0.000743	-0.000681
333	-0.001043	-0.001088	-0.001064
334	-0.001427	-0.001436	-0.001473
335	-0.001818	-0.0018	-0.001843
336	-0.002213	-0.002173	-0.00219
337	-0.00263	-0.002596	-0.00259
338	-0.00307	-0.003075	-0.003049
339	-0.003495	-0.003525	-0.003496
340	-0.003884	-0.003907	-0.003914
341	-0.00429	-0.004305	-0.004349
342	-0.004812	-0.004818	-0.004908
343	-0.005334	-0.00533	-0.005468
344	-0.005782	-0.005762	-0.005904
345	-0.006226	-0.006189	-0.006333
346	-0.006746	-0.006745	-0.006887
347	-0.00729	-0.007339	-0.007477
348	-0.007949	-0.007998	-0.008116
349	-0.008686	-0.008701	-0.00879
350	-0.00939	-0.009385	-0.009458
351	-0.010051	-0.010043	-0.010118
352	-0.01073	-0.010719	-0.010789
353	-0.011466	-0.011448	-0.011489
354	-0.0122	-0.012174	-0.012192
355	-0.012908	-0.012872	-0.012928
356	-0.013617	-0.01357	-0.013663
357	-0.014406	-0.014345	-0.01444
358	-0.015203	-0.015129	-0.015221
359	-0.015939	-0.01592	-0.015957
360	-0.016654	-0.016714	-0.016676
361	-0.017407	-0.017477	-0.017418
362	-0.01819	-0.018216	-0.01818
363	-0.018971	-0.018967	-0.018941
364	-0.019748	-0.019737	-0.019703
365	-0.020545	-0.020525	-0.020497
366	-0.021408	-0.02138	-0.021406
367	-0.022272	-0.022238	-0.022314
368	-0.023161	-0.023137	-0.023185
369	-0.02405	-0.024036	-0.024057
370	-0.024981	-0.024942	-0.024949
371	-0.025919	-0.025849	-0.025844
372	-0.02676	-0.026712	-0.026741
373	-0.027561	-0.027557	-0.027638
374	-0.028369	-0.02835	-0.028448
375	-0.029183	-0.029097	-0.029182
376	-0.02998	-0.02988	-0.029942
377	-0.030746	-0.030725	-0.030746
378	-0.03153	-0.031569	-0.03156
379	-0.032393	-0.032409	-0.03241
380	-0.033254	-0.033246	-0.033259
381	-0.034006	-0.034	-0.034022
382	-0.034757	-0.034753	-0.034784
383	-0.035484	-0.035443	-0.035501
384	-0.036206	-0.036123	-0.03621
385	-0.036907	-0.036835	-0.0369
386	-0.037598	-0.037564	-0.037582
387	-0.038244	-0.038238	-0.038224
388	-0.038846	-0.038863	-0.03883
389	-0.039454	-0.039479	-0.039432
390	-0.040072	-0.040078	-0.040026
391	-0.040683	-0.040674	-0.040624
392	-0.041259	-0.041255	-0.041237
393	-0.041836	-0.041837	-0.041851
394	-0.042445	-0.042497	-0.042462
395	-0.043053	-0.043158	-0.043073
396	-0.043544	-0.043627	-0.043583
397	-0.044013	-0.044061	-0.044074
398	-0.044455	-0.044451	-0.044495
399	-0.044884	-0.044821	-0.044883
400	-0.045416	-0.04533	-0.045384
401	-0.046046	-0.045972	-0.045993
402	-0.046648	-0.046582	-0.0466
403	-0.047197	-0.047134	-0.0472
404	-0.047713	-0.047658	-0.047759
405	-0.048079	-0.048058	-0.048131
406	-0.048447	-0.048458	-0.048504
407	-0.048904	-0.048896	-0.04895
408	-0.04936	-0.049333	-0.049396
409	-0.04982	-0.049801	-0.04986
410	-0.050282	-0.050273	-0.050327
411	-0.050831	-0.050816	-0.050833
412	-0.05142	-0.051391	-0.051358
413	-0.051904	-0.051888	-0.051833
414	-0.052294	-0.052312	-0.052263
415	-0.052784	-0.052822	-0.05278
416	-0.053449	-0.053481	-0.05345
417	-0.054115	-0.054149	-0.054127
418	-0.05479	-0.054855	-0.054833
419	-0.055454	-0.055547	-0.055526
420	-0.055814	-0.055898	-0.055906
421	-0.056174	-0.056249	-0.056287
422	-0.056604	-0.056656	-0.056673
423	-0.057044	-0.057072	-0.05706
424	-0.057432	-0.057421	-0.057432
425	-0.057799	-0.057744	-0.057799
426	-0.057989	-0.057909	-0.057998
427	-0.058036	-0.057948	-0.058061
428	-0.058035	-0.057944	-0.058056
429	-0.057959	-0.057876	-0.057946
430	-0.057909	-0.057844	-0.057871
431	-0.057944	-0.057933	-0.057909
432	-0.057987	-0.058022	-0.057954
433	-0.058137	-0.05813	-0.05809
434	-0.058286	-0.058238	-0.058226
435	-0.058286	-0.058282	-0.058293
436	-0.058272	-0.058319	-0.058354
437	-0.058363	-0.058412	-0.058411
438	-0.058487	-0.058523	-0.058467
439	-0.058584	-0.05859	-0.058535
440	-0.058663	-0.058628	-0.058611
441	-0.058649	-0.058603	-0.058609
442	-0.058518	-0.058498	-0.05851
443	-0.058421	-0.058424	-0.058432
444	-0.058411	-0.058425	-0.058406
445	-0.058384	-0.058404	-0.058363
446	-0.058237	-0.05823	-0.058207
447	-0.058089	-0.058056	-0.058051
448	-0.057935	-0.057898	-0.057903
449	-0.05778	-0.057741	-0.057755
450	-0.057591	-0.057542	-0.057562
451	-0.057394	-0.057333	-0.057358
452	-0.057231	-0.057185	-0.057188
453	-0.057084	-0.057069	-0.057034
454	-0.056907	-0.05691	-0.056883
455	-0.056699	-0.056709	-0.056735
456	-0.056487	-0.056513	-0.056564
457	-0.056267	-0.056324	-0.056349
458	-0.056057	-0.056131	-0.056133
459	-0.055887	-0.055919	-0.055912
460	-0.055717	-0.05571	-0.055695
461	-0.055547	-0.05556	-0.05555
462	-0.055378	-0.05541	-0.055406
463	-0.055232	-0.05528	-0.055274
464	-0.055088	-0.055152	-0.055145
465	-0.054857	-0.054914	-0.054905
466	-0.054595	-0.054637	-0.054626
467	-0.054256	-0.054306	-0.054263
468	-0.05386	-0.053937	-0.053839
469	-0.053468	-0.053553	-0.05346
470	-0.053079	-0.05315	-0.053139
471	-0.0527	-0.052755	-0.052793
472	-0.052345	-0.052378	-0.052381
473	-0.052006	-0.052017	-0.051994
474	-0.05177	-0.05176	-0.051764
475	-0.051535	-0.051504	-0.051535
476	-0.051235	-0.051206	-0.05119
477	-0.050934	-0.050907	-0.050842
478	-0.05063	-0.050629	-0.050588
479	-0.050324	-0.050355	-0.050352
480	-0.050006	-0.050071	-0.050052
481	-0.049683	-0.049782	-0.049722
482	-0.049514	-0.049594	-0.04955
483	-0.049479	-0.049494	-0.049515
484	-0.049433	-0.049419	-0.049468
485	-0.049372	-0.049384	-0.049401
486	-0.049229	-0.049263	-0.049257
487	-0.04883	-0.048874	-0.048875
488	-0.048412	-0.048462	-0.048471
489	-0.047817	-0.047834	-0.04785
490	-0.047223	-0.047207	-0.047229
491	-0.04667	-0.046687	-0.046664
492	-0.046119	-0.046172	-0.046102
493	-0.045633	-0.045698	-0.045634
494	-0.045164	-0.045234	-0.045189
495	-0.044705	-0.044764	-0.044757
496	-0.044252	-0.044291	-0.044331
497	-0.043901	-0.043939	-0.043973
498	-0.043645	-0.043701	-0.043679
499	-0.043329	-0.043405	-0.043355
500	-0.042912	-0.043008	-0.042981
501	-0.042523	-0.042627	-0.04261
502	-0.042224	-0.042296	-0.042251
503	-0.041916	-0.04196	-0.04189
504	-0.041513	-0.041559	-0.041519
505	-0.041111	-0.041159	-0.041147
506	-0.040705	-0.040753	-0.04073
507	-0.040299	-0.040347	-0.040311
508	-0.039922	-0.039979	-0.039922
509	-0.039552	-0.03962	-0.039541
510	-0.039229	-0.03928	-0.039193
511	-0.03893	-0.03895	-0.038861
512	-0.038561	-0.038596	-0.038529
513	-0.038128	-0.038222	-0.038197
514	-0.037707	-0.03783	-0.037831
515	-0.037307	-0.037408	-0.037411
516	-0.036898	-0.036979	-0.036978
517	-0.036463	-0.036533	-0.036508
518	-0.036035	-0.036095	-0.036048
519	-0.035667	-0.035719	-0.035667
520	-0.0353	-0.035342	-0.035286
521	-0.034921	-0.034959	-0.034914
522	-0.034543	-0.034576	-0.034542
523	-0.034154	-0.034216	-0.034174
524	-0.033763	-0.03386	-0.033807
525	-0.033434	-0.033496	-0.033469
526	-0.033133	-0.033129	-0.033144
527	-0.032844	-0.032826	-0.032843
528	-0.032564	-0.032573	-0.032561
529	-0.032295	-0.032314	-0.032284
530	-0.032039	-0.032049	-0.032015
531	-0.031765	-0.031784	-0.031752
532	-0.031451	-0.031516	-0.031501
533	-0.031134	-0.031228	-0.031226
534	-0.030803	-0.030836	-0.030817
535	-0.030473	-0.030446	-0.030411
536	-0.030186	-0.030164	-0.030156
537	-0.029899	-0.029881	-0.0299
538	-0.02964	-0.029624	-0.02964
539	-0.029383	-0.02937	-0.02938
540	-0.029132	-0.029119	-0.029124
541	-0.028882	-0.028869	-0.02887
542	-0.028588	-0.028587	-0.028598
543	-0.02827	-0.028286	-0.028315
544	-0.027977	-0.028005	-0.028025
545	-0.027709	-0.027743	-0.027728
546	-0.027421	-0.027445	-0.027414
547	-0.0271	-0.027087	-0.027071
548	-0.026752	-0.026719	-0.02672
549	-0.026322	-0.026319	-0.026341
550	-0.025902	-0.025929	-0.025968
551	-0.02556	-0.025613	-0.025644
552	-0.025217	-0.025296	-0.02532
553	-0.024962	-0.025006	-0.025046
554	-0.024708	-0.024717	-0.024773
555	-0.024368	-0.024407	-0.024415
556	-0.024013	-0.024094	-0.024044
557	-0.023695	-0.02378	-0.023738
558	-0.023389	-0.023467	-0.023455
559	-0.023083	-0.023133	-0.023127
560	-0.022777	-0.022784	-0.02277
561	-0.022451	-0.022444	-0.022422
562	-0.022104	-0.022112	-0.022081
563	-0.021826	-0.021837	-0.021817
564	-0.021672	-0.021663	-0.021688
565	-0.021526	-0.0215	-0.021556
566	-0.021408	-0.021374	-0.021419
567	-0.021294	-0.021257	-0.021289
568	-0.021211	-0.021216	-0.021214
569	-0.021127	-0.021175	-0.021139
570	-0.021074	-0.021125	-0.021089
571	-0.02102	-0.021074	-0.02104
572	-0.020974	-0.021	-0.020968
573	-0.020929	-0.020923	-0.020893
574	-0.020823	-0.020845	-0.020794
575	-0.020697	-0.020765	-0.020687
576	-0.020592	-0.020659	-0.02058
577	-0.020501	-0.020536	-0.020473
578	-0.020355	-0.020382	-0.020325
579	-0.020157	-0.020197	-0.020138
580	-0.019971	-0.020009	-0.01996
581	-0.019805	-0.019816	-0.019795
582	-0.019594	-0.019589	-0.019592
583	-0.019265	-0.019276	-0.019291
584	-0.018936	-0.018959	-0.018981
585	-0.018609	-0.018615	-0.018628
586	-0.018278	-0.018268	-0.018274
587	-0.017868	-0.017865	-0.017883
588	-0.017459	-0.017461	-0.017493
589	-0.017112	-0.01713	-0.017138
590	-0.01677	-0.016805	-0.016787
591	-0.016493	-0.016519	-0.016498
592	-0.016231	-0.016243	-0.016224
593	-0.015924	-0.015939	-0.015932
594	-0.015599	-0.015623	-0.015632
595	-0.01529	-0.015316	-0.01532
596	-0.014992	-0.015014	-0.014999
597	-0.014667	-0.0147	-0.014667
598	-0.014314	-0.014372	-0.014323
599	-0.013996	-0.014066	-0.014014
600	-0.013739	-0.013798	-0.013762
601	-0.013481	-0.013529	-0.013507
602	-0.013222	-0.013258	-0.013245
603	-0.012962	-0.012989	-0.012984
604	-0.012704	-0.012728	-0.012726
605	-0.012437	-0.01246	-0.012461
606	-0.011957	-0.012006	-0.01202
607	-0.011476	-0.011551	-0.011579
608	-0.011203	-0.011283	-0.011316
609	-0.010945	-0.011029	-0.011067
610	-0.010685	-0.010772	-0.01078
611	-0.010425	-0.010515	-0.010486
612	-0.010132	-0.010189	-0.01015
613	-0.009826	-0.009837	-0.009797
614	-0.009551	-0.009546	-0.009512
615	-0.009296	-0.009294	-0.00927
616	-0.009007	-0.009017	-0.008999
617	-0.008686	-0.008715	-0.0087
618	-0.008383	-0.008427	-0.008409
619	-0.008107	-0.00816	-0.008132
620	-0.007835	-0.007895	-0.007863
621	-0.007571	-0.007636	-0.007609
622	-0.007301	-0.007368	-0.00734
623	-0.007008	-0.007071	-0.007009
624	-0.00672	-0.006777	-0.006688
625	-0.006489	-0.006527	-0.006469
626	-0.006258	-0.006277	-0.00625
627	-0.006047	-0.006057	-0.006006
628	-0.005836	-0.005837	-0.005761
629	-0.005633	-0.005599	-0.005566
630	-0.005432	-0.005359	-0.005377
631	-0.005202	-0.005138	-0.005184
632	-0.004965	-0.004922	-0.00499
633	-0.004753	-0.004722	-0.004796
634	-0.00455	-0.00453	-0.004602
635	-0.004424	-0.004411	-0.004475
636	-0.004348	-0.004341	-0.004394
637	-0.004151	-0.00416	-0.004207
638	-0.003833	-0.00387	-0.003914
639	-0.003562	-0.003613	-0.003638
640	-0.00336	-0.003404	-0.003385
641	-0.003156	-0.003203	-0.003152
642	-0.002949	-0.00302	-0.00296
643	-0.00274	-0.002824	-0.002762
644	-0.002526	-0.002582	-0.002546
645	-0.002321	-0.002347	-0.002337
646	-0.002185	-0.002157	-0.002181
647	-0.002049	-0.001971	-0.002026
648	-0.001943	-0.001864	-0.001909
649	-0.001837	-0.001756	-0.001793
650	-0.002036	-0.001972	-0.002008
651	-0.002254	-0.002207	-0.002243
652	-0.002544	-0.002523	-0.002563
653	-0.002847	-0.002854	-0.002897
654	-0.00308	-0.003061	-0.003117
655	-0.003293	-0.00323	-0.003302
656	-0.003259	-0.003212	-0.003278
657	-0.003107	-0.003104	-0.003154
658	-0.002805	-0.002843	-0.002873
659	-0.002398	-0.002474	-0.002482
660	-0.001813	-0.001892	-0.001895
661	-0.00105	-0.001098	-0.001111
662	-0.000331	-0.000375	-0.000385
663	0.000326	0.000244	0.000259
664	0.000906	0.000814	0.000829
665	0.001332	0.001283	0.001248
666	0.001715	0.001699	0.001625
667	0.001972	0.001948	0.001878
668	0.002219	0.002193	0.002128
669	0.002414	0.002421	0.00236
670	0.002609	0.002646	0.002592
671	0.002793	0.002851	0.002826
672	0.002977	0.003055	0.003061
673	0.003196	0.003229	0.003197
674	0.003415	0.003403	0.003333
675	0.003485	0.00347	0.003433
676	0.003542	0.003527	0.003531
677	0.003677	0.003636	0.003638
678	0.003827	0.003754	0.003746
679	0.003968	0.003935	0.003905
680	0.004107	0.004135	0.004079
681	0.00426	0.004317	0.004265
682	0.004421	0.004491	0.004457
683	0.004607	0.004651	0.004634
684	0.004811	0.004802	0.004801
685	0.005006	0.004967	0.004971
686	0.005195	0.005142	0.005144
687	0.005361	0.005302	0.005316
688	0.005502	0.005442	0.005488
689	0.005627	0.00558	0.005613
690	0.005728	0.005715	0.005664
691	0.00583	0.00585	0.005742
692	0.005938	0.005983	0.005884
693	0.006063	0.006109	0.006031
694	0.006247	0.006207	0.006196
695	0.006426	0.006319	0.006358
696	0.006587	0.006501	0.006508
697	0.006745	0.006679	0.006653
698	0.006882	0.006824	0.006763
699	0.007018	0.006968	0.006874
700	0.007091	0.007046	0.006982
701	0.007164	0.007125	0.00709
702	0.00733	0.007296	0.007263
703	0.0075	0.007471	0.007438
704	0.007647	0.007639	0.007627
705	0.007792	0.007805	0.007818
706	0.007958	0.007918	0.007951
707	0.008129	0.008021	0.008073
708	0.008249	0.00815	0.008188
709	0.008354	0.008287	0.0083
710	0.008518	0.008461	0.008503
711	0.008706	0.00865	0.008745
712	0.008878	0.008816	0.008889
713	0.009041	0.00897	0.008979
714	0.009174	0.009109	0.009105
715	0.009287	0.009239	0.009257
716	0.00947	0.009426	0.009427
717	0.009717	0.009667	0.009614
718	0.00992	0.009847	0.009823
719	0.010071	0.009954	0.010057
720	0.010206	0.010115	0.010248
[LOG]
CHECKSUMƒq