[HEADER]
Format	J&M ASCII Table
Comment	
Date	26/03/2026 11:59:37
Order	Y (evenX)
TechType	UV
NumPoints	411
FirstX	310
LastX	720
XType	nm
YType	Absorbance
ZType	s
NumSubFile	3
Matrix	Z vs X
[LOGIN]
Name=pcbob
[INSTRUMENT]
Name=TIDAS E Base UV/VI
Detector=MMS - ASPEN 97,5 kHz
Diodearray=256 Pixel
Serial#=36584
Calibrated=2011-07-01
Range=183.81-729.88 [nm] (F0)

SWVersion=v3.18.2 (build 0)[LOGIN]
Name=pcbob
[CONFIG]
ChannelName=Channel 1
ChannelType=Normalized
[PARAMETER]
It=400,00
Aver=5
Norm=3
Range=310,0-720,0 nm
Scan=Time
ScanTime=5,00 s
[TRIGGER]
Sweep=0
Scan=0
[DIO]
DigOut=0x0000
DigIn=0x0000
[DATA]
	00:00:00,000	00:00:02,000	00:00:04,000
310	0.023695	0.023737	0.023735
311	0.022784	0.022848	0.022811
312	0.021892	0.021968	0.021887
313	0.021031	0.021094	0.021006
314	0.020212	0.020228	0.020186
315	0.01937	0.01935	0.019344
316	0.018456	0.018438	0.018436
317	0.017533	0.017518	0.017519
318	0.016456	0.01648	0.016465
319	0.015379	0.015442	0.01541
320	0.014238	0.014239	0.014236
321	0.013088	0.013015	0.013046
322	0.011952	0.011891	0.011912
323	0.010821	0.010808	0.010799
324	0.009778	0.009805	0.009792
325	0.008814	0.008872	0.008879
326	0.007926	0.008	0.008016
327	0.007179	0.007236	0.007247
328	0.006449	0.006489	0.006492
329	0.005802	0.005815	0.005803
330	0.005156	0.005141	0.005114
331	0.00461	0.004626	0.004636
332	0.004064	0.004111	0.004159
333	0.003514	0.00359	0.003618
334	0.002963	0.003069	0.003063
335	0.002457	0.002541	0.002513
336	0.001974	0.002011	0.001967
337	0.001439	0.001469	0.001433
338	0.000845	0.000914	0.000913
339	0.000258	0.000355	0.000378
340	-0.000311	-0.000215	-0.000192
341	-0.000884	-0.000786	-0.000771
342	-0.00148	-0.001376	-0.001404
343	-0.002075	-0.001965	-0.002038
344	-0.002779	-0.002675	-0.002693
345	-0.003488	-0.003391	-0.003349
346	-0.004143	-0.004065	-0.004049
347	-0.004783	-0.004726	-0.004762
348	-0.005516	-0.005444	-0.005495
349	-0.006313	-0.006198	-0.006242
350	-0.007075	-0.006943	-0.00697
351	-0.007789	-0.007674	-0.007674
352	-0.008526	-0.008428	-0.008418
353	-0.009332	-0.009249	-0.009281
354	-0.010137	-0.010067	-0.010132
355	-0.01092	-0.010827	-0.010847
356	-0.011703	-0.011588	-0.011563
357	-0.012628	-0.012485	-0.012468
358	-0.013567	-0.013396	-0.013392
359	-0.014397	-0.014277	-0.014255
360	-0.015188	-0.015148	-0.015095
361	-0.016022	-0.01599	-0.015973
362	-0.01689	-0.01681	-0.01688
363	-0.017757	-0.017641	-0.017758
364	-0.018621	-0.01849	-0.018589
365	-0.019508	-0.019369	-0.019452
366	-0.020481	-0.020355	-0.020431
367	-0.02145	-0.021339	-0.021408
368	-0.02235	-0.022245	-0.022323
369	-0.023249	-0.023151	-0.023238
370	-0.024208	-0.024115	-0.024208
371	-0.025176	-0.025087	-0.025185
372	-0.02607	-0.025998	-0.026063
373	-0.026933	-0.026882	-0.026897
374	-0.027829	-0.027777	-0.027783
375	-0.028755	-0.028681	-0.028715
376	-0.02967	-0.029581	-0.029628
377	-0.030565	-0.030474	-0.030509
378	-0.031451	-0.03136	-0.03139
379	-0.032299	-0.032209	-0.032271
380	-0.033149	-0.033061	-0.033153
381	-0.034064	-0.034006	-0.034095
382	-0.03498	-0.034951	-0.035037
383	-0.035804	-0.035763	-0.035875
384	-0.036613	-0.036552	-0.036694
385	-0.037392	-0.037313	-0.037441
386	-0.038156	-0.038061	-0.038155
387	-0.038828	-0.038737	-0.038832
388	-0.039412	-0.039347	-0.039476
389	-0.039984	-0.039926	-0.040074
390	-0.040533	-0.04045	-0.040583
391	-0.041092	-0.040987	-0.041116
392	-0.041704	-0.04159	-0.041756
393	-0.042318	-0.042194	-0.042397
394	-0.043083	-0.04297	-0.043161
395	-0.043849	-0.043745	-0.043925
396	-0.044375	-0.044282	-0.044423
397	-0.044858	-0.044776	-0.044874
398	-0.04531	-0.045238	-0.045332
399	-0.045748	-0.045684	-0.045795
400	-0.046293	-0.046253	-0.046385
401	-0.046939	-0.046937	-0.047096
402	-0.047614	-0.047613	-0.047794
403	-0.048342	-0.048277	-0.048469
404	-0.049018	-0.048904	-0.049098
405	-0.049459	-0.049362	-0.049521
406	-0.049901	-0.049822	-0.049947
407	-0.050393	-0.050322	-0.050496
408	-0.050886	-0.050822	-0.051044
409	-0.05156	-0.051469	-0.051691
410	-0.052265	-0.052142	-0.052354
411	-0.052795	-0.052675	-0.052853
412	-0.053245	-0.053144	-0.05328
413	-0.053713	-0.053644	-0.053808
414	-0.054196	-0.054169	-0.054427
415	-0.054785	-0.054776	-0.055088
416	-0.055559	-0.055527	-0.055822
417	-0.056319	-0.056257	-0.056543
418	-0.05702	-0.056901	-0.057214
419	-0.057716	-0.05754	-0.057879
420	-0.058271	-0.058067	-0.058386
421	-0.058826	-0.058594	-0.058894
422	-0.059308	-0.059115	-0.059402
423	-0.059779	-0.059635	-0.05991
424	-0.060261	-0.060099	-0.060372
425	-0.060747	-0.06054	-0.060815
426	-0.061099	-0.060924	-0.061202
427	-0.061344	-0.061263	-0.061543
428	-0.061525	-0.061485	-0.061772
429	-0.061608	-0.061526	-0.061825
430	-0.061685	-0.061574	-0.061878
431	-0.061742	-0.06164	-0.061926
432	-0.061813	-0.061717	-0.06199
433	-0.062069	-0.061931	-0.062245
434	-0.062325	-0.062146	-0.062499
435	-0.06252	-0.06235	-0.0627
436	-0.062709	-0.062553	-0.062894
437	-0.062869	-0.062756	-0.063086
438	-0.063021	-0.062958	-0.063276
439	-0.06324	-0.063167	-0.063481
440	-0.063504	-0.063381	-0.063695
441	-0.063712	-0.063581	-0.063884
442	-0.063848	-0.063764	-0.064041
443	-0.063962	-0.06391	-0.064178
444	-0.064016	-0.063959	-0.064263
445	-0.064068	-0.064007	-0.06434
446	-0.064107	-0.06405	-0.064354
447	-0.064145	-0.064092	-0.064369
448	-0.064129	-0.064043	-0.064324
449	-0.06411	-0.063992	-0.064277
450	-0.064106	-0.063995	-0.064294
451	-0.064106	-0.064011	-0.064325
452	-0.06411	-0.064029	-0.064364
453	-0.064117	-0.06405	-0.064407
454	-0.064141	-0.064067	-0.064438
455	-0.064185	-0.064082	-0.064457
456	-0.064232	-0.064111	-0.064485
457	-0.064287	-0.064167	-0.064532
458	-0.064326	-0.064202	-0.064565
459	-0.064296	-0.064153	-0.064539
460	-0.064264	-0.064105	-0.064513
461	-0.064193	-0.064069	-0.064478
462	-0.064122	-0.064033	-0.064444
463	-0.064104	-0.064023	-0.064422
464	-0.064093	-0.064015	-0.064402
465	-0.063949	-0.063866	-0.064235
466	-0.063756	-0.063667	-0.064015
467	-0.063372	-0.063278	-0.063621
468	-0.062852	-0.062754	-0.063103
469	-0.06242	-0.062297	-0.062692
470	-0.062103	-0.061929	-0.062421
471	-0.061776	-0.061579	-0.062125
472	-0.061423	-0.061276	-0.061766
473	-0.061101	-0.060992	-0.061435
474	-0.060983	-0.060834	-0.061288
475	-0.060864	-0.060677	-0.061141
476	-0.060647	-0.060476	-0.060974
477	-0.060427	-0.060274	-0.060807
478	-0.060238	-0.06012	-0.060611
479	-0.060055	-0.059976	-0.060409
480	-0.060025	-0.05994	-0.060374
481	-0.060067	-0.059954	-0.060416
482	-0.060269	-0.060141	-0.060601
483	-0.060612	-0.060477	-0.060911
484	-0.060935	-0.060792	-0.061203
485	-0.061227	-0.061074	-0.061464
486	-0.061326	-0.06116	-0.061537
487	-0.060816	-0.060629	-0.061016
488	-0.060276	-0.060077	-0.060473
489	-0.05946	-0.059329	-0.05973
490	-0.058644	-0.058581	-0.058986
491	-0.058036	-0.057958	-0.058357
492	-0.057439	-0.057343	-0.057733
493	-0.056976	-0.056857	-0.057288
494	-0.056545	-0.056404	-0.056885
495	-0.056076	-0.055928	-0.056441
496	-0.055587	-0.055441	-0.055976
497	-0.055205	-0.055047	-0.055595
498	-0.054924	-0.054741	-0.055293
499	-0.054611	-0.054438	-0.05498
500	-0.054246	-0.054139	-0.05465
501	-0.053872	-0.053816	-0.054299
502	-0.053468	-0.053412	-0.053882
503	-0.053066	-0.053005	-0.053464
504	-0.052694	-0.052572	-0.053042
505	-0.052322	-0.052138	-0.052619
506	-0.051883	-0.051702	-0.052197
507	-0.051439	-0.051266	-0.051775
508	-0.05107	-0.050881	-0.051416
509	-0.050718	-0.050508	-0.051072
510	-0.050374	-0.050187	-0.050723
511	-0.050034	-0.049893	-0.050373
512	-0.049722	-0.049585	-0.050065
513	-0.049435	-0.049265	-0.049797
514	-0.049121	-0.048942	-0.049489
515	-0.048763	-0.048616	-0.04912
516	-0.048388	-0.04827	-0.048756
517	-0.047963	-0.047864	-0.048409
518	-0.047556	-0.047466	-0.048061
519	-0.047309	-0.047138	-0.04771
520	-0.047061	-0.046809	-0.047358
521	-0.046612	-0.046477	-0.046993
522	-0.046157	-0.046145	-0.046628
523	-0.045853	-0.04578	-0.046303
524	-0.045579	-0.045409	-0.045987
525	-0.045304	-0.045124	-0.045693
526	-0.04503	-0.044877	-0.045409
527	-0.044761	-0.044601	-0.045118
528	-0.044498	-0.044302	-0.044822
529	-0.044178	-0.043989	-0.044495
530	-0.043782	-0.043657	-0.044128
531	-0.043404	-0.043316	-0.043777
532	-0.043066	-0.042951	-0.043468
533	-0.042734	-0.042605	-0.043158
534	-0.042439	-0.042355	-0.04285
535	-0.042144	-0.042104	-0.042543
536	-0.041867	-0.041787	-0.042301
537	-0.041589	-0.04147	-0.042058
538	-0.041275	-0.041163	-0.041727
539	-0.040956	-0.040857	-0.041385
540	-0.040698	-0.040589	-0.041122
541	-0.04046	-0.040334	-0.040884
542	-0.04009	-0.039973	-0.040506
543	-0.039644	-0.039551	-0.040048
544	-0.039241	-0.039136	-0.039624
545	-0.038881	-0.038727	-0.039234
546	-0.038524	-0.038359	-0.038873
547	-0.038173	-0.038059	-0.038558
548	-0.037833	-0.037749	-0.038233
549	-0.037531	-0.03741	-0.037875
550	-0.037215	-0.037057	-0.037517
551	-0.036786	-0.036608	-0.037158
552	-0.036357	-0.036158	-0.036799
553	-0.036053	-0.035912	-0.036513
554	-0.035751	-0.035668	-0.036229
555	-0.035489	-0.035403	-0.035975
556	-0.035234	-0.035135	-0.035727
557	-0.034974	-0.034875	-0.035446
558	-0.034712	-0.034619	-0.035155
559	-0.034408	-0.034303	-0.034855
560	-0.034078	-0.033949	-0.034551
561	-0.033812	-0.033663	-0.034264
562	-0.033614	-0.03345	-0.033996
563	-0.033456	-0.03328	-0.033794
564	-0.033369	-0.033187	-0.033712
565	-0.033317	-0.033136	-0.033664
566	-0.033379	-0.033223	-0.033722
567	-0.03346	-0.033325	-0.033798
568	-0.033691	-0.033541	-0.034004
569	-0.033921	-0.033757	-0.03421
570	-0.034112	-0.033945	-0.034374
571	-0.034303	-0.034133	-0.034539
572	-0.034325	-0.034174	-0.034551
573	-0.034322	-0.034192	-0.03454
574	-0.034347	-0.034234	-0.034558
575	-0.034382	-0.034284	-0.034585
576	-0.034354	-0.03424	-0.034545
577	-0.03429	-0.034141	-0.034466
578	-0.034165	-0.034031	-0.034369
579	-0.033984	-0.033909	-0.034255
580	-0.03377	-0.033722	-0.034061
581	-0.033508	-0.033433	-0.033743
582	-0.033187	-0.03309	-0.033387
583	-0.032714	-0.032606	-0.03293
584	-0.032226	-0.032105	-0.032454
585	-0.031661	-0.031517	-0.031881
586	-0.031096	-0.030932	-0.031308
587	-0.030525	-0.03039	-0.030732
588	-0.029954	-0.029848	-0.030156
589	-0.02939	-0.029284	-0.029616
590	-0.028827	-0.028719	-0.029079
591	-0.028375	-0.028241	-0.02864
592	-0.027947	-0.027784	-0.028223
593	-0.027553	-0.027412	-0.027835
594	-0.027174	-0.027076	-0.02746
595	-0.026831	-0.02674	-0.027131
596	-0.026515	-0.026404	-0.026835
597	-0.026178	-0.026059	-0.026494
598	-0.025818	-0.025705	-0.026104
599	-0.025493	-0.025388	-0.025782
600	-0.025228	-0.025135	-0.02558
601	-0.024964	-0.024885	-0.025354
602	-0.024707	-0.024638	-0.025061
603	-0.024431	-0.024371	-0.024749
604	-0.024043	-0.023983	-0.024321
605	-0.023652	-0.023591	-0.023893
606	-0.023204	-0.0231	-0.023468
607	-0.022755	-0.02261	-0.023044
608	-0.022315	-0.022186	-0.022617
609	-0.021874	-0.021768	-0.022191
610	-0.021544	-0.02147	-0.021883
611	-0.021238	-0.021199	-0.021602
612	-0.020895	-0.020864	-0.021264
613	-0.020537	-0.020505	-0.020904
614	-0.020205	-0.020151	-0.020555
615	-0.01989	-0.0198	-0.020213
616	-0.019445	-0.019353	-0.019788
617	-0.018873	-0.018812	-0.01928
618	-0.018425	-0.018355	-0.018846
619	-0.018161	-0.018023	-0.018522
620	-0.017867	-0.017692	-0.018193
621	-0.0175	-0.017364	-0.01785
622	-0.01712	-0.017014	-0.017493
623	-0.016685	-0.016571	-0.017077
624	-0.016261	-0.01614	-0.016667
625	-0.015939	-0.015826	-0.01631
626	-0.015617	-0.015513	-0.015953
627	-0.015284	-0.015159	-0.015659
628	-0.014951	-0.014805	-0.015365
629	-0.014507	-0.014393	-0.014935
630	-0.014049	-0.013975	-0.014489
631	-0.01373	-0.013626	-0.014154
632	-0.013447	-0.013296	-0.013847
633	-0.013135	-0.012996	-0.013538
634	-0.012811	-0.012709	-0.013228
635	-0.012508	-0.012432	-0.012947
636	-0.012221	-0.012162	-0.012686
637	-0.011997	-0.011908	-0.012445
638	-0.011835	-0.01167	-0.012222
639	-0.011574	-0.011389	-0.011933
640	-0.011169	-0.011044	-0.011547
641	-0.010779	-0.010692	-0.011176
642	-0.010426	-0.010325	-0.010834
643	-0.010106	-0.009995	-0.010519
644	-0.009904	-0.009797	-0.010301
645	-0.009695	-0.009594	-0.010082
646	-0.009431	-0.009351	-0.009857
647	-0.00918	-0.009121	-0.009643
648	-0.009312	-0.009231	-0.009729
649	-0.009445	-0.009341	-0.009815
650	-0.01013	-0.010025	-0.010478
651	-0.01085	-0.010744	-0.011177
652	-0.01201	-0.011889	-0.012263
653	-0.013246	-0.013108	-0.013415
654	-0.01404	-0.013925	-0.014229
655	-0.014697	-0.014616	-0.014939
656	-0.014738	-0.014658	-0.015021
657	-0.014484	-0.014387	-0.014799
658	-0.013891	-0.013789	-0.014218
659	-0.01306	-0.012962	-0.013384
660	-0.011892	-0.0118	-0.012231
661	-0.010388	-0.010303	-0.010761
662	-0.009052	-0.008955	-0.009441
663	-0.007956	-0.007816	-0.008335
664	-0.00703	-0.006859	-0.007396
665	-0.006449	-0.00627	-0.006798
666	-0.005916	-0.005735	-0.006258
667	-0.005525	-0.005361	-0.005894
668	-0.005158	-0.00501	-0.005547
669	-0.004909	-0.004772	-0.005288
670	-0.004663	-0.004536	-0.005033
671	-0.004446	-0.004318	-0.004833
672	-0.004229	-0.004101	-0.004632
673	-0.004109	-0.004058	-0.004568
674	-0.003989	-0.004014	-0.004504
675	-0.003831	-0.003843	-0.00424
676	-0.003669	-0.003662	-0.003957
677	-0.00349	-0.003441	-0.003836
678	-0.003307	-0.003214	-0.003745
679	-0.003155	-0.003088	-0.003606
680	-0.003013	-0.002993	-0.003452
681	-0.002819	-0.002802	-0.003246
682	-0.002601	-0.002566	-0.003016
683	-0.002419	-0.002396	-0.002826
684	-0.002261	-0.002268	-0.002661
685	-0.00208	-0.002123	-0.002537
686	-0.001879	-0.001963	-0.00245
687	-0.001715	-0.001792	-0.002286
688	-0.001595	-0.001608	-0.002031
689	-0.001454	-0.001422	-0.001799
690	-0.001279	-0.001234	-0.001604
691	-0.001088	-0.001037	-0.001418
692	-0.000863	-0.000823	-0.001251
693	-0.000649	-0.000621	-0.001076
694	-0.000467	-0.00046	-0.000871
695	-0.000279	-0.000281	-0.000664
696	-0.000063	-0.000018	-0.000443
697	0.000148	0.000234	-0.000228
698	0.000321	0.000391	-0.000051
699	0.000496	0.000549	0.000128
700	0.000741	0.000747	0.00036
701	0.000987	0.000945	0.000591
702	0.00118	0.001236	0.000814
703	0.00137	0.001531	0.001036
704	0.001557	0.001735	0.001211
705	0.001743	0.00193	0.00138
706	0.001959	0.002096	0.001593
707	0.002181	0.002257	0.001815
708	0.002388	0.002464	0.002027
709	0.002591	0.002685	0.002237
710	0.00279	0.002867	0.002404
711	0.002987	0.003033	0.002552
712	0.003091	0.003141	0.002667
713	0.003143	0.003217	0.002763
714	0.003237	0.003301	0.002873
715	0.003362	0.003391	0.002994
716	0.003524	0.003581	0.003198
717	0.00372	0.003864	0.003478
718	0.003925	0.004086	0.003677
719	0.004141	0.004237	0.003781
720	0.00433	0.004394	0.003925
[LOG]
CHECKSUM?V