[HEADER]
Format	J&M ASCII Table
Comment	
Date	26/03/2026 11:59:21
Order	Y (evenX)
TechType	UV
NumPoints	411
FirstX	310
LastX	720
XType	nm
YType	Absorbance
ZType	s
NumSubFile	3
Matrix	Z vs X
[LOGIN]
Name=pcbob
[INSTRUMENT]
Name=TIDAS E Base UV/VI
Detector=MMS - ASPEN 97,5 kHz
Diodearray=256 Pixel
Serial#=36584
Calibrated=2011-07-01
Range=183.81-729.88 [nm] (F0)

SWVersion=v3.18.2 (build 0)[LOGIN]
Name=pcbob
[CONFIG]
ChannelName=Channel 1
ChannelType=Normalized
[PARAMETER]
It=400,00
Aver=5
Norm=3
Range=310,0-720,0 nm
Scan=Time
ScanTime=5,00 s
[TRIGGER]
Sweep=0
Scan=0
[DIO]
DigOut=0x0000
DigIn=0x0000
[DATA]
	00:00:00,000	00:00:02,000	00:00:04,000
310	0.024421	0.024393	0.024319
311	0.023516	0.023495	0.023422
312	0.022611	0.0226	0.022528
313	0.021731	0.021718	0.021653
314	0.020889	0.020856	0.020802
315	0.020021	0.019976	0.019934
316	0.019076	0.019039	0.019012
317	0.018122	0.018093	0.018081
318	0.017048	0.017013	0.017011
319	0.015974	0.015934	0.01594
320	0.014773	0.014758	0.014728
321	0.013557	0.01357	0.013497
322	0.012397	0.012409	0.01235
323	0.011261	0.01126	0.011236
324	0.01021	0.010238	0.010219
325	0.009234	0.00933	0.009289
326	0.008334	0.008459	0.008399
327	0.007571	0.007655	0.007583
328	0.00682	0.006867	0.006795
329	0.006127	0.006157	0.006134
330	0.005434	0.005446	0.005473
331	0.004871	0.004873	0.004931
332	0.004308	0.0043	0.004389
333	0.003765	0.003772	0.003844
334	0.003226	0.003254	0.003299
335	0.002679	0.002721	0.002752
336	0.002127	0.002181	0.002204
337	0.001567	0.001635	0.001654
338	0.000997	0.001081	0.001101
339	0.000425	0.000518	0.000543
340	-0.000148	-0.000069	-0.000028
341	-0.000729	-0.000658	-0.000607
342	-0.001363	-0.001269	-0.001245
343	-0.001998	-0.00188	-0.001883
344	-0.002728	-0.002573	-0.002522
345	-0.003464	-0.003271	-0.003161
346	-0.004153	-0.00398	-0.003879
347	-0.004829	-0.004692	-0.004619
348	-0.005547	-0.00543	-0.005381
349	-0.006294	-0.006184	-0.006157
350	-0.00701	-0.006921	-0.006896
351	-0.007683	-0.007634	-0.007584
352	-0.008403	-0.00838	-0.008304
353	-0.009263	-0.009224	-0.009119
354	-0.010116	-0.010062	-0.009928
355	-0.010879	-0.010825	-0.01068
356	-0.011642	-0.011588	-0.011432
357	-0.012542	-0.012477	-0.012353
358	-0.013458	-0.013379	-0.013292
359	-0.014304	-0.014196	-0.014136
360	-0.015126	-0.014981	-0.014947
361	-0.015979	-0.015845	-0.015803
362	-0.016857	-0.016772	-0.016696
363	-0.01772	-0.017664	-0.017565
364	-0.01856	-0.0185	-0.018396
365	-0.019434	-0.019365	-0.019259
366	-0.020433	-0.020334	-0.020233
367	-0.021428	-0.021299	-0.021206
368	-0.02231	-0.022192	-0.022145
369	-0.023192	-0.023085	-0.023084
370	-0.024139	-0.024071	-0.024017
371	-0.025096	-0.025071	-0.02495
372	-0.02599	-0.025954	-0.025869
373	-0.026857	-0.026787	-0.026782
374	-0.027748	-0.027671	-0.027687
375	-0.028659	-0.0286	-0.028584
376	-0.029573	-0.029492	-0.029477
377	-0.030491	-0.03032	-0.030364
378	-0.03139	-0.031167	-0.031238
379	-0.03221	-0.032097	-0.032061
380	-0.033033	-0.033028	-0.032887
381	-0.033991	-0.033942	-0.033819
382	-0.034949	-0.034857	-0.034751
383	-0.03576	-0.035677	-0.03559
384	-0.036545	-0.036481	-0.036412
385	-0.037305	-0.037251	-0.037192
386	-0.038052	-0.038006	-0.037952
387	-0.038753	-0.038682	-0.038645
388	-0.03941	-0.039284	-0.039275
389	-0.04002	-0.039868	-0.039863
390	-0.040544	-0.040415	-0.040372
391	-0.041081	-0.04098	-0.040902
392	-0.041681	-0.041621	-0.041525
393	-0.042283	-0.042263	-0.04215
394	-0.043029	-0.043002	-0.042927
395	-0.043775	-0.04374	-0.043704
396	-0.044318	-0.044288	-0.044226
397	-0.044824	-0.044801	-0.044703
398	-0.045285	-0.045235	-0.045143
399	-0.045725	-0.045633	-0.045566
400	-0.046307	-0.046176	-0.046107
401	-0.047021	-0.046856	-0.046759
402	-0.047724	-0.047538	-0.047457
403	-0.048404	-0.048222	-0.048244
404	-0.049044	-0.04887	-0.048965
405	-0.049509	-0.04936	-0.04939
406	-0.049974	-0.04985	-0.049815
407	-0.050448	-0.050347	-0.050267
408	-0.050923	-0.050845	-0.050719
409	-0.051602	-0.051469	-0.051366
410	-0.052315	-0.052115	-0.052047
411	-0.052836	-0.052629	-0.052564
412	-0.05327	-0.053083	-0.053007
413	-0.053763	-0.053564	-0.053497
414	-0.054309	-0.054069	-0.054029
415	-0.054907	-0.054674	-0.054643
416	-0.055594	-0.055454	-0.055403
417	-0.056285	-0.05622	-0.056152
418	-0.056987	-0.05693	-0.056861
419	-0.057682	-0.057633	-0.057561
420	-0.058196	-0.058143	-0.058044
421	-0.058711	-0.058654	-0.058527
422	-0.059281	-0.059168	-0.05908
423	-0.059859	-0.059682	-0.059643
424	-0.060332	-0.060134	-0.060124
425	-0.060762	-0.060561	-0.060571
426	-0.061094	-0.060923	-0.060922
427	-0.061348	-0.061232	-0.061196
428	-0.061516	-0.061434	-0.061388
429	-0.061551	-0.061469	-0.061455
430	-0.061607	-0.061523	-0.061523
431	-0.061738	-0.061637	-0.061599
432	-0.061878	-0.06176	-0.061686
433	-0.062132	-0.061987	-0.061911
434	-0.062385	-0.062213	-0.062136
435	-0.062571	-0.062422	-0.062331
436	-0.062751	-0.062628	-0.062524
437	-0.06293	-0.062822	-0.062705
438	-0.063109	-0.063011	-0.062882
439	-0.063331	-0.063218	-0.063075
440	-0.063581	-0.063438	-0.06328
441	-0.063768	-0.063609	-0.063468
442	-0.063877	-0.063717	-0.063638
443	-0.063988	-0.063829	-0.063786
444	-0.064105	-0.063952	-0.063881
445	-0.06421	-0.064059	-0.063967
446	-0.064229	-0.064054	-0.063994
447	-0.064248	-0.064048	-0.064021
448	-0.064202	-0.064083	-0.064002
449	-0.064153	-0.064119	-0.063982
450	-0.064165	-0.064083	-0.063976
451	-0.064191	-0.06403	-0.063972
452	-0.064201	-0.064031	-0.063971
453	-0.064201	-0.06406	-0.063971
454	-0.064228	-0.064103	-0.064001
455	-0.064281	-0.064158	-0.06406
456	-0.064319	-0.064204	-0.064122
457	-0.064328	-0.064233	-0.064188
458	-0.064337	-0.06425	-0.064226
459	-0.064348	-0.064219	-0.06415
460	-0.064354	-0.064187	-0.064077
461	-0.064265	-0.064111	-0.064061
462	-0.064175	-0.064034	-0.064046
463	-0.064152	-0.064037	-0.064004
464	-0.064138	-0.06405	-0.063958
465	-0.064017	-0.063889	-0.063802
466	-0.063857	-0.063665	-0.063604
467	-0.063483	-0.063267	-0.063207
468	-0.062957	-0.062745	-0.062666
469	-0.062516	-0.062301	-0.062231
470	-0.062185	-0.06196	-0.061936
471	-0.061852	-0.06163	-0.061624
472	-0.061514	-0.061327	-0.061274
473	-0.061203	-0.061042	-0.060951
474	-0.061071	-0.06087	-0.060811
475	-0.060939	-0.060699	-0.060672
476	-0.060721	-0.06054	-0.060443
477	-0.060502	-0.060381	-0.060212
478	-0.060304	-0.060218	-0.060049
479	-0.060111	-0.060053	-0.059899
480	-0.060094	-0.060026	-0.05986
481	-0.060159	-0.060061	-0.059873
482	-0.060369	-0.060237	-0.060079
483	-0.060704	-0.060535	-0.060453
484	-0.061022	-0.060843	-0.060794
485	-0.061313	-0.061166	-0.061084
486	-0.061406	-0.061282	-0.061168
487	-0.060881	-0.060751	-0.060608
488	-0.060334	-0.060195	-0.060028
489	-0.059587	-0.059398	-0.059268
490	-0.05884	-0.0586	-0.058508
491	-0.058191	-0.057988	-0.057887
492	-0.057547	-0.057385	-0.057274
493	-0.057066	-0.056884	-0.05678
494	-0.056624	-0.056407	-0.056315
495	-0.056157	-0.055945	-0.055842
496	-0.055677	-0.055491	-0.055365
497	-0.055296	-0.055143	-0.055018
498	-0.055008	-0.054897	-0.054794
499	-0.054709	-0.054619	-0.054523
500	-0.054394	-0.054289	-0.054173
501	-0.05406	-0.05394	-0.05381
502	-0.053663	-0.053527	-0.053399
503	-0.053266	-0.053112	-0.052991
504	-0.052874	-0.052679	-0.052617
505	-0.052482	-0.052246	-0.052243
506	-0.052015	-0.05177	-0.051748
507	-0.051543	-0.051292	-0.051246
508	-0.051167	-0.050927	-0.050876
509	-0.050816	-0.050589	-0.050538
510	-0.050454	-0.050273	-0.050198
511	-0.050087	-0.049967	-0.049856
512	-0.049784	-0.049667	-0.049548
513	-0.049538	-0.049372	-0.04927
514	-0.049222	-0.049049	-0.048961
515	-0.048796	-0.04868	-0.048601
516	-0.048391	-0.048314	-0.048234
517	-0.04805	-0.047956	-0.047844
518	-0.047711	-0.047598	-0.04746
519	-0.047382	-0.047229	-0.047117
520	-0.047054	-0.04686	-0.046773
521	-0.04671	-0.046515	-0.046408
522	-0.046366	-0.04617	-0.046042
523	-0.046016	-0.045881	-0.045744
524	-0.045666	-0.045603	-0.045459
525	-0.045359	-0.045295	-0.045164
526	-0.045072	-0.044973	-0.044865
527	-0.044801	-0.044693	-0.044587
528	-0.044544	-0.044444	-0.044326
529	-0.044243	-0.044119	-0.044022
530	-0.043885	-0.04369	-0.04366
531	-0.043529	-0.043298	-0.04329
532	-0.043178	-0.042996	-0.042899
533	-0.042833	-0.042697	-0.042526
534	-0.042525	-0.042414	-0.042246
535	-0.042219	-0.042131	-0.041967
536	-0.041981	-0.041845	-0.041709
537	-0.041743	-0.04156	-0.04145
538	-0.041424	-0.041243	-0.041136
539	-0.041097	-0.040923	-0.040814
540	-0.040832	-0.040671	-0.040546
541	-0.040586	-0.04044	-0.040295
542	-0.040207	-0.040047	-0.039948
543	-0.039751	-0.03956	-0.039546
544	-0.039336	-0.039138	-0.039155
545	-0.038964	-0.038782	-0.038776
546	-0.038597	-0.038429	-0.038396
547	-0.03824	-0.03808	-0.038012
548	-0.037899	-0.03775	-0.037643
549	-0.037607	-0.037476	-0.037321
550	-0.037304	-0.037184	-0.036988
551	-0.036908	-0.036759	-0.036579
552	-0.036513	-0.036334	-0.036169
553	-0.036214	-0.036023	-0.03586
554	-0.035915	-0.035714	-0.035553
555	-0.035668	-0.035459	-0.035341
556	-0.035429	-0.035213	-0.035145
557	-0.035131	-0.034954	-0.034873
558	-0.034811	-0.034691	-0.034574
559	-0.034498	-0.034397	-0.034244
560	-0.034191	-0.034084	-0.033893
561	-0.033918	-0.033807	-0.033604
562	-0.033681	-0.03357	-0.033381
563	-0.033501	-0.033391	-0.033218
564	-0.033425	-0.033316	-0.033163
565	-0.033378	-0.033272	-0.033134
566	-0.033427	-0.033329	-0.033184
567	-0.033501	-0.033403	-0.033253
568	-0.033758	-0.033611	-0.033474
569	-0.034015	-0.033819	-0.033695
570	-0.03418	-0.034013	-0.033903
571	-0.034345	-0.034207	-0.034112
572	-0.034372	-0.034221	-0.034142
573	-0.034379	-0.034208	-0.034147
574	-0.034418	-0.034263	-0.034183
575	-0.034469	-0.034339	-0.034231
576	-0.034434	-0.034316	-0.034191
577	-0.03435	-0.034233	-0.034102
578	-0.034222	-0.034118	-0.033977
579	-0.034053	-0.033972	-0.033819
580	-0.03384	-0.033774	-0.033619
581	-0.033562	-0.033499	-0.033354
582	-0.033236	-0.033168	-0.033028
583	-0.032785	-0.032689	-0.032543
584	-0.032306	-0.03219	-0.032039
585	-0.031673	-0.031585	-0.031437
586	-0.031044	-0.030983	-0.030838
587	-0.030519	-0.030434	-0.030286
588	-0.029994	-0.029885	-0.029734
589	-0.029432	-0.029301	-0.029197
590	-0.028867	-0.028715	-0.028661
591	-0.028442	-0.028259	-0.028196
592	-0.028049	-0.027832	-0.027747
593	-0.027652	-0.02745	-0.027337
594	-0.027254	-0.027087	-0.026944
595	-0.02692	-0.02676	-0.026615
596	-0.02663	-0.026457	-0.026331
597	-0.026299	-0.026113	-0.025993
598	-0.025923	-0.025723	-0.025595
599	-0.02558	-0.025394	-0.025254
600	-0.025293	-0.025174	-0.025015
601	-0.02502	-0.024943	-0.024772
602	-0.024791	-0.024684	-0.024516
603	-0.024534	-0.024402	-0.024241
604	-0.024116	-0.02399	-0.023854
605	-0.023698	-0.023577	-0.023464
606	-0.023258	-0.023128	-0.023
607	-0.022818	-0.022678	-0.022536
608	-0.022392	-0.022241	-0.022131
609	-0.021966	-0.021805	-0.021731
610	-0.021649	-0.021482	-0.021436
611	-0.021357	-0.021183	-0.021164
612	-0.020997	-0.020849	-0.02081
613	-0.020609	-0.020501	-0.020425
614	-0.020256	-0.020152	-0.020045
615	-0.019925	-0.019802	-0.019671
616	-0.019503	-0.019361	-0.019227
617	-0.018991	-0.018829	-0.018716
618	-0.018555	-0.018395	-0.018292
619	-0.018233	-0.018105	-0.018001
620	-0.017901	-0.0178	-0.017692
621	-0.017548	-0.017461	-0.017341
622	-0.017188	-0.017101	-0.016976
623	-0.016796	-0.016655	-0.016552
624	-0.016409	-0.01622	-0.016137
625	-0.016065	-0.015887	-0.015799
626	-0.01572	-0.015554	-0.015461
627	-0.015376	-0.015193	-0.015097
628	-0.015032	-0.014832	-0.014733
629	-0.014591	-0.014422	-0.01431
630	-0.014138	-0.014006	-0.013879
631	-0.013797	-0.013664	-0.013523
632	-0.013484	-0.013342	-0.013186
633	-0.013162	-0.01305	-0.012909
634	-0.012836	-0.012772	-0.012658
635	-0.012551	-0.012488	-0.012395
636	-0.012294	-0.0122	-0.012125
637	-0.012063	-0.011942	-0.011857
638	-0.011857	-0.011712	-0.011592
639	-0.011597	-0.011445	-0.011277
640	-0.011258	-0.011124	-0.01089
641	-0.0109	-0.010782	-0.010526
642	-0.010499	-0.010395	-0.010212
643	-0.010146	-0.010045	-0.009928
644	-0.009966	-0.00983	-0.009749
645	-0.009776	-0.009614	-0.009561
646	-0.009517	-0.009389	-0.009308
647	-0.009269	-0.009175	-0.009066
648	-0.009354	-0.009301	-0.009158
649	-0.009439	-0.009428	-0.00925
650	-0.010149	-0.010123	-0.009913
651	-0.010897	-0.010852	-0.010611
652	-0.012009	-0.011978	-0.011765
653	-0.013185	-0.013173	-0.012999
654	-0.014014	-0.013981	-0.013841
655	-0.014735	-0.014669	-0.014562
656	-0.014791	-0.014718	-0.014625
657	-0.014525	-0.01446	-0.014371
658	-0.01391	-0.01386	-0.013745
659	-0.01305	-0.013018	-0.012858
660	-0.011872	-0.011837	-0.011704
661	-0.010375	-0.010319	-0.010283
662	-0.009065	-0.008979	-0.008965
663	-0.008018	-0.007888	-0.007793
664	-0.007105	-0.006962	-0.006813
665	-0.006465	-0.00637	-0.006226
666	-0.00589	-0.00584	-0.005692
667	-0.005514	-0.005496	-0.005323
668	-0.005169	-0.005169	-0.004976
669	-0.004985	-0.004928	-0.004748
670	-0.004798	-0.004684	-0.00452
671	-0.004567	-0.004423	-0.004295
672	-0.004336	-0.004162	-0.00407
673	-0.004214	-0.004092	-0.00399
674	-0.004092	-0.004021	-0.003909
675	-0.003911	-0.003819	-0.003737
676	-0.003725	-0.003605	-0.003558
677	-0.003556	-0.003442	-0.003348
678	-0.003392	-0.00329	-0.003132
679	-0.003233	-0.003134	-0.002988
680	-0.003076	-0.002976	-0.002865
681	-0.002852	-0.002798	-0.002663
682	-0.002599	-0.00261	-0.002425
683	-0.002447	-0.00245	-0.002279
684	-0.00236	-0.002306	-0.002195
685	-0.002215	-0.002144	-0.00205
686	-0.002019	-0.001963	-0.001855
687	-0.001815	-0.001785	-0.001665
688	-0.0016	-0.001609	-0.001484
689	-0.001399	-0.001412	-0.001286
690	-0.001218	-0.001182	-0.001064
691	-0.001036	-0.00096	-0.000855
692	-0.000853	-0.000756	-0.000677
693	-0.000679	-0.000566	-0.000497
694	-0.000534	-0.000423	-0.000311
695	-0.000362	-0.000264	-0.000109
696	-0.000062	-0.000024	0.000178
697	0.000222	0.00021	0.000445
698	0.000362	0.000401	0.000525
699	0.000506	0.000593	0.00061
700	0.000736	0.000791	0.00084
701	0.000966	0.000989	0.00107
702	0.001209	0.001293	0.001324
703	0.001453	0.001601	0.001579
704	0.001643	0.001733	0.00178
705	0.001826	0.001844	0.001974
706	0.001997	0.002021	0.002136
707	0.002166	0.002211	0.002291
708	0.002342	0.002408	0.002503
709	0.00252	0.002608	0.002733
710	0.00271	0.002803	0.00296
711	0.002904	0.002995	0.003185
712	0.00307	0.00315	0.003324
713	0.00322	0.003283	0.003414
714	0.003346	0.003377	0.003502
715	0.003455	0.003442	0.003587
716	0.003611	0.003622	0.003761
717	0.003811	0.003908	0.004017
718	0.003999	0.004132	0.004194
719	0.004176	0.004284	0.004278
720	0.004329	0.004434	0.004404
[LOG]
CHECKSUM"<