[HEADER]
Format	J&M ASCII Table
Comment	
Date	02/04/2026 14:06:03
Order	Y (evenX)
TechType	UV
NumPoints	411
FirstX	310
LastX	720
XType	nm
YType	Absorbance
ZType	s
NumSubFile	3
Matrix	Z vs X
[LOGIN]
Name=pcbob
[INSTRUMENT]
Name=TIDAS E Base UV/VI
Detector=MMS - ASPEN 97,5 kHz
Diodearray=256 Pixel
Serial#=36584
Calibrated=2011-07-01
Range=183.81-729.88 [nm] (F0)

SWVersion=v3.18.2 (build 0)[LOGIN]
Name=pcbob
[CONFIG]
ChannelName=Channel 1
ChannelType=Normalized
[PARAMETER]
It=400,00
Aver=5
Norm=3
Range=310,0-720,0 nm
Scan=Time
ScanTime=5,00 s
[TRIGGER]
Sweep=0
Scan=0
[DIO]
DigOut=0x0000
DigIn=0x0000
[DATA]
	00:00:00,000	00:00:02,000	00:00:04,000
310	0.008446	0.008371	0.008374
311	0.008194	0.008107	0.008127
312	0.00798	0.007877	0.007913
313	0.007715	0.00762	0.007654
314	0.007379	0.007326	0.007335
315	0.00706	0.007034	0.007023
316	0.006794	0.00675	0.006736
317	0.006527	0.006467	0.006449
318	0.006244	0.006203	0.006163
319	0.005961	0.00594	0.005877
320	0.005648	0.005609	0.005557
321	0.005332	0.005269	0.005232
322	0.005027	0.004973	0.004939
323	0.004727	0.004695	0.004659
324	0.004457	0.004423	0.00438
325	0.004213	0.004157	0.004104
326	0.003965	0.003903	0.003842
327	0.003711	0.003671	0.003609
328	0.003433	0.003414	0.003346
329	0.003042	0.003035	0.002946
330	0.002651	0.002657	0.002546
331	0.002339	0.002332	0.002231
332	0.002028	0.002008	0.001916
333	0.001649	0.00163	0.00157
334	0.001256	0.00124	0.001217
335	0.000842	0.000828	0.000798
336	0.000418	0.000403	0.000344
337	-0.000008	-0.00002	-0.000098
338	-0.000436	-0.000441	-0.000527
339	-0.000868	-0.000871	-0.000952
340	-0.001309	-0.001322	-0.001366
341	-0.001761	-0.001785	-0.001797
342	-0.002292	-0.002336	-0.002344
343	-0.002822	-0.002887	-0.002891
344	-0.003356	-0.003409	-0.003413
345	-0.003889	-0.003929	-0.003933
346	-0.004444	-0.004474	-0.004475
347	-0.005005	-0.005027	-0.005024
348	-0.005641	-0.005663	-0.005671
349	-0.006329	-0.006355	-0.006386
350	-0.007022	-0.007038	-0.007088
351	-0.007723	-0.007708	-0.007774
352	-0.008449	-0.008399	-0.008485
353	-0.009246	-0.009153	-0.009271
354	-0.010036	-0.009906	-0.010052
355	-0.010739	-0.010634	-0.010771
356	-0.011442	-0.011361	-0.011489
357	-0.012201	-0.012188	-0.012282
358	-0.012967	-0.013025	-0.013083
359	-0.013712	-0.013776	-0.013794
360	-0.014449	-0.014495	-0.014471
361	-0.015185	-0.015232	-0.015192
362	-0.01592	-0.015984	-0.015949
363	-0.016673	-0.016741	-0.016725
364	-0.017455	-0.017507	-0.017533
365	-0.018248	-0.018291	-0.018342
366	-0.019081	-0.01914	-0.019159
367	-0.019915	-0.019989	-0.019978
368	-0.020762	-0.020825	-0.020865
369	-0.021609	-0.021661	-0.021752
370	-0.022538	-0.02258	-0.022643
371	-0.023479	-0.023511	-0.023535
372	-0.024326	-0.024345	-0.024379
373	-0.025133	-0.025139	-0.025203
374	-0.025911	-0.025917	-0.025966
375	-0.026664	-0.026681	-0.026676
376	-0.027421	-0.027459	-0.027434
377	-0.028185	-0.028262	-0.028278
378	-0.028954	-0.029055	-0.029104
379	-0.029743	-0.029806	-0.029857
380	-0.030531	-0.030556	-0.030609
381	-0.031245	-0.031289	-0.03134
382	-0.031958	-0.032022	-0.032072
383	-0.032665	-0.032743	-0.032735
384	-0.03337	-0.033463	-0.033387
385	-0.034029	-0.034122	-0.034071
386	-0.034665	-0.034754	-0.034769
387	-0.035294	-0.035368	-0.035385
388	-0.035916	-0.035965	-0.035922
389	-0.03653	-0.036567	-0.0365
390	-0.037126	-0.03718	-0.037155
391	-0.037732	-0.037798	-0.037801
392	-0.038378	-0.038441	-0.03841
393	-0.039023	-0.039083	-0.039019
394	-0.039618	-0.039712	-0.039661
395	-0.040213	-0.040341	-0.040303
396	-0.040661	-0.040788	-0.040787
397	-0.041083	-0.041202	-0.041242
398	-0.041515	-0.041625	-0.041672
399	-0.041951	-0.042053	-0.04209
400	-0.042486	-0.042595	-0.04261
401	-0.043116	-0.043246	-0.043225
402	-0.043733	-0.043867	-0.043847
403	-0.044329	-0.04443	-0.04448
404	-0.044897	-0.044988	-0.045078
405	-0.04534	-0.045527	-0.045519
406	-0.045784	-0.046063	-0.045961
407	-0.046283	-0.046497	-0.046426
408	-0.046782	-0.046931	-0.046892
409	-0.047319	-0.047482	-0.047408
410	-0.047863	-0.048053	-0.047933
411	-0.048489	-0.048669	-0.048535
412	-0.049153	-0.049305	-0.049171
413	-0.049749	-0.049824	-0.049748
414	-0.050286	-0.050238	-0.050271
415	-0.050884	-0.050796	-0.050887
416	-0.05159	-0.051608	-0.051664
417	-0.052314	-0.052414	-0.052442
418	-0.053106	-0.053194	-0.053219
419	-0.053885	-0.053961	-0.053984
420	-0.054364	-0.054405	-0.054441
421	-0.054843	-0.054848	-0.054899
422	-0.055341	-0.055388	-0.055405
423	-0.055841	-0.055942	-0.055918
424	-0.056304	-0.056394	-0.056383
425	-0.056754	-0.056805	-0.05683
426	-0.057048	-0.057108	-0.057144
427	-0.057218	-0.057323	-0.057352
428	-0.057332	-0.057467	-0.057491
429	-0.05736	-0.0575	-0.057522
430	-0.057438	-0.057578	-0.057599
431	-0.057681	-0.057799	-0.057832
432	-0.057928	-0.058025	-0.058068
433	-0.058226	-0.058298	-0.058347
434	-0.058524	-0.058572	-0.058627
435	-0.058791	-0.058798	-0.058821
436	-0.059055	-0.05902	-0.059007
437	-0.059279	-0.059304	-0.059302
438	-0.05949	-0.059608	-0.059633
439	-0.059738	-0.059875	-0.059898
440	-0.060011	-0.060116	-0.060119
441	-0.060207	-0.060294	-0.06028
442	-0.060306	-0.060393	-0.060367
443	-0.060428	-0.060512	-0.060487
444	-0.060609	-0.060681	-0.060694
445	-0.060768	-0.060829	-0.060875
446	-0.060774	-0.06083	-0.060876
447	-0.06078	-0.06083	-0.060876
448	-0.060778	-0.06085	-0.060863
449	-0.060775	-0.06087	-0.06085
450	-0.060712	-0.060812	-0.060821
451	-0.060634	-0.060736	-0.06079
452	-0.060611	-0.060707	-0.060765
453	-0.060617	-0.060702	-0.060744
454	-0.060614	-0.060689	-0.06073
455	-0.060603	-0.060668	-0.060725
456	-0.060567	-0.06065	-0.060704
457	-0.060483	-0.060636	-0.060652
458	-0.060432	-0.060627	-0.060609
459	-0.06052	-0.060637	-0.060606
460	-0.060601	-0.060647	-0.060604
461	-0.060556	-0.060625	-0.060612
462	-0.06051	-0.060604	-0.06062
463	-0.060543	-0.060626	-0.06065
464	-0.060587	-0.060654	-0.060683
465	-0.060472	-0.06056	-0.060589
466	-0.0603	-0.060421	-0.060449
467	-0.060058	-0.060191	-0.060191
468	-0.059766	-0.059895	-0.059848
469	-0.059467	-0.059596	-0.059554
470	-0.05916	-0.059293	-0.059323
471	-0.058877	-0.059015	-0.059084
472	-0.058655	-0.058799	-0.058822
473	-0.058442	-0.058586	-0.058573
474	-0.05828	-0.058388	-0.058408
475	-0.058119	-0.058191	-0.058243
476	-0.057913	-0.057994	-0.058031
477	-0.057705	-0.057797	-0.057818
478	-0.057552	-0.05761	-0.057617
479	-0.057411	-0.057424	-0.057419
480	-0.057222	-0.057254	-0.057266
481	-0.057012	-0.057091	-0.057134
482	-0.056997	-0.057086	-0.057128
483	-0.057149	-0.057218	-0.057231
484	-0.057294	-0.057348	-0.05735
485	-0.057426	-0.057476	-0.057492
486	-0.057423	-0.057475	-0.057507
487	-0.056998	-0.057073	-0.057124
488	-0.056555	-0.056649	-0.056714
489	-0.055949	-0.056025	-0.056052
490	-0.055343	-0.0554	-0.055389
491	-0.054806	-0.054909	-0.054891
492	-0.054273	-0.054424	-0.054402
493	-0.053881	-0.053997	-0.05396
494	-0.053524	-0.053585	-0.05353
495	-0.05314	-0.053183	-0.05317
496	-0.052743	-0.052786	-0.052846
497	-0.052426	-0.052486	-0.052553
498	-0.052183	-0.052276	-0.05229
499	-0.051925	-0.052034	-0.052011
500	-0.051644	-0.051737	-0.051706
501	-0.051351	-0.051429	-0.051402
502	-0.051019	-0.051086	-0.051105
503	-0.050688	-0.050748	-0.050806
504	-0.050379	-0.050469	-0.050495
505	-0.050069	-0.05019	-0.050183
506	-0.049683	-0.049783	-0.049813
507	-0.049293	-0.049369	-0.04944
508	-0.048938	-0.049041	-0.049072
509	-0.048591	-0.048735	-0.048705
510	-0.048275	-0.048433	-0.048421
511	-0.047976	-0.048133	-0.04818
512	-0.047651	-0.0478	-0.047885
513	-0.047303	-0.047436	-0.047542
514	-0.046959	-0.047077	-0.047183
515	-0.046625	-0.046725	-0.046797
516	-0.046265	-0.046347	-0.046392
517	-0.045829	-0.04589	-0.045933
518	-0.045401	-0.045443	-0.045483
519	-0.045033	-0.045089	-0.045118
520	-0.044666	-0.044734	-0.044753
521	-0.04429	-0.044344	-0.044375
522	-0.043914	-0.043953	-0.043997
523	-0.043522	-0.043591	-0.043598
524	-0.043128	-0.043236	-0.043195
525	-0.042806	-0.04291	-0.042871
526	-0.042515	-0.042597	-0.042582
527	-0.042248	-0.042316	-0.042296
528	-0.042	-0.042059	-0.042012
529	-0.041738	-0.041808	-0.041744
530	-0.041457	-0.041562	-0.041499
531	-0.041187	-0.041301	-0.041255
532	-0.040943	-0.041003	-0.041013
533	-0.040681	-0.040695	-0.040751
534	-0.040321	-0.040337	-0.040382
535	-0.039963	-0.039982	-0.040017
536	-0.039705	-0.039762	-0.039782
537	-0.039447	-0.039542	-0.039548
538	-0.039179	-0.039315	-0.039298
539	-0.03891	-0.039087	-0.039046
540	-0.038639	-0.038805	-0.038784
541	-0.038368	-0.038507	-0.03852
542	-0.038089	-0.038193	-0.038226
543	-0.037805	-0.03787	-0.037917
544	-0.037494	-0.037566	-0.037626
545	-0.037154	-0.037281	-0.037354
546	-0.036804	-0.036947	-0.037009
547	-0.036434	-0.03653	-0.036541
548	-0.036058	-0.036134	-0.036104
549	-0.035661	-0.035803	-0.035764
550	-0.035275	-0.03547	-0.035423
551	-0.034971	-0.035124	-0.035082
552	-0.034667	-0.034779	-0.034741
553	-0.034285	-0.034373	-0.034381
554	-0.033903	-0.033967	-0.034021
555	-0.033545	-0.033599	-0.033641
556	-0.033191	-0.033238	-0.033259
557	-0.03284	-0.032884	-0.032898
558	-0.032489	-0.032533	-0.032545
559	-0.032121	-0.032167	-0.032203
560	-0.031742	-0.031791	-0.03187
561	-0.031387	-0.031436	-0.031526
562	-0.031058	-0.031102	-0.031172
563	-0.030791	-0.030847	-0.030903
564	-0.030637	-0.030732	-0.030787
565	-0.030513	-0.030624	-0.030688
566	-0.030486	-0.030536	-0.030646
567	-0.030468	-0.030465	-0.030614
568	-0.030521	-0.030522	-0.030656
569	-0.030574	-0.03058	-0.030699
570	-0.030669	-0.030701	-0.030776
571	-0.030766	-0.030823	-0.030854
572	-0.03079	-0.030852	-0.030876
573	-0.030803	-0.030868	-0.030889
574	-0.030759	-0.030835	-0.030854
575	-0.030697	-0.030786	-0.030802
576	-0.030655	-0.030744	-0.030758
577	-0.030626	-0.030706	-0.030718
578	-0.030549	-0.030626	-0.030648
579	-0.030426	-0.030507	-0.030548
580	-0.03027	-0.030349	-0.030408
581	-0.030064	-0.030131	-0.030206
582	-0.029798	-0.029859	-0.029941
583	-0.029377	-0.029448	-0.029508
584	-0.028949	-0.029028	-0.029071
585	-0.028485	-0.028559	-0.028612
586	-0.028018	-0.028088	-0.028149
587	-0.027491	-0.027566	-0.027624
588	-0.026964	-0.027043	-0.027099
589	-0.026427	-0.02653	-0.026582
590	-0.025889	-0.026017	-0.026065
591	-0.025488	-0.025585	-0.025667
592	-0.025117	-0.025172	-0.025295
593	-0.024744	-0.024791	-0.02489
594	-0.02437	-0.024423	-0.02447
595	-0.024002	-0.024057	-0.0241
596	-0.023639	-0.023693	-0.023767
597	-0.02324	-0.023309	-0.023382
598	-0.022802	-0.022903	-0.022942
599	-0.02242	-0.02255	-0.022562
600	-0.022136	-0.02229	-0.022287
601	-0.021832	-0.021996	-0.02198
602	-0.021466	-0.021598	-0.021584
603	-0.021098	-0.021202	-0.021195
604	-0.020719	-0.020816	-0.020848
605	-0.020336	-0.020424	-0.020495
606	-0.019824	-0.019884	-0.019957
607	-0.019311	-0.019344	-0.019419
608	-0.018889	-0.018938	-0.018998
609	-0.018475	-0.018543	-0.018587
610	-0.018127	-0.018211	-0.018274
611	-0.017793	-0.017892	-0.017982
612	-0.017394	-0.017496	-0.017554
613	-0.01697	-0.017069	-0.017072
614	-0.016579	-0.016667	-0.016681
615	-0.016209	-0.016281	-0.016349
616	-0.015764	-0.015853	-0.015937
617	-0.015247	-0.015384	-0.015447
618	-0.01482	-0.014972	-0.015007
619	-0.014527	-0.014644	-0.014642
620	-0.014209	-0.014296	-0.014285
621	-0.013832	-0.013898	-0.013944
622	-0.013454	-0.013509	-0.013594
623	-0.013074	-0.01316	-0.013206
624	-0.0127	-0.012808	-0.012823
625	-0.012374	-0.012432	-0.01249
626	-0.012048	-0.012056	-0.012156
627	-0.011722	-0.011731	-0.01183
628	-0.011395	-0.011407	-0.011503
629	-0.011079	-0.011146	-0.011215
630	-0.010763	-0.010893	-0.010931
631	-0.010459	-0.010562	-0.010623
632	-0.010158	-0.01021	-0.010308
633	-0.009896	-0.009948	-0.010041
634	-0.009652	-0.009726	-0.009794
635	-0.009431	-0.009528	-0.009588
636	-0.009225	-0.009345	-0.009407
637	-0.00895	-0.009099	-0.00915
638	-0.008606	-0.008792	-0.008817
639	-0.008283	-0.008462	-0.008481
640	-0.007989	-0.008098	-0.008143
641	-0.007707	-0.00777	-0.007844
642	-0.00745	-0.007521	-0.007631
643	-0.007201	-0.007275	-0.007409
644	-0.006975	-0.007038	-0.007149
645	-0.006748	-0.006802	-0.006896
646	-0.006519	-0.006569	-0.006687
647	-0.006297	-0.006343	-0.006483
648	-0.006271	-0.006318	-0.006435
649	-0.006245	-0.006293	-0.006387
650	-0.006735	-0.006774	-0.006871
651	-0.007256	-0.007285	-0.007387
652	-0.008031	-0.008093	-0.008174
653	-0.00885	-0.008951	-0.009007
654	-0.009431	-0.009554	-0.009598
655	-0.009937	-0.010077	-0.010113
656	-0.009979	-0.010086	-0.010125
657	-0.009797	-0.009846	-0.009894
658	-0.009311	-0.009351	-0.009403
659	-0.00861	-0.008677	-0.008729
660	-0.007597	-0.007691	-0.007727
661	-0.006271	-0.006395	-0.006398
662	-0.005034	-0.005176	-0.005165
663	-0.003924	-0.004063	-0.004067
664	-0.002968	-0.003101	-0.003118
665	-0.002327	-0.002443	-0.00247
666	-0.001762	-0.001866	-0.001902
667	-0.00143	-0.001539	-0.001577
668	-0.001107	-0.001221	-0.001263
669	-0.000827	-0.000957	-0.001009
670	-0.00055	-0.000691	-0.000755
671	-0.000298	-0.000405	-0.000504
672	-0.000047	-0.000119	-0.000254
673	0.000194	0.000048	-0.000021
674	0.000434	0.000216	0.000211
675	0.000529	0.000351	0.000388
676	0.000612	0.000483	0.000561
677	0.00074	0.000636	0.000673
678	0.000877	0.000793	0.000774
679	0.001067	0.001018	0.000969
680	0.001273	0.001266	0.001193
681	0.001484	0.001454	0.001378
682	0.001698	0.001616	0.001545
683	0.001884	0.001808	0.001716
684	0.002053	0.002017	0.00189
685	0.002228	0.002199	0.002062
686	0.002408	0.002356	0.002234
687	0.002621	0.002548	0.002444
688	0.002872	0.00278	0.002697
689	0.003077	0.002959	0.002912
690	0.003208	0.003053	0.003066
691	0.003327	0.003172	0.003203
692	0.003421	0.003348	0.003302
693	0.003539	0.003529	0.003417
694	0.003735	0.00373	0.003586
695	0.003932	0.003931	0.003767
696	0.004136	0.00413	0.004002
697	0.004337	0.004324	0.004234
698	0.004516	0.004487	0.004431
699	0.004695	0.004648	0.004625
700	0.004888	0.004779	0.00474
701	0.005081	0.00491	0.004855
702	0.005215	0.00506	0.005057
703	0.005347	0.005211	0.005261
704	0.00552	0.005446	0.005492
705	0.005697	0.005691	0.005727
706	0.005953	0.005889	0.005902
707	0.006225	0.006076	0.006065
708	0.006358	0.006218	0.006231
709	0.006448	0.006347	0.006397
710	0.006647	0.006588	0.006631
711	0.006892	0.006877	0.006892
712	0.007109	0.007089	0.007059
713	0.007309	0.007259	0.007173
714	0.007487	0.007397	0.007343
715	0.007651	0.007512	0.007553
716	0.00786	0.007712	0.007783
717	0.008111	0.007991	0.008031
718	0.00836	0.008284	0.008281
719	0.008607	0.008593	0.008532
720	0.008831	0.008842	0.008774
[LOG]
CHECKSUMA>