[HEADER]
Format	J&M ASCII Table
Comment	
Date	11/08/2026 10:36:13
Order	Y (evenX)
TechType	UV
NumPoints	411
FirstX	310
LastX	720
XType	nm
YType	Absorbance
ZType	s
NumSubFile	3
Matrix	Z vs X
[LOGIN]
Name=pcbob
[INSTRUMENT]
Name=TIDAS E Base UV/VI
Detector=MMS - ASPEN 97,5 kHz
Diodearray=256 Pixel
Serial#=36584
Calibrated=2011-07-01
Range=183.81-729.88 [nm] (F0)

SWVersion=v3.18.2 (build 0)[LOGIN]
Name=pcbob
[CONFIG]
ChannelName=Channel 1
ChannelType=Normalized
[PARAMETER]
It=360,00
Aver=5
Norm=3
Range=310,0-720,0 nm
Scan=Time
ScanTime=5,00 s
[TRIGGER]
Sweep=0
Scan=0
[DIO]
DigOut=0x0000
DigIn=0x0000
[DATA]
	00:00:00,000	00:00:01,800	00:00:03,600
310	0.149438	0.149438	0.149342
311	0.147315	0.147304	0.147214
312	0.14528	0.145242	0.145158
313	0.143299	0.143235	0.143162
314	0.14139	0.141304	0.141248
315	0.139525	0.139434	0.139379
316	0.137799	0.13775	0.137652
317	0.136073	0.136064	0.135926
318	0.134364	0.134345	0.134232
319	0.132655	0.132626	0.132538
320	0.131009	0.130963	0.130902
321	0.129372	0.129308	0.129273
322	0.127722	0.127676	0.12766
323	0.126067	0.126052	0.126053
324	0.12445	0.12445	0.124434
325	0.122865	0.122867	0.122804
326	0.12131	0.121317	0.121214
327	0.119808	0.119826	0.119698
328	0.118334	0.11836	0.11822
329	0.116992	0.117001	0.116915
330	0.115649	0.115642	0.115609
331	0.114283	0.114327	0.11426
332	0.112917	0.113011	0.112911
333	0.111579	0.11161	0.111577
334	0.110247	0.110191	0.110247
335	0.108941	0.108852	0.108918
336	0.107648	0.107557	0.10759
337	0.106328	0.106256	0.106266
338	0.104979	0.104949	0.104949
339	0.103641	0.103631	0.103631
340	0.10233	0.102287	0.102315
341	0.101019	0.100956	0.101001
342	0.099717	0.099721	0.099695
343	0.098416	0.098486	0.098388
344	0.097149	0.097172	0.097094
345	0.095883	0.095853	0.0958
346	0.094608	0.094567	0.094517
347	0.09333	0.093291	0.093238
348	0.092058	0.092017	0.091976
349	0.090789	0.090746	0.090724
350	0.089589	0.089553	0.089501
351	0.088484	0.088466	0.088316
352	0.087347	0.087343	0.087142
353	0.086114	0.086115	0.086003
354	0.084888	0.084893	0.084861
355	0.083743	0.083743	0.083689
356	0.082598	0.082593	0.082517
357	0.081358	0.081335	0.081296
358	0.080109	0.080066	0.080069
359	0.078876	0.078829	0.078827
360	0.077649	0.077602	0.077579
361	0.076497	0.076482	0.076444
362	0.075404	0.075446	0.075398
363	0.074298	0.074364	0.074301
364	0.073172	0.073208	0.073125
365	0.072041	0.072046	0.071955
366	0.070892	0.07086	0.070811
367	0.069747	0.069682	0.069672
368	0.068709	0.068676	0.068633
369	0.06767	0.06767	0.067593
370	0.06667	0.066693	0.066633
371	0.065675	0.06572	0.065685
372	0.06468	0.064672	0.064676
373	0.063685	0.063593	0.063642
374	0.062613	0.062517	0.062588
375	0.061472	0.061444	0.061518
376	0.060394	0.060412	0.060469
377	0.059425	0.059452	0.059455
378	0.058457	0.058486	0.058448
379	0.05749	0.057493	0.057475
380	0.056524	0.056502	0.056502
381	0.055582	0.055562	0.05558
382	0.054641	0.054622	0.054657
383	0.053671	0.053667	0.053703
384	0.052696	0.052709	0.052745
385	0.051755	0.051745	0.051779
386	0.050831	0.050778	0.05081
387	0.049848	0.049799	0.049814
388	0.048808	0.048809	0.048793
389	0.047789	0.047822	0.04779
390	0.046806	0.046839	0.046823
391	0.045822	0.045851	0.045847
392	0.044834	0.044832	0.044833
393	0.043846	0.043815	0.04382
394	0.042902	0.042889	0.042909
395	0.041957	0.041963	0.041997
396	0.041039	0.041042	0.041063
397	0.040125	0.040122	0.040124
398	0.03913	0.039174	0.039131
399	0.038097	0.038212	0.038114
400	0.037166	0.037294	0.037193
401	0.036329	0.036418	0.036364
402	0.035507	0.035557	0.035538
403	0.034709	0.034721	0.034718
404	0.033881	0.033873	0.033882
405	0.032916	0.032972	0.032976
406	0.031953	0.03207	0.03207
407	0.031088	0.031169	0.031176
408	0.030223	0.030268	0.030282
409	0.029347	0.029369	0.029374
410	0.028469	0.02847	0.028464
411	0.027637	0.027617	0.02763
412	0.026827	0.026784	0.026831
413	0.025966	0.025937	0.025977
414	0.02506	0.025078	0.025073
415	0.024178	0.024214	0.024183
416	0.023335	0.023338	0.023317
417	0.022493	0.022474	0.02246
418	0.021648	0.021653	0.021639
419	0.020806	0.020833	0.020819
420	0.020011	0.020023	0.019999
421	0.019216	0.019213	0.01918
422	0.018411	0.018388	0.018393
423	0.017604	0.01756	0.01761
424	0.01679	0.01676	0.016783
425	0.015972	0.015971	0.015939
426	0.015123	0.015136	0.015099
427	0.014249	0.014264	0.014262
428	0.013398	0.013434	0.013444
429	0.012582	0.012669	0.012655
430	0.011764	0.011879	0.011858
431	0.010938	0.011009	0.01103
432	0.010122	0.010151	0.010211
433	0.009431	0.009439	0.00949
434	0.008741	0.008728	0.008769
435	0.008092	0.008044	0.008075
436	0.007448	0.007363	0.007384
437	0.006647	0.006585	0.006602
438	0.005794	0.005777	0.005792
439	0.005036	0.005051	0.005056
440	0.004342	0.00438	0.004372
441	0.003676	0.00372	0.003711
442	0.003046	0.003072	0.003079
443	0.002405	0.002428	0.002441
444	0.001735	0.001798	0.00179
445	0.001061	0.001151	0.001125
446	0.00035	0.000382	0.000369
447	-0.000362	-0.000387	-0.000387
448	-0.001101	-0.00111	-0.001108
449	-0.001841	-0.001833	-0.001827
450	-0.002582	-0.00256	-0.00254
451	-0.003322	-0.003288	-0.003252
452	-0.004019	-0.004017	-0.003963
453	-0.004692	-0.004746	-0.004674
454	-0.005332	-0.005387	-0.005315
455	-0.005939	-0.00594	-0.005887
456	-0.006525	-0.006501	-0.006472
457	-0.00707	-0.007076	-0.007077
458	-0.007637	-0.007666	-0.00769
459	-0.008296	-0.008312	-0.008332
460	-0.008952	-0.008956	-0.008972
461	-0.00953	-0.009565	-0.009545
462	-0.010108	-0.010175	-0.010119
463	-0.010676	-0.010726	-0.010688
464	-0.011242	-0.01127	-0.011256
465	-0.011863	-0.01187	-0.011868
466	-0.012503	-0.012489	-0.012496
467	-0.013139	-0.013132	-0.013137
468	-0.013772	-0.013793	-0.013787
469	-0.01446	-0.014489	-0.014471
470	-0.01522	-0.015232	-0.015201
471	-0.015935	-0.015941	-0.015893
472	-0.016536	-0.016561	-0.016492
473	-0.017131	-0.017168	-0.017085
474	-0.017689	-0.01769	-0.017638
475	-0.018247	-0.018212	-0.018192
476	-0.018801	-0.018804	-0.018779
477	-0.019356	-0.019398	-0.019366
478	-0.020023	-0.019993	-0.020001
479	-0.020712	-0.020589	-0.020645
480	-0.021297	-0.021188	-0.02122
481	-0.021834	-0.021789	-0.021762
482	-0.022261	-0.022246	-0.022212
483	-0.022593	-0.02258	-0.022583
484	-0.022899	-0.022881	-0.022901
485	-0.023165	-0.023132	-0.023136
486	-0.023504	-0.02346	-0.023451
487	-0.024068	-0.024029	-0.024018
488	-0.024642	-0.02461	-0.024596
489	-0.025312	-0.025314	-0.025275
490	-0.025982	-0.026018	-0.025953
491	-0.026588	-0.026606	-0.026554
492	-0.027191	-0.027189	-0.02715
493	-0.02779	-0.027778	-0.027738
494	-0.028387	-0.028369	-0.028324
495	-0.028898	-0.028868	-0.028836
496	-0.029366	-0.029319	-0.029311
497	-0.029812	-0.029771	-0.02975
498	-0.030239	-0.030224	-0.030155
499	-0.030671	-0.03067	-0.030587
500	-0.03111	-0.031108	-0.031064
501	-0.031548	-0.031541	-0.03153
502	-0.031979	-0.03196	-0.03196
503	-0.032415	-0.032384	-0.032391
504	-0.032901	-0.032855	-0.032838
505	-0.033387	-0.033327	-0.033285
506	-0.033818	-0.033789	-0.033732
507	-0.034246	-0.034249	-0.034179
508	-0.034666	-0.034698	-0.034654
509	-0.035084	-0.035144	-0.035135
510	-0.035531	-0.035571	-0.035551
511	-0.035993	-0.035988	-0.035933
512	-0.036442	-0.036428	-0.036367
513	-0.036878	-0.036889	-0.03685
514	-0.037297	-0.037314	-0.037271
515	-0.037688	-0.037681	-0.037594
516	-0.038064	-0.038045	-0.037935
517	-0.03839	-0.038402	-0.038329
518	-0.038728	-0.038764	-0.038721
519	-0.039167	-0.039172	-0.039086
520	-0.039605	-0.03958	-0.039452
521	-0.039976	-0.03995	-0.039869
522	-0.040344	-0.040318	-0.040288
523	-0.040754	-0.04071	-0.040683
524	-0.041171	-0.041107	-0.041073
525	-0.04157	-0.041495	-0.041469
526	-0.041961	-0.041878	-0.041866
527	-0.042297	-0.042238	-0.042215
528	-0.042589	-0.042578	-0.042525
529	-0.042905	-0.042912	-0.042832
530	-0.043251	-0.043238	-0.043135
531	-0.043592	-0.04356	-0.043451
532	-0.04392	-0.043873	-0.0438
533	-0.044245	-0.044192	-0.044149
534	-0.044552	-0.04454	-0.044497
535	-0.04486	-0.044886	-0.044844
536	-0.045199	-0.045173	-0.045181
537	-0.045538	-0.04546	-0.045518
538	-0.045865	-0.045788	-0.045853
539	-0.04619	-0.046121	-0.046188
540	-0.046454	-0.046436	-0.046447
541	-0.046699	-0.046745	-0.046683
542	-0.046944	-0.047005	-0.046914
543	-0.047189	-0.047236	-0.047143
544	-0.047473	-0.047509	-0.047422
545	-0.047797	-0.047823	-0.04775
546	-0.048108	-0.048128	-0.048064
547	-0.048396	-0.048417	-0.048355
548	-0.048686	-0.048704	-0.04864
549	-0.04898	-0.048982	-0.048906
550	-0.049272	-0.049256	-0.049172
551	-0.049538	-0.049502	-0.049447
552	-0.049805	-0.049749	-0.049722
553	-0.05011	-0.050057	-0.04998
554	-0.050416	-0.050365	-0.050238
555	-0.050648	-0.050617	-0.050507
556	-0.050869	-0.050859	-0.050778
557	-0.051148	-0.051149	-0.051072
558	-0.051447	-0.051456	-0.051373
559	-0.051779	-0.051767	-0.051677
560	-0.052133	-0.052079	-0.051983
561	-0.052449	-0.052385	-0.052286
562	-0.052726	-0.052683	-0.052586
563	-0.053001	-0.052978	-0.052891
564	-0.053274	-0.053265	-0.053206
565	-0.053533	-0.053529	-0.053494
566	-0.053754	-0.053723	-0.053697
567	-0.053974	-0.053918	-0.053896
568	-0.054193	-0.054129	-0.054074
569	-0.054412	-0.054339	-0.054252
570	-0.054588	-0.054531	-0.054484
571	-0.054764	-0.054722	-0.054716
572	-0.05499	-0.054958	-0.054935
573	-0.055223	-0.055201	-0.055152
574	-0.055451	-0.055435	-0.055381
575	-0.055678	-0.055666	-0.055612
576	-0.05589	-0.055865	-0.055801
577	-0.056094	-0.056047	-0.055965
578	-0.056305	-0.056258	-0.056183
579	-0.056524	-0.056497	-0.056451
580	-0.056747	-0.056742	-0.056711
581	-0.056978	-0.056996	-0.056957
582	-0.05724	-0.057267	-0.057221
583	-0.057581	-0.057581	-0.057529
584	-0.057918	-0.057898	-0.057843
585	-0.058232	-0.058232	-0.058192
586	-0.058545	-0.058561	-0.058536
587	-0.05883	-0.058819	-0.058775
588	-0.059115	-0.059076	-0.059014
589	-0.059409	-0.059401	-0.059352
590	-0.059704	-0.05973	-0.059697
591	-0.059984	-0.05999	-0.059943
592	-0.06026	-0.060234	-0.060168
593	-0.060503	-0.060465	-0.060397
594	-0.060731	-0.060689	-0.060629
595	-0.061005	-0.060966	-0.060909
596	-0.061309	-0.061277	-0.061223
597	-0.061638	-0.061606	-0.061545
598	-0.061993	-0.061955	-0.061877
599	-0.062278	-0.062242	-0.062164
600	-0.062441	-0.062424	-0.062371
601	-0.062572	-0.062568	-0.062531
602	-0.062612	-0.062601	-0.062549
603	-0.062641	-0.062632	-0.062563
604	-0.062609	-0.06265	-0.062545
605	-0.062577	-0.062666	-0.062528
606	-0.062573	-0.062628	-0.062531
607	-0.062569	-0.06259	-0.062534
608	-0.062594	-0.062603	-0.062559
609	-0.062622	-0.062621	-0.062586
610	-0.06272	-0.062702	-0.062655
611	-0.062833	-0.062798	-0.062734
612	-0.062988	-0.062935	-0.06289
613	-0.06316	-0.06309	-0.063077
614	-0.063347	-0.063287	-0.063278
615	-0.063543	-0.063511	-0.063487
616	-0.063749	-0.063737	-0.063703
617	-0.063964	-0.063964	-0.063925
618	-0.064225	-0.064218	-0.064174
619	-0.064553	-0.064513	-0.064464
620	-0.064844	-0.064793	-0.064737
621	-0.065049	-0.065038	-0.064973
622	-0.065263	-0.065287	-0.065211
623	-0.065513	-0.065555	-0.065455
624	-0.065767	-0.065823	-0.065703
625	-0.066063	-0.066077	-0.065993
626	-0.066359	-0.066331	-0.066283
627	-0.066632	-0.066612	-0.066594
628	-0.066905	-0.066893	-0.066904
629	-0.067116	-0.0671	-0.067084
630	-0.06732	-0.067298	-0.067248
631	-0.06752	-0.067501	-0.067458
632	-0.067718	-0.067705	-0.06768
633	-0.06795	-0.06797	-0.067906
634	-0.068196	-0.068263	-0.068135
635	-0.068458	-0.068519	-0.068404
636	-0.068731	-0.068751	-0.068699
637	-0.068979	-0.068975	-0.068966
638	-0.069203	-0.069191	-0.069203
639	-0.069431	-0.069406	-0.069438
640	-0.069666	-0.06962	-0.069669
641	-0.069897	-0.069843	-0.069872
642	-0.070118	-0.070084	-0.070013
643	-0.070348	-0.070329	-0.070189
644	-0.07061	-0.070587	-0.070493
645	-0.070864	-0.070841	-0.07078
646	-0.071062	-0.07107	-0.070957
647	-0.071265	-0.071299	-0.071138
648	-0.071563	-0.071556	-0.07146
649	-0.07186	-0.071813	-0.071783
650	-0.072131	-0.072109	-0.07207
651	-0.072399	-0.072407	-0.072355
652	-0.072305	-0.072288	-0.072247
653	-0.072148	-0.072096	-0.07207
654	-0.071987	-0.071963	-0.071923
655	-0.071825	-0.071849	-0.071784
656	-0.071906	-0.071927	-0.071869
657	-0.072104	-0.072098	-0.072061
658	-0.072386	-0.072363	-0.072355
659	-0.072727	-0.072694	-0.07272
660	-0.073178	-0.073149	-0.073168
661	-0.073739	-0.073728	-0.073701
662	-0.074186	-0.074174	-0.074104
663	-0.074472	-0.074433	-0.074327
664	-0.074651	-0.074584	-0.074477
665	-0.074613	-0.074518	-0.074478
666	-0.074593	-0.074488	-0.074483
667	-0.07463	-0.074569	-0.074502
668	-0.074681	-0.074663	-0.074547
669	-0.074807	-0.074819	-0.074734
670	-0.074946	-0.07498	-0.074922
671	-0.075234	-0.075189	-0.075134
672	-0.075522	-0.075398	-0.075346
673	-0.075637	-0.075576	-0.075526
674	-0.075752	-0.075753	-0.075705
675	-0.076072	-0.076068	-0.075999
676	-0.076411	-0.076394	-0.076302
677	-0.076649	-0.076613	-0.076556
678	-0.076867	-0.076811	-0.0768
679	-0.077136	-0.077095	-0.077059
680	-0.07742	-0.077406	-0.077322
681	-0.077796	-0.077794	-0.077736
682	-0.078214	-0.078218	-0.07822
683	-0.078594	-0.0786	-0.078635
684	-0.078949	-0.078955	-0.079006
685	-0.07932	-0.079328	-0.079351
686	-0.079704	-0.079716	-0.079673
687	-0.080039	-0.080072	-0.079996
688	-0.080315	-0.08039	-0.08032
689	-0.080651	-0.080728	-0.080655
690	-0.081081	-0.0811	-0.081009
691	-0.081496	-0.081467	-0.081382
692	-0.081877	-0.081825	-0.081796
693	-0.082261	-0.082193	-0.082205
694	-0.08265	-0.082595	-0.082601
695	-0.08304	-0.083001	-0.082991
696	-0.083432	-0.083421	-0.083351
697	-0.083825	-0.083837	-0.083717
698	-0.084235	-0.084208	-0.084124
699	-0.084644	-0.084578	-0.084531
700	-0.085023	-0.084951	-0.08494
701	-0.085401	-0.085324	-0.085349
702	-0.085804	-0.085784	-0.0857
703	-0.086207	-0.086247	-0.086048
704	-0.086492	-0.086531	-0.086421
705	-0.086764	-0.086794	-0.086795
706	-0.087189	-0.087159	-0.087197
707	-0.087645	-0.087545	-0.087603
708	-0.08796	-0.087834	-0.087809
709	-0.088231	-0.088095	-0.087955
710	-0.088534	-0.088394	-0.08831
711	-0.088851	-0.088709	-0.088753
712	-0.089198	-0.089164	-0.089158
713	-0.089564	-0.089698	-0.089542
714	-0.089713	-0.089904	-0.08966
715	-0.089706	-0.08987	-0.089586
716	-0.089928	-0.090042	-0.089749
717	-0.090363	-0.090403	-0.090133
718	-0.090557	-0.090658	-0.090378
719	-0.090469	-0.090788	-0.090461
720	-0.090815	-0.091104	-0.090746
[LOG]
CHECKSUM‰=