[HEADER]
Format	J&M ASCII Table
Comment	
Date	11/08/2026 10:33:02
Order	Y (evenX)
TechType	UV
NumPoints	411
FirstX	310
LastX	720
XType	nm
YType	Absorbance
ZType	s
NumSubFile	3
Matrix	Z vs X
[LOGIN]
Name=pcbob
[INSTRUMENT]
Name=TIDAS E Base UV/VI
Detector=MMS - ASPEN 97,5 kHz
Diodearray=256 Pixel
Serial#=36584
Calibrated=2011-07-01
Range=183.81-729.88 [nm] (F0)

SWVersion=v3.18.2 (build 0)[LOGIN]
Name=pcbob
[CONFIG]
ChannelName=Channel 1
ChannelType=Normalized
[PARAMETER]
It=360,00
Aver=5
Norm=3
Range=310,0-720,0 nm
Scan=Time
ScanTime=5,00 s
[TRIGGER]
Sweep=0
Scan=0
[DIO]
DigOut=0x0000
DigIn=0x0000
[DATA]
	00:00:00,000	00:00:01,800	00:00:03,600
310	0.128731	0.128699	0.128763
311	0.126877	0.126856	0.126905
312	0.125082	0.125061	0.125083
313	0.123344	0.123324	0.123331
314	0.121686	0.121665	0.121676
315	0.120056	0.12004	0.12004
316	0.118515	0.118525	0.118467
317	0.116978	0.117011	0.116901
318	0.115514	0.115529	0.115443
319	0.11405	0.114047	0.113986
320	0.112613	0.112602	0.112582
321	0.111181	0.111162	0.111186
322	0.109779	0.109739	0.109772
323	0.10839	0.108324	0.108351
324	0.107045	0.106994	0.106995
325	0.10574	0.10574	0.105698
326	0.104421	0.104454	0.104391
327	0.10308	0.103108	0.103066
328	0.101772	0.101788	0.101769
329	0.100614	0.10059	0.100596
330	0.099456	0.099392	0.099424
331	0.098232	0.098212	0.098225
332	0.097009	0.097032	0.097025
333	0.095793	0.095817	0.095861
334	0.094578	0.094595	0.094704
335	0.093409	0.093443	0.093535
336	0.092264	0.092329	0.092361
337	0.09113	0.091188	0.091188
338	0.09001	0.090016	0.090016
339	0.088882	0.088855	0.088859
340	0.087737	0.087718	0.087733
341	0.086593	0.086584	0.086608
342	0.08545	0.085474	0.085481
343	0.084307	0.084363	0.084355
344	0.083146	0.083185	0.083168
345	0.081984	0.082002	0.081976
346	0.080815	0.080847	0.080828
347	0.079644	0.079701	0.079692
348	0.078525	0.078597	0.078571
349	0.077441	0.077521	0.07746
350	0.07637	0.07645	0.076369
351	0.075319	0.075383	0.075304
352	0.07425	0.074302	0.074225
353	0.073132	0.073179	0.073105
354	0.072012	0.072056	0.071984
355	0.070887	0.070937	0.070858
356	0.069761	0.069817	0.069732
357	0.068665	0.06869	0.068619
358	0.067572	0.067563	0.067507
359	0.066463	0.066469	0.06641
360	0.065347	0.065387	0.065319
361	0.064344	0.064394	0.064317
362	0.06343	0.06347	0.063386
363	0.062451	0.062485	0.062412
364	0.061371	0.061403	0.061371
365	0.060289	0.060323	0.060324
366	0.059201	0.059255	0.059259
367	0.05812	0.058192	0.0582
368	0.057198	0.057244	0.057242
369	0.056276	0.056295	0.056284
370	0.055329	0.05538	0.05534
371	0.054378	0.05447	0.054398
372	0.053408	0.053471	0.053414
373	0.052432	0.052433	0.052413
374	0.051421	0.051402	0.051398
375	0.050381	0.050376	0.050372
376	0.049393	0.049403	0.049404
377	0.0485	0.048524	0.048539
378	0.047585	0.047624	0.04765
379	0.04658	0.046631	0.046661
380	0.045578	0.04564	0.045673
381	0.044681	0.044737	0.044768
382	0.043784	0.043834	0.043864
383	0.042913	0.042934	0.042955
384	0.042045	0.042036	0.042047
385	0.041151	0.041158	0.041143
386	0.040244	0.04029	0.040241
387	0.039297	0.039382	0.039333
388	0.038311	0.038436	0.038417
389	0.037366	0.037491	0.037493
390	0.036496	0.036546	0.036553
391	0.035614	0.035607	0.035614
392	0.034678	0.0347	0.034678
393	0.033742	0.033794	0.033742
394	0.032867	0.032918	0.032886
395	0.031993	0.032042	0.03203
396	0.031084	0.031094	0.031117
397	0.030169	0.030134	0.030195
398	0.029185	0.029173	0.029219
399	0.028169	0.028212	0.028218
400	0.027261	0.027335	0.027311
401	0.026454	0.026535	0.026494
402	0.02566	0.025739	0.025703
403	0.024891	0.02495	0.02496
404	0.024096	0.024136	0.024179
405	0.023188	0.02321	0.023226
406	0.02228	0.022285	0.022276
407	0.0214	0.02143	0.021443
408	0.020519	0.020574	0.02061
409	0.019689	0.019738	0.019791
410	0.018868	0.018906	0.018974
411	0.018081	0.018124	0.018165
412	0.017308	0.017364	0.017357
413	0.01652	0.016606	0.016562
414	0.01572	0.015848	0.015777
415	0.01494	0.015076	0.015002
416	0.014197	0.014275	0.014248
417	0.01345	0.01348	0.01349
418	0.01269	0.012704	0.012718
419	0.011926	0.011926	0.011945
420	0.011104	0.01108	0.011142
421	0.010282	0.010234	0.01034
422	0.009539	0.009489	0.009596
423	0.008807	0.008758	0.008861
424	0.008107	0.008054	0.008145
425	0.007419	0.007361	0.007436
426	0.00664	0.006594	0.006675
427	0.005789	0.005767	0.005871
428	0.004961	0.004951	0.005056
429	0.004169	0.004154	0.004225
430	0.003378	0.003353	0.003405
431	0.002592	0.002543	0.002618
432	0.001811	0.001746	0.001837
433	0.001092	0.001116	0.001118
434	0.000373	0.000486	0.000398
435	-0.000321	-0.00022	-0.000277
436	-0.001013	-0.000934	-0.000948
437	-0.001711	-0.001664	-0.001664
438	-0.002411	-0.0024	-0.002395
439	-0.003076	-0.003065	-0.003042
440	-0.003715	-0.003681	-0.003631
441	-0.004335	-0.004279	-0.004237
442	-0.004929	-0.004854	-0.004865
443	-0.005525	-0.005448	-0.005484
444	-0.006125	-0.006089	-0.006077
445	-0.006738	-0.00674	-0.006689
446	-0.007443	-0.007457	-0.007431
447	-0.008148	-0.008174	-0.008173
448	-0.008827	-0.008828	-0.008825
449	-0.009504	-0.00948	-0.009475
450	-0.010185	-0.010177	-0.010149
451	-0.010867	-0.010884	-0.01083
452	-0.011495	-0.01149	-0.011448
453	-0.012095	-0.012043	-0.012033
454	-0.012666	-0.012602	-0.012597
455	-0.013211	-0.013167	-0.013141
456	-0.013784	-0.013746	-0.013704
457	-0.014409	-0.014352	-0.014303
458	-0.01502	-0.01496	-0.014906
459	-0.01557	-0.015575	-0.015524
460	-0.016123	-0.016188	-0.016141
461	-0.016729	-0.01675	-0.016723
462	-0.017335	-0.017312	-0.017304
463	-0.017879	-0.017863	-0.017862
464	-0.018416	-0.018412	-0.018416
465	-0.019002	-0.019024	-0.019005
466	-0.019605	-0.019658	-0.019606
467	-0.020252	-0.020281	-0.020246
468	-0.020928	-0.020897	-0.020913
469	-0.021616	-0.021555	-0.021588
470	-0.022318	-0.022271	-0.022276
471	-0.022985	-0.022948	-0.022936
472	-0.023559	-0.023523	-0.023524
473	-0.024127	-0.024087	-0.024099
474	-0.02465	-0.024571	-0.024584
475	-0.025173	-0.025056	-0.025068
476	-0.025686	-0.025586	-0.025592
477	-0.026198	-0.026118	-0.026116
478	-0.026725	-0.026675	-0.026661
479	-0.027255	-0.027238	-0.02721
480	-0.027775	-0.027754	-0.027735
481	-0.028291	-0.028247	-0.028248
482	-0.028681	-0.028632	-0.028642
483	-0.028964	-0.028922	-0.028933
484	-0.029194	-0.029162	-0.029166
485	-0.029341	-0.029322	-0.029308
486	-0.029588	-0.029579	-0.02955
487	-0.030148	-0.03014	-0.030105
488	-0.030719	-0.03071	-0.030671
489	-0.031387	-0.031367	-0.031346
490	-0.032055	-0.032025	-0.032021
491	-0.032644	-0.032658	-0.032653
492	-0.033228	-0.03329	-0.033284
493	-0.033798	-0.033842	-0.033841
494	-0.034365	-0.034376	-0.03438
495	-0.034843	-0.034836	-0.034848
496	-0.035275	-0.035257	-0.035279
497	-0.035703	-0.035668	-0.035688
498	-0.036125	-0.036069	-0.036077
499	-0.036561	-0.036481	-0.036483
500	-0.037022	-0.036914	-0.036918
501	-0.03746	-0.037343	-0.037349
502	-0.037826	-0.037758	-0.037762
503	-0.038199	-0.038173	-0.038179
504	-0.038656	-0.03859	-0.038626
505	-0.039113	-0.039006	-0.039074
506	-0.039558	-0.039457	-0.039514
507	-0.040003	-0.039909	-0.039955
508	-0.040482	-0.040393	-0.040428
509	-0.04097	-0.040884	-0.04091
510	-0.041381	-0.041307	-0.041314
511	-0.041753	-0.041696	-0.041679
512	-0.04213	-0.042086	-0.042065
513	-0.042511	-0.042477	-0.04247
514	-0.04287	-0.042838	-0.042846
515	-0.043192	-0.043152	-0.043174
516	-0.043518	-0.043475	-0.043499
517	-0.043857	-0.043822	-0.043815
518	-0.044198	-0.044169	-0.044136
519	-0.044548	-0.044521	-0.044504
520	-0.044899	-0.044874	-0.044873
521	-0.04526	-0.045236	-0.04522
522	-0.045621	-0.045598	-0.045566
523	-0.045952	-0.045925	-0.045877
524	-0.046277	-0.046244	-0.046182
525	-0.046601	-0.046572	-0.046512
526	-0.046924	-0.046904	-0.046853
527	-0.047219	-0.047197	-0.047173
528	-0.047493	-0.047459	-0.047478
529	-0.047773	-0.047732	-0.047756
530	-0.048062	-0.04802	-0.047999
531	-0.048361	-0.048314	-0.048266
532	-0.048685	-0.048621	-0.048593
533	-0.048998	-0.048926	-0.04891
534	-0.049261	-0.04921	-0.049172
535	-0.049526	-0.049496	-0.049436
536	-0.049859	-0.04983	-0.049769
537	-0.050191	-0.050165	-0.050103
538	-0.050516	-0.050484	-0.05042
539	-0.05084	-0.050801	-0.050735
540	-0.051089	-0.051047	-0.05098
541	-0.051315	-0.051271	-0.051202
542	-0.051559	-0.051511	-0.051449
543	-0.051812	-0.051761	-0.05171
544	-0.052079	-0.05204	-0.051999
545	-0.052357	-0.052347	-0.052315
546	-0.052627	-0.052626	-0.0526
547	-0.052884	-0.052855	-0.052834
548	-0.053142	-0.053087	-0.053077
549	-0.053409	-0.053329	-0.053347
550	-0.053671	-0.053573	-0.053615
551	-0.053894	-0.053835	-0.053868
552	-0.054118	-0.054096	-0.05412
553	-0.05438	-0.054344	-0.054345
554	-0.054642	-0.054592	-0.054569
555	-0.054892	-0.054839	-0.054826
556	-0.055141	-0.055085	-0.055088
557	-0.055384	-0.05533	-0.055339
558	-0.055625	-0.055574	-0.055586
559	-0.05588	-0.055838	-0.055841
560	-0.056143	-0.056114	-0.056102
561	-0.056423	-0.056392	-0.056372
562	-0.056721	-0.056673	-0.05665
563	-0.056989	-0.056935	-0.056907
564	-0.057202	-0.057166	-0.057126
565	-0.05741	-0.057379	-0.057334
566	-0.057602	-0.057537	-0.057506
567	-0.057784	-0.057691	-0.057675
568	-0.057895	-0.057822	-0.057818
569	-0.058006	-0.057952	-0.057961
570	-0.058155	-0.058121	-0.058113
571	-0.058304	-0.05829	-0.058265
572	-0.058482	-0.058441	-0.058434
573	-0.058664	-0.058588	-0.058604
574	-0.058814	-0.058757	-0.058762
575	-0.058953	-0.058932	-0.058914
576	-0.05911	-0.059082	-0.059068
577	-0.059279	-0.059218	-0.059222
578	-0.059457	-0.059392	-0.059396
579	-0.059643	-0.059603	-0.059589
580	-0.059841	-0.059812	-0.059793
581	-0.06006	-0.060018	-0.060015
582	-0.060304	-0.060258	-0.060265
583	-0.060618	-0.060587	-0.060593
584	-0.060933	-0.06092	-0.06092
585	-0.06125	-0.06127	-0.061244
586	-0.061565	-0.061614	-0.061565
587	-0.061827	-0.06184	-0.06184
588	-0.06209	-0.062066	-0.062114
589	-0.062398	-0.06238	-0.062364
590	-0.06271	-0.0627	-0.062612
591	-0.062964	-0.062955	-0.062881
592	-0.063207	-0.063195	-0.063155
593	-0.063449	-0.06342	-0.063409
594	-0.063691	-0.063637	-0.063655
595	-0.063977	-0.063909	-0.063921
596	-0.064294	-0.064217	-0.064202
597	-0.064609	-0.064538	-0.064517
598	-0.064923	-0.064874	-0.064871
599	-0.065186	-0.065144	-0.065144
600	-0.065358	-0.0653	-0.065277
601	-0.065502	-0.065437	-0.0654
602	-0.06556	-0.065517	-0.065493
603	-0.06561	-0.065585	-0.06557
604	-0.065619	-0.065585	-0.065555
605	-0.065625	-0.065585	-0.06554
606	-0.06559	-0.06556	-0.065538
607	-0.065554	-0.065534	-0.065535
608	-0.0656	-0.065579	-0.065596
609	-0.065653	-0.065629	-0.065662
610	-0.065733	-0.065726	-0.065735
611	-0.065819	-0.065832	-0.06581
612	-0.065952	-0.065968	-0.065935
613	-0.066105	-0.066116	-0.066079
614	-0.066277	-0.066287	-0.066261
615	-0.06646	-0.066474	-0.066467
616	-0.06665	-0.066664	-0.066665
617	-0.066845	-0.066858	-0.066854
618	-0.067094	-0.067074	-0.067063
619	-0.067424	-0.067321	-0.067299
620	-0.0677	-0.067563	-0.067537
621	-0.067845	-0.067789	-0.067778
622	-0.068001	-0.068008	-0.06801
623	-0.068202	-0.068197	-0.068207
624	-0.068413	-0.068395	-0.068409
625	-0.068709	-0.068688	-0.06867
626	-0.069005	-0.06898	-0.06893
627	-0.069284	-0.06924	-0.069168
628	-0.069563	-0.069499	-0.069405
629	-0.069732	-0.069686	-0.069609
630	-0.069887	-0.069864	-0.06981
631	-0.070052	-0.070005	-0.069982
632	-0.07022	-0.070137	-0.070146
633	-0.070436	-0.070365	-0.070369
634	-0.070673	-0.070635	-0.070616
635	-0.070897	-0.070877	-0.070848
636	-0.071111	-0.071099	-0.071068
637	-0.071315	-0.071309	-0.071264
638	-0.071507	-0.071505	-0.071436
639	-0.071725	-0.071726	-0.071632
640	-0.071979	-0.071985	-0.071865
641	-0.072189	-0.072217	-0.072085
642	-0.072302	-0.072391	-0.072279
643	-0.072431	-0.072559	-0.072474
644	-0.072614	-0.072707	-0.072672
645	-0.072803	-0.07286	-0.072869
646	-0.073041	-0.073048	-0.073062
647	-0.073282	-0.07324	-0.073258
648	-0.073587	-0.073525	-0.073516
649	-0.073893	-0.073809	-0.073775
650	-0.074032	-0.073987	-0.074001
651	-0.074161	-0.074159	-0.074225
652	-0.073986	-0.07399	-0.074013
653	-0.073759	-0.073762	-0.073726
654	-0.07361	-0.073605	-0.073567
655	-0.073485	-0.073469	-0.073448
656	-0.073551	-0.073532	-0.073529
657	-0.073708	-0.07369	-0.073706
658	-0.073983	-0.073964	-0.073987
659	-0.07434	-0.074318	-0.074342
660	-0.074826	-0.074792	-0.074828
661	-0.075442	-0.075386	-0.075445
662	-0.075905	-0.07586	-0.075906
663	-0.076152	-0.076165	-0.076143
664	-0.076334	-0.076356	-0.076309
665	-0.076382	-0.076313	-0.076327
666	-0.076446	-0.076305	-0.076347
667	-0.076558	-0.076407	-0.076373
668	-0.076662	-0.076515	-0.076428
669	-0.076727	-0.07666	-0.07663
670	-0.076801	-0.076808	-0.076832
671	-0.076987	-0.077008	-0.077034
672	-0.077172	-0.077207	-0.077236
673	-0.077393	-0.07744	-0.077415
674	-0.077614	-0.077672	-0.077594
675	-0.077874	-0.07788	-0.077826
676	-0.078137	-0.078086	-0.078063
677	-0.07836	-0.078241	-0.078272
678	-0.078575	-0.078386	-0.078475
679	-0.078822	-0.078617	-0.078705
680	-0.079078	-0.078875	-0.078943
681	-0.0794	-0.079256	-0.079275
682	-0.079753	-0.079694	-0.07965
683	-0.080094	-0.080054	-0.080018
684	-0.080428	-0.080364	-0.080383
685	-0.080745	-0.080692	-0.080722
686	-0.081047	-0.081037	-0.081039
687	-0.081326	-0.081358	-0.081311
688	-0.081577	-0.081651	-0.08153
689	-0.081869	-0.081953	-0.081821
690	-0.082227	-0.08227	-0.082228
691	-0.082573	-0.082587	-0.082586
692	-0.082891	-0.082905	-0.082836
693	-0.083227	-0.083234	-0.083119
694	-0.083617	-0.083596	-0.083504
695	-0.084001	-0.083958	-0.083891
696	-0.08435	-0.084314	-0.08429
697	-0.084698	-0.08467	-0.084685
698	-0.085027	-0.085022	-0.085033
699	-0.085357	-0.085374	-0.085382
700	-0.085715	-0.085753	-0.085744
701	-0.086072	-0.086131	-0.086106
702	-0.086443	-0.086509	-0.08647
703	-0.086814	-0.086886	-0.086833
704	-0.087063	-0.087075	-0.087108
705	-0.087299	-0.087242	-0.087372
706	-0.087714	-0.087716	-0.087748
707	-0.088166	-0.088252	-0.088147
708	-0.088347	-0.088422	-0.088418
709	-0.088446	-0.088481	-0.08865
710	-0.088792	-0.088706	-0.088918
711	-0.089243	-0.089001	-0.0892
712	-0.089657	-0.089452	-0.089535
713	-0.090051	-0.08999	-0.089901
714	-0.0902	-0.090243	-0.090093
715	-0.090172	-0.090288	-0.09016
716	-0.090414	-0.090473	-0.090374
717	-0.090906	-0.090785	-0.090725
718	-0.091251	-0.090987	-0.091036
719	-0.091423	-0.091059	-0.091298
720	-0.091714	-0.091405	-0.091679
[LOG]
CHECKSUMfî