[HEADER]
Format	J&M ASCII Table
Comment	
Date	11/08/2026 10:00:17
Order	Y (evenX)
TechType	UV
NumPoints	411
FirstX	310
LastX	720
XType	nm
YType	Absorbance
ZType	s
NumSubFile	3
Matrix	Z vs X
[LOGIN]
Name=pcbob
[INSTRUMENT]
Name=TIDAS E Base UV/VI
Detector=MMS - ASPEN 97,5 kHz
Diodearray=256 Pixel
Serial#=36584
Calibrated=2011-07-01
Range=183.81-729.88 [nm] (F0)

SWVersion=v3.18.2 (build 0)[LOGIN]
Name=pcbob
[CONFIG]
ChannelName=Channel 1
ChannelType=Normalized
[PARAMETER]
It=360,00
Aver=5
Norm=3
Range=310,0-720,0 nm
Scan=Time
ScanTime=5,00 s
[TRIGGER]
Sweep=0
Scan=0
[DIO]
DigOut=0x0000
DigIn=0x0000
[DATA]
	00:00:00,000	00:00:01,800	00:00:03,600
310	-0.002396	-0.002347	-0.002405
311	-0.002496	-0.002443	-0.00251
312	-0.002607	-0.002535	-0.002602
313	-0.002707	-0.002631	-0.002693
314	-0.002793	-0.002731	-0.002782
315	-0.002879	-0.002829	-0.002864
316	-0.002965	-0.002916	-0.002923
317	-0.00305	-0.003002	-0.002983
318	-0.003129	-0.003061	-0.003064
319	-0.003209	-0.003119	-0.003145
320	-0.003227	-0.003166	-0.003178
321	-0.003238	-0.003211	-0.003206
322	-0.003273	-0.003242	-0.003232
323	-0.003318	-0.003266	-0.003257
324	-0.003334	-0.003286	-0.003264
325	-0.003323	-0.003302	-0.003256
326	-0.003332	-0.003324	-0.003269
327	-0.003377	-0.003357	-0.00332
328	-0.003409	-0.00338	-0.003353
329	-0.003382	-0.003358	-0.003301
330	-0.003354	-0.003336	-0.003248
331	-0.003367	-0.003351	-0.003279
332	-0.00338	-0.003366	-0.003309
333	-0.003423	-0.003384	-0.003365
334	-0.003473	-0.003403	-0.003426
335	-0.003481	-0.003415	-0.003445
336	-0.003466	-0.003423	-0.003441
337	-0.003433	-0.003407	-0.003421
338	-0.003379	-0.003365	-0.003382
339	-0.003362	-0.003347	-0.003366
340	-0.00343	-0.003386	-0.003402
341	-0.003489	-0.003423	-0.003432
342	-0.00348	-0.003444	-0.003415
343	-0.00347	-0.003464	-0.003397
344	-0.003553	-0.003532	-0.003469
345	-0.003641	-0.003603	-0.003545
346	-0.003686	-0.003638	-0.003595
347	-0.003719	-0.003663	-0.003637
348	-0.00378	-0.003697	-0.003705
349	-0.003859	-0.003736	-0.003789
350	-0.003897	-0.003781	-0.00384
351	-0.003877	-0.003834	-0.003846
352	-0.003894	-0.00389	-0.003875
353	-0.004021	-0.003954	-0.003977
354	-0.004143	-0.004022	-0.004076
355	-0.004195	-0.004133	-0.004146
356	-0.004246	-0.004245	-0.004216
357	-0.004332	-0.004326	-0.004284
358	-0.004422	-0.004405	-0.004352
359	-0.0045	-0.004476	-0.004458
360	-0.004573	-0.004545	-0.004577
361	-0.004609	-0.00457	-0.004606
362	-0.004615	-0.004563	-0.004564
363	-0.004641	-0.004599	-0.004596
364	-0.004699	-0.004707	-0.004744
365	-0.004772	-0.004808	-0.00487
366	-0.004904	-0.004883	-0.004912
367	-0.005032	-0.004957	-0.004954
368	-0.00507	-0.004984	-0.005002
369	-0.005108	-0.00501	-0.005049
370	-0.005152	-0.005061	-0.0051
371	-0.005196	-0.005115	-0.005153
372	-0.005235	-0.005172	-0.005182
373	-0.005272	-0.005229	-0.005201
374	-0.005334	-0.005294	-0.00527
375	-0.005419	-0.005365	-0.005384
376	-0.005485	-0.005437	-0.005476
377	-0.005519	-0.005512	-0.005531
378	-0.005568	-0.005584	-0.005592
379	-0.005684	-0.005645	-0.005681
380	-0.005796	-0.005706	-0.005767
381	-0.005779	-0.005745	-0.005765
382	-0.005762	-0.005784	-0.005763
383	-0.00579	-0.00582	-0.005778
384	-0.005826	-0.005856	-0.005795
385	-0.005855	-0.005859	-0.005829
386	-0.005882	-0.005845	-0.005871
387	-0.005935	-0.005879	-0.005923
388	-0.006012	-0.005955	-0.005984
389	-0.00607	-0.00601	-0.006024
390	-0.00609	-0.006024	-0.006026
391	-0.006119	-0.006041	-0.006042
392	-0.006184	-0.006072	-0.006124
393	-0.006249	-0.006104	-0.006206
394	-0.00633	-0.006233	-0.006305
395	-0.00641	-0.006362	-0.006404
396	-0.006457	-0.006412	-0.006461
397	-0.006497	-0.006448	-0.00651
398	-0.006574	-0.00653	-0.006591
399	-0.006669	-0.006634	-0.006686
400	-0.006736	-0.006692	-0.006732
401	-0.006777	-0.006706	-0.006733
402	-0.006811	-0.006722	-0.006735
403	-0.006832	-0.006741	-0.006739
404	-0.006876	-0.006796	-0.006778
405	-0.007018	-0.007017	-0.006972
406	-0.007159	-0.007235	-0.007163
407	-0.007231	-0.00729	-0.007196
408	-0.007302	-0.007346	-0.00723
409	-0.007338	-0.00741	-0.007317
410	-0.007369	-0.007477	-0.007413
411	-0.007393	-0.007471	-0.007419
412	-0.007414	-0.007434	-0.007386
413	-0.007448	-0.00742	-0.007409
414	-0.007493	-0.007427	-0.007484
415	-0.007555	-0.007474	-0.007555
416	-0.007647	-0.007587	-0.007623
417	-0.007723	-0.007685	-0.007686
418	-0.00773	-0.007727	-0.007734
419	-0.007737	-0.007768	-0.00778
420	-0.007742	-0.007791	-0.007794
421	-0.007747	-0.007815	-0.007808
422	-0.00779	-0.007874	-0.007886
423	-0.007838	-0.007939	-0.007973
424	-0.007969	-0.008046	-0.008075
425	-0.008132	-0.00817	-0.008184
426	-0.008283	-0.008298	-0.008296
427	-0.008422	-0.00843	-0.00841
428	-0.00855	-0.008547	-0.008521
429	-0.008662	-0.008642	-0.008626
430	-0.008765	-0.008732	-0.008723
431	-0.008841	-0.00881	-0.008792
432	-0.008922	-0.008891	-0.008868
433	-0.009063	-0.009006	-0.00902
434	-0.009205	-0.009122	-0.009172
435	-0.009256	-0.009202	-0.009243
436	-0.009298	-0.009279	-0.009307
437	-0.009353	-0.009338	-0.009373
438	-0.009411	-0.00939	-0.009438
439	-0.00945	-0.009431	-0.009476
440	-0.009476	-0.009463	-0.009494
441	-0.009479	-0.009476	-0.009489
442	-0.009451	-0.009464	-0.009455
443	-0.009453	-0.009482	-0.00945
444	-0.009531	-0.009578	-0.009519
445	-0.009616	-0.009674	-0.009597
446	-0.009742	-0.009773	-0.009744
447	-0.009868	-0.009871	-0.00989
448	-0.009954	-0.00995	-0.009971
449	-0.010039	-0.010029	-0.01005
450	-0.010117	-0.010114	-0.010125
451	-0.010193	-0.010201	-0.010199
452	-0.010252	-0.010257	-0.010262
453	-0.010303	-0.010297	-0.010318
454	-0.010314	-0.010317	-0.010326
455	-0.010284	-0.010318	-0.010285
456	-0.010285	-0.010338	-0.010289
457	-0.010344	-0.010397	-0.010377
458	-0.010421	-0.010466	-0.010473
459	-0.010573	-0.010573	-0.010603
460	-0.01072	-0.010678	-0.010728
461	-0.010764	-0.010712	-0.010762
462	-0.010807	-0.010746	-0.010796
463	-0.010859	-0.010818	-0.010846
464	-0.010912	-0.010895	-0.010898
465	-0.011054	-0.011049	-0.011036
466	-0.011228	-0.01123	-0.011204
467	-0.011371	-0.011381	-0.011367
468	-0.011493	-0.01151	-0.011527
469	-0.011626	-0.011651	-0.011682
470	-0.011772	-0.011807	-0.011831
471	-0.011898	-0.011942	-0.011952
472	-0.011971	-0.012021	-0.012001
473	-0.012034	-0.012086	-0.012048
474	-0.012035	-0.012059	-0.012081
475	-0.012035	-0.012033	-0.012114
476	-0.01204	-0.012047	-0.012083
477	-0.012044	-0.012062	-0.01205
478	-0.012071	-0.012078	-0.012086
479	-0.012102	-0.012093	-0.012136
480	-0.012096	-0.012086	-0.012124
481	-0.012072	-0.01207	-0.012084
482	-0.011969	-0.01197	-0.011971
483	-0.011797	-0.011799	-0.011795
484	-0.011645	-0.011647	-0.011647
485	-0.011526	-0.011527	-0.011542
486	-0.011471	-0.011464	-0.01148
487	-0.011616	-0.01158	-0.011553
488	-0.011765	-0.011703	-0.01164
489	-0.011955	-0.011903	-0.011868
490	-0.012146	-0.012103	-0.012095
491	-0.012321	-0.012249	-0.012279
492	-0.012495	-0.012393	-0.01246
493	-0.012596	-0.012545	-0.012593
494	-0.012679	-0.0127	-0.012715
495	-0.012751	-0.012771	-0.012768
496	-0.012816	-0.012799	-0.012786
497	-0.012842	-0.012815	-0.012799
498	-0.01283	-0.01282	-0.012807
499	-0.012858	-0.012855	-0.012854
500	-0.012952	-0.012943	-0.012966
501	-0.013036	-0.01302	-0.01305
502	-0.013087	-0.013063	-0.013039
503	-0.013135	-0.013107	-0.013035
504	-0.013161	-0.013169	-0.013106
505	-0.013188	-0.013231	-0.013178
506	-0.013271	-0.013295	-0.013244
507	-0.013358	-0.013359	-0.01331
508	-0.01341	-0.013396	-0.013349
509	-0.013453	-0.013426	-0.013381
510	-0.013473	-0.013457	-0.013405
511	-0.01348	-0.013487	-0.013426
512	-0.013502	-0.013507	-0.013461
513	-0.013538	-0.013518	-0.013509
514	-0.013561	-0.013533	-0.013548
515	-0.013565	-0.013556	-0.013572
516	-0.013566	-0.013574	-0.013578
517	-0.013554	-0.013579	-0.013532
518	-0.013542	-0.013585	-0.013498
519	-0.013536	-0.013599	-0.013554
520	-0.013531	-0.013612	-0.013611
521	-0.013555	-0.013606	-0.013597
522	-0.013581	-0.0136	-0.013581
523	-0.013598	-0.013611	-0.013613
524	-0.013612	-0.013626	-0.013655
525	-0.013611	-0.013632	-0.013647
526	-0.013603	-0.013635	-0.013616
527	-0.013584	-0.013594	-0.013574
528	-0.013558	-0.013519	-0.013522
529	-0.013526	-0.01347	-0.013478
530	-0.013487	-0.013457	-0.013445
531	-0.013448	-0.013443	-0.013409
532	-0.013414	-0.013422	-0.013367
533	-0.013387	-0.013401	-0.013334
534	-0.013406	-0.013376	-0.013348
535	-0.013425	-0.013354	-0.013365
536	-0.013444	-0.013402	-0.013461
537	-0.013463	-0.01345	-0.013558
538	-0.013482	-0.013493	-0.013526
539	-0.013502	-0.013535	-0.01348
540	-0.0135	-0.013528	-0.013455
541	-0.013491	-0.013507	-0.013438
542	-0.013463	-0.013468	-0.013416
543	-0.013426	-0.013419	-0.013391
544	-0.013413	-0.0134	-0.013386
545	-0.013424	-0.01341	-0.013401
546	-0.013424	-0.013411	-0.01342
547	-0.013402	-0.013397	-0.013447
548	-0.013401	-0.013396	-0.013472
549	-0.013459	-0.013437	-0.013493
550	-0.013516	-0.013476	-0.013513
551	-0.013552	-0.013496	-0.013529
552	-0.013588	-0.013516	-0.013545
553	-0.013538	-0.013493	-0.013501
554	-0.013486	-0.01347	-0.013456
555	-0.013423	-0.013431	-0.013414
556	-0.013359	-0.013389	-0.013372
557	-0.013355	-0.013385	-0.01339
558	-0.013372	-0.013395	-0.01343
559	-0.013402	-0.013398	-0.013456
560	-0.013438	-0.013397	-0.013473
561	-0.013415	-0.013359	-0.01344
562	-0.013328	-0.01328	-0.013356
563	-0.013262	-0.013219	-0.013286
564	-0.013233	-0.01319	-0.013244
565	-0.013178	-0.013141	-0.013181
566	-0.01304	-0.013029	-0.013056
567	-0.012897	-0.01291	-0.01292
568	-0.012714	-0.012737	-0.012698
569	-0.012531	-0.012563	-0.012476
570	-0.012402	-0.012423	-0.012374
571	-0.012273	-0.012283	-0.012273
572	-0.012144	-0.012152	-0.012136
573	-0.012016	-0.012022	-0.011993
574	-0.011895	-0.011883	-0.011863
575	-0.011777	-0.01174	-0.011737
576	-0.011649	-0.011616	-0.011623
577	-0.011514	-0.011504	-0.011515
578	-0.011437	-0.011429	-0.011432
579	-0.011413	-0.011389	-0.011373
580	-0.011383	-0.011346	-0.011327
581	-0.011343	-0.011298	-0.011299
582	-0.011325	-0.011273	-0.011295
583	-0.011362	-0.011311	-0.01135
584	-0.011406	-0.011356	-0.011411
585	-0.011483	-0.011438	-0.011503
586	-0.011558	-0.011519	-0.011593
587	-0.011616	-0.011579	-0.011628
588	-0.011673	-0.01164	-0.011662
589	-0.011736	-0.01173	-0.01171
590	-0.011801	-0.011823	-0.01176
591	-0.01186	-0.011878	-0.011846
592	-0.011919	-0.011923	-0.01194
593	-0.011923	-0.011931	-0.01195
594	-0.011904	-0.011923	-0.011925
595	-0.011907	-0.011926	-0.011918
596	-0.011925	-0.011938	-0.011924
597	-0.011952	-0.011959	-0.011955
598	-0.011988	-0.011991	-0.012014
599	-0.011994	-0.012005	-0.012036
600	-0.01195	-0.011989	-0.011995
601	-0.011914	-0.011969	-0.011957
602	-0.011903	-0.011938	-0.011928
603	-0.011903	-0.011922	-0.011914
604	-0.011966	-0.011995	-0.011989
605	-0.012028	-0.012066	-0.012062
606	-0.012065	-0.012055	-0.012091
607	-0.012102	-0.012045	-0.01212
608	-0.012135	-0.012141	-0.012172
609	-0.012168	-0.012246	-0.012226
610	-0.012221	-0.012283	-0.01225
611	-0.012278	-0.012307	-0.012267
612	-0.012336	-0.012345	-0.012331
613	-0.012394	-0.01239	-0.012414
614	-0.01245	-0.012453	-0.012473
615	-0.012503	-0.012527	-0.012516
616	-0.012536	-0.012558	-0.012532
617	-0.01255	-0.012544	-0.012523
618	-0.012601	-0.012585	-0.012573
619	-0.01271	-0.012708	-0.012709
620	-0.012774	-0.012779	-0.012798
621	-0.012733	-0.012731	-0.012774
622	-0.012708	-0.012698	-0.01276
623	-0.012747	-0.012725	-0.012788
624	-0.012791	-0.012763	-0.012823
625	-0.012894	-0.012901	-0.012922
626	-0.012998	-0.013038	-0.013022
627	-0.013035	-0.013055	-0.013034
628	-0.013072	-0.01307	-0.013045
629	-0.013049	-0.013047	-0.01302
630	-0.01302	-0.013019	-0.01299
631	-0.013052	-0.01302	-0.012989
632	-0.0131	-0.013027	-0.012996
633	-0.013178	-0.013116	-0.013091
634	-0.013268	-0.013241	-0.013224
635	-0.013295	-0.013284	-0.013266
636	-0.013279	-0.013272	-0.013247
637	-0.013258	-0.013259	-0.013235
638	-0.013234	-0.013246	-0.013228
639	-0.013229	-0.013252	-0.013234
640	-0.013252	-0.013285	-0.01326
641	-0.013271	-0.0133	-0.013272
642	-0.013279	-0.013278	-0.013254
643	-0.013294	-0.01327	-0.013249
644	-0.013334	-0.013315	-0.013292
645	-0.013362	-0.013346	-0.013322
646	-0.013302	-0.013281	-0.013266
647	-0.013242	-0.013216	-0.013211
648	-0.013197	-0.013181	-0.013188
649	-0.013152	-0.013146	-0.013166
650	-0.012869	-0.012879	-0.012892
651	-0.012572	-0.012598	-0.012604
652	-0.012136	-0.012111	-0.012148
653	-0.011677	-0.011589	-0.011663
654	-0.011387	-0.011308	-0.011396
655	-0.011148	-0.011103	-0.011196
656	-0.011022	-0.011013	-0.011064
657	-0.010949	-0.010977	-0.010964
658	-0.011068	-0.011103	-0.011076
659	-0.011321	-0.011341	-0.011335
660	-0.011607	-0.011625	-0.011637
661	-0.011927	-0.011954	-0.011981
662	-0.012267	-0.012285	-0.01232
663	-0.012638	-0.012619	-0.012652
664	-0.012897	-0.012876	-0.012906
665	-0.012932	-0.012974	-0.013006
666	-0.012978	-0.013061	-0.013086
667	-0.013053	-0.013113	-0.01311
668	-0.013112	-0.013156	-0.013133
669	-0.013087	-0.013153	-0.013152
670	-0.013068	-0.013156	-0.013172
671	-0.013127	-0.013228	-0.013199
672	-0.013186	-0.013301	-0.013227
673	-0.0132	-0.013267	-0.013234
674	-0.013214	-0.013232	-0.013242
675	-0.013253	-0.013291	-0.013271
676	-0.013294	-0.013359	-0.013303
677	-0.013255	-0.013299	-0.013287
678	-0.0132	-0.013214	-0.013264
679	-0.013184	-0.013215	-0.013276
680	-0.013179	-0.013241	-0.013299
681	-0.013293	-0.013343	-0.013381
682	-0.01346	-0.013479	-0.01349
683	-0.013523	-0.013559	-0.013531
684	-0.01352	-0.013602	-0.013527
685	-0.013471	-0.013533	-0.01345
686	-0.013384	-0.013366	-0.013307
687	-0.013309	-0.013263	-0.013219
688	-0.013249	-0.013237	-0.013196
689	-0.013204	-0.013235	-0.013182
690	-0.013183	-0.013272	-0.013184
691	-0.013158	-0.013271	-0.013186
692	-0.013122	-0.013185	-0.013192
693	-0.013096	-0.013114	-0.013174
694	-0.0131	-0.013089	-0.013082
695	-0.013108	-0.013079	-0.013029
696	-0.013143	-0.013148	-0.013163
697	-0.013175	-0.013209	-0.013281
698	-0.01318	-0.013192	-0.013257
699	-0.013184	-0.013176	-0.013233
700	-0.013131	-0.013152	-0.013211
701	-0.013079	-0.013128	-0.013189
702	-0.013112	-0.01316	-0.013217
703	-0.013149	-0.013193	-0.013247
704	-0.013076	-0.01307	-0.013192
705	-0.01299	-0.01293	-0.013126
706	-0.012958	-0.012901	-0.013107
707	-0.012936	-0.012895	-0.013097
708	-0.012894	-0.012891	-0.012967
709	-0.012847	-0.012889	-0.012799
710	-0.012892	-0.013039	-0.012911
711	-0.012976	-0.013253	-0.01314
712	-0.012947	-0.013219	-0.013112
713	-0.012855	-0.013047	-0.012941
714	-0.012682	-0.012807	-0.012749
715	-0.012451	-0.012519	-0.012541
716	-0.012486	-0.012481	-0.012562
717	-0.012768	-0.012674	-0.012795
718	-0.012766	-0.012699	-0.012766
719	-0.012429	-0.012528	-0.012429
720	-0.01233	-0.012503	-0.012364
[LOG]
CHECKSUM’