[HEADER]
Format	J&M ASCII Table
Comment	
Date	11/08/2026 10:46:53
Order	Y (evenX)
TechType	UV
NumPoints	411
FirstX	310
LastX	720
XType	nm
YType	Absorbance
ZType	s
NumSubFile	3
Matrix	Z vs X
[LOGIN]
Name=pcbob
[INSTRUMENT]
Name=TIDAS E Base UV/VI
Detector=MMS - ASPEN 97,5 kHz
Diodearray=256 Pixel
Serial#=36584
Calibrated=2011-07-01
Range=183.81-729.88 [nm] (F0)

SWVersion=v3.18.2 (build 0)[LOGIN]
Name=pcbob
[CONFIG]
ChannelName=Channel 1
ChannelType=Normalized
[PARAMETER]
It=360,00
Aver=5
Norm=3
Range=310,0-720,0 nm
Scan=Time
ScanTime=5,00 s
[TRIGGER]
Sweep=0
Scan=0
[DIO]
DigOut=0x0000
DigIn=0x0000
[DATA]
	00:00:00,000	00:00:01,800	00:00:03,600
310	0.15861	0.158519	0.158523
311	0.156316	0.15625	0.156262
312	0.15405	0.154067	0.154068
313	0.151906	0.151961	0.151941
314	0.14993	0.149959	0.149906
315	0.147972	0.147978	0.147913
316	0.146067	0.146063	0.146051
317	0.144166	0.144153	0.144189
318	0.142321	0.14233	0.14234
319	0.140476	0.140507	0.140491
320	0.138665	0.138663	0.138648
321	0.136859	0.136815	0.136806
322	0.135073	0.135067	0.135018
323	0.133294	0.133358	0.133253
324	0.131583	0.131652	0.131551
325	0.12993	0.129947	0.129903
326	0.128269	0.128259	0.128249
327	0.126589	0.126604	0.126582
328	0.124954	0.124988	0.124961
329	0.123522	0.12355	0.123549
330	0.122089	0.122113	0.122136
331	0.120621	0.120607	0.120655
332	0.119152	0.119102	0.119173
333	0.117687	0.117672	0.117698
334	0.116223	0.116259	0.116226
335	0.114797	0.114811	0.114809
336	0.113391	0.113345	0.113422
337	0.111987	0.111945	0.112054
338	0.110586	0.110616	0.110707
339	0.109169	0.109242	0.109317
340	0.107717	0.107761	0.10783
341	0.106266	0.106288	0.106348
342	0.104822	0.104876	0.104912
343	0.103378	0.103465	0.103475
344	0.102022	0.102114	0.102126
345	0.100672	0.100767	0.100781
346	0.099307	0.099352	0.09938
347	0.097939	0.097917	0.097963
348	0.09657	0.096558	0.0966
349	0.095202	0.095251	0.095273
350	0.093892	0.093956	0.09396
351	0.092663	0.092679	0.092666
352	0.091396	0.091384	0.091362
353	0.090021	0.090038	0.09003
354	0.088652	0.088698	0.088704
355	0.087372	0.087421	0.087446
356	0.086091	0.086145	0.086188
357	0.084794	0.084797	0.08484
358	0.083495	0.083442	0.083482
359	0.082148	0.082073	0.082118
360	0.080784	0.080699	0.080752
361	0.079504	0.079454	0.079462
362	0.07829	0.078311	0.078231
363	0.077049	0.077114	0.077005
364	0.075763	0.075831	0.075783
365	0.074479	0.074538	0.074544
366	0.073199	0.073204	0.07324
367	0.071923	0.071878	0.071941
368	0.070734	0.070716	0.070764
369	0.069545	0.069553	0.069588
370	0.068413	0.06843	0.068493
371	0.06729	0.067312	0.067409
372	0.066153	0.066187	0.066256
373	0.065011	0.065059	0.065073
374	0.063838	0.063866	0.063859
375	0.06264	0.062615	0.062617
376	0.061473	0.061425	0.061443
377	0.060364	0.060342	0.060385
378	0.059253	0.059249	0.059309
379	0.058137	0.058114	0.058149
380	0.057021	0.05698	0.056991
381	0.055933	0.0559	0.055887
382	0.054845	0.054821	0.054783
383	0.053728	0.053724	0.053684
384	0.052607	0.052623	0.052587
385	0.051493	0.051505	0.051486
386	0.050383	0.050379	0.050383
387	0.049224	0.049258	0.04925
388	0.048019	0.048143	0.048088
389	0.046848	0.046999	0.046944
390	0.045742	0.045803	0.045831
391	0.044636	0.04462	0.044717
392	0.043534	0.0435	0.043597
393	0.042432	0.04238	0.042477
394	0.041323	0.041305	0.041397
395	0.040214	0.040231	0.040318
396	0.039133	0.039145	0.03923
397	0.038057	0.038057	0.03814
398	0.03694	0.036957	0.037012
399	0.035804	0.035851	0.035866
400	0.034752	0.0348	0.034816
401	0.033778	0.0338	0.033856
402	0.032824	0.032826	0.032887
403	0.031909	0.031902	0.031903
404	0.030955	0.030944	0.030905
405	0.029825	0.029832	0.02985
406	0.028698	0.028722	0.028794
407	0.027721	0.027731	0.027763
408	0.026744	0.026741	0.026732
409	0.025742	0.025775	0.025724
410	0.024737	0.024812	0.024721
411	0.023767	0.023844	0.023758
412	0.022812	0.022874	0.022813
413	0.02181	0.021838	0.021831
414	0.020765	0.020743	0.020817
415	0.019745	0.019716	0.019819
416	0.018771	0.018804	0.01885
417	0.017789	0.017877	0.017881
418	0.016778	0.016886	0.016906
419	0.015771	0.015896	0.015932
420	0.014871	0.014959	0.014991
421	0.013971	0.014023	0.014049
422	0.013118	0.013133	0.01315
423	0.012272	0.01225	0.012257
424	0.011392	0.011353	0.01137
425	0.010498	0.010449	0.010485
426	0.009547	0.00952	0.009547
427	0.008551	0.008571	0.008566
428	0.007565	0.00761	0.007584
429	0.006595	0.006634	0.006601
430	0.005646	0.005666	0.005637
431	0.004767	0.004724	0.004738
432	0.00389	0.003788	0.003842
433	0.00303	0.002921	0.002997
434	0.002171	0.002054	0.002151
435	0.001315	0.001242	0.001302
436	0.000458	0.000436	0.000453
437	-0.000441	-0.000453	-0.000418
438	-0.001355	-0.001369	-0.001295
439	-0.00218	-0.002189	-0.002119
440	-0.002944	-0.002945	-0.002906
441	-0.003702	-0.003709	-0.003685
442	-0.004452	-0.004482	-0.004456
443	-0.005206	-0.005252	-0.005227
444	-0.00597	-0.006014	-0.005997
445	-0.006751	-0.006788	-0.006779
446	-0.007654	-0.007653	-0.007642
447	-0.008557	-0.008517	-0.008505
448	-0.009413	-0.009381	-0.009364
449	-0.010267	-0.010245	-0.010222
450	-0.011108	-0.011092	-0.01105
451	-0.011946	-0.011935	-0.011871
452	-0.012718	-0.012721	-0.012651
453	-0.013456	-0.013476	-0.013411
454	-0.014165	-0.014184	-0.014142
455	-0.014844	-0.014843	-0.014844
456	-0.015539	-0.015532	-0.015552
457	-0.016264	-0.016276	-0.016272
458	-0.016993	-0.017018	-0.016996
459	-0.017745	-0.017754	-0.017735
460	-0.018493	-0.018488	-0.018472
461	-0.019163	-0.019167	-0.019162
462	-0.019833	-0.019846	-0.019853
463	-0.020501	-0.020518	-0.020532
464	-0.021168	-0.021189	-0.02121
465	-0.02187	-0.021901	-0.021901
466	-0.022583	-0.022627	-0.022597
467	-0.023353	-0.023401	-0.023355
468	-0.024163	-0.024211	-0.024158
469	-0.024992	-0.02503	-0.02498
470	-0.025844	-0.025862	-0.025825
471	-0.026675	-0.026675	-0.026652
472	-0.027447	-0.027439	-0.027431
473	-0.0282	-0.028184	-0.028188
474	-0.028825	-0.028806	-0.028791
475	-0.02945	-0.029428	-0.029393
476	-0.030111	-0.03013	-0.030069
477	-0.030773	-0.030833	-0.030745
478	-0.031471	-0.031538	-0.031452
479	-0.032177	-0.032243	-0.032165
480	-0.032828	-0.032909	-0.032815
481	-0.033454	-0.033555	-0.033437
482	-0.033969	-0.034063	-0.033951
483	-0.034389	-0.034449	-0.034371
484	-0.034754	-0.034794	-0.034735
485	-0.035035	-0.035072	-0.035011
486	-0.035398	-0.035436	-0.035374
487	-0.036021	-0.03607	-0.036008
488	-0.036667	-0.03672	-0.036659
489	-0.037529	-0.037522	-0.037475
490	-0.038392	-0.038325	-0.03829
491	-0.039166	-0.039096	-0.039046
492	-0.039935	-0.039865	-0.039798
493	-0.040584	-0.04056	-0.040459
494	-0.041204	-0.041237	-0.041097
495	-0.041796	-0.041827	-0.041718
496	-0.042373	-0.042372	-0.04233
497	-0.042905	-0.042893	-0.042893
498	-0.043393	-0.04339	-0.04341
499	-0.043907	-0.043921	-0.043927
500	-0.044467	-0.044508	-0.044443
501	-0.045016	-0.045073	-0.044957
502	-0.045527	-0.045566	-0.045463
503	-0.046041	-0.046061	-0.045974
504	-0.046588	-0.046578	-0.046538
505	-0.047134	-0.047094	-0.047101
506	-0.047662	-0.047671	-0.047639
507	-0.048189	-0.048252	-0.048174
508	-0.048756	-0.048809	-0.048721
509	-0.049334	-0.049359	-0.04927
510	-0.049833	-0.049852	-0.04978
511	-0.050293	-0.050316	-0.050271
512	-0.050784	-0.05081	-0.050762
513	-0.051305	-0.051333	-0.051252
514	-0.051793	-0.051822	-0.051726
515	-0.052228	-0.05226	-0.052174
516	-0.052656	-0.052695	-0.052623
517	-0.053066	-0.053124	-0.053077
518	-0.053485	-0.053555	-0.053526
519	-0.053979	-0.053996	-0.053932
520	-0.054472	-0.054436	-0.054338
521	-0.054904	-0.054905	-0.054821
522	-0.055334	-0.055374	-0.055306
523	-0.055804	-0.055801	-0.055761
524	-0.056283	-0.05622	-0.056211
525	-0.056702	-0.056664	-0.056652
526	-0.057095	-0.057118	-0.057088
527	-0.057488	-0.057546	-0.057461
528	-0.057879	-0.057953	-0.057784
529	-0.05826	-0.058329	-0.058151
530	-0.058627	-0.058662	-0.058576
531	-0.059002	-0.05901	-0.058995
532	-0.059397	-0.059391	-0.059397
533	-0.059791	-0.059776	-0.059792
534	-0.060176	-0.060183	-0.060152
535	-0.060561	-0.060589	-0.060513
536	-0.060916	-0.060971	-0.060913
537	-0.061271	-0.061354	-0.061312
538	-0.061585	-0.061633	-0.061627
539	-0.061895	-0.061899	-0.061933
540	-0.062215	-0.062191	-0.062217
541	-0.06254	-0.06249	-0.062495
542	-0.062849	-0.06281	-0.062792
543	-0.06315	-0.063142	-0.0631
544	-0.063476	-0.063487	-0.063424
545	-0.063827	-0.063844	-0.063764
546	-0.064157	-0.06418	-0.064087
547	-0.064451	-0.064477	-0.064381
548	-0.064748	-0.064771	-0.06468
549	-0.065053	-0.065051	-0.06499
550	-0.06536	-0.065339	-0.065306
551	-0.065684	-0.06568	-0.065661
552	-0.066009	-0.066021	-0.066016
553	-0.066319	-0.066345	-0.066292
554	-0.06663	-0.066668	-0.066566
555	-0.066918	-0.066959	-0.066868
556	-0.067203	-0.067245	-0.067174
557	-0.067484	-0.067528	-0.067463
558	-0.067764	-0.06781	-0.067746
559	-0.068072	-0.068128	-0.068072
560	-0.068399	-0.06847	-0.068425
561	-0.068711	-0.068791	-0.068761
562	-0.069009	-0.06909	-0.069077
563	-0.069319	-0.069391	-0.069382
564	-0.069651	-0.069696	-0.069666
565	-0.069952	-0.069978	-0.069936
566	-0.070154	-0.070188	-0.070157
567	-0.070351	-0.070391	-0.070367
568	-0.070515	-0.070546	-0.070496
569	-0.070679	-0.070701	-0.070625
570	-0.070825	-0.070832	-0.070819
571	-0.07097	-0.070962	-0.071014
572	-0.071195	-0.071185	-0.071222
573	-0.071433	-0.071422	-0.071432
574	-0.071614	-0.071618	-0.071613
575	-0.071777	-0.071799	-0.071783
576	-0.071972	-0.071977	-0.071979
577	-0.072186	-0.072153	-0.072189
578	-0.072404	-0.07237	-0.072393
579	-0.072627	-0.072626	-0.072592
580	-0.072862	-0.072889	-0.072819
581	-0.073114	-0.073163	-0.073088
582	-0.0734	-0.073461	-0.073391
583	-0.073772	-0.073822	-0.073784
584	-0.074153	-0.074194	-0.074179
585	-0.074579	-0.074625	-0.074587
586	-0.075	-0.075049	-0.07499
587	-0.075305	-0.075343	-0.075297
588	-0.075611	-0.075637	-0.075605
589	-0.075995	-0.075991	-0.075948
590	-0.076386	-0.07635	-0.076293
591	-0.076669	-0.076681	-0.076615
592	-0.076929	-0.077006	-0.076931
593	-0.077201	-0.077261	-0.077202
594	-0.077478	-0.077487	-0.077455
595	-0.077785	-0.077787	-0.077764
596	-0.078112	-0.078138	-0.078114
597	-0.078476	-0.078514	-0.07849
598	-0.078882	-0.078916	-0.078894
599	-0.079221	-0.079249	-0.079229
600	-0.079444	-0.079462	-0.079445
601	-0.079631	-0.079643	-0.079624
602	-0.079708	-0.079731	-0.07969
603	-0.079769	-0.079803	-0.079744
604	-0.07974	-0.079779	-0.079723
605	-0.079713	-0.079756	-0.079702
606	-0.079727	-0.079743	-0.079696
607	-0.079741	-0.07973	-0.07969
608	-0.079755	-0.079752	-0.079721
609	-0.079769	-0.079777	-0.079755
610	-0.079847	-0.079866	-0.079843
611	-0.079938	-0.079968	-0.079944
612	-0.08008	-0.080125	-0.080082
613	-0.080241	-0.080305	-0.080235
614	-0.080476	-0.080542	-0.080457
615	-0.08076	-0.080817	-0.080722
616	-0.081029	-0.081071	-0.080988
617	-0.081284	-0.081306	-0.081255
618	-0.081591	-0.081597	-0.081568
619	-0.081975	-0.081974	-0.081947
620	-0.082313	-0.082306	-0.082289
621	-0.082541	-0.082532	-0.082543
622	-0.082792	-0.082785	-0.08281
623	-0.083142	-0.083145	-0.083135
624	-0.083491	-0.083502	-0.083459
625	-0.08383	-0.083824	-0.083781
626	-0.08417	-0.084146	-0.084104
627	-0.084464	-0.084464	-0.0844
628	-0.084757	-0.084783	-0.084696
629	-0.085018	-0.085013	-0.084958
630	-0.085276	-0.085232	-0.085217
631	-0.085519	-0.085522	-0.085479
632	-0.085758	-0.085831	-0.085743
633	-0.086017	-0.086087	-0.086012
634	-0.086286	-0.086319	-0.086284
635	-0.086543	-0.086551	-0.08652
636	-0.086794	-0.086784	-0.086731
637	-0.087061	-0.087047	-0.086985
638	-0.087344	-0.087341	-0.087282
639	-0.087643	-0.087642	-0.087592
640	-0.087968	-0.087953	-0.08792
641	-0.088255	-0.088228	-0.088215
642	-0.088459	-0.088424	-0.088434
643	-0.088662	-0.088631	-0.088663
644	-0.088857	-0.088882	-0.088922
645	-0.089059	-0.08913	-0.089176
646	-0.089302	-0.089357	-0.089393
647	-0.089548	-0.089586	-0.089611
648	-0.089894	-0.089903	-0.089889
649	-0.09024	-0.09022	-0.090167
650	-0.090388	-0.09036	-0.090328
651	-0.090525	-0.09049	-0.090482
652	-0.090328	-0.090298	-0.090276
653	-0.090073	-0.090051	-0.090007
654	-0.089858	-0.089854	-0.089834
655	-0.089656	-0.089674	-0.089691
656	-0.089699	-0.089706	-0.089726
657	-0.089862	-0.08984	-0.089849
658	-0.090235	-0.090241	-0.090203
659	-0.090758	-0.09083	-0.09072
660	-0.091343	-0.091429	-0.091323
661	-0.091991	-0.092039	-0.092011
662	-0.092537	-0.092575	-0.092588
663	-0.09294	-0.093006	-0.093009
664	-0.093237	-0.093318	-0.093307
665	-0.093315	-0.093387	-0.093358
666	-0.093395	-0.093449	-0.093422
667	-0.093478	-0.093494	-0.093526
668	-0.093567	-0.093557	-0.093629
669	-0.093685	-0.093712	-0.093723
670	-0.093813	-0.093873	-0.093829
671	-0.094059	-0.0941	-0.094064
672	-0.094305	-0.094328	-0.0943
673	-0.094592	-0.094563	-0.094559
674	-0.094879	-0.094798	-0.094819
675	-0.095191	-0.095149	-0.095167
676	-0.095506	-0.09551	-0.095522
677	-0.095789	-0.095822	-0.095808
678	-0.096067	-0.096125	-0.09608
679	-0.096398	-0.096458	-0.096408
680	-0.096746	-0.096801	-0.096753
681	-0.097142	-0.097202	-0.097144
682	-0.097561	-0.097629	-0.097557
683	-0.097952	-0.098038	-0.097974
684	-0.098325	-0.098435	-0.098394
685	-0.098742	-0.098818	-0.098784
686	-0.099198	-0.099189	-0.099149
687	-0.099586	-0.099544	-0.09951
688	-0.099892	-0.09988	-0.099867
689	-0.100223	-0.100237	-0.100238
690	-0.100592	-0.100624	-0.100629
691	-0.10097	-0.101035	-0.101024
692	-0.101371	-0.101495	-0.101429
693	-0.10178	-0.101945	-0.101844
694	-0.10222	-0.102361	-0.102296
695	-0.102696	-0.102802	-0.102764
696	-0.103345	-0.103364	-0.103311
697	-0.103958	-0.103901	-0.103834
698	-0.104245	-0.104209	-0.104136
699	-0.104536	-0.104522	-0.104446
700	-0.104973	-0.104994	-0.104959
701	-0.10541	-0.105466	-0.105473
702	-0.105958	-0.106037	-0.105972
703	-0.106509	-0.106612	-0.106471
704	-0.106808	-0.106944	-0.106767
705	-0.107078	-0.107249	-0.10704
706	-0.107545	-0.107631	-0.107502
707	-0.108052	-0.108027	-0.108003
708	-0.108313	-0.108367	-0.10826
709	-0.108498	-0.10869	-0.108443
710	-0.108836	-0.10909	-0.108841
711	-0.109237	-0.109523	-0.10933
712	-0.1097	-0.109974	-0.109785
713	-0.110197	-0.110435	-0.110222
714	-0.110542	-0.110708	-0.110561
715	-0.110779	-0.110843	-0.110828
716	-0.111006	-0.111037	-0.111078
717	-0.111226	-0.111286	-0.111313
718	-0.111405	-0.111469	-0.111448
719	-0.111537	-0.111574	-0.111468
720	-0.111833	-0.111857	-0.111703
[LOG]
CHECKSUM¬9