[HEADER]
Format	J&M ASCII Table
Comment	
Date	11/08/2026 10:37:46
Order	Y (evenX)
TechType	UV
NumPoints	411
FirstX	310
LastX	720
XType	nm
YType	Absorbance
ZType	s
NumSubFile	3
Matrix	Z vs X
[LOGIN]
Name=pcbob
[INSTRUMENT]
Name=TIDAS E Base UV/VI
Detector=MMS - ASPEN 97,5 kHz
Diodearray=256 Pixel
Serial#=36584
Calibrated=2011-07-01
Range=183.81-729.88 [nm] (F0)

SWVersion=v3.18.2 (build 0)[LOGIN]
Name=pcbob
[CONFIG]
ChannelName=Channel 1
ChannelType=Normalized
[PARAMETER]
It=360,00
Aver=5
Norm=3
Range=310,0-720,0 nm
Scan=Time
ScanTime=5,00 s
[TRIGGER]
Sweep=0
Scan=0
[DIO]
DigOut=0x0000
DigIn=0x0000
[DATA]
	00:00:00,000	00:00:01,800	00:00:03,600
310	0.15066	0.150638	0.150619
311	0.148538	0.148503	0.148477
312	0.146497	0.146453	0.146377
313	0.144505	0.144463	0.144356
314	0.14258	0.142556	0.142443
315	0.140701	0.14069	0.140573
316	0.138961	0.138958	0.138834
317	0.137224	0.137223	0.137098
318	0.135508	0.135457	0.135385
319	0.133792	0.13369	0.133673
320	0.132073	0.132035	0.132024
321	0.130355	0.130395	0.130384
322	0.128711	0.128751	0.128737
323	0.127097	0.127107	0.127086
324	0.125499	0.125489	0.125464
325	0.123915	0.123895	0.123865
326	0.122351	0.12233	0.122305
327	0.120823	0.120819	0.120814
328	0.119337	0.11934	0.119353
329	0.118041	0.118015	0.118026
330	0.116745	0.116689	0.116699
331	0.11539	0.115348	0.115391
332	0.114035	0.114007	0.114083
333	0.112697	0.112668	0.112723
334	0.111364	0.111328	0.111351
335	0.110067	0.110032	0.110054
336	0.10879	0.10876	0.108796
337	0.107508	0.107482	0.10749
338	0.106219	0.106198	0.106129
339	0.104909	0.104891	0.104769
340	0.10355	0.103527	0.103408
341	0.102193	0.102168	0.102064
342	0.100853	0.100842	0.100829
343	0.099512	0.099516	0.099595
344	0.098287	0.098312	0.098299
345	0.097067	0.097115	0.097
346	0.095785	0.095811	0.095736
347	0.094483	0.094477	0.094483
348	0.093229	0.093197	0.093232
349	0.092006	0.091954	0.091982
350	0.090811	0.090748	0.09077
351	0.089653	0.089594	0.08961
352	0.088479	0.088428	0.088442
353	0.087262	0.087224	0.087254
354	0.086048	0.086026	0.086065
355	0.08487	0.084892	0.08486
356	0.083692	0.083757	0.083655
357	0.082454	0.08248	0.082429
358	0.081208	0.081187	0.081199
359	0.079951	0.079932	0.079966
360	0.07869	0.078691	0.07873
361	0.077496	0.077514	0.077531
362	0.076356	0.076388	0.076361
363	0.075223	0.075251	0.075219
364	0.074102	0.074095	0.074123
365	0.072961	0.072929	0.072997
366	0.071746	0.071729	0.071766
367	0.07054	0.070534	0.070544
368	0.069511	0.069466	0.069503
369	0.068482	0.068397	0.068463
370	0.067439	0.067377	0.067448
371	0.066394	0.066364	0.066436
372	0.065372	0.065348	0.065408
373	0.06436	0.064331	0.064374
374	0.063292	0.063266	0.063299
375	0.062175	0.062158	0.062187
376	0.06112	0.061098	0.061112
377	0.060174	0.060123	0.060104
378	0.059214	0.059149	0.059107
379	0.058188	0.058177	0.058152
380	0.057163	0.057204	0.057197
381	0.056208	0.056197	0.056235
382	0.055252	0.055191	0.055272
383	0.054283	0.054223	0.05429
384	0.053312	0.053263	0.053305
385	0.052305	0.052282	0.052281
386	0.051281	0.051292	0.051239
387	0.050254	0.050268	0.050203
388	0.049225	0.04921	0.049173
389	0.0482	0.048186	0.048153
390	0.047185	0.047223	0.047155
391	0.046166	0.046243	0.046148
392	0.045127	0.045185	0.045107
393	0.04409	0.044129	0.044067
394	0.043144	0.043159	0.043115
395	0.042198	0.042188	0.042163
396	0.041275	0.04123	0.041231
397	0.040355	0.040274	0.040302
398	0.039321	0.039284	0.039301
399	0.038234	0.03828	0.038266
400	0.037277	0.03734	0.037332
401	0.036444	0.03646	0.036492
402	0.03563	0.035609	0.035651
403	0.034851	0.034812	0.034807
404	0.034042	0.03399	0.033951
405	0.0331	0.033054	0.033045
406	0.032158	0.032119	0.032138
407	0.031176	0.031163	0.031187
408	0.030195	0.030206	0.030236
409	0.02929	0.029321	0.029294
410	0.028398	0.028447	0.028353
411	0.027555	0.027584	0.027501
412	0.026734	0.026727	0.02669
413	0.02587	0.025856	0.025825
414	0.024967	0.024973	0.024911
415	0.024066	0.024086	0.024008
416	0.023167	0.023189	0.023123
417	0.022275	0.022298	0.022243
418	0.021406	0.021427	0.021384
419	0.020538	0.020556	0.020524
420	0.019699	0.0197	0.019668
421	0.018859	0.018843	0.018813
422	0.018056	0.018061	0.018001
423	0.017259	0.017289	0.017195
424	0.016439	0.016454	0.016379
425	0.015609	0.015595	0.01556
426	0.014763	0.01472	0.014693
427	0.013903	0.013835	0.013787
428	0.013035	0.012973	0.012922
429	0.012155	0.01215	0.012121
430	0.011287	0.011329	0.011315
431	0.010461	0.010515	0.010492
432	0.009641	0.009705	0.009676
433	0.008891	0.008948	0.00894
434	0.008142	0.008191	0.008204
435	0.007466	0.00749	0.007494
436	0.006796	0.006795	0.006787
437	0.006019	0.006013	0.005995
438	0.005207	0.005203	0.005176
439	0.004463	0.004454	0.004413
440	0.003764	0.003747	0.003688
441	0.003066	0.003049	0.002993
442	0.002368	0.002364	0.002337
443	0.001689	0.001685	0.001681
444	0.00106	0.001019	0.001024
445	0.000408	0.000337	0.000348
446	-0.000404	-0.00046	-0.000456
447	-0.001215	-0.001257	-0.00126
448	-0.001984	-0.001982	-0.00198
449	-0.002753	-0.002705	-0.002697
450	-0.003525	-0.003484	-0.00348
451	-0.004298	-0.004277	-0.004278
452	-0.005017	-0.004996	-0.005003
453	-0.005708	-0.005677	-0.005689
454	-0.006349	-0.006324	-0.00634
455	-0.006941	-0.006935	-0.006955
456	-0.00753	-0.007539	-0.007553
457	-0.008111	-0.008131	-0.00812
458	-0.00871	-0.008735	-0.008709
459	-0.00938	-0.009388	-0.009388
460	-0.010047	-0.010039	-0.010063
461	-0.010634	-0.010643	-0.010652
462	-0.011221	-0.011247	-0.01124
463	-0.011805	-0.011831	-0.011819
464	-0.012389	-0.012412	-0.012397
465	-0.013036	-0.013045	-0.013034
466	-0.013704	-0.013697	-0.013693
467	-0.014375	-0.014352	-0.014365
468	-0.015047	-0.01501	-0.015046
469	-0.015762	-0.015718	-0.015762
470	-0.016532	-0.016493	-0.016526
471	-0.017257	-0.017226	-0.01725
472	-0.017868	-0.01785	-0.017872
473	-0.018474	-0.018467	-0.01849
474	-0.019051	-0.019042	-0.019087
475	-0.019627	-0.019617	-0.019685
476	-0.020229	-0.02021	-0.020274
477	-0.020831	-0.020804	-0.020863
478	-0.021457	-0.021449	-0.021492
479	-0.022087	-0.022105	-0.02213
480	-0.022681	-0.022698	-0.022739
481	-0.023257	-0.023263	-0.023334
482	-0.023719	-0.023722	-0.02376
483	-0.02408	-0.024089	-0.024038
484	-0.024402	-0.024425	-0.024326
485	-0.02466	-0.024713	-0.024632
486	-0.024997	-0.025058	-0.025007
487	-0.025586	-0.025582	-0.025599
488	-0.026188	-0.02613	-0.026204
489	-0.026924	-0.026898	-0.026925
490	-0.027661	-0.027666	-0.027646
491	-0.028251	-0.02827	-0.028278
492	-0.028833	-0.028866	-0.028906
493	-0.029439	-0.029471	-0.02949
494	-0.03005	-0.030078	-0.030063
495	-0.030565	-0.030603	-0.030591
496	-0.031031	-0.031086	-0.031096
497	-0.031475	-0.031527	-0.031535
498	-0.031898	-0.031929	-0.031911
499	-0.032354	-0.03237	-0.032346
500	-0.032863	-0.032876	-0.032879
501	-0.03336	-0.033366	-0.033384
502	-0.033817	-0.033804	-0.033797
503	-0.034271	-0.034241	-0.034212
504	-0.034706	-0.034676	-0.034653
505	-0.035141	-0.035111	-0.035094
506	-0.035629	-0.035592	-0.035583
507	-0.03612	-0.036075	-0.036074
508	-0.036609	-0.036567	-0.03656
509	-0.037096	-0.037061	-0.037045
510	-0.037538	-0.03751	-0.03749
511	-0.037956	-0.037936	-0.037914
512	-0.038406	-0.038391	-0.03836
513	-0.038884	-0.038873	-0.038827
514	-0.03932	-0.039318	-0.039261
515	-0.039688	-0.039705	-0.039642
516	-0.04006	-0.040087	-0.040024
517	-0.040447	-0.040452	-0.040408
518	-0.040838	-0.040817	-0.040798
519	-0.041258	-0.041186	-0.04123
520	-0.041678	-0.041555	-0.041662
521	-0.042105	-0.042015	-0.042066
522	-0.042533	-0.042478	-0.042469
523	-0.042932	-0.042864	-0.042884
524	-0.043327	-0.043235	-0.043301
525	-0.043705	-0.043628	-0.043687
526	-0.044077	-0.044031	-0.04406
527	-0.044427	-0.044386	-0.044389
528	-0.044762	-0.044703	-0.044684
529	-0.045099	-0.045039	-0.045012
530	-0.04544	-0.0454	-0.045383
531	-0.04578	-0.045751	-0.045741
532	-0.04612	-0.046077	-0.046062
533	-0.046453	-0.046402	-0.046383
534	-0.046751	-0.046722	-0.046699
535	-0.047051	-0.047044	-0.047016
536	-0.047425	-0.047409	-0.047355
537	-0.0478	-0.047774	-0.047694
538	-0.048141	-0.048099	-0.048064
539	-0.048478	-0.048418	-0.048437
540	-0.048748	-0.048703	-0.048721
541	-0.048997	-0.048979	-0.048977
542	-0.049228	-0.049221	-0.049208
543	-0.049448	-0.049444	-0.049425
544	-0.049716	-0.049698	-0.049686
545	-0.050032	-0.049984	-0.049993
546	-0.050332	-0.050276	-0.050304
547	-0.050605	-0.050579	-0.050623
548	-0.050884	-0.05088	-0.050931
549	-0.05118	-0.051172	-0.051209
550	-0.051474	-0.051466	-0.051485
551	-0.05175	-0.051764	-0.051745
552	-0.052026	-0.052063	-0.052005
553	-0.052291	-0.052322	-0.052271
554	-0.052555	-0.05258	-0.052537
555	-0.052837	-0.052839	-0.052819
556	-0.053123	-0.053099	-0.053105
557	-0.053416	-0.05339	-0.053384
558	-0.053712	-0.053692	-0.053662
559	-0.054023	-0.054004	-0.053961
560	-0.054342	-0.054321	-0.054273
561	-0.054655	-0.054642	-0.054595
562	-0.054962	-0.054967	-0.054925
563	-0.055255	-0.055266	-0.055233
564	-0.055525	-0.055517	-0.055502
565	-0.055782	-0.055763	-0.055757
566	-0.056003	-0.055989	-0.05597
567	-0.056217	-0.056209	-0.056181
568	-0.056383	-0.056381	-0.056378
569	-0.056548	-0.056552	-0.056575
570	-0.056759	-0.056733	-0.056777
571	-0.05697	-0.056913	-0.05698
572	-0.057173	-0.057127	-0.057166
573	-0.057376	-0.057347	-0.05735
574	-0.057569	-0.057563	-0.057546
575	-0.057758	-0.057778	-0.057747
576	-0.057975	-0.057979	-0.057953
577	-0.05821	-0.058171	-0.058163
578	-0.058442	-0.058381	-0.058386
579	-0.058671	-0.058608	-0.058621
580	-0.058898	-0.058848	-0.058865
581	-0.059122	-0.059106	-0.059121
582	-0.059383	-0.05939	-0.0594
583	-0.059736	-0.059741	-0.059737
584	-0.060091	-0.06009	-0.06008
585	-0.060451	-0.060423	-0.060448
586	-0.060807	-0.060754	-0.060811
587	-0.06106	-0.061053	-0.06108
588	-0.061313	-0.061352	-0.061349
589	-0.061642	-0.061659	-0.061648
590	-0.061976	-0.061966	-0.06195
591	-0.062247	-0.062217	-0.062201
592	-0.062503	-0.062454	-0.062441
593	-0.062746	-0.062703	-0.0627
594	-0.062983	-0.062956	-0.062966
595	-0.063267	-0.063254	-0.063254
596	-0.063582	-0.063581	-0.063559
597	-0.063925	-0.063915	-0.063906
598	-0.064299	-0.064255	-0.0643
599	-0.064597	-0.064532	-0.064598
600	-0.064766	-0.0647	-0.064731
601	-0.064898	-0.064838	-0.064842
602	-0.064926	-0.064887	-0.064891
603	-0.064948	-0.064922	-0.064932
604	-0.064936	-0.064869	-0.064932
605	-0.064924	-0.064818	-0.064931
606	-0.064898	-0.064829	-0.064901
607	-0.064873	-0.064841	-0.064871
608	-0.064928	-0.0649	-0.064934
609	-0.06499	-0.064962	-0.065004
610	-0.065071	-0.065033	-0.065073
611	-0.065156	-0.065106	-0.065141
612	-0.065298	-0.065272	-0.065299
613	-0.065463	-0.065475	-0.065493
614	-0.065652	-0.065688	-0.065693
615	-0.065855	-0.065908	-0.065898
616	-0.066078	-0.066132	-0.066115
617	-0.066318	-0.066358	-0.066346
618	-0.066599	-0.066632	-0.066619
619	-0.06694	-0.066977	-0.066954
620	-0.067251	-0.067286	-0.067271
621	-0.06749	-0.06751	-0.067544
622	-0.067735	-0.06773	-0.067815
623	-0.067999	-0.067932	-0.068074
624	-0.068266	-0.068146	-0.068333
625	-0.068556	-0.06846	-0.068603
626	-0.068847	-0.068775	-0.068873
627	-0.069136	-0.06909	-0.06916
628	-0.069425	-0.069404	-0.069448
629	-0.069652	-0.069625	-0.069648
630	-0.069871	-0.069834	-0.069838
631	-0.070083	-0.070096	-0.070013
632	-0.070293	-0.070371	-0.070184
633	-0.070529	-0.070591	-0.070462
634	-0.070777	-0.070786	-0.070786
635	-0.071053	-0.07101	-0.071079
636	-0.07135	-0.071253	-0.07135
637	-0.07161	-0.071505	-0.071594
638	-0.071835	-0.071765	-0.071811
639	-0.072096	-0.072028	-0.072054
640	-0.072407	-0.072295	-0.072334
641	-0.072671	-0.072536	-0.072584
642	-0.072831	-0.072718	-0.072768
643	-0.072999	-0.072913	-0.072958
644	-0.073198	-0.073155	-0.073169
645	-0.073404	-0.073398	-0.07338
646	-0.073661	-0.073639	-0.073592
647	-0.073918	-0.073881	-0.073805
648	-0.074187	-0.074143	-0.074071
649	-0.074457	-0.074404	-0.074337
650	-0.074654	-0.074632	-0.07461
651	-0.074847	-0.074858	-0.074884
652	-0.074689	-0.074696	-0.074711
653	-0.07447	-0.074466	-0.07446
654	-0.074298	-0.074285	-0.074282
655	-0.07414	-0.07412	-0.074126
656	-0.07422	-0.074207	-0.074213
657	-0.074416	-0.074417	-0.074416
658	-0.074715	-0.074716	-0.074713
659	-0.075088	-0.075078	-0.075077
660	-0.075578	-0.075561	-0.075572
661	-0.076186	-0.076165	-0.076198
662	-0.076661	-0.076641	-0.076666
663	-0.076948	-0.076934	-0.07691
664	-0.077151	-0.077122	-0.077078
665	-0.077184	-0.077096	-0.077093
666	-0.077209	-0.077089	-0.077117
667	-0.077209	-0.077142	-0.07717
668	-0.077248	-0.077215	-0.077238
669	-0.077492	-0.077395	-0.077381
670	-0.077732	-0.07758	-0.077537
671	-0.077933	-0.077834	-0.077833
672	-0.078135	-0.078088	-0.078129
673	-0.07833	-0.078237	-0.07829
674	-0.078525	-0.078387	-0.078451
675	-0.078822	-0.07869	-0.078805
676	-0.079128	-0.079007	-0.079177
677	-0.079326	-0.079233	-0.079374
678	-0.079504	-0.079443	-0.079538
679	-0.079776	-0.079751	-0.079786
680	-0.080077	-0.080089	-0.080061
681	-0.080463	-0.080467	-0.080414
682	-0.080889	-0.080863	-0.080804
683	-0.081278	-0.081244	-0.08118
684	-0.081644	-0.081616	-0.081548
685	-0.082029	-0.081975	-0.081938
686	-0.08243	-0.082323	-0.082348
687	-0.082771	-0.082653	-0.082694
688	-0.08304	-0.082962	-0.082965
689	-0.083352	-0.083283	-0.08328
690	-0.083736	-0.083622	-0.083666
691	-0.084124	-0.084001	-0.084058
692	-0.084522	-0.084465	-0.084466
693	-0.084919	-0.084905	-0.084862
694	-0.08531	-0.085272	-0.085224
695	-0.0857	-0.085649	-0.08561
696	-0.086084	-0.08608	-0.08611
697	-0.086471	-0.08651	-0.086598
698	-0.086891	-0.086934	-0.086977
699	-0.087309	-0.087358	-0.087358
700	-0.087713	-0.087763	-0.087758
701	-0.088116	-0.088167	-0.088159
702	-0.088427	-0.08859	-0.088513
703	-0.088734	-0.089013	-0.088866
704	-0.089096	-0.089346	-0.089207
705	-0.089465	-0.089667	-0.089547
706	-0.08989	-0.090015	-0.089962
707	-0.090328	-0.090368	-0.090392
708	-0.090626	-0.090639	-0.090661
709	-0.090882	-0.090885	-0.090881
710	-0.091252	-0.091212	-0.091196
711	-0.091669	-0.091573	-0.09155
712	-0.092093	-0.092009	-0.091937
713	-0.092521	-0.092486	-0.092341
714	-0.092668	-0.092691	-0.092541
715	-0.092612	-0.092698	-0.092593
716	-0.092801	-0.092894	-0.092846
717	-0.093218	-0.093263	-0.093285
718	-0.09342	-0.093482	-0.093507
719	-0.093369	-0.093524	-0.093475
720	-0.093672	-0.093804	-0.093684
[LOG]
CHECKSUMx