[HEADER]
Format	J&M ASCII Table
Comment	
Date	11/08/2026 10:17:43
Order	Y (evenX)
TechType	UV
NumPoints	411
FirstX	310
LastX	720
XType	nm
YType	Absorbance
ZType	s
NumSubFile	3
Matrix	Z vs X
[LOGIN]
Name=pcbob
[INSTRUMENT]
Name=TIDAS E Base UV/VI
Detector=MMS - ASPEN 97,5 kHz
Diodearray=256 Pixel
Serial#=36584
Calibrated=2011-07-01
Range=183.81-729.88 [nm] (F0)

SWVersion=v3.18.2 (build 0)[LOGIN]
Name=pcbob
[CONFIG]
ChannelName=Channel 1
ChannelType=Normalized
[PARAMETER]
It=360,00
Aver=5
Norm=3
Range=310,0-720,0 nm
Scan=Time
ScanTime=5,00 s
[TRIGGER]
Sweep=0
Scan=0
[DIO]
DigOut=0x0000
DigIn=0x0000
[DATA]
	00:00:00,000	00:00:01,800	00:00:03,600
310	0.071963	0.07203	0.072049
311	0.070986	0.07105	0.07107
312	0.070045	0.070106	0.070141
313	0.069151	0.069204	0.069243
314	0.068321	0.068358	0.068386
315	0.067495	0.067522	0.067537
316	0.066679	0.066714	0.066713
317	0.065867	0.065909	0.065892
318	0.065119	0.065146	0.065124
319	0.064371	0.064382	0.064357
320	0.063588	0.063603	0.063594
321	0.0628	0.062821	0.062832
322	0.06201	0.062034	0.062013
323	0.06122	0.061244	0.061171
324	0.060448	0.060493	0.060413
325	0.059694	0.059776	0.059729
326	0.058944	0.059049	0.059029
327	0.058201	0.058305	0.058299
328	0.057488	0.057585	0.057585
329	0.056911	0.056972	0.056942
330	0.056334	0.05636	0.056299
331	0.055693	0.055719	0.055677
332	0.055053	0.055078	0.055056
333	0.054377	0.05442	0.054401
334	0.053693	0.053758	0.053738
335	0.053051	0.0531	0.053088
336	0.052431	0.052444	0.052444
337	0.051789	0.051803	0.051809
338	0.05112	0.051179	0.051184
339	0.050454	0.050539	0.050542
340	0.049793	0.049862	0.049861
341	0.049131	0.049189	0.049183
342	0.048464	0.048537	0.048516
343	0.047796	0.047885	0.047849
344	0.047149	0.047235	0.047211
345	0.046504	0.046586	0.046574
346	0.045833	0.045893	0.045898
347	0.045156	0.045188	0.045211
348	0.044481	0.044512	0.044536
349	0.043809	0.043854	0.043869
350	0.043168	0.043224	0.043219
351	0.042568	0.04263	0.042595
352	0.041949	0.042028	0.041975
353	0.041274	0.0414	0.041368
354	0.040609	0.040775	0.040762
355	0.040069	0.040183	0.04017
356	0.039529	0.039592	0.039579
357	0.038854	0.03892	0.038922
358	0.038164	0.03824	0.038258
359	0.03752	0.037588	0.037621
360	0.036893	0.036946	0.036995
361	0.036312	0.036356	0.036408
362	0.035767	0.035807	0.035853
363	0.035199	0.035242	0.035268
364	0.034594	0.03465	0.034637
365	0.03399	0.034062	0.034019
366	0.033393	0.033483	0.033445
367	0.032801	0.032909	0.032873
368	0.032297	0.032416	0.032353
369	0.031794	0.031923	0.031833
370	0.0313	0.031413	0.031323
371	0.030807	0.030901	0.030815
372	0.030284	0.030344	0.030302
373	0.029749	0.029768	0.029787
374	0.029184	0.029198	0.029218
375	0.028592	0.028634	0.028603
376	0.028044	0.028094	0.028038
377	0.027574	0.027598	0.027562
378	0.027091	0.027098	0.027076
379	0.026554	0.026577	0.026549
380	0.026019	0.026058	0.026023
381	0.025553	0.025593	0.025581
382	0.025086	0.025128	0.025139
383	0.024637	0.024677	0.024688
384	0.024191	0.024228	0.024236
385	0.023689	0.023715	0.023719
386	0.023161	0.023172	0.023171
387	0.022618	0.022653	0.022658
388	0.022061	0.022156	0.022176
389	0.021542	0.021654	0.021674
390	0.021096	0.021144	0.021136
391	0.020626	0.020624	0.020602
392	0.020048	0.020056	0.020087
393	0.019472	0.019489	0.019572
394	0.019023	0.019066	0.019094
395	0.018573	0.018642	0.018616
396	0.018103	0.018154	0.018147
397	0.017628	0.017654	0.017679
398	0.017051	0.017071	0.017103
399	0.016424	0.016449	0.016475
400	0.015916	0.015923	0.015949
401	0.015519	0.015488	0.015521
402	0.015131	0.01508	0.015113
403	0.014758	0.014722	0.014742
404	0.014348	0.014326	0.014337
405	0.013772	0.013762	0.013782
406	0.013199	0.013199	0.013227
407	0.012737	0.012717	0.012732
408	0.012275	0.012234	0.012236
409	0.0118	0.011787	0.011781
410	0.011323	0.011346	0.011333
411	0.010859	0.010888	0.010868
412	0.010402	0.010424	0.010395
413	0.009947	0.009973	0.009962
414	0.009495	0.009533	0.009566
415	0.009037	0.009082	0.009143
416	0.008569	0.008612	0.008672
417	0.008111	0.008157	0.008205
418	0.007695	0.00776	0.007754
419	0.007277	0.007362	0.007302
420	0.006833	0.006911	0.006806
421	0.006388	0.006461	0.00631
422	0.005951	0.005989	0.005936
423	0.005516	0.005515	0.005579
424	0.005103	0.005074	0.005174
425	0.0047	0.004647	0.004749
426	0.004262	0.004207	0.004301
427	0.003798	0.003757	0.003834
428	0.003325	0.003308	0.003369
429	0.002841	0.002859	0.002905
430	0.002378	0.002418	0.002442
431	0.001987	0.002	0.001981
432	0.001597	0.001585	0.001528
433	0.001232	0.00121	0.001181
434	0.000866	0.000834	0.000835
435	0.000481	0.00048	0.00047
436	0.000095	0.000129	0.000104
437	-0.000316	-0.000307	-0.000326
438	-0.000734	-0.00077	-0.000775
439	-0.001102	-0.001137	-0.001146
440	-0.001436	-0.001438	-0.001462
441	-0.001778	-0.001761	-0.001794
442	-0.002131	-0.002111	-0.002146
443	-0.002486	-0.002465	-0.002502
444	-0.002849	-0.002829	-0.002868
445	-0.003216	-0.0032	-0.003233
446	-0.003612	-0.003615	-0.003594
447	-0.004007	-0.00403	-0.003955
448	-0.004377	-0.004365	-0.004323
449	-0.004747	-0.004697	-0.004691
450	-0.005127	-0.0051	-0.005101
451	-0.00551	-0.005519	-0.005521
452	-0.005872	-0.005895	-0.005864
453	-0.006221	-0.006248	-0.006166
454	-0.006543	-0.006548	-0.006468
455	-0.006839	-0.006796	-0.006771
456	-0.007117	-0.007062	-0.007058
457	-0.007364	-0.007362	-0.007314
458	-0.007631	-0.007671	-0.007598
459	-0.007984	-0.008009	-0.007995
460	-0.008334	-0.008345	-0.008387
461	-0.008628	-0.008629	-0.008654
462	-0.008921	-0.008914	-0.008921
463	-0.009134	-0.009185	-0.009163
464	-0.009337	-0.009455	-0.009401
465	-0.009666	-0.009774	-0.009726
466	-0.010041	-0.010112	-0.010083
467	-0.010382	-0.010419	-0.010421
468	-0.0107	-0.010706	-0.010745
469	-0.011053	-0.01104	-0.011091
470	-0.011453	-0.011438	-0.011465
471	-0.01183	-0.011812	-0.01182
472	-0.012147	-0.012123	-0.012125
473	-0.012461	-0.012437	-0.012425
474	-0.012756	-0.012769	-0.012696
475	-0.013052	-0.0131	-0.012967
476	-0.013325	-0.013343	-0.013264
477	-0.013598	-0.013584	-0.013561
478	-0.013902	-0.0139	-0.013879
479	-0.014212	-0.014231	-0.014201
480	-0.014543	-0.014557	-0.014528
481	-0.014884	-0.01488	-0.014857
482	-0.015158	-0.015154	-0.015134
483	-0.015373	-0.015386	-0.015363
484	-0.01556	-0.015582	-0.015571
485	-0.015704	-0.01572	-0.015745
486	-0.015886	-0.015889	-0.015939
487	-0.016188	-0.016157	-0.016197
488	-0.016494	-0.016435	-0.016462
489	-0.01685	-0.016817	-0.016792
490	-0.017206	-0.017199	-0.017121
491	-0.017496	-0.017533	-0.017441
492	-0.017781	-0.017866	-0.017761
493	-0.018046	-0.018084	-0.018036
494	-0.018306	-0.018274	-0.018301
495	-0.018554	-0.018512	-0.018533
496	-0.018797	-0.018774	-0.018748
497	-0.019022	-0.019022	-0.018967
498	-0.019229	-0.019257	-0.019189
499	-0.019449	-0.019495	-0.019435
500	-0.019689	-0.019741	-0.019722
501	-0.019925	-0.019983	-0.019983
502	-0.020145	-0.020218	-0.020155
503	-0.020368	-0.020452	-0.020334
504	-0.020611	-0.020674	-0.020585
505	-0.020854	-0.020897	-0.020837
506	-0.021105	-0.021132	-0.021107
507	-0.021356	-0.021369	-0.021379
508	-0.02159	-0.021598	-0.021594
509	-0.02182	-0.021825	-0.021796
510	-0.02206	-0.022041	-0.022028
511	-0.022304	-0.022252	-0.022275
512	-0.022533	-0.022486	-0.022506
513	-0.022749	-0.022741	-0.02272
514	-0.022943	-0.022957	-0.022923
515	-0.023104	-0.02311	-0.02311
516	-0.023279	-0.023275	-0.023301
517	-0.023499	-0.02348	-0.023505
518	-0.023721	-0.023691	-0.023711
519	-0.023958	-0.023952	-0.023944
520	-0.024195	-0.024214	-0.024178
521	-0.024415	-0.024417	-0.024399
522	-0.024636	-0.024619	-0.024619
523	-0.024841	-0.024847	-0.024841
524	-0.025043	-0.025081	-0.025064
525	-0.025249	-0.025276	-0.025254
526	-0.025457	-0.025456	-0.02543
527	-0.025615	-0.025626	-0.025594
528	-0.025734	-0.025788	-0.025747
529	-0.025892	-0.025966	-0.025915
530	-0.026101	-0.026164	-0.026103
531	-0.026322	-0.026376	-0.026314
532	-0.026575	-0.026624	-0.026581
533	-0.02681	-0.026862	-0.026829
534	-0.026958	-0.027054	-0.026975
535	-0.027107	-0.027245	-0.027123
536	-0.02733	-0.027436	-0.027375
537	-0.027553	-0.027628	-0.027627
538	-0.027733	-0.027797	-0.027771
539	-0.027907	-0.027964	-0.027903
540	-0.028069	-0.028124	-0.028035
541	-0.028227	-0.028281	-0.028167
542	-0.028383	-0.028425	-0.028318
543	-0.02854	-0.028561	-0.02848
544	-0.028721	-0.02873	-0.028686
545	-0.028928	-0.028932	-0.028936
546	-0.029119	-0.029127	-0.029137
547	-0.029282	-0.029312	-0.029256
548	-0.02943	-0.029478	-0.029376
549	-0.029531	-0.029583	-0.029501
550	-0.029643	-0.029697	-0.029634
551	-0.029843	-0.029875	-0.029836
552	-0.030044	-0.030053	-0.030039
553	-0.030198	-0.030232	-0.03022
554	-0.030352	-0.030411	-0.0304
555	-0.030508	-0.030574	-0.030556
556	-0.030665	-0.030735	-0.030707
557	-0.030801	-0.030867	-0.030833
558	-0.03093	-0.030988	-0.03095
559	-0.031129	-0.031169	-0.031123
560	-0.031375	-0.031388	-0.031331
561	-0.03158	-0.031582	-0.031524
562	-0.031742	-0.031749	-0.031702
563	-0.0319	-0.031915	-0.03188
564	-0.032051	-0.03208	-0.032062
565	-0.03222	-0.032252	-0.032243
566	-0.032443	-0.032447	-0.032418
567	-0.032655	-0.032635	-0.03259
568	-0.032785	-0.032773	-0.032741
569	-0.032914	-0.032912	-0.032892
570	-0.033116	-0.033126	-0.033095
571	-0.033318	-0.033341	-0.033297
572	-0.033492	-0.033491	-0.03345
573	-0.033662	-0.033631	-0.033594
574	-0.033795	-0.033781	-0.033719
575	-0.033915	-0.033936	-0.033836
576	-0.034059	-0.034087	-0.033994
577	-0.034217	-0.034237	-0.034175
578	-0.034376	-0.034401	-0.034355
579	-0.034538	-0.034579	-0.034535
580	-0.034691	-0.034731	-0.034693
581	-0.034829	-0.034841	-0.034817
582	-0.034979	-0.034973	-0.034958
583	-0.035161	-0.035161	-0.035143
584	-0.035344	-0.035348	-0.035327
585	-0.035532	-0.035528	-0.035507
586	-0.035716	-0.035705	-0.035683
587	-0.035827	-0.035825	-0.035777
588	-0.035938	-0.035946	-0.035871
589	-0.036076	-0.036074	-0.03602
590	-0.036215	-0.036203	-0.036174
591	-0.036356	-0.036354	-0.036335
592	-0.036496	-0.036511	-0.036498
593	-0.036629	-0.036634	-0.036627
594	-0.036758	-0.036744	-0.036742
595	-0.036915	-0.036892	-0.036886
596	-0.037093	-0.037067	-0.037051
597	-0.037279	-0.03727	-0.037261
598	-0.037474	-0.037503	-0.037518
599	-0.037623	-0.037667	-0.037689
600	-0.037689	-0.037712	-0.037709
601	-0.037741	-0.037759	-0.037728
602	-0.037752	-0.037812	-0.037747
603	-0.037768	-0.037855	-0.03777
604	-0.037816	-0.037838	-0.037815
605	-0.037859	-0.03782	-0.037855
606	-0.037765	-0.037779	-0.037791
607	-0.03767	-0.037737	-0.037727
608	-0.037738	-0.037777	-0.037741
609	-0.037819	-0.037823	-0.03776
610	-0.037839	-0.03785	-0.037818
611	-0.037844	-0.037873	-0.037884
612	-0.037917	-0.037956	-0.03796
613	-0.038017	-0.038064	-0.038038
614	-0.038102	-0.038137	-0.038129
615	-0.038178	-0.038187	-0.038228
616	-0.038298	-0.038289	-0.038335
617	-0.038462	-0.038442	-0.038451
618	-0.038629	-0.038596	-0.038587
619	-0.038799	-0.03875	-0.038752
620	-0.038928	-0.038887	-0.038894
621	-0.038959	-0.038981	-0.038979
622	-0.039024	-0.03909	-0.039073
623	-0.039221	-0.039256	-0.039205
624	-0.039414	-0.039423	-0.039342
625	-0.039563	-0.039587	-0.039519
626	-0.039712	-0.039751	-0.039697
627	-0.039855	-0.039883	-0.039858
628	-0.039998	-0.040015	-0.04002
629	-0.040094	-0.040136	-0.040092
630	-0.040183	-0.040255	-0.040153
631	-0.040304	-0.040361	-0.040269
632	-0.040434	-0.040463	-0.0404
633	-0.040553	-0.040586	-0.040551
634	-0.040668	-0.040718	-0.040711
635	-0.040761	-0.040824	-0.040826
636	-0.040837	-0.040914	-0.040912
637	-0.040963	-0.041056	-0.041037
638	-0.041137	-0.041248	-0.041201
639	-0.041311	-0.041409	-0.041357
640	-0.041486	-0.041526	-0.041499
641	-0.041614	-0.041628	-0.04162
642	-0.041637	-0.041699	-0.041693
643	-0.041689	-0.041764	-0.04176
644	-0.04184	-0.041805	-0.041809
645	-0.041978	-0.041857	-0.041866
646	-0.042029	-0.041972	-0.041982
647	-0.042088	-0.042094	-0.042102
648	-0.042371	-0.042409	-0.042372
649	-0.042655	-0.042725	-0.042641
650	-0.042858	-0.042954	-0.042872
651	-0.043057	-0.043177	-0.043101
652	-0.043153	-0.043198	-0.043145
653	-0.04323	-0.043183	-0.043157
654	-0.043268	-0.043226	-0.04322
655	-0.043293	-0.043288	-0.0433
656	-0.043349	-0.043341	-0.04337
657	-0.04342	-0.043389	-0.043436
658	-0.043548	-0.043527	-0.043575
659	-0.043716	-0.043729	-0.043764
660	-0.043885	-0.043895	-0.043938
661	-0.044055	-0.044025	-0.044097
662	-0.044163	-0.044126	-0.044193
663	-0.04418	-0.044186	-0.044203
664	-0.044184	-0.044227	-0.044194
665	-0.044158	-0.04423	-0.044148
666	-0.044142	-0.044224	-0.044108
667	-0.044158	-0.044189	-0.044082
668	-0.044181	-0.044167	-0.044071
669	-0.044238	-0.044212	-0.044134
670	-0.044307	-0.044271	-0.044207
671	-0.044499	-0.044491	-0.044405
672	-0.044691	-0.04471	-0.044603
673	-0.044758	-0.044768	-0.044661
674	-0.044825	-0.044826	-0.044718
675	-0.045003	-0.045012	-0.04498
676	-0.045191	-0.045209	-0.04526
677	-0.045319	-0.045288	-0.045374
678	-0.045435	-0.045345	-0.045457
679	-0.045567	-0.045464	-0.045572
680	-0.045702	-0.045602	-0.045699
681	-0.045983	-0.045897	-0.045934
682	-0.046331	-0.046263	-0.046221
683	-0.046604	-0.046545	-0.046515
684	-0.046829	-0.046772	-0.046814
685	-0.047055	-0.047009	-0.047062
686	-0.047285	-0.047255	-0.047264
687	-0.047488	-0.047463	-0.047425
688	-0.04766	-0.047628	-0.047538
689	-0.047847	-0.047817	-0.047734
690	-0.048058	-0.048046	-0.048065
691	-0.048227	-0.048233	-0.048314
692	-0.048306	-0.04833	-0.048387
693	-0.048427	-0.048464	-0.048496
694	-0.04868	-0.048714	-0.04872
695	-0.048956	-0.048986	-0.04897
696	-0.049345	-0.049359	-0.049347
697	-0.049707	-0.049709	-0.049701
698	-0.049824	-0.049842	-0.049848
699	-0.049943	-0.049977	-0.04999
700	-0.050133	-0.050156	-0.05003
701	-0.050324	-0.050334	-0.050069
702	-0.050571	-0.050594	-0.050399
703	-0.05082	-0.050858	-0.050741
704	-0.051004	-0.051077	-0.050969
705	-0.05118	-0.051291	-0.051184
706	-0.05145	-0.051515	-0.051429
707	-0.051739	-0.051742	-0.051679
708	-0.051872	-0.051855	-0.051791
709	-0.051957	-0.051934	-0.05186
710	-0.052225	-0.052213	-0.052144
711	-0.052569	-0.052576	-0.052517
712	-0.05286	-0.05287	-0.052811
713	-0.053121	-0.053124	-0.053061
714	-0.053062	-0.053227	-0.053099
715	-0.052771	-0.053222	-0.052982
716	-0.052897	-0.053338	-0.053145
717	-0.05341	-0.053565	-0.053567
718	-0.053681	-0.053664	-0.053759
719	-0.053667	-0.053612	-0.05368
720	-0.053934	-0.053848	-0.053986
[LOG]
CHECKSUMz