[HEADER]
Format	J&M ASCII Table
Comment	
Date	11/08/2026 10:26:14
Order	Y (evenX)
TechType	UV
NumPoints	411
FirstX	310
LastX	720
XType	nm
YType	Absorbance
ZType	s
NumSubFile	3
Matrix	Z vs X
[LOGIN]
Name=pcbob
[INSTRUMENT]
Name=TIDAS E Base UV/VI
Detector=MMS - ASPEN 97,5 kHz
Diodearray=256 Pixel
Serial#=36584
Calibrated=2011-07-01
Range=183.81-729.88 [nm] (F0)

SWVersion=v3.18.2 (build 0)[LOGIN]
Name=pcbob
[CONFIG]
ChannelName=Channel 1
ChannelType=Normalized
[PARAMETER]
It=360,00
Aver=5
Norm=3
Range=310,0-720,0 nm
Scan=Time
ScanTime=5,00 s
[TRIGGER]
Sweep=0
Scan=0
[DIO]
DigOut=0x0000
DigIn=0x0000
[DATA]
	00:00:00,000	00:00:01,800	00:00:03,600
310	0.101924	0.101947	0.101891
311	0.100349	0.100378	0.100334
312	0.098831	0.098865	0.098834
313	0.097401	0.097425	0.097393
314	0.096092	0.096087	0.096032
315	0.094786	0.094761	0.094692
316	0.09349	0.09347	0.09342
317	0.092196	0.092182	0.092148
318	0.090929	0.090939	0.09089
319	0.089662	0.089696	0.089631
320	0.08842	0.088455	0.088374
321	0.087181	0.087214	0.087117
322	0.085935	0.085965	0.085904
323	0.084686	0.084713	0.084709
324	0.083479	0.083504	0.083507
325	0.082308	0.082331	0.082298
326	0.081135	0.081164	0.081107
327	0.079959	0.080006	0.079949
328	0.07882	0.078881	0.078831
329	0.077861	0.077914	0.077898
330	0.076901	0.076946	0.076964
331	0.075916	0.075947	0.075958
332	0.074931	0.074947	0.074951
333	0.07398	0.073971	0.073948
334	0.073035	0.073	0.072945
335	0.072079	0.072062	0.072013
336	0.071117	0.071142	0.07112
337	0.070186	0.070222	0.070216
338	0.06929	0.0693	0.069298
339	0.068356	0.068342	0.06835
340	0.067329	0.067297	0.067329
341	0.066318	0.066274	0.06632
342	0.065414	0.065415	0.065403
343	0.064511	0.064555	0.064486
344	0.063558	0.063562	0.063554
345	0.062604	0.062561	0.062621
346	0.061572	0.061562	0.061621
347	0.060518	0.060563	0.060603
348	0.059549	0.059605	0.059615
349	0.058638	0.058673	0.058648
350	0.057763	0.057783	0.057754
351	0.056935	0.056949	0.05696
352	0.056089	0.056097	0.056125
353	0.055189	0.055196	0.055168
354	0.05429	0.054299	0.054222
355	0.053401	0.05347	0.053407
356	0.052513	0.05264	0.052593
357	0.051619	0.051693	0.051704
358	0.050725	0.050734	0.050807
359	0.049812	0.049818	0.049868
360	0.048893	0.048919	0.048913
361	0.048042	0.048057	0.048017
362	0.047247	0.047226	0.047168
363	0.046377	0.046374	0.046293
364	0.04539	0.04549	0.045376
365	0.04444	0.044602	0.04447
366	0.043627	0.043702	0.043606
367	0.042815	0.042807	0.042745
368	0.042011	0.041996	0.041954
369	0.041208	0.041186	0.041164
370	0.040412	0.040445	0.040396
371	0.039619	0.039716	0.039632
372	0.03887	0.038957	0.038881
373	0.038142	0.038187	0.038135
374	0.037357	0.037377	0.037348
375	0.036522	0.036533	0.036526
376	0.035728	0.03575	0.035743
377	0.035003	0.035078	0.035029
378	0.034273	0.034383	0.0343
379	0.033525	0.033595	0.033509
380	0.032777	0.032809	0.03272
381	0.032054	0.032086	0.032017
382	0.031331	0.031363	0.031314
383	0.030582	0.030596	0.030565
384	0.029829	0.029821	0.029808
385	0.029044	0.029042	0.029032
386	0.028244	0.028261	0.028248
387	0.027486	0.027516	0.027483
388	0.026768	0.026806	0.026736
389	0.026031	0.026063	0.025982
390	0.02526	0.025261	0.025213
391	0.024474	0.024459	0.024436
392	0.023623	0.023656	0.023621
393	0.022775	0.022855	0.022808
394	0.02213	0.022209	0.022136
395	0.021485	0.021563	0.021463
396	0.020762	0.02082	0.020739
397	0.020024	0.020058	0.020005
398	0.019228	0.019256	0.019204
399	0.018405	0.018435	0.018372
400	0.017715	0.017719	0.017662
401	0.017152	0.017103	0.017066
402	0.016569	0.016503	0.016482
403	0.015949	0.015935	0.01592
404	0.015307	0.015331	0.015324
405	0.01457	0.014567	0.014576
406	0.013834	0.013805	0.013828
407	0.01317	0.013132	0.013115
408	0.012505	0.012459	0.012402
409	0.011821	0.011826	0.011756
410	0.011134	0.011201	0.011122
411	0.010481	0.010539	0.010497
412	0.009843	0.009862	0.009877
413	0.009194	0.009182	0.009191
414	0.008534	0.008501	0.008445
415	0.007866	0.007828	0.00773
416	0.007183	0.007168	0.007069
417	0.00651	0.006515	0.006417
418	0.005878	0.005885	0.005799
419	0.005244	0.005254	0.00518
420	0.004526	0.004577	0.00453
421	0.003808	0.0039	0.00388
422	0.003215	0.003297	0.003251
423	0.002639	0.002705	0.002625
424	0.002053	0.00212	0.00207
425	0.001463	0.001538	0.001542
426	0.000831	0.000909	0.000919
427	0.000166	0.000242	0.000219
428	-0.000485	-0.000415	-0.000456
429	-0.001113	-0.001055	-0.001092
430	-0.001726	-0.001683	-0.001712
431	-0.002284	-0.002271	-0.002275
432	-0.002839	-0.002852	-0.002836
433	-0.003356	-0.003347	-0.003363
434	-0.003873	-0.003843	-0.003891
435	-0.004395	-0.004364	-0.004465
436	-0.004917	-0.004889	-0.005044
437	-0.005525	-0.005489	-0.005612
438	-0.00616	-0.006114	-0.006175
439	-0.006731	-0.006697	-0.006731
440	-0.00726	-0.007251	-0.007282
441	-0.007769	-0.007782	-0.007822
442	-0.008255	-0.008283	-0.00835
443	-0.008775	-0.008799	-0.008884
444	-0.009382	-0.009354	-0.009438
445	-0.009989	-0.009917	-0.01
446	-0.010587	-0.010538	-0.010617
447	-0.011185	-0.011158	-0.011234
448	-0.011755	-0.011732	-0.011813
449	-0.012323	-0.012305	-0.012391
450	-0.012888	-0.012856	-0.012958
451	-0.013452	-0.013403	-0.013522
452	-0.013954	-0.013929	-0.014019
453	-0.014423	-0.014443	-0.01448
454	-0.014888	-0.014929	-0.014951
455	-0.01535	-0.015388	-0.01543
456	-0.015824	-0.01585	-0.015905
457	-0.016324	-0.016317	-0.01637
458	-0.016818	-0.016779	-0.01683
459	-0.017289	-0.017219	-0.017268
460	-0.017756	-0.017657	-0.017706
461	-0.018147	-0.018058	-0.018144
462	-0.018538	-0.018459	-0.018582
463	-0.018903	-0.018848	-0.018986
464	-0.019265	-0.019236	-0.019386
465	-0.01973	-0.019695	-0.019815
466	-0.020232	-0.02018	-0.020255
467	-0.020706	-0.020663	-0.020722
468	-0.021159	-0.021146	-0.021209
469	-0.021653	-0.021653	-0.021725
470	-0.022198	-0.022192	-0.022277
471	-0.022723	-0.022709	-0.022803
472	-0.023199	-0.023169	-0.023266
473	-0.02367	-0.023631	-0.023726
474	-0.024104	-0.024108	-0.024175
475	-0.024537	-0.024585	-0.024624
476	-0.025023	-0.024994	-0.0251
477	-0.02551	-0.025401	-0.025577
478	-0.025996	-0.025881	-0.026052
479	-0.026482	-0.026376	-0.026527
480	-0.026963	-0.026888	-0.027015
481	-0.027442	-0.027407	-0.02751
482	-0.027824	-0.027811	-0.027895
483	-0.028121	-0.028114	-0.028186
484	-0.02838	-0.028391	-0.028439
485	-0.02858	-0.028625	-0.028633
486	-0.028834	-0.028901	-0.028887
487	-0.029261	-0.029307	-0.029327
488	-0.029696	-0.029719	-0.029773
489	-0.030201	-0.030188	-0.030269
490	-0.030705	-0.030657	-0.030765
491	-0.031153	-0.031117	-0.031215
492	-0.031598	-0.031576	-0.031663
493	-0.032039	-0.031997	-0.032063
494	-0.032478	-0.032408	-0.032452
495	-0.032831	-0.032756	-0.032829
496	-0.03314	-0.033073	-0.033201
497	-0.033435	-0.033386	-0.033508
498	-0.033716	-0.033694	-0.033754
499	-0.034014	-0.034007	-0.034037
500	-0.034343	-0.034327	-0.034381
501	-0.034661	-0.034639	-0.034713
502	-0.034938	-0.03492	-0.035003
503	-0.03522	-0.035206	-0.035293
504	-0.035552	-0.035528	-0.035589
505	-0.035884	-0.035851	-0.035886
506	-0.036197	-0.036174	-0.036232
507	-0.036509	-0.036497	-0.036581
508	-0.036862	-0.036833	-0.036936
509	-0.037224	-0.037173	-0.037292
510	-0.037552	-0.037492	-0.037616
511	-0.037864	-0.037802	-0.037924
512	-0.038207	-0.038144	-0.038242
513	-0.03858	-0.038514	-0.038569
514	-0.038913	-0.038867	-0.038903
515	-0.039184	-0.039195	-0.039249
516	-0.039453	-0.039504	-0.03957
517	-0.039719	-0.039753	-0.039811
518	-0.03999	-0.04001	-0.040061
519	-0.040309	-0.040336	-0.040374
520	-0.040627	-0.040662	-0.040688
521	-0.040944	-0.040977	-0.041017
522	-0.041262	-0.041291	-0.041347
523	-0.041577	-0.041588	-0.041644
524	-0.041893	-0.04188	-0.041935
525	-0.042208	-0.042173	-0.042243
526	-0.042524	-0.042467	-0.042559
527	-0.042783	-0.042733	-0.042834
528	-0.042997	-0.04298	-0.043079
529	-0.043253	-0.043228	-0.043332
530	-0.043564	-0.043481	-0.043599
531	-0.043837	-0.043732	-0.043858
532	-0.044015	-0.043981	-0.044097
533	-0.044206	-0.044224	-0.044334
534	-0.044467	-0.044442	-0.044564
535	-0.044727	-0.044661	-0.044794
536	-0.044974	-0.04494	-0.045052
537	-0.045222	-0.045219	-0.045311
538	-0.045463	-0.045454	-0.045543
539	-0.045702	-0.045684	-0.045773
540	-0.045886	-0.04588	-0.045977
541	-0.046053	-0.046066	-0.046174
542	-0.046235	-0.046232	-0.046331
543	-0.046426	-0.046387	-0.046463
544	-0.046619	-0.046576	-0.04663
545	-0.046815	-0.046801	-0.046832
546	-0.047007	-0.047009	-0.047033
547	-0.047189	-0.047192	-0.047235
548	-0.04738	-0.047372	-0.04744
549	-0.047596	-0.047545	-0.047653
550	-0.047809	-0.047719	-0.047861
551	-0.047996	-0.047903	-0.048029
552	-0.048184	-0.048087	-0.048197
553	-0.048366	-0.048303	-0.048391
554	-0.048548	-0.048519	-0.048586
555	-0.048732	-0.048712	-0.048785
556	-0.048916	-0.048902	-0.048985
557	-0.049129	-0.04911	-0.0492
558	-0.049353	-0.049325	-0.049422
559	-0.049594	-0.049567	-0.049674
560	-0.049845	-0.049825	-0.049945
561	-0.050084	-0.050075	-0.050194
562	-0.050308	-0.050316	-0.050418
563	-0.050532	-0.050544	-0.050638
564	-0.050754	-0.050746	-0.050851
565	-0.050976	-0.050957	-0.05106
566	-0.051199	-0.051196	-0.051257
567	-0.051412	-0.051422	-0.051453
568	-0.051552	-0.051554	-0.051634
569	-0.051692	-0.051686	-0.051815
570	-0.051899	-0.051871	-0.051992
571	-0.052106	-0.052058	-0.052169
572	-0.052301	-0.052273	-0.052367
573	-0.052493	-0.052492	-0.052568
574	-0.052691	-0.052685	-0.052766
575	-0.05289	-0.052869	-0.052963
576	-0.053063	-0.053045	-0.053145
577	-0.053222	-0.053217	-0.053317
578	-0.053393	-0.053393	-0.053484
579	-0.053576	-0.053575	-0.053645
580	-0.053769	-0.053756	-0.053816
581	-0.053977	-0.053938	-0.054001
582	-0.05419	-0.054143	-0.054207
583	-0.054413	-0.054406	-0.054467
584	-0.054641	-0.054666	-0.054726
585	-0.054889	-0.054913	-0.054982
586	-0.055137	-0.055157	-0.055236
587	-0.055355	-0.055341	-0.055435
588	-0.055573	-0.055524	-0.055634
589	-0.055755	-0.055709	-0.055812
590	-0.055935	-0.055893	-0.055988
591	-0.056119	-0.05609	-0.05616
592	-0.056305	-0.05629	-0.056331
593	-0.056455	-0.056458	-0.056509
594	-0.056591	-0.056612	-0.056689
595	-0.056756	-0.056781	-0.056857
596	-0.056942	-0.05696	-0.057016
597	-0.057179	-0.05717	-0.057228
598	-0.057474	-0.057413	-0.057497
599	-0.057704	-0.057608	-0.057712
600	-0.057823	-0.057719	-0.057833
601	-0.057905	-0.05781	-0.057921
602	-0.057883	-0.057845	-0.057912
603	-0.057867	-0.057873	-0.057903
604	-0.057884	-0.057864	-0.057895
605	-0.057901	-0.057855	-0.057889
606	-0.057891	-0.057862	-0.057918
607	-0.057881	-0.057869	-0.057946
608	-0.057912	-0.057859	-0.057953
609	-0.057946	-0.057847	-0.057959
610	-0.058004	-0.05791	-0.058026
611	-0.058068	-0.057988	-0.058107
612	-0.058164	-0.058108	-0.058206
613	-0.058272	-0.058243	-0.058314
614	-0.058427	-0.058412	-0.058457
615	-0.058613	-0.058601	-0.058623
616	-0.05879	-0.058794	-0.058803
617	-0.058959	-0.058989	-0.058998
618	-0.059166	-0.059204	-0.059235
619	-0.05943	-0.059449	-0.059535
620	-0.059663	-0.059669	-0.059787
621	-0.059822	-0.059829	-0.059926
622	-0.059999	-0.059993	-0.060075
623	-0.060248	-0.060176	-0.060267
624	-0.060497	-0.060366	-0.060463
625	-0.06075	-0.060628	-0.060693
626	-0.061004	-0.060891	-0.060924
627	-0.061204	-0.061141	-0.061198
628	-0.061404	-0.061391	-0.061472
629	-0.06154	-0.061486	-0.06157
630	-0.061668	-0.061562	-0.061647
631	-0.061792	-0.061722	-0.061796
632	-0.061916	-0.061903	-0.061963
633	-0.06212	-0.062136	-0.062202
634	-0.062358	-0.062392	-0.062472
635	-0.062588	-0.062585	-0.062689
636	-0.062812	-0.062736	-0.062871
637	-0.063016	-0.062914	-0.063063
638	-0.063199	-0.063118	-0.063265
639	-0.063369	-0.063307	-0.063453
640	-0.063519	-0.063473	-0.063621
641	-0.063674	-0.063636	-0.063786
642	-0.063836	-0.063792	-0.063946
643	-0.063999	-0.063956	-0.064103
644	-0.064162	-0.064149	-0.064252
645	-0.064317	-0.064332	-0.064399
646	-0.064413	-0.064444	-0.064536
647	-0.064516	-0.064561	-0.064676
648	-0.06483	-0.064844	-0.06495
649	-0.065144	-0.065127	-0.065223
650	-0.065329	-0.065306	-0.065383
651	-0.065507	-0.065479	-0.065536
652	-0.065472	-0.065431	-0.065515
653	-0.0654	-0.065345	-0.065464
654	-0.065328	-0.065279	-0.065375
655	-0.065257	-0.06522	-0.065273
656	-0.065293	-0.065261	-0.065328
657	-0.065381	-0.065352	-0.065457
658	-0.065564	-0.065555	-0.065653
659	-0.065815	-0.065838	-0.065897
660	-0.066125	-0.066162	-0.066198
661	-0.066495	-0.066526	-0.066557
662	-0.066769	-0.066798	-0.066844
663	-0.066909	-0.06694	-0.067028
664	-0.067	-0.067017	-0.067142
665	-0.06699	-0.066962	-0.067116
666	-0.067007	-0.066944	-0.067111
667	-0.067104	-0.067041	-0.067174
668	-0.06719	-0.067132	-0.067233
669	-0.067222	-0.067197	-0.067276
670	-0.067264	-0.067269	-0.067332
671	-0.067429	-0.067419	-0.067537
672	-0.067593	-0.067569	-0.067742
673	-0.067724	-0.067674	-0.06779
674	-0.067855	-0.067779	-0.067838
675	-0.068068	-0.068033	-0.068063
676	-0.068289	-0.068299	-0.068304
677	-0.06845	-0.068419	-0.068476
678	-0.068601	-0.06851	-0.068636
679	-0.068811	-0.068753	-0.068866
680	-0.069038	-0.069043	-0.069118
681	-0.069301	-0.069356	-0.069406
682	-0.06958	-0.069678	-0.069711
683	-0.069909	-0.070008	-0.069986
684	-0.070271	-0.070342	-0.070242
685	-0.070561	-0.070579	-0.070532
686	-0.070789	-0.070731	-0.070853
687	-0.070996	-0.070911	-0.07111
688	-0.071178	-0.071125	-0.071293
689	-0.071406	-0.071375	-0.071518
690	-0.071706	-0.071685	-0.07181
691	-0.07202	-0.071993	-0.072117
692	-0.072363	-0.072298	-0.072459
693	-0.072697	-0.072606	-0.072797
694	-0.073	-0.072926	-0.073124
695	-0.073303	-0.073239	-0.073433
696	-0.073599	-0.073514	-0.073648
697	-0.073896	-0.073798	-0.073876
698	-0.074205	-0.074152	-0.074225
699	-0.074511	-0.074503	-0.07457
700	-0.074714	-0.07471	-0.074801
701	-0.074918	-0.074918	-0.075032
702	-0.075253	-0.07524	-0.075341
703	-0.075594	-0.075567	-0.075653
704	-0.075811	-0.075778	-0.075935
705	-0.076015	-0.075975	-0.076213
706	-0.07631	-0.07629	-0.07651
707	-0.076623	-0.076629	-0.076811
708	-0.076775	-0.076813	-0.076882
709	-0.076877	-0.07695	-0.076883
710	-0.077241	-0.077292	-0.077175
711	-0.077715	-0.077719	-0.07759
712	-0.078075	-0.078038	-0.078026
713	-0.078371	-0.078296	-0.078473
714	-0.078432	-0.078412	-0.07861
715	-0.078324	-0.078423	-0.078523
716	-0.078452	-0.078579	-0.078613
717	-0.078799	-0.07887	-0.078868
718	-0.078922	-0.079024	-0.07897
719	-0.078784	-0.079019	-0.078893
720	-0.079066	-0.079303	-0.079184
[LOG]
CHECKSUM±„