[HEADER]
Format	J&M ASCII Table
Comment	
Date	11/08/2026 10:43:23
Order	Y (evenX)
TechType	UV
NumPoints	411
FirstX	310
LastX	720
XType	nm
YType	Absorbance
ZType	s
NumSubFile	3
Matrix	Z vs X
[LOGIN]
Name=pcbob
[INSTRUMENT]
Name=TIDAS E Base UV/VI
Detector=MMS - ASPEN 97,5 kHz
Diodearray=256 Pixel
Serial#=36584
Calibrated=2011-07-01
Range=183.81-729.88 [nm] (F0)

SWVersion=v3.18.2 (build 0)[LOGIN]
Name=pcbob
[CONFIG]
ChannelName=Channel 1
ChannelType=Normalized
[PARAMETER]
It=360,00
Aver=5
Norm=3
Range=310,0-720,0 nm
Scan=Time
ScanTime=5,00 s
[TRIGGER]
Sweep=0
Scan=0
[DIO]
DigOut=0x0000
DigIn=0x0000
[DATA]
	00:00:00,000	00:00:01,800	00:00:03,600
310	0.15462	0.154635	0.154528
311	0.152403	0.152416	0.152324
312	0.150284	0.150263	0.150188
313	0.148218	0.148178	0.148115
314	0.146225	0.146184	0.146127
315	0.144278	0.144232	0.144185
316	0.142472	0.142408	0.142383
317	0.140669	0.140589	0.140586
318	0.138909	0.138855	0.138838
319	0.137148	0.13712	0.137091
320	0.135423	0.135373	0.135318
321	0.133703	0.133625	0.133542
322	0.131966	0.131896	0.131822
323	0.130223	0.130175	0.130125
324	0.128517	0.128497	0.128454
325	0.126845	0.126855	0.126806
326	0.125189	0.125214	0.125156
327	0.12356	0.123573	0.123504
328	0.12197	0.121974	0.121896
329	0.120564	0.120573	0.120495
330	0.119157	0.119171	0.119094
331	0.117728	0.11772	0.117674
332	0.116298	0.11627	0.116254
333	0.114864	0.11486	0.114823
334	0.113428	0.113458	0.11339
335	0.11203	0.112054	0.112001
336	0.110653	0.110647	0.110637
337	0.109275	0.109269	0.109271
338	0.107897	0.107922	0.107903
339	0.106504	0.106538	0.106498
340	0.105077	0.105067	0.105008
341	0.103651	0.103602	0.103529
342	0.10223	0.102177	0.102129
343	0.100809	0.100753	0.100729
344	0.099436	0.099419	0.099385
345	0.098065	0.09809	0.098044
346	0.096688	0.09671	0.096655
347	0.095309	0.095315	0.095251
348	0.093936	0.093953	0.093883
349	0.092566	0.092613	0.09254
350	0.091287	0.091322	0.091263
351	0.09013	0.090096	0.090074
352	0.088933	0.088862	0.088865
353	0.087617	0.087601	0.087597
354	0.086307	0.086342	0.08633
355	0.085071	0.085118	0.085079
356	0.083836	0.083894	0.083827
357	0.082506	0.082583	0.082514
358	0.081166	0.081262	0.081195
359	0.079846	0.079915	0.079861
360	0.078534	0.078558	0.078522
361	0.077286	0.077277	0.07726
362	0.07609	0.076055	0.076061
363	0.074871	0.07484	0.074835
364	0.073614	0.073633	0.073569
365	0.072364	0.072411	0.072299
366	0.071135	0.071139	0.071009
367	0.06991	0.069874	0.069728
368	0.068755	0.068753	0.068626
369	0.0676	0.067632	0.067524
370	0.066539	0.06658	0.06648
371	0.065492	0.065538	0.065445
372	0.064403	0.064444	0.064356
373	0.063297	0.063329	0.063245
374	0.062153	0.062181	0.062091
375	0.060974	0.061003	0.060899
376	0.05985	0.05989	0.059769
377	0.058823	0.058888	0.058752
378	0.057784	0.057867	0.057726
379	0.056694	0.056762	0.056669
380	0.055606	0.055659	0.055614
381	0.054575	0.05464	0.05459
382	0.053544	0.053622	0.053566
383	0.052537	0.052558	0.052535
384	0.051533	0.051485	0.051503
385	0.050479	0.050429	0.050434
386	0.049401	0.04938	0.049347
387	0.048311	0.048298	0.048259
388	0.047207	0.047185	0.04717
389	0.046112	0.046084	0.046073
390	0.045031	0.045005	0.044963
391	0.043946	0.043919	0.043856
392	0.042838	0.042805	0.042767
393	0.041732	0.041692	0.041679
394	0.040698	0.0407	0.040689
395	0.039664	0.039708	0.039698
396	0.038653	0.038682	0.038642
397	0.037647	0.03765	0.037574
398	0.036581	0.036563	0.036512
399	0.035488	0.035451	0.035453
400	0.034504	0.034455	0.034471
401	0.033621	0.03357	0.033561
402	0.032735	0.032683	0.032663
403	0.031842	0.031795	0.031786
404	0.03092	0.030886	0.030886
405	0.029864	0.029885	0.029882
406	0.028811	0.028884	0.028879
407	0.027878	0.027924	0.027907
408	0.026945	0.026964	0.026936
409	0.026027	0.026024	0.026031
410	0.02511	0.025087	0.025138
411	0.024186	0.024157	0.024216
412	0.023258	0.023229	0.023281
413	0.022269	0.022253	0.022283
414	0.021226	0.021235	0.021229
415	0.020223	0.020257	0.020226
416	0.01929	0.019352	0.019312
417	0.018354	0.018436	0.018384
418	0.017404	0.017474	0.017396
419	0.016455	0.016514	0.016411
420	0.015528	0.015589	0.015537
421	0.0146	0.014665	0.014663
422	0.013784	0.013826	0.013775
423	0.012983	0.012999	0.012885
424	0.012102	0.012141	0.012054
425	0.011188	0.01127	0.011246
426	0.010283	0.010378	0.010366
427	0.009384	0.009467	0.009428
428	0.008488	0.008551	0.008505
429	0.007596	0.007626	0.007603
430	0.006702	0.006712	0.006705
431	0.005799	0.005837	0.005816
432	0.004905	0.00497	0.004937
433	0.004127	0.004209	0.004188
434	0.003349	0.003447	0.003439
435	0.002565	0.002665	0.002651
436	0.001781	0.001881	0.001861
437	0.000962	0.001065	0.001013
438	0.000132	0.00024	0.000147
439	-0.000649	-0.000552	-0.000655
440	-0.001398	-0.001321	-0.001414
441	-0.002139	-0.002067	-0.002157
442	-0.002872	-0.002783	-0.002878
443	-0.003631	-0.003518	-0.003621
444	-0.004455	-0.004304	-0.00442
445	-0.00528	-0.005098	-0.005222
446	-0.006102	-0.005954	-0.006038
447	-0.006924	-0.006811	-0.006853
448	-0.007742	-0.00764	-0.007676
449	-0.008561	-0.008468	-0.008498
450	-0.009363	-0.009289	-0.009325
451	-0.010161	-0.010107	-0.010154
452	-0.010919	-0.010862	-0.010907
453	-0.011656	-0.011583	-0.011621
454	-0.012355	-0.012272	-0.012301
455	-0.013016	-0.012929	-0.012948
456	-0.013678	-0.013595	-0.013612
457	-0.01434	-0.014276	-0.014309
458	-0.015008	-0.014958	-0.015006
459	-0.015699	-0.015649	-0.015702
460	-0.016386	-0.016337	-0.016394
461	-0.016996	-0.016973	-0.016996
462	-0.017606	-0.017608	-0.017598
463	-0.018192	-0.018204	-0.018201
464	-0.018775	-0.018795	-0.018803
465	-0.019475	-0.019463	-0.019479
466	-0.020217	-0.02016	-0.020182
467	-0.020931	-0.020859	-0.020898
468	-0.021623	-0.021561	-0.021623
469	-0.022361	-0.022292	-0.022374
470	-0.023157	-0.023061	-0.023161
471	-0.023927	-0.023815	-0.023925
472	-0.02463	-0.024531	-0.024635
473	-0.025322	-0.025235	-0.025332
474	-0.025941	-0.025865	-0.025947
475	-0.026559	-0.026495	-0.026562
476	-0.02724	-0.027196	-0.027221
477	-0.027922	-0.027899	-0.027881
478	-0.028605	-0.028589	-0.028567
479	-0.029287	-0.029276	-0.029259
480	-0.029964	-0.029949	-0.029927
481	-0.030639	-0.030615	-0.030584
482	-0.03117	-0.031145	-0.031119
483	-0.031577	-0.031559	-0.031547
484	-0.031949	-0.031922	-0.031922
485	-0.032266	-0.032205	-0.032211
486	-0.032646	-0.032564	-0.032584
487	-0.033227	-0.03316	-0.033218
488	-0.033828	-0.033775	-0.033863
489	-0.034617	-0.034583	-0.03461
490	-0.035407	-0.035391	-0.035357
491	-0.036103	-0.036058	-0.036023
492	-0.036794	-0.036716	-0.036684
493	-0.0374	-0.037339	-0.037312
494	-0.037986	-0.037953	-0.037932
495	-0.038547	-0.0385	-0.038516
496	-0.039096	-0.039011	-0.039081
497	-0.039587	-0.039484	-0.039565
498	-0.040024	-0.03992	-0.039973
499	-0.040489	-0.040381	-0.040414
500	-0.040999	-0.040886	-0.040912
501	-0.041495	-0.041382	-0.041399
502	-0.041942	-0.041851	-0.041854
503	-0.042395	-0.042323	-0.042315
504	-0.042907	-0.042829	-0.042844
505	-0.043419	-0.043334	-0.043372
506	-0.043947	-0.043848	-0.043868
507	-0.044475	-0.044361	-0.044362
508	-0.04499	-0.044895	-0.044874
509	-0.045502	-0.045434	-0.045391
510	-0.045957	-0.045916	-0.045884
511	-0.046384	-0.046369	-0.046365
512	-0.046862	-0.046828	-0.046851
513	-0.047386	-0.047293	-0.047343
514	-0.04787	-0.047735	-0.04781
515	-0.048287	-0.048141	-0.048238
516	-0.048705	-0.048554	-0.048658
517	-0.049124	-0.048986	-0.04905
518	-0.049548	-0.049423	-0.049449
519	-0.050018	-0.049905	-0.049903
520	-0.050489	-0.050388	-0.050357
521	-0.050956	-0.050842	-0.050828
522	-0.051423	-0.051296	-0.0513
523	-0.051871	-0.051744	-0.051764
524	-0.052314	-0.052191	-0.052227
525	-0.052729	-0.052615	-0.052642
526	-0.05313	-0.053028	-0.053037
527	-0.053495	-0.053406	-0.053417
528	-0.053833	-0.053755	-0.053786
529	-0.054185	-0.054121	-0.054158
530	-0.054557	-0.054509	-0.054534
531	-0.054936	-0.054895	-0.054906
532	-0.055329	-0.055271	-0.055268
533	-0.055717	-0.055646	-0.055628
534	-0.056072	-0.056007	-0.055974
535	-0.056427	-0.056368	-0.056322
536	-0.056806	-0.056754	-0.056742
537	-0.057185	-0.057141	-0.057163
538	-0.057495	-0.057425	-0.057449
539	-0.057796	-0.057698	-0.057718
540	-0.058072	-0.057948	-0.057989
541	-0.05834	-0.058191	-0.05826
542	-0.058622	-0.058498	-0.058552
543	-0.058913	-0.058842	-0.058856
544	-0.059223	-0.059165	-0.059159
545	-0.059553	-0.059469	-0.059461
546	-0.059849	-0.059765	-0.059769
547	-0.060088	-0.060049	-0.060086
548	-0.060343	-0.060331	-0.060381
549	-0.060649	-0.060607	-0.060611
550	-0.060955	-0.060886	-0.060851
551	-0.061265	-0.061191	-0.061172
552	-0.061574	-0.061496	-0.061493
553	-0.06183	-0.061763	-0.06175
554	-0.062085	-0.062029	-0.062005
555	-0.062399	-0.062326	-0.062316
556	-0.062722	-0.062628	-0.062635
557	-0.063005	-0.062907	-0.062911
558	-0.063272	-0.063179	-0.063171
559	-0.063591	-0.063511	-0.063514
560	-0.063942	-0.063881	-0.063909
561	-0.064276	-0.064221	-0.064252
562	-0.06459	-0.064527	-0.064538
563	-0.064909	-0.064844	-0.064844
564	-0.065233	-0.065179	-0.065184
565	-0.065543	-0.065494	-0.065501
566	-0.065806	-0.065742	-0.065739
567	-0.066063	-0.065983	-0.065974
568	-0.066265	-0.066169	-0.06617
569	-0.066466	-0.066355	-0.066367
570	-0.066675	-0.066588	-0.066593
571	-0.066884	-0.066821	-0.066818
572	-0.06709	-0.067039	-0.067047
573	-0.067295	-0.067256	-0.067276
574	-0.067521	-0.067472	-0.067485
575	-0.067754	-0.067688	-0.067688
576	-0.067983	-0.06791	-0.067916
577	-0.06821	-0.068135	-0.068159
578	-0.068449	-0.068379	-0.068416
579	-0.0687	-0.068639	-0.068685
580	-0.068957	-0.068905	-0.068949
581	-0.069226	-0.069177	-0.069204
582	-0.069521	-0.069473	-0.06949
583	-0.069888	-0.069828	-0.069856
584	-0.070251	-0.070182	-0.070217
585	-0.070588	-0.070526	-0.070552
586	-0.070926	-0.070868	-0.070885
587	-0.071247	-0.071165	-0.071191
588	-0.071568	-0.071463	-0.071497
589	-0.071889	-0.071782	-0.071819
590	-0.072209	-0.072102	-0.072143
591	-0.07248	-0.072405	-0.072413
592	-0.07274	-0.072705	-0.072672
593	-0.072985	-0.072942	-0.072928
594	-0.073224	-0.073151	-0.073183
595	-0.073495	-0.073413	-0.073456
596	-0.073788	-0.07371	-0.073742
597	-0.074117	-0.074042	-0.074064
598	-0.074487	-0.07441	-0.074426
599	-0.074789	-0.074716	-0.07472
600	-0.074975	-0.07491	-0.074896
601	-0.075116	-0.075061	-0.075041
602	-0.075129	-0.075083	-0.075091
603	-0.075136	-0.075095	-0.075124
604	-0.075113	-0.075053	-0.075056
605	-0.075089	-0.075011	-0.074989
606	-0.075033	-0.074951	-0.074942
607	-0.074976	-0.074891	-0.074895
608	-0.075019	-0.074933	-0.07497
609	-0.07507	-0.074983	-0.075055
610	-0.075129	-0.075064	-0.075111
611	-0.07519	-0.075152	-0.07516
612	-0.075366	-0.075322	-0.07533
613	-0.075589	-0.075525	-0.075548
614	-0.075819	-0.075745	-0.075761
615	-0.076053	-0.075975	-0.07597
616	-0.076304	-0.076221	-0.076226
617	-0.07657	-0.076483	-0.076527
618	-0.076889	-0.076797	-0.076845
619	-0.077288	-0.077189	-0.077187
620	-0.077637	-0.077541	-0.077498
621	-0.077868	-0.077796	-0.077738
622	-0.078114	-0.078065	-0.078005
623	-0.078422	-0.078393	-0.078379
624	-0.078735	-0.07872	-0.078747
625	-0.079099	-0.079026	-0.079058
626	-0.079462	-0.079333	-0.079368
627	-0.079711	-0.079576	-0.079659
628	-0.079958	-0.079818	-0.07995
629	-0.080257	-0.080103	-0.08023
630	-0.080562	-0.080394	-0.080508
631	-0.080799	-0.080661	-0.080765
632	-0.081018	-0.080922	-0.081016
633	-0.08131	-0.081205	-0.081298
634	-0.081632	-0.081499	-0.081593
635	-0.081909	-0.081789	-0.081846
636	-0.082154	-0.082077	-0.082072
637	-0.082403	-0.082374	-0.082323
638	-0.082657	-0.082679	-0.082599
639	-0.082936	-0.082961	-0.082889
640	-0.083253	-0.083209	-0.083199
641	-0.083553	-0.083459	-0.083498
642	-0.083816	-0.083715	-0.083773
643	-0.084061	-0.083964	-0.084027
644	-0.084241	-0.084189	-0.084209
645	-0.084427	-0.08441	-0.084392
646	-0.084654	-0.084607	-0.084583
647	-0.084884	-0.084809	-0.084778
648	-0.085225	-0.085148	-0.085117
649	-0.085565	-0.085487	-0.085456
650	-0.085756	-0.085718	-0.085702
651	-0.085937	-0.085943	-0.085941
652	-0.085847	-0.085812	-0.085828
653	-0.085709	-0.08562	-0.085654
654	-0.085546	-0.085467	-0.085514
655	-0.085375	-0.085327	-0.085384
656	-0.085431	-0.085386	-0.085444
657	-0.085597	-0.085542	-0.085596
658	-0.085904	-0.08584	-0.085875
659	-0.086312	-0.08624	-0.086244
660	-0.086791	-0.086736	-0.086731
661	-0.087342	-0.087327	-0.087337
662	-0.087813	-0.087819	-0.087828
663	-0.088169	-0.088169	-0.088158
664	-0.088415	-0.088392	-0.088389
665	-0.088434	-0.088357	-0.08842
666	-0.088457	-0.088348	-0.088448
667	-0.088488	-0.088418	-0.088466
668	-0.088538	-0.088496	-0.088505
669	-0.088683	-0.088616	-0.088647
670	-0.088842	-0.088753	-0.088799
671	-0.089157	-0.089081	-0.089076
672	-0.089472	-0.08941	-0.089353
673	-0.089621	-0.089516	-0.089531
674	-0.089769	-0.089623	-0.089709
675	-0.090131	-0.090028	-0.090087
676	-0.090513	-0.090458	-0.090481
677	-0.090787	-0.090726	-0.090727
678	-0.091042	-0.090964	-0.090945
679	-0.091311	-0.091261	-0.091266
680	-0.091584	-0.091576	-0.091618
681	-0.09199	-0.091962	-0.092
682	-0.092458	-0.092381	-0.092396
683	-0.092847	-0.092817	-0.092778
684	-0.093186	-0.093264	-0.093151
685	-0.093571	-0.093639	-0.093574
686	-0.093999	-0.093949	-0.094041
687	-0.094388	-0.094281	-0.094406
688	-0.094732	-0.094639	-0.094651
689	-0.095075	-0.095006	-0.094955
690	-0.095417	-0.095385	-0.095352
691	-0.095794	-0.095783	-0.095765
692	-0.096246	-0.096221	-0.09621
693	-0.096694	-0.096658	-0.096656
694	-0.097132	-0.097088	-0.097107
695	-0.097605	-0.09755	-0.097587
696	-0.098252	-0.098167	-0.098208
697	-0.098863	-0.098746	-0.0988
698	-0.099148	-0.098979	-0.099125
699	-0.099438	-0.099221	-0.099454
700	-0.099857	-0.099755	-0.099877
701	-0.100276	-0.100288	-0.1003
702	-0.100739	-0.100802	-0.100732
703	-0.101205	-0.101315	-0.101164
704	-0.101542	-0.101561	-0.101529
705	-0.101863	-0.101777	-0.101886
706	-0.102363	-0.102239	-0.102331
707	-0.102899	-0.102751	-0.102793
708	-0.10316	-0.103055	-0.103024
709	-0.103337	-0.103296	-0.103184
710	-0.103707	-0.103645	-0.103586
711	-0.104158	-0.10404	-0.104089
712	-0.104615	-0.104449	-0.104598
713	-0.105075	-0.104867	-0.10511
714	-0.105282	-0.105078	-0.105304
715	-0.105305	-0.105139	-0.105268
716	-0.105416	-0.105369	-0.105363
717	-0.10561	-0.105755	-0.105579
718	-0.105813	-0.105966	-0.105686
719	-0.106027	-0.10597	-0.105666
720	-0.106335	-0.106231	-0.105926
[LOG]
CHECKSUM_Ï