[HEADER]
Format	J&M ASCII Table
Comment	
Date	11/08/2026 10:01:55
Order	Y (evenX)
TechType	UV
NumPoints	411
FirstX	310
LastX	720
XType	nm
YType	Absorbance
ZType	s
NumSubFile	3
Matrix	Z vs X
[LOGIN]
Name=pcbob
[INSTRUMENT]
Name=TIDAS E Base UV/VI
Detector=MMS - ASPEN 97,5 kHz
Diodearray=256 Pixel
Serial#=36584
Calibrated=2011-07-01
Range=183.81-729.88 [nm] (F0)

SWVersion=v3.18.2 (build 0)[LOGIN]
Name=pcbob
[CONFIG]
ChannelName=Channel 1
ChannelType=Normalized
[PARAMETER]
It=360,00
Aver=5
Norm=3
Range=310,0-720,0 nm
Scan=Time
ScanTime=5,00 s
[TRIGGER]
Sweep=0
Scan=0
[DIO]
DigOut=0x0000
DigIn=0x0000
[DATA]
	00:00:00,000	00:00:01,800	00:00:03,600
310	-0.001964	-0.001906	-0.001894
311	-0.002093	-0.002039	-0.002025
312	-0.002215	-0.002175	-0.002172
313	-0.002339	-0.002313	-0.00232
314	-0.002465	-0.002454	-0.002469
315	-0.002595	-0.002591	-0.002611
316	-0.002737	-0.002717	-0.002729
317	-0.002876	-0.002838	-0.002846
318	-0.002958	-0.002912	-0.00294
319	-0.00304	-0.002985	-0.003035
320	-0.003103	-0.003066	-0.003119
321	-0.003162	-0.003148	-0.003202
322	-0.003216	-0.003216	-0.003244
323	-0.003268	-0.003277	-0.003268
324	-0.003323	-0.003305	-0.003298
325	-0.003382	-0.003301	-0.003333
326	-0.003434	-0.003324	-0.003369
327	-0.003476	-0.003397	-0.003407
328	-0.003511	-0.003455	-0.003441
329	-0.003516	-0.003446	-0.003462
330	-0.00352	-0.003437	-0.003482
331	-0.003574	-0.003515	-0.003531
332	-0.003627	-0.003593	-0.003579
333	-0.003657	-0.003628	-0.003654
334	-0.003683	-0.003654	-0.003734
335	-0.003708	-0.003667	-0.003753
336	-0.003732	-0.003673	-0.003739
337	-0.003738	-0.003673	-0.003708
338	-0.003725	-0.003667	-0.003658
339	-0.003737	-0.00368	-0.003648
340	-0.00381	-0.003737	-0.003733
341	-0.003877	-0.003789	-0.00381
342	-0.003897	-0.003807	-0.003823
343	-0.003917	-0.003826	-0.003837
344	-0.003972	-0.003904	-0.003922
345	-0.004029	-0.003986	-0.004011
346	-0.004105	-0.004035	-0.004067
347	-0.004185	-0.004074	-0.004114
348	-0.004268	-0.004162	-0.004167
349	-0.004353	-0.004284	-0.004225
350	-0.004419	-0.004376	-0.004306
351	-0.004461	-0.004427	-0.004417
352	-0.004516	-0.004482	-0.004516
353	-0.00461	-0.004551	-0.004578
354	-0.004705	-0.004626	-0.004643
355	-0.004824	-0.004759	-0.004736
356	-0.004943	-0.004893	-0.004829
357	-0.005063	-0.004995	-0.004952
358	-0.005183	-0.005094	-0.005078
359	-0.005247	-0.005163	-0.005185
360	-0.005291	-0.005222	-0.005285
361	-0.005333	-0.00528	-0.005346
362	-0.005375	-0.005339	-0.005375
363	-0.005441	-0.005403	-0.005434
364	-0.005545	-0.005477	-0.005538
365	-0.005653	-0.005565	-0.005643
366	-0.005777	-0.0057	-0.005753
367	-0.005898	-0.005833	-0.005861
368	-0.005942	-0.005912	-0.00595
369	-0.005986	-0.005992	-0.006038
370	-0.006046	-0.006057	-0.006096
371	-0.006108	-0.006121	-0.006148
372	-0.006164	-0.006172	-0.006192
373	-0.006218	-0.006219	-0.006231
374	-0.006314	-0.006301	-0.006311
375	-0.006445	-0.006414	-0.006426
376	-0.006554	-0.006522	-0.006525
377	-0.006622	-0.00662	-0.006592
378	-0.006699	-0.006715	-0.006666
379	-0.006818	-0.006795	-0.006764
380	-0.006935	-0.006874	-0.006861
381	-0.006965	-0.006911	-0.006901
382	-0.006995	-0.006948	-0.006941
383	-0.007009	-0.006994	-0.006966
384	-0.00702	-0.007042	-0.006989
385	-0.007056	-0.007062	-0.007031
386	-0.007104	-0.007068	-0.007081
387	-0.007171	-0.007123	-0.00714
388	-0.007257	-0.007223	-0.007206
389	-0.007329	-0.007287	-0.007274
390	-0.007374	-0.007283	-0.007347
391	-0.007424	-0.007292	-0.007412
392	-0.007495	-0.007362	-0.007439
393	-0.007565	-0.007433	-0.007468
394	-0.00761	-0.007542	-0.007548
395	-0.007654	-0.007652	-0.007629
396	-0.007765	-0.007735	-0.007685
397	-0.007889	-0.007812	-0.007736
398	-0.007994	-0.007934	-0.007883
399	-0.008091	-0.008077	-0.008075
400	-0.008136	-0.00815	-0.008144
401	-0.008132	-0.008156	-0.008098
402	-0.008172	-0.008178	-0.008101
403	-0.008294	-0.008231	-0.008196
404	-0.008415	-0.008303	-0.008302
405	-0.008528	-0.008458	-0.008454
406	-0.008641	-0.008612	-0.008604
407	-0.00878	-0.00868	-0.008714
408	-0.00892	-0.008748	-0.008824
409	-0.008973	-0.00887	-0.008898
410	-0.009011	-0.009001	-0.008965
411	-0.008985	-0.009005	-0.008976
412	-0.008931	-0.008953	-0.008962
413	-0.008949	-0.00896	-0.008984
414	-0.00903	-0.009021	-0.009039
415	-0.009117	-0.009085	-0.009099
416	-0.009213	-0.009155	-0.009168
417	-0.009304	-0.009224	-0.009229
418	-0.009377	-0.009292	-0.009258
419	-0.009448	-0.009358	-0.009286
420	-0.009448	-0.009364	-0.009314
421	-0.009449	-0.00937	-0.009343
422	-0.009497	-0.009421	-0.009411
423	-0.009553	-0.009478	-0.009485
424	-0.009686	-0.009629	-0.009643
425	-0.00985	-0.009816	-0.009834
426	-0.009998	-0.009999	-0.009995
427	-0.010134	-0.010177	-0.010133
428	-0.010271	-0.010321	-0.010249
429	-0.010412	-0.010415	-0.010333
430	-0.010546	-0.010512	-0.010427
431	-0.010658	-0.010625	-0.010555
432	-0.010769	-0.01074	-0.010685
433	-0.01087	-0.010882	-0.010822
434	-0.01097	-0.011024	-0.01096
435	-0.011062	-0.011071	-0.011066
436	-0.011152	-0.011109	-0.011169
437	-0.011243	-0.011204	-0.011257
438	-0.011335	-0.011316	-0.011339
439	-0.011382	-0.011377	-0.011382
440	-0.011399	-0.011403	-0.011399
441	-0.011424	-0.011407	-0.011408
442	-0.011459	-0.011382	-0.011409
443	-0.011498	-0.011394	-0.011439
444	-0.011545	-0.011498	-0.011545
445	-0.011605	-0.011607	-0.011654
446	-0.01175	-0.011742	-0.01179
447	-0.011895	-0.011877	-0.011927
448	-0.011971	-0.011975	-0.011993
449	-0.012046	-0.012071	-0.012057
450	-0.012167	-0.012167	-0.012172
451	-0.012298	-0.012264	-0.012299
452	-0.012366	-0.012329	-0.012384
453	-0.012401	-0.012377	-0.012445
454	-0.012443	-0.012415	-0.012487
455	-0.012491	-0.012441	-0.012508
456	-0.01256	-0.012505	-0.012552
457	-0.012667	-0.012642	-0.012639
458	-0.012775	-0.012773	-0.012738
459	-0.012887	-0.012877	-0.012892
460	-0.012999	-0.01298	-0.013042
461	-0.013091	-0.013074	-0.013075
462	-0.013183	-0.013169	-0.013108
463	-0.013258	-0.013235	-0.013214
464	-0.013331	-0.013297	-0.013328
465	-0.013466	-0.013442	-0.013491
466	-0.013624	-0.013617	-0.01367
467	-0.013809	-0.013792	-0.013826
468	-0.014013	-0.013966	-0.013964
469	-0.014197	-0.014149	-0.014132
470	-0.014357	-0.014344	-0.014337
471	-0.014492	-0.014502	-0.014504
472	-0.014566	-0.014563	-0.014575
473	-0.01463	-0.014619	-0.014637
474	-0.014639	-0.01464	-0.014651
475	-0.014648	-0.01466	-0.014664
476	-0.01465	-0.014689	-0.014666
477	-0.014652	-0.014717	-0.014669
478	-0.01469	-0.014738	-0.014676
479	-0.014735	-0.014757	-0.014684
480	-0.014718	-0.014717	-0.014674
481	-0.014672	-0.01465	-0.014656
482	-0.014533	-0.01452	-0.014535
483	-0.014313	-0.014336	-0.014325
484	-0.014132	-0.01416	-0.014141
485	-0.014015	-0.014	-0.013999
486	-0.013966	-0.013922	-0.013934
487	-0.014131	-0.014106	-0.014107
488	-0.014303	-0.014294	-0.014285
489	-0.014542	-0.014529	-0.01452
490	-0.01478	-0.014764	-0.014755
491	-0.015011	-0.01499	-0.015001
492	-0.015241	-0.015215	-0.015248
493	-0.015371	-0.015349	-0.01538
494	-0.015477	-0.015461	-0.015485
495	-0.015579	-0.01556	-0.015569
496	-0.015679	-0.015652	-0.015643
497	-0.015732	-0.015707	-0.015688
498	-0.01574	-0.015728	-0.015706
499	-0.015769	-0.015772	-0.015752
500	-0.015835	-0.015856	-0.015847
501	-0.015904	-0.015928	-0.015935
502	-0.015985	-0.015962	-0.015997
503	-0.016061	-0.015998	-0.016062
504	-0.016098	-0.016069	-0.016151
505	-0.016134	-0.01614	-0.016239
506	-0.016197	-0.016189	-0.01626
507	-0.016262	-0.016237	-0.016278
508	-0.01631	-0.016296	-0.016335
509	-0.016356	-0.016357	-0.016403
510	-0.01638	-0.01638	-0.016409
511	-0.016395	-0.016383	-0.016383
512	-0.01643	-0.0164	-0.016415
513	-0.016484	-0.016428	-0.0165
514	-0.016521	-0.016461	-0.016537
515	-0.016532	-0.016503	-0.0165
516	-0.016541	-0.016527	-0.016476
517	-0.016542	-0.016501	-0.016491
518	-0.016543	-0.016483	-0.016508
519	-0.016549	-0.016527	-0.016538
520	-0.016556	-0.016571	-0.016568
521	-0.01658	-0.016552	-0.016567
522	-0.016604	-0.01653	-0.016565
523	-0.016595	-0.016554	-0.016577
524	-0.016578	-0.016587	-0.016593
525	-0.016591	-0.016603	-0.016623
526	-0.016616	-0.01661	-0.016659
527	-0.016586	-0.016578	-0.016626
528	-0.016513	-0.016514	-0.016538
529	-0.016465	-0.016469	-0.016476
530	-0.01645	-0.016448	-0.016449
531	-0.016432	-0.016425	-0.016427
532	-0.016403	-0.016395	-0.016415
533	-0.016381	-0.016368	-0.016404
534	-0.016389	-0.016355	-0.016394
535	-0.016399	-0.016345	-0.016387
536	-0.016456	-0.016436	-0.016473
537	-0.016512	-0.016527	-0.01656
538	-0.016533	-0.016547	-0.016564
539	-0.01655	-0.016558	-0.016559
540	-0.016519	-0.016507	-0.016533
541	-0.016472	-0.016438	-0.016501
542	-0.016467	-0.016425	-0.016503
543	-0.016485	-0.016447	-0.016526
544	-0.016506	-0.016468	-0.016531
545	-0.01653	-0.016489	-0.016519
546	-0.01655	-0.016514	-0.016527
547	-0.016564	-0.016547	-0.016569
548	-0.016577	-0.016573	-0.016598
549	-0.01659	-0.016579	-0.016588
550	-0.016605	-0.016582	-0.016582
551	-0.016633	-0.016563	-0.016621
552	-0.016662	-0.016544	-0.016659
553	-0.016605	-0.016566	-0.016624
554	-0.016547	-0.016589	-0.016589
555	-0.016489	-0.016519	-0.016513
556	-0.016431	-0.016433	-0.01643
557	-0.016417	-0.016438	-0.016449
558	-0.01642	-0.016477	-0.016505
559	-0.016451	-0.016492	-0.016523
560	-0.016501	-0.016492	-0.016515
561	-0.016476	-0.016452	-0.016478
562	-0.016369	-0.016368	-0.016409
563	-0.016291	-0.016289	-0.016343
564	-0.016262	-0.016216	-0.016281
565	-0.016202	-0.016133	-0.016199
566	-0.016045	-0.016016	-0.016049
567	-0.015885	-0.01589	-0.015894
568	-0.015701	-0.015688	-0.015702
569	-0.015517	-0.015485	-0.01551
570	-0.015355	-0.015357	-0.015361
571	-0.015194	-0.01523	-0.015212
572	-0.015054	-0.015061	-0.015046
573	-0.014917	-0.014886	-0.014878
574	-0.014752	-0.014726	-0.014705
575	-0.014579	-0.014572	-0.014532
576	-0.014451	-0.01443	-0.014412
577	-0.014351	-0.014295	-0.014322
578	-0.014267	-0.014204	-0.014244
579	-0.014199	-0.014153	-0.014179
580	-0.014152	-0.014116	-0.014122
581	-0.014137	-0.0141	-0.014079
582	-0.014129	-0.014101	-0.014062
583	-0.014138	-0.01415	-0.014114
584	-0.014162	-0.014207	-0.014177
585	-0.014264	-0.014314	-0.014292
586	-0.014366	-0.014418	-0.014404
587	-0.014448	-0.014478	-0.014457
588	-0.01453	-0.014537	-0.014509
589	-0.014647	-0.014617	-0.014607
590	-0.014768	-0.014698	-0.014709
591	-0.01484	-0.01476	-0.01479
592	-0.014901	-0.014817	-0.014865
593	-0.014902	-0.014853	-0.014887
594	-0.014878	-0.01488	-0.014886
595	-0.0149	-0.014919	-0.014919
596	-0.014955	-0.014968	-0.014974
597	-0.015	-0.015003	-0.015009
598	-0.015034	-0.015022	-0.015022
599	-0.015036	-0.01501	-0.015018
600	-0.014983	-0.014942	-0.014984
601	-0.014953	-0.014904	-0.014956
602	-0.014989	-0.014955	-0.014943
603	-0.015029	-0.015011	-0.014947
604	-0.015092	-0.015101	-0.015046
605	-0.015155	-0.015187	-0.015144
606	-0.015216	-0.015194	-0.015214
607	-0.015278	-0.015201	-0.015283
608	-0.015308	-0.015258	-0.015308
609	-0.015336	-0.015318	-0.015328
610	-0.01539	-0.015367	-0.015387
611	-0.015449	-0.015414	-0.015453
612	-0.015489	-0.015455	-0.015486
613	-0.015521	-0.015492	-0.015506
614	-0.015571	-0.015537	-0.015546
615	-0.015632	-0.015586	-0.015598
616	-0.015677	-0.015619	-0.015644
617	-0.015705	-0.015636	-0.015681
618	-0.01575	-0.015688	-0.01574
619	-0.015822	-0.015792	-0.01583
620	-0.015864	-0.015861	-0.015885
621	-0.015837	-0.015848	-0.015854
622	-0.01582	-0.015835	-0.015829
623	-0.015845	-0.015819	-0.015825
624	-0.015876	-0.015816	-0.015832
625	-0.015967	-0.015941	-0.015951
626	-0.016058	-0.016065	-0.01607
627	-0.016111	-0.016087	-0.016137
628	-0.016163	-0.016108	-0.016204
629	-0.016158	-0.016101	-0.016191
630	-0.016146	-0.01609	-0.01617
631	-0.01613	-0.016074	-0.016159
632	-0.016113	-0.016056	-0.016151
633	-0.016183	-0.016128	-0.016204
634	-0.01629	-0.016239	-0.016283
635	-0.016339	-0.0163	-0.016314
636	-0.016347	-0.016328	-0.016311
637	-0.016344	-0.016352	-0.016342
638	-0.016328	-0.01637	-0.016405
639	-0.016332	-0.01639	-0.016437
640	-0.016364	-0.016413	-0.016424
641	-0.01638	-0.01643	-0.016421
642	-0.016365	-0.016435	-0.016442
643	-0.016356	-0.016433	-0.016455
644	-0.01637	-0.016408	-0.016443
645	-0.016381	-0.016385	-0.016427
646	-0.016372	-0.016374	-0.016381
647	-0.016361	-0.01636	-0.016335
648	-0.016305	-0.016275	-0.016272
649	-0.016249	-0.01619	-0.016209
650	-0.015928	-0.015879	-0.015901
651	-0.01559	-0.015555	-0.015579
652	-0.015069	-0.015068	-0.015058
653	-0.014516	-0.014552	-0.014504
654	-0.014211	-0.014235	-0.014202
655	-0.013985	-0.013979	-0.01398
656	-0.013868	-0.013856	-0.013876
657	-0.013805	-0.013798	-0.013829
658	-0.013912	-0.013897	-0.013959
659	-0.014141	-0.014106	-0.014213
660	-0.014506	-0.014449	-0.014567
661	-0.015009	-0.014925	-0.015021
662	-0.015448	-0.015368	-0.015435
663	-0.015798	-0.015765	-0.015793
664	-0.016041	-0.016059	-0.016057
665	-0.016069	-0.016142	-0.016134
666	-0.016123	-0.016218	-0.016208
667	-0.016259	-0.016273	-0.016276
668	-0.01637	-0.016311	-0.016333
669	-0.016359	-0.016254	-0.016334
670	-0.016354	-0.016214	-0.016343
671	-0.016432	-0.016365	-0.016443
672	-0.01651	-0.016517	-0.016544
673	-0.016406	-0.016384	-0.016456
674	-0.016302	-0.01625	-0.016369
675	-0.016405	-0.016348	-0.016437
676	-0.016526	-0.016465	-0.016519
677	-0.016474	-0.016409	-0.016486
678	-0.016389	-0.01632	-0.01643
679	-0.016387	-0.016299	-0.016395
680	-0.016412	-0.016299	-0.016365
681	-0.016485	-0.016421	-0.01649
682	-0.016581	-0.016599	-0.016686
683	-0.016647	-0.016668	-0.016736
684	-0.016693	-0.016665	-0.016692
685	-0.016671	-0.016627	-0.016604
686	-0.01659	-0.016559	-0.016478
687	-0.016505	-0.016527	-0.016415
688	-0.016417	-0.016535	-0.016426
689	-0.016368	-0.016511	-0.01642
690	-0.016379	-0.016433	-0.016386
691	-0.016397	-0.016386	-0.01638
692	-0.016427	-0.016408	-0.016434
693	-0.016439	-0.016426	-0.016466
694	-0.016398	-0.016435	-0.016434
695	-0.016374	-0.016449	-0.01642
696	-0.016431	-0.016491	-0.016496
697	-0.016476	-0.016517	-0.016558
698	-0.016409	-0.01641	-0.016493
699	-0.016344	-0.016307	-0.016427
700	-0.016329	-0.01631	-0.016326
701	-0.016313	-0.016313	-0.016226
702	-0.016353	-0.016353	-0.01631
703	-0.016394	-0.016394	-0.0164
704	-0.016365	-0.01632	-0.016301
705	-0.016328	-0.016233	-0.01618
706	-0.016267	-0.016281	-0.016171
707	-0.016201	-0.016356	-0.016183
708	-0.01615	-0.016232	-0.016124
709	-0.016103	-0.016048	-0.016044
710	-0.016285	-0.016165	-0.016261
711	-0.016564	-0.016408	-0.016603
712	-0.016526	-0.016442	-0.016622
713	-0.01631	-0.016358	-0.01646
714	-0.016175	-0.016239	-0.016356
715	-0.016099	-0.016093	-0.016293
716	-0.016128	-0.01608	-0.016349
717	-0.016253	-0.016191	-0.016514
718	-0.0162	-0.016126	-0.016394
719	-0.015936	-0.015856	-0.015939
720	-0.01587	-0.015835	-0.015813
[LOG]
CHECKSUMP4