[HEADER]
Format	J&M ASCII Table
Comment	
Date	11/08/2026 10:19:36
Order	Y (evenX)
TechType	UV
NumPoints	411
FirstX	310
LastX	720
XType	nm
YType	Absorbance
ZType	s
NumSubFile	3
Matrix	Z vs X
[LOGIN]
Name=pcbob
[INSTRUMENT]
Name=TIDAS E Base UV/VI
Detector=MMS - ASPEN 97,5 kHz
Diodearray=256 Pixel
Serial#=36584
Calibrated=2011-07-01
Range=183.81-729.88 [nm] (F0)

SWVersion=v3.18.2 (build 0)[LOGIN]
Name=pcbob
[CONFIG]
ChannelName=Channel 1
ChannelType=Normalized
[PARAMETER]
It=360,00
Aver=5
Norm=3
Range=310,0-720,0 nm
Scan=Time
ScanTime=5,00 s
[TRIGGER]
Sweep=0
Scan=0
[DIO]
DigOut=0x0000
DigIn=0x0000
[DATA]
	00:00:00,000	00:00:01,800	00:00:03,600
310	0.072091	0.072102	0.07208
311	0.071101	0.071108	0.07109
312	0.070156	0.070157	0.070137
313	0.069235	0.069237	0.069223
314	0.068346	0.06836	0.068361
315	0.067473	0.067496	0.067502
316	0.066645	0.066672	0.066653
317	0.065818	0.06585	0.065808
318	0.065015	0.065066	0.065035
319	0.064211	0.064282	0.064262
320	0.063413	0.06344	0.063444
321	0.062616	0.062591	0.062621
322	0.061815	0.061785	0.061811
323	0.061012	0.060996	0.061006
324	0.060258	0.06025	0.06023
325	0.059545	0.05954	0.05948
326	0.058806	0.058805	0.058739
327	0.05802	0.058022	0.058013
328	0.057267	0.057274	0.057301
329	0.05667	0.056689	0.056656
330	0.056074	0.056103	0.056011
331	0.055425	0.05545	0.055376
332	0.054776	0.054798	0.054742
333	0.054113	0.05413	0.054077
334	0.053447	0.053459	0.053406
335	0.052809	0.052813	0.052774
336	0.052186	0.05218	0.052164
337	0.051538	0.051528	0.051515
338	0.050862	0.050854	0.050822
339	0.050189	0.050175	0.050152
340	0.049523	0.049487	0.049537
341	0.048853	0.048802	0.048912
342	0.048167	0.048142	0.048225
343	0.047481	0.047483	0.047538
344	0.04681	0.04682	0.046796
345	0.04614	0.046156	0.046051
346	0.045444	0.045466	0.045356
347	0.04474	0.044768	0.044674
348	0.044074	0.044087	0.04404
349	0.043433	0.043418	0.043437
350	0.042808	0.042763	0.042835
351	0.042204	0.042126	0.042234
352	0.041578	0.041491	0.041615
353	0.040886	0.040861	0.040946
354	0.040199	0.040232	0.040275
355	0.039566	0.039626	0.039594
356	0.038934	0.03902	0.038912
357	0.038312	0.038367	0.0383
358	0.037691	0.037709	0.037695
359	0.037025	0.037025	0.037032
360	0.036343	0.036332	0.036349
361	0.035713	0.035702	0.03573
362	0.035123	0.035121	0.035163
363	0.034519	0.034526	0.034578
364	0.033892	0.033906	0.033963
365	0.033277	0.033296	0.033338
366	0.032707	0.032718	0.032678
367	0.032136	0.032139	0.032022
368	0.031552	0.03153	0.031472
369	0.030967	0.030922	0.030922
370	0.030447	0.030443	0.030429
371	0.029936	0.029983	0.029943
372	0.029402	0.029416	0.029393
373	0.028857	0.028803	0.028815
374	0.028294	0.028229	0.028228
375	0.027716	0.027691	0.027634
376	0.02716	0.027154	0.027077
377	0.026644	0.026622	0.026583
378	0.026123	0.02609	0.026081
379	0.025582	0.02556	0.025542
380	0.025042	0.025032	0.025003
381	0.024551	0.024549	0.024494
382	0.02406	0.024066	0.023985
383	0.023578	0.023582	0.023539
384	0.023097	0.023098	0.023104
385	0.022566	0.022562	0.022562
386	0.022012	0.022001	0.021971
387	0.021462	0.021457	0.021412
388	0.020916	0.02093	0.020882
389	0.02038	0.020413	0.020374
390	0.019865	0.019917	0.019906
391	0.019337	0.019407	0.019419
392	0.018751	0.018828	0.018842
393	0.018167	0.01825	0.018266
394	0.017702	0.017769	0.017736
395	0.017238	0.017288	0.017205
396	0.016721	0.016793	0.016709
397	0.016195	0.016295	0.016218
398	0.015597	0.015687	0.015601
399	0.014966	0.015026	0.014925
400	0.014443	0.014468	0.014391
401	0.014021	0.014005	0.013992
402	0.013611	0.013583	0.013591
403	0.013226	0.013236	0.013185
404	0.012803	0.012843	0.012745
405	0.01222	0.012244	0.012146
406	0.011639	0.011648	0.011549
407	0.011199	0.011171	0.011107
408	0.01076	0.010694	0.010665
409	0.010253	0.010234	0.010214
410	0.009734	0.009777	0.009761
411	0.009281	0.009319	0.009326
412	0.008858	0.00886	0.008898
413	0.008374	0.008361	0.008409
414	0.007835	0.007824	0.007866
415	0.007337	0.007325	0.007336
416	0.00691	0.006889	0.006831
417	0.006471	0.006456	0.00635
418	0.005988	0.006035	0.005965
419	0.005507	0.00561	0.005576
420	0.005065	0.005081	0.005091
421	0.004623	0.004553	0.004607
422	0.004189	0.004156	0.004178
423	0.003756	0.003777	0.003757
424	0.003318	0.003363	0.003343
425	0.002877	0.002935	0.002931
426	0.002396	0.002461	0.002438
427	0.001882	0.001951	0.001879
428	0.001388	0.001448	0.001361
429	0.000924	0.000956	0.000908
430	0.000471	0.000483	0.000461
431	0.000058	0.000072	0.000038
432	-0.000356	-0.000339	-0.000382
433	-0.000784	-0.000742	-0.000772
434	-0.001212	-0.001145	-0.001161
435	-0.001583	-0.001547	-0.001569
436	-0.001947	-0.001949	-0.001979
437	-0.002361	-0.00237	-0.002388
438	-0.002792	-0.002797	-0.002797
439	-0.003178	-0.003174	-0.003178
440	-0.003534	-0.003518	-0.00354
441	-0.0039	-0.003869	-0.003905
442	-0.004279	-0.004231	-0.004274
443	-0.004656	-0.004598	-0.004648
444	-0.005025	-0.004978	-0.005034
445	-0.005397	-0.005363	-0.005425
446	-0.005796	-0.005778	-0.005849
447	-0.006195	-0.006192	-0.006274
448	-0.006594	-0.006609	-0.006659
449	-0.006994	-0.007025	-0.007043
450	-0.007404	-0.007419	-0.007432
451	-0.007817	-0.007808	-0.007822
452	-0.008178	-0.008166	-0.008187
453	-0.008512	-0.00851	-0.00854
454	-0.008823	-0.008823	-0.008867
455	-0.009112	-0.009107	-0.009167
456	-0.0094	-0.009398	-0.00946
457	-0.009684	-0.0097	-0.009739
458	-0.009987	-0.010013	-0.010033
459	-0.010365	-0.010368	-0.010386
460	-0.010739	-0.010721	-0.010738
461	-0.011036	-0.011047	-0.011075
462	-0.011332	-0.011374	-0.011412
463	-0.011595	-0.011654	-0.011682
464	-0.011853	-0.011928	-0.011943
465	-0.012187	-0.01224	-0.012283
466	-0.012547	-0.012565	-0.012651
467	-0.012907	-0.012898	-0.012989
468	-0.013268	-0.013237	-0.013305
469	-0.013644	-0.013598	-0.013657
470	-0.014041	-0.013988	-0.014057
471	-0.01441	-0.014359	-0.014424
472	-0.01471	-0.014683	-0.014706
473	-0.01501	-0.015005	-0.014992
474	-0.015316	-0.01532	-0.015307
475	-0.015622	-0.015635	-0.015622
476	-0.01593	-0.015972	-0.015973
477	-0.016239	-0.01631	-0.016324
478	-0.0166	-0.016621	-0.01665
479	-0.016972	-0.016927	-0.016971
480	-0.017291	-0.01724	-0.017293
481	-0.017587	-0.017557	-0.017616
482	-0.017841	-0.017831	-0.017888
483	-0.018061	-0.018068	-0.018116
484	-0.018248	-0.018256	-0.018298
485	-0.018382	-0.018366	-0.01841
486	-0.018557	-0.018535	-0.018569
487	-0.018863	-0.018886	-0.018873
488	-0.019176	-0.019236	-0.019187
489	-0.019559	-0.019568	-0.019593
490	-0.019942	-0.0199	-0.019998
491	-0.020238	-0.020212	-0.020266
492	-0.020529	-0.020522	-0.020526
493	-0.020814	-0.020812	-0.020827
494	-0.021098	-0.021097	-0.021139
495	-0.021344	-0.021368	-0.021406
496	-0.02157	-0.021631	-0.021648
497	-0.021804	-0.021871	-0.021891
498	-0.022045	-0.022088	-0.022133
499	-0.022285	-0.022309	-0.02238
500	-0.022522	-0.022539	-0.022635
501	-0.02275	-0.022767	-0.02287
502	-0.022948	-0.022995	-0.023041
503	-0.02315	-0.023223	-0.023217
504	-0.023407	-0.023456	-0.023458
505	-0.023664	-0.023689	-0.023699
506	-0.02391	-0.023946	-0.023938
507	-0.024155	-0.024204	-0.024177
508	-0.024416	-0.024462	-0.024449
509	-0.02468	-0.024719	-0.024728
510	-0.02491	-0.024954	-0.024976
511	-0.025124	-0.025177	-0.025207
512	-0.025366	-0.025399	-0.025425
513	-0.025635	-0.025621	-0.025633
514	-0.025862	-0.025834	-0.025845
515	-0.026021	-0.026034	-0.026065
516	-0.026191	-0.026222	-0.026272
517	-0.026397	-0.026378	-0.02644
518	-0.026603	-0.026541	-0.026612
519	-0.026817	-0.026768	-0.02682
520	-0.027031	-0.026994	-0.027028
521	-0.027263	-0.027244	-0.027302
522	-0.027495	-0.027495	-0.027577
523	-0.027729	-0.027741	-0.027799
524	-0.027963	-0.027986	-0.02801
525	-0.028161	-0.028222	-0.028203
526	-0.028342	-0.028455	-0.028389
527	-0.028525	-0.028619	-0.028585
528	-0.02871	-0.028732	-0.028788
529	-0.028904	-0.028897	-0.028984
530	-0.029111	-0.029135	-0.029172
531	-0.029325	-0.029371	-0.029366
532	-0.029557	-0.029605	-0.029572
533	-0.029782	-0.029833	-0.029776
534	-0.029971	-0.030023	-0.029968
535	-0.030161	-0.030214	-0.030161
536	-0.030359	-0.030396	-0.030358
537	-0.030557	-0.030577	-0.030554
538	-0.030726	-0.03075	-0.030747
539	-0.030892	-0.030921	-0.03094
540	-0.031026	-0.031051	-0.031096
541	-0.03115	-0.031167	-0.031241
542	-0.031325	-0.031333	-0.031412
543	-0.031529	-0.031526	-0.031598
544	-0.031717	-0.031716	-0.031778
545	-0.031887	-0.031901	-0.031954
546	-0.032055	-0.032072	-0.032116
547	-0.032218	-0.032217	-0.032254
548	-0.032368	-0.032357	-0.032394
549	-0.032476	-0.032478	-0.032538
550	-0.032593	-0.032607	-0.032683
551	-0.032778	-0.032795	-0.032842
552	-0.032962	-0.032982	-0.033002
553	-0.033118	-0.033128	-0.033176
554	-0.033273	-0.033274	-0.03335
555	-0.033433	-0.033439	-0.033485
556	-0.033594	-0.033606	-0.033614
557	-0.033764	-0.033764	-0.033763
558	-0.033938	-0.033919	-0.033921
559	-0.034118	-0.034093	-0.034121
560	-0.034303	-0.034279	-0.03435
561	-0.034483	-0.03447	-0.034549
562	-0.034658	-0.034667	-0.034717
563	-0.034828	-0.034852	-0.034886
564	-0.034987	-0.035014	-0.035057
565	-0.03514	-0.035173	-0.035222
566	-0.035275	-0.035325	-0.035365
567	-0.035416	-0.035475	-0.035509
568	-0.035608	-0.03562	-0.035664
569	-0.0358	-0.035766	-0.03582
570	-0.03596	-0.035982	-0.035977
571	-0.036119	-0.036199	-0.036134
572	-0.03629	-0.036324	-0.036299
573	-0.036463	-0.036435	-0.036465
574	-0.0366	-0.036584	-0.036612
575	-0.036726	-0.036745	-0.036753
576	-0.03686	-0.036881	-0.036898
577	-0.037	-0.037002	-0.037046
578	-0.037157	-0.037146	-0.037198
579	-0.037329	-0.037311	-0.037352
580	-0.037489	-0.037467	-0.037509
581	-0.037628	-0.037609	-0.037667
582	-0.037776	-0.037765	-0.037826
583	-0.037946	-0.03796	-0.037985
584	-0.038117	-0.038151	-0.038146
585	-0.038287	-0.038324	-0.038323
586	-0.038456	-0.038495	-0.038499
587	-0.038598	-0.03863	-0.038637
588	-0.038739	-0.038765	-0.038776
589	-0.038896	-0.038914	-0.038931
590	-0.039054	-0.039065	-0.039087
591	-0.039182	-0.039203	-0.039236
592	-0.039304	-0.039338	-0.039385
593	-0.039449	-0.039483	-0.039528
594	-0.039603	-0.039633	-0.039669
595	-0.039756	-0.03978	-0.039809
596	-0.039906	-0.039925	-0.039948
597	-0.040089	-0.040087	-0.040132
598	-0.040307	-0.040268	-0.040366
599	-0.040457	-0.040421	-0.040529
600	-0.040488	-0.040526	-0.040569
601	-0.040537	-0.040613	-0.040614
602	-0.040637	-0.040648	-0.040671
603	-0.040721	-0.040679	-0.04072
604	-0.040712	-0.040682	-0.04072
605	-0.040703	-0.040684	-0.040718
606	-0.040691	-0.04066	-0.040657
607	-0.040678	-0.040637	-0.040597
608	-0.040694	-0.040657	-0.040656
609	-0.040712	-0.040682	-0.040724
610	-0.040722	-0.040698	-0.040754
611	-0.04073	-0.040713	-0.040777
612	-0.040805	-0.040804	-0.040862
613	-0.040908	-0.040925	-0.040973
614	-0.041021	-0.041034	-0.041082
615	-0.041141	-0.041135	-0.041189
616	-0.041256	-0.04124	-0.041301
617	-0.041365	-0.041351	-0.041418
618	-0.041506	-0.041497	-0.041573
619	-0.041695	-0.041697	-0.041786
620	-0.041845	-0.041864	-0.041949
621	-0.041905	-0.041951	-0.041995
622	-0.041992	-0.042048	-0.042064
623	-0.042194	-0.042188	-0.042228
624	-0.042396	-0.042334	-0.042393
625	-0.042598	-0.042544	-0.042558
626	-0.0428	-0.042754	-0.042724
627	-0.042864	-0.042869	-0.042877
628	-0.042926	-0.042984	-0.043031
629	-0.043027	-0.043069	-0.04311
630	-0.043133	-0.04315	-0.043181
631	-0.043245	-0.043241	-0.043276
632	-0.043358	-0.043335	-0.043378
633	-0.043513	-0.043493	-0.04352
634	-0.043686	-0.04368	-0.043678
635	-0.0438	-0.043812	-0.043785
636	-0.043874	-0.043908	-0.043858
637	-0.044007	-0.044027	-0.043977
638	-0.044196	-0.04417	-0.044143
639	-0.044355	-0.044325	-0.044324
640	-0.04447	-0.044499	-0.044528
641	-0.044577	-0.044632	-0.044683
642	-0.044664	-0.044675	-0.044731
643	-0.044756	-0.044733	-0.044789
644	-0.044869	-0.044846	-0.044882
645	-0.04498	-0.044954	-0.044979
646	-0.045071	-0.045026	-0.045097
647	-0.045167	-0.045105	-0.04522
648	-0.045432	-0.045379	-0.045485
649	-0.045698	-0.045654	-0.04575
650	-0.045906	-0.04592	-0.045943
651	-0.046111	-0.046185	-0.046131
652	-0.046134	-0.046183	-0.046147
653	-0.046125	-0.046135	-0.046134
654	-0.04614	-0.046127	-0.046141
655	-0.046162	-0.046133	-0.046155
656	-0.046199	-0.046184	-0.046182
657	-0.046244	-0.046257	-0.046216
658	-0.046402	-0.04639	-0.046364
659	-0.04664	-0.046564	-0.046594
660	-0.046814	-0.046773	-0.046807
661	-0.046926	-0.047019	-0.047003
662	-0.047051	-0.047185	-0.047141
663	-0.047195	-0.047239	-0.047195
664	-0.047272	-0.047263	-0.047244
665	-0.047211	-0.047224	-0.047283
666	-0.047168	-0.047198	-0.047306
667	-0.047181	-0.047211	-0.04728
668	-0.047198	-0.047236	-0.047262
669	-0.047241	-0.04732	-0.047285
670	-0.047294	-0.047407	-0.047321
671	-0.047451	-0.047511	-0.047515
672	-0.047609	-0.047615	-0.047709
673	-0.047686	-0.047698	-0.047799
674	-0.047764	-0.047782	-0.047889
675	-0.047959	-0.047978	-0.048027
676	-0.048165	-0.048185	-0.048169
677	-0.048266	-0.048309	-0.048336
678	-0.048346	-0.048417	-0.048506
679	-0.048457	-0.048535	-0.048628
680	-0.048577	-0.048656	-0.048733
681	-0.048861	-0.048877	-0.048928
682	-0.049221	-0.049144	-0.049163
683	-0.049476	-0.04941	-0.049419
684	-0.049664	-0.049675	-0.049687
685	-0.04989	-0.049913	-0.04995
686	-0.050152	-0.050128	-0.050209
687	-0.050379	-0.050318	-0.050408
688	-0.050567	-0.050477	-0.050539
689	-0.050756	-0.05067	-0.0507
690	-0.050946	-0.050916	-0.05091
691	-0.051113	-0.051126	-0.051108
692	-0.051227	-0.051259	-0.051277
693	-0.051368	-0.051404	-0.051445
694	-0.051591	-0.05159	-0.051608
695	-0.05183	-0.051806	-0.051804
696	-0.052151	-0.05217	-0.052156
697	-0.05246	-0.052513	-0.052497
698	-0.052666	-0.05267	-0.052742
699	-0.05287	-0.052827	-0.052982
700	-0.052996	-0.052974	-0.053057
701	-0.053122	-0.053121	-0.053133
702	-0.05352	-0.053479	-0.053447
703	-0.053928	-0.053844	-0.053769
704	-0.054056	-0.053992	-0.053994
705	-0.054153	-0.054116	-0.054207
706	-0.054347	-0.05437	-0.054396
707	-0.054562	-0.05465	-0.05458
708	-0.054699	-0.054838	-0.054757
709	-0.054812	-0.054999	-0.054932
710	-0.055113	-0.055255	-0.055232
711	-0.055491	-0.05555	-0.055585
712	-0.055822	-0.055811	-0.055914
713	-0.056125	-0.056055	-0.05623
714	-0.056173	-0.056063	-0.056222
715	-0.056036	-0.055902	-0.055978
716	-0.05617	-0.056001	-0.056083
717	-0.056555	-0.056343	-0.05651
718	-0.056734	-0.056602	-0.056746
719	-0.056671	-0.056765	-0.056755
720	-0.056916	-0.05701	-0.057067
[LOG]
CHECKSUM
}