[HEADER]
Format	J&M ASCII Table
Comment	
Date	11/08/2026 10:09:43
Order	Y (evenX)
TechType	UV
NumPoints	411
FirstX	310
LastX	720
XType	nm
YType	Absorbance
ZType	s
NumSubFile	3
Matrix	Z vs X
[LOGIN]
Name=pcbob
[INSTRUMENT]
Name=TIDAS E Base UV/VI
Detector=MMS - ASPEN 97,5 kHz
Diodearray=256 Pixel
Serial#=36584
Calibrated=2011-07-01
Range=183.81-729.88 [nm] (F0)

SWVersion=v3.18.2 (build 0)[LOGIN]
Name=pcbob
[CONFIG]
ChannelName=Channel 1
ChannelType=Normalized
[PARAMETER]
It=360,00
Aver=5
Norm=3
Range=310,0-720,0 nm
Scan=Time
ScanTime=5,00 s
[TRIGGER]
Sweep=0
Scan=0
[DIO]
DigOut=0x0000
DigIn=0x0000
[DATA]
	00:00:00,000	00:00:01,800	00:00:03,600
310	0.077976	0.077956	0.077871
311	0.076508	0.076497	0.076406
312	0.075087	0.075092	0.075008
313	0.073729	0.073754	0.073683
314	0.072456	0.072511	0.072458
315	0.071218	0.071289	0.071244
316	0.070088	0.070133	0.07007
317	0.06896	0.068981	0.0689
318	0.067855	0.067879	0.067806
319	0.066751	0.066777	0.066712
320	0.065653	0.065677	0.06562
321	0.064555	0.064577	0.064527
322	0.063521	0.063542	0.063479
323	0.062513	0.062535	0.062448
324	0.061558	0.061572	0.061487
325	0.060651	0.060648	0.060587
326	0.059757	0.059738	0.059701
327	0.058888	0.05885	0.058841
328	0.058048	0.057999	0.058011
329	0.057338	0.057319	0.057322
330	0.056628	0.05664	0.056634
331	0.055931	0.055958	0.055952
332	0.055233	0.055277	0.055271
333	0.054538	0.054587	0.054585
334	0.053843	0.053895	0.053899
335	0.053196	0.053231	0.053248
336	0.052577	0.052582	0.052616
337	0.051938	0.051937	0.051963
338	0.051276	0.051298	0.051287
339	0.050614	0.050661	0.050618
340	0.049947	0.050028	0.049966
341	0.049285	0.049393	0.049315
342	0.048644	0.048734	0.048668
343	0.048004	0.048075	0.048021
344	0.047375	0.04739	0.04736
345	0.046746	0.046704	0.046698
346	0.046057	0.04604	0.046018
347	0.04535	0.045382	0.045333
348	0.04469	0.044743	0.044698
349	0.044063	0.044116	0.044096
350	0.043472	0.043511	0.043494
351	0.042931	0.042937	0.042889
352	0.042369	0.042358	0.04229
353	0.041746	0.041761	0.041708
354	0.041126	0.041167	0.041128
355	0.040558	0.040607	0.040587
356	0.03999	0.040047	0.040046
357	0.039369	0.039462	0.039396
358	0.038743	0.038873	0.038735
359	0.038152	0.038269	0.038123
360	0.037574	0.03766	0.037529
361	0.037029	0.037081	0.036987
362	0.036511	0.036526	0.036485
363	0.035983	0.035965	0.035952
364	0.03544	0.035396	0.03537
365	0.03489	0.034836	0.034801
366	0.034317	0.034307	0.034276
367	0.033747	0.033778	0.033751
368	0.033233	0.033258	0.033232
369	0.03272	0.032739	0.032713
370	0.032281	0.032295	0.032257
371	0.031852	0.031861	0.03181
372	0.031403	0.031399	0.031371
373	0.030944	0.030923	0.030934
374	0.030455	0.030431	0.030465
375	0.02994	0.029924	0.029967
376	0.029463	0.029459	0.029487
377	0.029053	0.029069	0.029039
378	0.02864	0.02866	0.028589
379	0.028215	0.028175	0.028137
380	0.02779	0.027692	0.027685
381	0.02735	0.027282	0.02726
382	0.026909	0.026873	0.026836
383	0.026469	0.026438	0.026422
384	0.02603	0.026	0.02601
385	0.025589	0.025575	0.025586
386	0.025148	0.025156	0.025157
387	0.024707	0.02474	0.024727
388	0.024267	0.024326	0.024295
389	0.023825	0.02389	0.023857
390	0.023382	0.023414	0.023405
391	0.02294	0.022942	0.022954
392	0.0225	0.022495	0.022503
393	0.022061	0.022049	0.022053
394	0.021671	0.021713	0.021687
395	0.021281	0.021377	0.021321
396	0.020873	0.020949	0.020856
397	0.020462	0.020504	0.020374
398	0.01998	0.019997	0.019912
399	0.019464	0.01946	0.019461
400	0.019034	0.019036	0.019064
401	0.018684	0.018716	0.018718
402	0.018357	0.018389	0.018383
403	0.018071	0.01805	0.018065
404	0.017753	0.017699	0.017724
405	0.017286	0.017297	0.017281
406	0.01682	0.016896	0.016839
407	0.016431	0.016521	0.016436
408	0.016042	0.016146	0.016034
409	0.015673	0.015738	0.015629
410	0.015309	0.015324	0.015225
411	0.014928	0.014943	0.014868
412	0.014539	0.014577	0.014533
413	0.014154	0.014221	0.014179
414	0.013772	0.013876	0.013808
415	0.013398	0.013511	0.013435
416	0.013039	0.013112	0.01306
417	0.01268	0.012727	0.012694
418	0.012328	0.012402	0.012362
419	0.011977	0.012075	0.012029
420	0.011645	0.011738	0.011663
421	0.011314	0.011401	0.011297
422	0.010933	0.011018	0.010927
423	0.010546	0.010628	0.010557
424	0.010208	0.010247	0.01022
425	0.00989	0.009868	0.009896
426	0.00954	0.009538	0.009556
427	0.009166	0.009247	0.009201
428	0.008826	0.008922	0.00886
429	0.008541	0.008545	0.00854
430	0.008231	0.008175	0.008211
431	0.007839	0.007826	0.007851
432	0.007457	0.007481	0.007497
433	0.007192	0.007195	0.007213
434	0.006928	0.006908	0.00693
435	0.006671	0.006676	0.006689
436	0.006414	0.00645	0.006452
437	0.006075	0.006104	0.006084
438	0.005709	0.00572	0.005672
439	0.005394	0.005408	0.005362
440	0.005113	0.005143	0.005121
441	0.004831	0.004874	0.004855
442	0.004547	0.004598	0.004559
443	0.004286	0.004332	0.004282
444	0.004082	0.004093	0.004056
445	0.003863	0.003841	0.00382
446	0.003531	0.003505	0.003508
447	0.003199	0.003169	0.003196
448	0.002893	0.002879	0.002882
449	0.002588	0.00259	0.002568
450	0.00229	0.00232	0.002241
451	0.001993	0.002055	0.001912
452	0.001726	0.001779	0.001652
453	0.001473	0.001498	0.001428
454	0.00121	0.001232	0.001209
455	0.000937	0.00098	0.000995
456	0.000695	0.000745	0.000773
457	0.000508	0.000545	0.000533
458	0.000313	0.000339	0.000294
459	0.000081	0.000109	0.000056
460	-0.000148	-0.00012	-0.00018
461	-0.000336	-0.000316	-0.000358
462	-0.000524	-0.000511	-0.000536
463	-0.00071	-0.000728	-0.000732
464	-0.000896	-0.000948	-0.000931
465	-0.001125	-0.001176	-0.001164
466	-0.001368	-0.001406	-0.001409
467	-0.001632	-0.00165	-0.001647
468	-0.00191	-0.001903	-0.00188
469	-0.00218	-0.002165	-0.002124
470	-0.002438	-0.002439	-0.002384
471	-0.002683	-0.002696	-0.002647
472	-0.002896	-0.002908	-0.002917
473	-0.00311	-0.003122	-0.003176
474	-0.003331	-0.003357	-0.00336
475	-0.003551	-0.003591	-0.003544
476	-0.003796	-0.003843	-0.003773
477	-0.004043	-0.004096	-0.004002
478	-0.00434	-0.004375	-0.004291
479	-0.004648	-0.004659	-0.004593
480	-0.004906	-0.004911	-0.00485
481	-0.00514	-0.005149	-0.005086
482	-0.005323	-0.005327	-0.005263
483	-0.005463	-0.005454	-0.005388
484	-0.005602	-0.005592	-0.005536
485	-0.00574	-0.005744	-0.005718
486	-0.005892	-0.005913	-0.00592
487	-0.006087	-0.006133	-0.006179
488	-0.006289	-0.006356	-0.006434
489	-0.006569	-0.006606	-0.006646
490	-0.006848	-0.006856	-0.006858
491	-0.007112	-0.007122	-0.007122
492	-0.007376	-0.007389	-0.007389
493	-0.007574	-0.007585	-0.007608
494	-0.007757	-0.007765	-0.007815
495	-0.007927	-0.007914	-0.007983
496	-0.008092	-0.008047	-0.008132
497	-0.008237	-0.008181	-0.008276
498	-0.008365	-0.008317	-0.008417
499	-0.008524	-0.008485	-0.008581
500	-0.008735	-0.008706	-0.008784
501	-0.008934	-0.008916	-0.00897
502	-0.009091	-0.009086	-0.009099
503	-0.00925	-0.009256	-0.009235
504	-0.009435	-0.009428	-0.009449
505	-0.009619	-0.009599	-0.009664
506	-0.009829	-0.009789	-0.00987
507	-0.01004	-0.009981	-0.010076
508	-0.010227	-0.010196	-0.010258
509	-0.010408	-0.010418	-0.010434
510	-0.01061	-0.010628	-0.010628
511	-0.010823	-0.010831	-0.010831
512	-0.011035	-0.011021	-0.011033
513	-0.011246	-0.0112	-0.011235
514	-0.011454	-0.01138	-0.011422
515	-0.011659	-0.011563	-0.011589
516	-0.011836	-0.011744	-0.011756
517	-0.011926	-0.011923	-0.011924
518	-0.012031	-0.012101	-0.012095
519	-0.012259	-0.01228	-0.012278
520	-0.012488	-0.012458	-0.012461
521	-0.012668	-0.012683	-0.01263
522	-0.012848	-0.012909	-0.012798
523	-0.013044	-0.013102	-0.013001
524	-0.013244	-0.013289	-0.013211
525	-0.013418	-0.013452	-0.013379
526	-0.013579	-0.013604	-0.01353
527	-0.013737	-0.013745	-0.013666
528	-0.013891	-0.013877	-0.013792
529	-0.014046	-0.014014	-0.013944
530	-0.014201	-0.014158	-0.014129
531	-0.014338	-0.014304	-0.014302
532	-0.014431	-0.014451	-0.014445
533	-0.014537	-0.014595	-0.014596
534	-0.014708	-0.014717	-0.014788
535	-0.01488	-0.014841	-0.014979
536	-0.015074	-0.015061	-0.015132
537	-0.015268	-0.015282	-0.015286
538	-0.015424	-0.015448	-0.015447
539	-0.015574	-0.015607	-0.015609
540	-0.015685	-0.015702	-0.015715
541	-0.015784	-0.015777	-0.015803
542	-0.015893	-0.015892	-0.015913
543	-0.016007	-0.016029	-0.016034
544	-0.016149	-0.016165	-0.01617
545	-0.016318	-0.0163	-0.016321
546	-0.016464	-0.016435	-0.016454
547	-0.016573	-0.01657	-0.016558
548	-0.016695	-0.01671	-0.016678
549	-0.016865	-0.016867	-0.01685
550	-0.017025	-0.017017	-0.017019
551	-0.017122	-0.017115	-0.017165
552	-0.017218	-0.017212	-0.01731
553	-0.017357	-0.017326	-0.017412
554	-0.017496	-0.01744	-0.017513
555	-0.017587	-0.017559	-0.017595
556	-0.017671	-0.017678	-0.017674
557	-0.017825	-0.017817	-0.017826
558	-0.018006	-0.017964	-0.018004
559	-0.018181	-0.018138	-0.018168
560	-0.018351	-0.018328	-0.018322
561	-0.018504	-0.018497	-0.018473
562	-0.018637	-0.018644	-0.018621
563	-0.018777	-0.018799	-0.018781
564	-0.018927	-0.018967	-0.018965
565	-0.019081	-0.019124	-0.019139
566	-0.019247	-0.019248	-0.019283
567	-0.019412	-0.019378	-0.01943
568	-0.019577	-0.01956	-0.019606
569	-0.019742	-0.019742	-0.019782
570	-0.019903	-0.019904	-0.019945
571	-0.020064	-0.020066	-0.020108
572	-0.020219	-0.020232	-0.020242
573	-0.020374	-0.020399	-0.020372
574	-0.020521	-0.020539	-0.02051
575	-0.020665	-0.020671	-0.020651
576	-0.020824	-0.020819	-0.020818
577	-0.020992	-0.020977	-0.021
578	-0.021134	-0.021137	-0.021148
579	-0.021251	-0.021299	-0.021266
580	-0.02137	-0.021427	-0.021381
581	-0.02149	-0.021502	-0.021495
582	-0.021616	-0.021595	-0.021614
583	-0.021755	-0.021739	-0.021749
584	-0.021892	-0.021883	-0.021884
585	-0.022015	-0.02203	-0.022021
586	-0.022136	-0.022171	-0.022155
587	-0.022206	-0.022205	-0.022208
588	-0.022276	-0.022238	-0.022261
589	-0.022369	-0.022345	-0.022356
590	-0.022464	-0.022457	-0.022453
591	-0.022566	-0.022562	-0.022563
592	-0.022669	-0.022666	-0.022677
593	-0.02277	-0.022771	-0.022783
594	-0.02287	-0.022876	-0.022886
595	-0.022987	-0.022985	-0.022997
596	-0.023118	-0.023095	-0.023113
597	-0.023241	-0.023216	-0.023237
598	-0.023358	-0.023349	-0.02337
599	-0.023456	-0.023459	-0.023467
600	-0.023523	-0.023526	-0.023505
601	-0.023579	-0.023574	-0.023534
602	-0.023601	-0.023565	-0.023541
603	-0.023617	-0.023558	-0.023555
604	-0.023596	-0.023559	-0.02361
605	-0.023576	-0.023559	-0.023662
606	-0.023567	-0.023543	-0.023606
607	-0.023558	-0.023526	-0.02355
608	-0.023551	-0.023533	-0.023519
609	-0.023543	-0.02354	-0.023489
610	-0.023547	-0.023585	-0.023518
611	-0.023553	-0.023637	-0.023559
612	-0.023601	-0.023662	-0.023601
613	-0.023665	-0.023675	-0.023645
614	-0.023755	-0.02375	-0.023744
615	-0.023862	-0.023865	-0.023881
616	-0.023943	-0.023958	-0.023965
617	-0.024	-0.024029	-0.024
618	-0.0241	-0.024141	-0.024094
619	-0.024264	-0.02431	-0.024278
620	-0.024411	-0.024457	-0.024428
621	-0.024519	-0.02455	-0.024493
622	-0.024619	-0.02464	-0.024569
623	-0.024684	-0.024718	-0.024684
624	-0.02476	-0.024806	-0.024802
625	-0.024942	-0.024991	-0.024946
626	-0.025125	-0.025177	-0.02509
627	-0.025223	-0.025264	-0.025237
628	-0.02532	-0.02535	-0.025385
629	-0.025348	-0.0254	-0.025461
630	-0.025366	-0.025445	-0.025529
631	-0.025464	-0.025512	-0.025574
632	-0.025583	-0.025584	-0.025612
633	-0.025672	-0.025678	-0.025703
634	-0.025748	-0.025782	-0.025817
635	-0.02588	-0.025889	-0.025912
636	-0.02605	-0.025998	-0.025994
637	-0.026156	-0.02609	-0.026091
638	-0.026199	-0.026166	-0.026204
639	-0.026279	-0.026267	-0.026295
640	-0.026413	-0.026405	-0.026355
641	-0.026518	-0.026511	-0.026423
642	-0.026559	-0.026545	-0.026509
643	-0.026611	-0.02659	-0.026601
644	-0.026702	-0.026677	-0.026713
645	-0.026795	-0.026764	-0.026821
646	-0.026894	-0.026856	-0.026889
647	-0.026997	-0.026951	-0.026961
648	-0.027186	-0.027134	-0.027136
649	-0.027375	-0.027316	-0.027311
650	-0.027648	-0.027638	-0.027621
651	-0.027927	-0.02797	-0.02794
652	-0.028007	-0.028023	-0.028012
653	-0.028053	-0.028027	-0.028041
654	-0.028145	-0.028113	-0.028144
655	-0.02825	-0.028223	-0.028269
656	-0.02832	-0.028316	-0.028336
657	-0.028373	-0.028402	-0.028376
658	-0.028423	-0.028444	-0.028425
659	-0.028469	-0.028456	-0.028481
660	-0.028545	-0.028533	-0.028552
661	-0.028651	-0.028675	-0.028637
662	-0.028709	-0.02874	-0.028694
663	-0.0287	-0.028695	-0.028711
664	-0.028664	-0.028634	-0.028701
665	-0.028573	-0.028539	-0.028634
666	-0.028499	-0.028472	-0.028572
667	-0.028476	-0.028492	-0.028524
668	-0.028468	-0.028511	-0.028491
669	-0.028533	-0.028523	-0.028541
670	-0.028607	-0.028548	-0.0286
671	-0.028779	-0.028713	-0.028759
672	-0.02895	-0.028879	-0.028918
673	-0.028941	-0.028872	-0.028915
674	-0.028932	-0.028865	-0.028911
675	-0.029084	-0.029053	-0.029105
676	-0.02925	-0.029257	-0.029316
677	-0.029299	-0.029321	-0.029349
678	-0.029327	-0.029358	-0.029347
679	-0.029486	-0.029507	-0.029479
680	-0.029686	-0.029691	-0.029653
681	-0.029929	-0.029936	-0.029895
682	-0.030192	-0.030209	-0.030167
683	-0.030399	-0.030435	-0.030441
684	-0.03057	-0.03063	-0.030715
685	-0.030789	-0.030836	-0.030949
686	-0.031049	-0.031052	-0.031148
687	-0.031263	-0.031233	-0.031321
688	-0.031422	-0.031374	-0.031463
689	-0.031524	-0.031484	-0.031555
690	-0.031533	-0.031544	-0.031569
691	-0.03161	-0.031643	-0.031644
692	-0.031833	-0.031825	-0.031852
693	-0.032027	-0.031996	-0.032042
694	-0.032126	-0.03213	-0.03217
695	-0.032257	-0.032284	-0.03232
696	-0.032537	-0.032532	-0.032581
697	-0.032798	-0.032763	-0.032826
698	-0.032889	-0.032853	-0.03293
699	-0.03298	-0.032945	-0.033032
700	-0.033093	-0.033113	-0.033081
701	-0.033205	-0.033281	-0.03313
702	-0.0334	-0.033494	-0.03346
703	-0.033597	-0.033709	-0.0338
704	-0.033743	-0.033855	-0.033899
705	-0.033882	-0.033993	-0.033971
706	-0.034135	-0.034259	-0.034259
707	-0.034411	-0.034551	-0.03459
708	-0.034405	-0.034535	-0.034634
709	-0.034315	-0.034426	-0.034591
710	-0.034534	-0.034628	-0.034755
711	-0.034883	-0.034962	-0.035006
712	-0.035097	-0.035116	-0.035163
713	-0.035235	-0.035171	-0.035266
714	-0.035276	-0.035263	-0.035363
715	-0.035245	-0.035384	-0.035455
716	-0.035363	-0.035418	-0.03562
717	-0.035617	-0.035374	-0.035853
718	-0.03567	-0.035373	-0.035934
719	-0.035484	-0.035423	-0.035835
720	-0.035615	-0.03568	-0.036015
[LOG]
CHECKSUMZÐ