[HEADER]
Format	J&M ASCII Table
Comment	
Date	11/08/2026 10:45:09
Order	Y (evenX)
TechType	UV
NumPoints	411
FirstX	310
LastX	720
XType	nm
YType	Absorbance
ZType	s
NumSubFile	3
Matrix	Z vs X
[LOGIN]
Name=pcbob
[INSTRUMENT]
Name=TIDAS E Base UV/VI
Detector=MMS - ASPEN 97,5 kHz
Diodearray=256 Pixel
Serial#=36584
Calibrated=2011-07-01
Range=183.81-729.88 [nm] (F0)

SWVersion=v3.18.2 (build 0)[LOGIN]
Name=pcbob
[CONFIG]
ChannelName=Channel 1
ChannelType=Normalized
[PARAMETER]
It=360,00
Aver=5
Norm=3
Range=310,0-720,0 nm
Scan=Time
ScanTime=5,00 s
[TRIGGER]
Sweep=0
Scan=0
[DIO]
DigOut=0x0000
DigIn=0x0000
[DATA]
	00:00:00,000	00:00:01,800	00:00:03,600
310	0.156594	0.156611	0.156608
311	0.154367	0.15438	0.154369
312	0.152203	0.152222	0.152174
313	0.150115	0.150118	0.150082
314	0.148134	0.148091	0.148133
315	0.14619	0.146117	0.1462
316	0.144364	0.14431	0.144317
317	0.14254	0.142505	0.142442
318	0.140745	0.140741	0.140676
319	0.13895	0.138977	0.13891
320	0.13718	0.137192	0.137141
321	0.135414	0.135404	0.135371
322	0.133652	0.133675	0.133622
323	0.131891	0.13197	0.131881
324	0.13021	0.130273	0.130189
325	0.128601	0.128582	0.12854
326	0.12698	0.126915	0.126897
327	0.12534	0.125294	0.125264
328	0.12374	0.123707	0.123676
329	0.122326	0.122284	0.122291
330	0.120912	0.120862	0.120905
331	0.11944	0.119427	0.119457
332	0.117967	0.117993	0.118009
333	0.116529	0.116556	0.116559
334	0.115098	0.115119	0.115108
335	0.113689	0.113704	0.113692
336	0.112292	0.1123	0.112293
337	0.110913	0.110914	0.110901
338	0.109553	0.109548	0.109515
339	0.108169	0.10817	0.108114
340	0.106728	0.106762	0.106679
341	0.105293	0.105358	0.105251
342	0.103901	0.103977	0.103884
343	0.102508	0.102596	0.102516
344	0.101152	0.101198	0.101162
345	0.099799	0.099799	0.099808
346	0.09842	0.098414	0.098456
347	0.097034	0.097032	0.097103
348	0.095699	0.095687	0.095754
349	0.0944	0.094367	0.094408
350	0.093105	0.093075	0.09308
351	0.091816	0.091821	0.091777
352	0.090527	0.090558	0.090475
353	0.08924	0.089273	0.089176
354	0.087952	0.087985	0.087881
355	0.086666	0.086674	0.086645
356	0.085379	0.085362	0.085409
357	0.084091	0.084076	0.084053
358	0.082803	0.082792	0.082684
359	0.08144	0.081454	0.081366
360	0.080049	0.080096	0.080065
361	0.078767	0.078841	0.078815
362	0.077571	0.077667	0.077603
363	0.076363	0.076459	0.07638
364	0.075135	0.075197	0.075138
365	0.073899	0.073931	0.073882
366	0.072634	0.072647	0.072574
367	0.071373	0.071369	0.071274
368	0.070205	0.070191	0.070137
369	0.069037	0.069013	0.069
370	0.067928	0.067891	0.067865
371	0.066828	0.066777	0.066731
372	0.065707	0.065678	0.065625
373	0.064576	0.064585	0.064531
374	0.063397	0.063451	0.063375
375	0.062176	0.062281	0.062165
376	0.061024	0.061129	0.06101
377	0.059992	0.060008	0.059953
378	0.058943	0.05889	0.058891
379	0.057822	0.057784	0.057811
380	0.056702	0.05668	0.056731
381	0.055637	0.055639	0.055642
382	0.054571	0.054598	0.054552
383	0.053502	0.053534	0.053511
384	0.052432	0.052466	0.052478
385	0.051369	0.051382	0.051368
386	0.050308	0.050291	0.050223
387	0.049185	0.049181	0.049102
388	0.048004	0.048054	0.048003
389	0.046855	0.046928	0.046893
390	0.045768	0.045806	0.045762
391	0.044682	0.044687	0.044629
392	0.043602	0.043586	0.043491
393	0.042521	0.042486	0.042354
394	0.041434	0.041444	0.041349
395	0.040346	0.040403	0.040343
396	0.039297	0.039352	0.039279
397	0.038255	0.0383	0.038205
398	0.037151	0.037184	0.037097
399	0.036017	0.036038	0.035974
400	0.034985	0.035	0.034955
401	0.034049	0.034063	0.034034
402	0.03312	0.033144	0.033121
403	0.032206	0.032254	0.032222
404	0.031268	0.031325	0.03129
405	0.030222	0.030223	0.030208
406	0.029177	0.029125	0.029129
407	0.028182	0.028198	0.028187
408	0.027187	0.027272	0.027244
409	0.026262	0.026287	0.026271
410	0.025348	0.025293	0.025293
411	0.02441	0.024286	0.024307
412	0.023463	0.023274	0.023317
413	0.022451	0.022264	0.022296
414	0.021382	0.021256	0.021248
415	0.020355	0.020286	0.020262
416	0.019404	0.019381	0.019383
417	0.018454	0.018459	0.018476
418	0.017508	0.017469	0.017457
419	0.016564	0.016484	0.016441
420	0.015632	0.015606	0.015504
421	0.0147	0.014728	0.014567
422	0.013796	0.013857	0.013745
423	0.012896	0.012987	0.012939
424	0.012011	0.0121	0.012053
425	0.011132	0.011207	0.011134
426	0.010229	0.01029	0.010201
427	0.009305	0.009352	0.009257
428	0.008373	0.008401	0.008325
429	0.007428	0.00743	0.007409
430	0.006496	0.006475	0.006488
431	0.005604	0.005578	0.005547
432	0.004714	0.004685	0.004613
433	0.003853	0.003834	0.003756
434	0.002991	0.002983	0.002899
435	0.002229	0.002194	0.002116
436	0.001477	0.00141	0.00134
437	0.000599	0.000549	0.00049
438	-0.00032	-0.000337	-0.000383
439	-0.001123	-0.001155	-0.00119
440	-0.001847	-0.001927	-0.001952
441	-0.002592	-0.002664	-0.002711
442	-0.003362	-0.003357	-0.003466
443	-0.004146	-0.00409	-0.00423
444	-0.004962	-0.004928	-0.005019
445	-0.005782	-0.005769	-0.005815
446	-0.006629	-0.006625	-0.006663
447	-0.007475	-0.00748	-0.00751
448	-0.00829	-0.008302	-0.008359
449	-0.009104	-0.009123	-0.009209
450	-0.009936	-0.009955	-0.010023
451	-0.010773	-0.010789	-0.01083
452	-0.011551	-0.011557	-0.011603
453	-0.012297	-0.012292	-0.012359
454	-0.013005	-0.012993	-0.013056
455	-0.013676	-0.013663	-0.013696
456	-0.014352	-0.014348	-0.014364
457	-0.015039	-0.015063	-0.015084
458	-0.015725	-0.015772	-0.015803
459	-0.016407	-0.016455	-0.016514
460	-0.01709	-0.017139	-0.017223
461	-0.017793	-0.017839	-0.017885
462	-0.018497	-0.018539	-0.018546
463	-0.019142	-0.019182	-0.019173
464	-0.019779	-0.019818	-0.019797
465	-0.020473	-0.020513	-0.020502
466	-0.021188	-0.021229	-0.021236
467	-0.021924	-0.021948	-0.021999
468	-0.022675	-0.022669	-0.022783
469	-0.023444	-0.023444	-0.023567
470	-0.024235	-0.024291	-0.024352
471	-0.02502	-0.025111	-0.025131
472	-0.025789	-0.025863	-0.025898
473	-0.026545	-0.026598	-0.026647
474	-0.027219	-0.027222	-0.027283
475	-0.027893	-0.027846	-0.027919
476	-0.028542	-0.028509	-0.028614
477	-0.029191	-0.029172	-0.029311
478	-0.029883	-0.029881	-0.030004
479	-0.030583	-0.0306	-0.030697
480	-0.031236	-0.03128	-0.031339
481	-0.031866	-0.031944	-0.031959
482	-0.03238	-0.032462	-0.032458
483	-0.032793	-0.032854	-0.032853
484	-0.033158	-0.033199	-0.033209
485	-0.033449	-0.033469	-0.033503
486	-0.033813	-0.033824	-0.033879
487	-0.034412	-0.034444	-0.03451
488	-0.035027	-0.03508	-0.035157
489	-0.035796	-0.03587	-0.035943
490	-0.036565	-0.036659	-0.03673
491	-0.037346	-0.037421	-0.037475
492	-0.038128	-0.038181	-0.038219
493	-0.038792	-0.038829	-0.038871
494	-0.039427	-0.039451	-0.039501
495	-0.040041	-0.040032	-0.0401
496	-0.040644	-0.040592	-0.040683
497	-0.041162	-0.041103	-0.041196
498	-0.041598	-0.041566	-0.041642
499	-0.042071	-0.042064	-0.042126
500	-0.042605	-0.042622	-0.042677
501	-0.043128	-0.043162	-0.043213
502	-0.04362	-0.043646	-0.043703
503	-0.044111	-0.044131	-0.044193
504	-0.044602	-0.044621	-0.044685
505	-0.045093	-0.045112	-0.045177
506	-0.045639	-0.045691	-0.045776
507	-0.046188	-0.046275	-0.046381
508	-0.046715	-0.046805	-0.046902
509	-0.047236	-0.047321	-0.047403
510	-0.047741	-0.047816	-0.047886
511	-0.048238	-0.048301	-0.04836
512	-0.048731	-0.048768	-0.04884
513	-0.049222	-0.049219	-0.049327
514	-0.049696	-0.049672	-0.0498
515	-0.050143	-0.050131	-0.050252
516	-0.050578	-0.050583	-0.050698
517	-0.050978	-0.051015	-0.051124
518	-0.051385	-0.051452	-0.05155
519	-0.051855	-0.051928	-0.051982
520	-0.052326	-0.052404	-0.052414
521	-0.052794	-0.052861	-0.052884
522	-0.053262	-0.053317	-0.053355
523	-0.053735	-0.053763	-0.0538
524	-0.054209	-0.054206	-0.054238
525	-0.054619	-0.054618	-0.054682
526	-0.055003	-0.055017	-0.055127
527	-0.055372	-0.055395	-0.055519
528	-0.055731	-0.055757	-0.05587
529	-0.056109	-0.05613	-0.056222
530	-0.056514	-0.056519	-0.056575
531	-0.05691	-0.056904	-0.056951
532	-0.057282	-0.057278	-0.057382
533	-0.057653	-0.057651	-0.057799
534	-0.058021	-0.05802	-0.058144
535	-0.058389	-0.058389	-0.058489
536	-0.05875	-0.058761	-0.058858
537	-0.059112	-0.059134	-0.059227
538	-0.059455	-0.059455	-0.059553
539	-0.059795	-0.05977	-0.059874
540	-0.06007	-0.060077	-0.060141
541	-0.060323	-0.060383	-0.060392
542	-0.060634	-0.060683	-0.0607
543	-0.060977	-0.06098	-0.061041
544	-0.061303	-0.061283	-0.061374
545	-0.061612	-0.061591	-0.061698
546	-0.061915	-0.061908	-0.062012
547	-0.062207	-0.062238	-0.062311
548	-0.062501	-0.06256	-0.062611
549	-0.062801	-0.062852	-0.062918
550	-0.063103	-0.063145	-0.063224
551	-0.063411	-0.063454	-0.063532
552	-0.063718	-0.063762	-0.06384
553	-0.063997	-0.064048	-0.064135
554	-0.064276	-0.064334	-0.064429
555	-0.064578	-0.064618	-0.064705
556	-0.064884	-0.064902	-0.064978
557	-0.065158	-0.065193	-0.065255
558	-0.065421	-0.065486	-0.065533
559	-0.065772	-0.065827	-0.065882
560	-0.066178	-0.0662	-0.066276
561	-0.066531	-0.066538	-0.066599
562	-0.066826	-0.066839	-0.066845
563	-0.067122	-0.067149	-0.067139
564	-0.067422	-0.067478	-0.067518
565	-0.067707	-0.067782	-0.067855
566	-0.067949	-0.068004	-0.068058
567	-0.068181	-0.068219	-0.068256
568	-0.068339	-0.068371	-0.068412
569	-0.068498	-0.068524	-0.068568
570	-0.068672	-0.068683	-0.068766
571	-0.068847	-0.068842	-0.068965
572	-0.069072	-0.069063	-0.06916
573	-0.069304	-0.069294	-0.069355
574	-0.069503	-0.069499	-0.069552
575	-0.069691	-0.069696	-0.06975
576	-0.069894	-0.069901	-0.069963
577	-0.070106	-0.070111	-0.070185
578	-0.070336	-0.070335	-0.070401
579	-0.070582	-0.070574	-0.070612
580	-0.070834	-0.070829	-0.070851
581	-0.071093	-0.07111	-0.071134
582	-0.071383	-0.071413	-0.071443
583	-0.071754	-0.07177	-0.071817
584	-0.072125	-0.072128	-0.072194
585	-0.072499	-0.072487	-0.07258
586	-0.07287	-0.072845	-0.072964
587	-0.0732	-0.073194	-0.073272
588	-0.073529	-0.073542	-0.073581
589	-0.073868	-0.07387	-0.073888
590	-0.074207	-0.074196	-0.074194
591	-0.074507	-0.074499	-0.074514
592	-0.074797	-0.074797	-0.074836
593	-0.075043	-0.075052	-0.075102
594	-0.075269	-0.075289	-0.075345
595	-0.075557	-0.075577	-0.075644
596	-0.075888	-0.075902	-0.075983
597	-0.076258	-0.076265	-0.07634
598	-0.076671	-0.076672	-0.076715
599	-0.077007	-0.077002	-0.077038
600	-0.077209	-0.077202	-0.077271
601	-0.077368	-0.077357	-0.077451
602	-0.077401	-0.077382	-0.077479
603	-0.077426	-0.077399	-0.077494
604	-0.077407	-0.077374	-0.077429
605	-0.077387	-0.077349	-0.077366
606	-0.07732	-0.07735	-0.077355
607	-0.077254	-0.077351	-0.077344
608	-0.077324	-0.077367	-0.077389
609	-0.077404	-0.077385	-0.077439
610	-0.077484	-0.077485	-0.077537
611	-0.077565	-0.077602	-0.077646
612	-0.077735	-0.077768	-0.077833
613	-0.07794	-0.077954	-0.078052
614	-0.078176	-0.078186	-0.078281
615	-0.078432	-0.078447	-0.078517
616	-0.078692	-0.078719	-0.078774
617	-0.078956	-0.079001	-0.079052
618	-0.079278	-0.079317	-0.079372
619	-0.079688	-0.079685	-0.079753
620	-0.080045	-0.080023	-0.080082
621	-0.080281	-0.080289	-0.08029
622	-0.080528	-0.080562	-0.080524
623	-0.080817	-0.080858	-0.080864
624	-0.081112	-0.081159	-0.081203
625	-0.081456	-0.081497	-0.081545
626	-0.0818	-0.081835	-0.081887
627	-0.082063	-0.082108	-0.082138
628	-0.082325	-0.082382	-0.082388
629	-0.08262	-0.082675	-0.082688
630	-0.082918	-0.08297	-0.082994
631	-0.083172	-0.083218	-0.083244
632	-0.083413	-0.083453	-0.08348
633	-0.083671	-0.083706	-0.083758
634	-0.083937	-0.083966	-0.084056
635	-0.084214	-0.084252	-0.084316
636	-0.084501	-0.084556	-0.08455
637	-0.084784	-0.084845	-0.08482
638	-0.085064	-0.08512	-0.085124
639	-0.085341	-0.08539	-0.085424
640	-0.085613	-0.085653	-0.085718
641	-0.085879	-0.085907	-0.086008
642	-0.086131	-0.086141	-0.086285
643	-0.086371	-0.086374	-0.08653
644	-0.086564	-0.086602	-0.086659
645	-0.086759	-0.086824	-0.086805
646	-0.086965	-0.086999	-0.08707
647	-0.087177	-0.087182	-0.087337
648	-0.087554	-0.087561	-0.087649
649	-0.087931	-0.087939	-0.08796
650	-0.088112	-0.088126	-0.088117
651	-0.088281	-0.0883	-0.088265
652	-0.088097	-0.088109	-0.088114
653	-0.087852	-0.087854	-0.087911
654	-0.087649	-0.087673	-0.08775
655	-0.087458	-0.087515	-0.087601
656	-0.087522	-0.087575	-0.087622
657	-0.087707	-0.087742	-0.087725
658	-0.088068	-0.088069	-0.088058
659	-0.08855	-0.088508	-0.088552
660	-0.089096	-0.089042	-0.0891
661	-0.089703	-0.089669	-0.089702
662	-0.090207	-0.090205	-0.090207
663	-0.090564	-0.090612	-0.090573
664	-0.090834	-0.090901	-0.09086
665	-0.090927	-0.090952	-0.090983
666	-0.091009	-0.091012	-0.09109
667	-0.091061	-0.091095	-0.091146
668	-0.091126	-0.091176	-0.091207
669	-0.091259	-0.091242	-0.091295
670	-0.091402	-0.091332	-0.091403
671	-0.091649	-0.091681	-0.091734
672	-0.091896	-0.092031	-0.092065
673	-0.092085	-0.092191	-0.09225
674	-0.092274	-0.092351	-0.092434
675	-0.092681	-0.092746	-0.092796
676	-0.093108	-0.093161	-0.093173
677	-0.093366	-0.093421	-0.093459
678	-0.093592	-0.09365	-0.093728
679	-0.093895	-0.093977	-0.094042
680	-0.094221	-0.094335	-0.094369
681	-0.094618	-0.094727	-0.094747
682	-0.095047	-0.095134	-0.095148
683	-0.095475	-0.09552	-0.095543
684	-0.095903	-0.095893	-0.095933
685	-0.09627	-0.096252	-0.096303
686	-0.096583	-0.096601	-0.096655
687	-0.096925	-0.09695	-0.096993
688	-0.097303	-0.097301	-0.097313
689	-0.097668	-0.097687	-0.097682
690	-0.098013	-0.09813	-0.098128
691	-0.098392	-0.098575	-0.098574
692	-0.098848	-0.099024	-0.09902
693	-0.099292	-0.099453	-0.099437
694	-0.099701	-0.099821	-0.099767
695	-0.100151	-0.100232	-0.100157
696	-0.100799	-0.100853	-0.100841
697	-0.101412	-0.101444	-0.101492
698	-0.101711	-0.101762	-0.101845
699	-0.102017	-0.102084	-0.102201
700	-0.102547	-0.102517	-0.102629
701	-0.103078	-0.102949	-0.103057
702	-0.103527	-0.103485	-0.103583
703	-0.103973	-0.104025	-0.104113
704	-0.104287	-0.104387	-0.104449
705	-0.104586	-0.104729	-0.104762
706	-0.105037	-0.105123	-0.10516
707	-0.105518	-0.105526	-0.105575
708	-0.105793	-0.105861	-0.105877
709	-0.106005	-0.106176	-0.106145
710	-0.10642	-0.106523	-0.106608
711	-0.106921	-0.106884	-0.107153
712	-0.107325	-0.107344	-0.10751
713	-0.107676	-0.10786	-0.10776
714	-0.107955	-0.108105	-0.107972
715	-0.108182	-0.108154	-0.108155
716	-0.108402	-0.108302	-0.10838
717	-0.108614	-0.108542	-0.108644
718	-0.108718	-0.108719	-0.108782
719	-0.108693	-0.108821	-0.108774
720	-0.10901	-0.109142	-0.109019
[LOG]
CHECKSUM Ú