[HEADER]
Format	J&M ASCII Table
Comment	
Date	11/08/2026 10:24:39
Order	Y (evenX)
TechType	UV
NumPoints	411
FirstX	310
LastX	720
XType	nm
YType	Absorbance
ZType	s
NumSubFile	3
Matrix	Z vs X
[LOGIN]
Name=pcbob
[INSTRUMENT]
Name=TIDAS E Base UV/VI
Detector=MMS - ASPEN 97,5 kHz
Diodearray=256 Pixel
Serial#=36584
Calibrated=2011-07-01
Range=183.81-729.88 [nm] (F0)

SWVersion=v3.18.2 (build 0)[LOGIN]
Name=pcbob
[CONFIG]
ChannelName=Channel 1
ChannelType=Normalized
[PARAMETER]
It=360,00
Aver=5
Norm=3
Range=310,0-720,0 nm
Scan=Time
ScanTime=5,00 s
[TRIGGER]
Sweep=0
Scan=0
[DIO]
DigOut=0x0000
DigIn=0x0000
[DATA]
	00:00:00,000	00:00:01,800	00:00:03,600
310	0.100724	0.100716	0.100675
311	0.099205	0.099201	0.099156
312	0.097723	0.097756	0.097705
313	0.096313	0.096357	0.096298
314	0.095002	0.095019	0.094951
315	0.093702	0.093699	0.09363
316	0.092439	0.092434	0.092393
317	0.091181	0.091174	0.091157
318	0.089993	0.089989	0.089946
319	0.088805	0.088804	0.088735
320	0.087588	0.087603	0.087534
321	0.086369	0.086399	0.086333
322	0.085177	0.085167	0.085132
323	0.083996	0.083923	0.083929
324	0.082832	0.082749	0.082757
325	0.081683	0.081636	0.081612
326	0.080539	0.080519	0.08048
327	0.079406	0.079395	0.079374
328	0.078303	0.078303	0.078295
329	0.077348	0.077361	0.077344
330	0.076393	0.07642	0.076393
331	0.07543	0.075467	0.07542
332	0.074467	0.074514	0.074447
333	0.073519	0.07352	0.073484
334	0.072574	0.072518	0.072524
335	0.071634	0.071578	0.071592
336	0.070697	0.070673	0.070675
337	0.069772	0.069775	0.069764
338	0.06886	0.068887	0.068859
339	0.067931	0.067961	0.067932
340	0.066963	0.066948	0.066952
341	0.065999	0.065951	0.065981
342	0.065068	0.06506	0.065067
343	0.064137	0.064169	0.064153
344	0.063232	0.063239	0.063228
345	0.062328	0.062308	0.062302
346	0.06132	0.0613	0.061297
347	0.060282	0.060269	0.060269
348	0.059323	0.059318	0.059299
349	0.058419	0.05842	0.05837
350	0.057559	0.05756	0.057516
351	0.056758	0.05675	0.056766
352	0.055934	0.055929	0.055975
353	0.055045	0.055071	0.055065
354	0.05416	0.054213	0.054158
355	0.053325	0.053348	0.053291
356	0.052489	0.052483	0.052423
357	0.051588	0.051567	0.051536
358	0.050679	0.050647	0.050647
359	0.049774	0.049741	0.049759
360	0.048869	0.04884	0.04887
361	0.048027	0.048005	0.04802
362	0.047236	0.047222	0.047201
363	0.046391	0.046381	0.046348
364	0.045463	0.045449	0.045442
365	0.044554	0.044543	0.044551
366	0.043717	0.043732	0.04372
367	0.042883	0.042921	0.04289
368	0.042099	0.042116	0.042102
369	0.041316	0.041311	0.041313
370	0.040571	0.040578	0.040562
371	0.039831	0.039856	0.039817
372	0.039077	0.039111	0.03906
373	0.038318	0.038356	0.038297
374	0.037543	0.037563	0.037529
375	0.036756	0.036737	0.036757
376	0.035994	0.035974	0.036
377	0.035279	0.035321	0.035272
378	0.034558	0.034644	0.034546
379	0.033811	0.033865	0.033829
380	0.033066	0.033088	0.033113
381	0.032378	0.032439	0.032435
382	0.03169	0.031789	0.031757
383	0.030936	0.031034	0.031009
384	0.03017	0.030261	0.030249
385	0.029419	0.029494	0.029469
386	0.028674	0.028731	0.02868
387	0.027964	0.027968	0.027933
388	0.027287	0.027207	0.027225
389	0.026576	0.026452	0.026505
390	0.025803	0.025709	0.02576
391	0.025028	0.024963	0.025014
392	0.024243	0.024202	0.024261
393	0.02346	0.023442	0.02351
394	0.022839	0.022788	0.022824
395	0.022219	0.022133	0.022138
396	0.021489	0.021468	0.021442
397	0.020739	0.020801	0.020745
398	0.019949	0.020018	0.019961
399	0.019139	0.019181	0.019137
400	0.018437	0.018477	0.018458
401	0.017836	0.0179	0.017915
402	0.017246	0.01732	0.017364
403	0.016677	0.016734	0.016798
404	0.016083	0.01612	0.016201
405	0.015377	0.015381	0.015472
406	0.014671	0.014644	0.014743
407	0.013972	0.013991	0.014073
408	0.013273	0.013339	0.013404
409	0.012624	0.012716	0.012751
410	0.011984	0.012098	0.012102
411	0.011357	0.011449	0.01146
412	0.010735	0.010787	0.01082
413	0.010092	0.010132	0.01016
414	0.009429	0.009481	0.009484
415	0.008756	0.00883	0.00882
416	0.008065	0.008177	0.008177
417	0.007393	0.007526	0.007545
418	0.006795	0.006883	0.006951
419	0.006195	0.00624	0.006352
420	0.005548	0.005614	0.005651
421	0.004901	0.004988	0.00495
422	0.004302	0.004389	0.004399
423	0.003709	0.003794	0.003869
424	0.003143	0.003221	0.00332
425	0.002587	0.002655	0.002762
426	0.001981	0.002045	0.00215
427	0.001335	0.0014	0.001493
428	0.000678	0.000764	0.000828
429	0.000006	0.00014	0.000151
430	-0.00064	-0.000481	-0.000506
431	-0.0012	-0.001095	-0.001093
432	-0.001753	-0.0017	-0.001674
433	-0.002231	-0.002215	-0.002179
434	-0.002708	-0.00273	-0.002684
435	-0.003274	-0.003246	-0.003211
436	-0.003849	-0.003761	-0.00374
437	-0.004454	-0.004323	-0.004321
438	-0.005068	-0.004901	-0.00492
439	-0.005599	-0.005455	-0.005446
440	-0.006073	-0.005992	-0.005924
441	-0.006557	-0.006515	-0.006419
442	-0.007055	-0.007019	-0.006938
443	-0.007562	-0.007528	-0.007459
444	-0.008095	-0.008047	-0.007985
445	-0.00864	-0.008576	-0.008521
446	-0.009271	-0.009166	-0.009124
447	-0.009902	-0.009756	-0.009727
448	-0.010411	-0.010345	-0.010307
449	-0.010916	-0.010933	-0.010887
450	-0.011469	-0.011459	-0.011412
451	-0.012034	-0.011971	-0.011924
452	-0.012545	-0.012474	-0.012437
453	-0.013028	-0.012974	-0.01295
454	-0.013499	-0.013444	-0.013421
455	-0.013959	-0.013887	-0.01385
456	-0.014407	-0.014329	-0.01429
457	-0.014833	-0.01477	-0.014748
458	-0.015267	-0.015214	-0.015204
459	-0.015736	-0.015671	-0.015647
460	-0.016203	-0.016126	-0.01609
461	-0.016614	-0.016538	-0.016493
462	-0.017024	-0.016949	-0.016897
463	-0.0174	-0.017336	-0.017252
464	-0.017771	-0.01772	-0.017602
465	-0.01821	-0.018162	-0.018021
466	-0.018673	-0.018625	-0.018466
467	-0.019124	-0.019084	-0.01894
468	-0.019567	-0.019541	-0.019435
469	-0.020067	-0.020042	-0.019962
470	-0.020642	-0.020601	-0.020531
471	-0.02118	-0.021136	-0.021062
472	-0.021623	-0.021611	-0.021496
473	-0.022061	-0.022076	-0.021929
474	-0.022472	-0.022476	-0.022358
475	-0.022883	-0.022877	-0.022786
476	-0.023373	-0.023346	-0.023226
477	-0.023864	-0.023816	-0.023666
478	-0.024342	-0.024282	-0.024139
479	-0.024817	-0.024748	-0.024618
480	-0.025283	-0.025188	-0.0251
481	-0.025745	-0.025616	-0.025584
482	-0.026113	-0.025974	-0.025952
483	-0.026401	-0.026272	-0.026222
484	-0.026634	-0.026524	-0.026446
485	-0.026782	-0.026704	-0.026596
486	-0.027002	-0.026945	-0.026825
487	-0.027451	-0.027375	-0.027301
488	-0.027902	-0.02781	-0.027778
489	-0.028378	-0.028292	-0.028259
490	-0.028855	-0.028773	-0.028739
491	-0.029304	-0.029214	-0.029207
492	-0.029752	-0.029653	-0.029674
493	-0.030156	-0.030068	-0.030046
494	-0.030548	-0.030476	-0.030396
495	-0.030898	-0.030828	-0.030752
496	-0.031226	-0.031151	-0.031112
497	-0.031534	-0.031451	-0.031417
498	-0.031824	-0.031731	-0.03167
499	-0.032133	-0.032037	-0.031954
500	-0.032471	-0.032388	-0.03229
501	-0.032797	-0.032723	-0.032615
502	-0.033082	-0.033002	-0.032906
503	-0.033367	-0.033286	-0.033199
504	-0.033672	-0.033619	-0.033526
505	-0.033977	-0.033952	-0.033852
506	-0.034291	-0.03422	-0.034174
507	-0.034607	-0.034484	-0.034496
508	-0.034942	-0.034828	-0.03481
509	-0.035282	-0.035192	-0.035123
510	-0.035599	-0.035525	-0.035446
511	-0.035904	-0.035842	-0.035775
512	-0.036248	-0.036179	-0.036109
513	-0.036627	-0.036532	-0.036449
514	-0.036966	-0.03686	-0.036768
515	-0.037241	-0.037148	-0.037055
516	-0.037518	-0.037431	-0.037337
517	-0.0378	-0.037702	-0.03761
518	-0.038082	-0.037977	-0.037885
519	-0.038372	-0.038284	-0.038185
520	-0.038663	-0.038591	-0.038485
521	-0.038969	-0.038879	-0.038823
522	-0.039276	-0.039166	-0.039163
523	-0.039567	-0.039451	-0.039439
524	-0.039855	-0.039737	-0.039702
525	-0.04015	-0.040048	-0.040003
526	-0.040449	-0.040371	-0.040321
527	-0.040729	-0.040657	-0.040594
528	-0.040994	-0.040916	-0.04083
529	-0.041253	-0.041171	-0.041072
530	-0.041502	-0.041422	-0.041322
531	-0.041752	-0.041665	-0.041561
532	-0.042002	-0.041887	-0.041774
533	-0.042244	-0.042109	-0.041991
534	-0.04244	-0.042337	-0.042233
535	-0.042638	-0.042564	-0.042476
536	-0.04291	-0.042807	-0.04274
537	-0.043181	-0.043049	-0.043005
538	-0.043381	-0.043296	-0.043253
539	-0.043572	-0.043543	-0.043499
540	-0.043779	-0.043747	-0.043686
541	-0.043991	-0.043938	-0.043853
542	-0.044174	-0.044111	-0.044025
543	-0.044339	-0.044274	-0.044198
544	-0.044525	-0.04444	-0.04437
545	-0.044731	-0.044607	-0.044542
546	-0.044945	-0.044806	-0.044729
547	-0.045171	-0.045061	-0.044942
548	-0.045384	-0.045293	-0.045149
549	-0.045554	-0.045455	-0.045336
550	-0.045731	-0.045622	-0.045528
551	-0.045954	-0.045829	-0.04575
552	-0.046177	-0.046037	-0.045972
553	-0.046327	-0.046194	-0.046118
554	-0.046476	-0.04635	-0.046264
555	-0.046653	-0.046547	-0.046484
556	-0.046835	-0.046751	-0.046715
557	-0.047064	-0.046959	-0.046922
558	-0.04731	-0.047168	-0.047121
559	-0.047557	-0.047419	-0.047358
560	-0.047804	-0.047698	-0.047619
561	-0.048022	-0.047929	-0.047845
562	-0.048209	-0.04811	-0.048034
563	-0.048426	-0.048325	-0.048252
564	-0.048695	-0.0486	-0.04852
565	-0.048946	-0.048851	-0.048768
566	-0.04914	-0.049021	-0.04895
567	-0.049327	-0.049192	-0.049127
568	-0.049466	-0.049373	-0.04927
569	-0.049606	-0.049553	-0.049413
570	-0.04976	-0.049704	-0.049609
571	-0.049914	-0.049855	-0.049806
572	-0.050122	-0.050052	-0.050007
573	-0.050339	-0.050256	-0.050208
574	-0.050527	-0.050443	-0.050372
575	-0.050706	-0.050625	-0.050522
576	-0.050863	-0.050796	-0.050684
577	-0.051007	-0.050961	-0.050853
578	-0.051174	-0.051119	-0.051031
579	-0.051363	-0.051271	-0.051219
580	-0.051553	-0.051439	-0.051412
581	-0.051746	-0.05163	-0.051611
582	-0.051945	-0.051828	-0.051817
583	-0.052156	-0.052041	-0.052041
584	-0.052375	-0.052263	-0.052267
585	-0.052634	-0.05253	-0.052506
586	-0.05289	-0.052793	-0.052743
587	-0.053073	-0.052972	-0.052942
588	-0.053256	-0.053151	-0.053142
589	-0.053456	-0.053352	-0.053336
590	-0.053658	-0.053556	-0.05353
591	-0.053858	-0.053762	-0.053718
592	-0.054057	-0.053969	-0.053905
593	-0.054215	-0.054122	-0.054061
594	-0.054357	-0.054253	-0.054202
595	-0.054524	-0.054436	-0.054378
596	-0.054709	-0.054656	-0.054577
597	-0.054947	-0.054903	-0.054831
598	-0.055244	-0.055179	-0.055144
599	-0.055472	-0.055395	-0.055357
600	-0.055579	-0.055507	-0.055396
601	-0.055661	-0.055591	-0.055438
602	-0.055669	-0.055593	-0.055491
603	-0.055674	-0.055592	-0.055531
604	-0.05566	-0.055565	-0.055498
605	-0.055647	-0.05554	-0.055466
606	-0.055653	-0.055548	-0.055461
607	-0.055659	-0.055556	-0.055456
608	-0.055674	-0.05556	-0.055467
609	-0.055689	-0.055564	-0.05548
610	-0.055738	-0.055649	-0.055563
611	-0.055794	-0.055752	-0.055661
612	-0.055897	-0.05584	-0.055773
613	-0.056018	-0.055922	-0.05589
614	-0.056186	-0.05607	-0.056053
615	-0.056383	-0.056262	-0.056245
616	-0.056529	-0.056416	-0.056392
617	-0.056625	-0.056534	-0.056495
618	-0.056815	-0.056729	-0.056669
619	-0.057144	-0.057039	-0.056951
620	-0.057422	-0.057309	-0.057201
621	-0.057581	-0.057482	-0.057372
622	-0.057746	-0.057654	-0.057545
623	-0.057939	-0.057825	-0.057726
624	-0.058139	-0.058003	-0.057916
625	-0.058406	-0.058268	-0.058202
626	-0.058673	-0.058533	-0.058489
627	-0.058861	-0.058741	-0.058696
628	-0.059049	-0.058948	-0.058902
629	-0.059188	-0.059072	-0.059017
630	-0.059322	-0.059186	-0.059121
631	-0.059459	-0.059327	-0.059254
632	-0.059596	-0.059477	-0.059395
633	-0.059822	-0.059705	-0.059617
634	-0.060086	-0.059967	-0.059874
635	-0.060263	-0.060173	-0.060087
636	-0.060384	-0.060343	-0.060269
637	-0.060565	-0.060552	-0.060463
638	-0.060808	-0.0608	-0.06067
639	-0.060985	-0.061	-0.060839
640	-0.061067	-0.061127	-0.060953
641	-0.061194	-0.061262	-0.061114
642	-0.06142	-0.061412	-0.06138
643	-0.061632	-0.061572	-0.061612
644	-0.06179	-0.061765	-0.06172
645	-0.061945	-0.061945	-0.06183
646	-0.062071	-0.062033	-0.061951
647	-0.062202	-0.062127	-0.062075
648	-0.062474	-0.062387	-0.062309
649	-0.062746	-0.062646	-0.062542
650	-0.062933	-0.062819	-0.062732
651	-0.063114	-0.062985	-0.062919
652	-0.063025	-0.062921	-0.062855
653	-0.06289	-0.062816	-0.062747
654	-0.062823	-0.062781	-0.062693
655	-0.062777	-0.062766	-0.062656
656	-0.06282	-0.062797	-0.062727
657	-0.062906	-0.06285	-0.062849
658	-0.063099	-0.063027	-0.063018
659	-0.063366	-0.063292	-0.06322
660	-0.063696	-0.063616	-0.063548
661	-0.064087	-0.063998	-0.064003
662	-0.064386	-0.064291	-0.064323
663	-0.064556	-0.064457	-0.064454
664	-0.064657	-0.06456	-0.064524
665	-0.06462	-0.064536	-0.064472
666	-0.064608	-0.064533	-0.064458
667	-0.064674	-0.064595	-0.064564
668	-0.064735	-0.064648	-0.064656
669	-0.064769	-0.064653	-0.064672
670	-0.064811	-0.064673	-0.064699
671	-0.064951	-0.06486	-0.06485
672	-0.06509	-0.065048	-0.065
673	-0.065219	-0.065083	-0.065116
674	-0.065348	-0.065118	-0.065233
675	-0.065614	-0.065427	-0.065471
676	-0.065892	-0.065761	-0.065719
677	-0.066045	-0.065914	-0.065901
678	-0.066174	-0.066033	-0.066071
679	-0.066359	-0.066236	-0.066249
680	-0.066562	-0.066465	-0.066429
681	-0.066859	-0.066801	-0.066725
682	-0.067199	-0.067187	-0.067074
683	-0.067525	-0.067516	-0.067375
684	-0.067841	-0.067807	-0.067646
685	-0.068093	-0.068051	-0.067938
686	-0.06829	-0.068254	-0.068249
687	-0.068552	-0.068471	-0.068519
688	-0.06889	-0.068706	-0.068742
689	-0.069175	-0.068942	-0.068959
690	-0.069375	-0.069179	-0.06917
691	-0.069611	-0.069444	-0.069419
692	-0.069927	-0.069768	-0.069753
693	-0.070216	-0.070077	-0.070062
694	-0.070416	-0.070337	-0.070288
695	-0.070647	-0.070622	-0.070545
696	-0.071025	-0.07103	-0.070952
697	-0.071398	-0.071429	-0.071347
698	-0.071731	-0.071746	-0.071637
699	-0.072059	-0.072057	-0.071925
700	-0.072279	-0.072213	-0.072137
701	-0.072499	-0.072368	-0.072348
702	-0.072823	-0.072717	-0.072694
703	-0.073151	-0.073073	-0.073045
704	-0.073352	-0.073269	-0.073223
705	-0.073538	-0.073448	-0.073381
706	-0.073795	-0.073714	-0.073703
707	-0.074066	-0.073998	-0.074058
708	-0.074298	-0.074257	-0.074269
709	-0.074518	-0.074508	-0.074437
710	-0.074863	-0.074809	-0.074672
711	-0.075263	-0.07513	-0.074936
712	-0.075573	-0.075505	-0.075329
713	-0.075833	-0.075909	-0.075793
714	-0.075898	-0.076015	-0.075857
715	-0.07582	-0.075905	-0.075629
716	-0.075993	-0.075957	-0.075678
717	-0.076398	-0.07616	-0.075982
718	-0.07655	-0.076301	-0.076168
719	-0.076402	-0.07637	-0.076213
720	-0.076611	-0.076614	-0.076488
[LOG]
CHECKSUMü¡