[HEADER]
Format	J&M ASCII Table
Comment	
Date	11/08/2026 10:11:53
Order	Y (evenX)
TechType	UV
NumPoints	411
FirstX	310
LastX	720
XType	nm
YType	Absorbance
ZType	s
NumSubFile	3
Matrix	Z vs X
[LOGIN]
Name=pcbob
[INSTRUMENT]
Name=TIDAS E Base UV/VI
Detector=MMS - ASPEN 97,5 kHz
Diodearray=256 Pixel
Serial#=36584
Calibrated=2011-07-01
Range=183.81-729.88 [nm] (F0)

SWVersion=v3.18.2 (build 0)[LOGIN]
Name=pcbob
[CONFIG]
ChannelName=Channel 1
ChannelType=Normalized
[PARAMETER]
It=360,00
Aver=5
Norm=3
Range=310,0-720,0 nm
Scan=Time
ScanTime=5,00 s
[TRIGGER]
Sweep=0
Scan=0
[DIO]
DigOut=0x0000
DigIn=0x0000
[DATA]
	00:00:00,000	00:00:01,800	00:00:03,600
310	0.078105	0.078156	0.078098
311	0.076617	0.076668	0.076606
312	0.075193	0.075232	0.075183
313	0.073821	0.073863	0.073821
314	0.072518	0.072587	0.072545
315	0.071252	0.071333	0.071296
316	0.070097	0.070145	0.070131
317	0.068943	0.068961	0.068966
318	0.067802	0.067831	0.06781
319	0.066661	0.066702	0.066654
320	0.065575	0.065594	0.065546
321	0.064495	0.064488	0.064445
322	0.063448	0.063423	0.063391
323	0.062415	0.062374	0.062357
324	0.061422	0.061399	0.061359
325	0.060463	0.060488	0.060392
326	0.059524	0.059582	0.059463
327	0.058622	0.058686	0.058605
328	0.057761	0.057826	0.057776
329	0.057092	0.05713	0.057085
330	0.056423	0.056435	0.056394
331	0.055713	0.055727	0.05571
332	0.055003	0.055018	0.055026
333	0.054295	0.05432	0.054328
334	0.053588	0.053624	0.053626
335	0.05292	0.052958	0.052966
336	0.052273	0.052309	0.052328
337	0.051637	0.051677	0.051681
338	0.051013	0.051063	0.051023
339	0.050369	0.050428	0.050362
340	0.049676	0.049745	0.049696
341	0.048986	0.049064	0.049031
342	0.048319	0.048391	0.048378
343	0.047652	0.047718	0.047725
344	0.046974	0.047046	0.047053
345	0.046295	0.046374	0.046379
346	0.045614	0.045679	0.045679
347	0.044931	0.044978	0.044972
348	0.044295	0.044329	0.044317
349	0.043691	0.043714	0.043699
350	0.043085	0.04312	0.043097
351	0.042479	0.042552	0.04252
352	0.041872	0.041969	0.041936
353	0.041262	0.041337	0.041333
354	0.040657	0.040709	0.040732
355	0.040098	0.040132	0.040167
356	0.03954	0.039555	0.039603
357	0.038884	0.038905	0.038934
358	0.038219	0.038247	0.038253
359	0.037621	0.037652	0.03761
360	0.037048	0.037079	0.03698
361	0.036475	0.036518	0.036429
362	0.035901	0.035966	0.03594
363	0.035327	0.035404	0.035408
364	0.03475	0.034822	0.034806
365	0.034173	0.034243	0.034219
366	0.033593	0.03367	0.033684
367	0.033016	0.0331	0.033149
368	0.032519	0.032586	0.032612
369	0.032021	0.032072	0.032075
370	0.031539	0.031593	0.031604
371	0.03106	0.03112	0.031142
372	0.030585	0.030661	0.030662
373	0.030113	0.030208	0.030174
374	0.029615	0.029707	0.029674
375	0.029095	0.029163	0.029163
376	0.028602	0.028657	0.028674
377	0.028158	0.028218	0.028221
378	0.027709	0.02778	0.027766
379	0.027236	0.027349	0.0273
380	0.026764	0.026917	0.026834
381	0.026352	0.026453	0.026409
382	0.025939	0.025989	0.025984
383	0.025522	0.025577	0.025574
384	0.025105	0.025173	0.025167
385	0.024646	0.02471	0.02471
386	0.024169	0.024219	0.024229
387	0.023701	0.023756	0.023762
388	0.023242	0.023317	0.023308
389	0.022783	0.022869	0.022843
390	0.022325	0.022406	0.022361
391	0.021861	0.021939	0.021879
392	0.021369	0.021459	0.021397
393	0.020879	0.020979	0.020916
394	0.020497	0.020567	0.020527
395	0.020116	0.020155	0.020139
396	0.019696	0.019722	0.019716
397	0.019268	0.019285	0.019287
398	0.018773	0.018794	0.018794
399	0.018247	0.018278	0.018272
400	0.017806	0.01785	0.017848
401	0.017445	0.017505	0.017516
402	0.017107	0.017181	0.017197
403	0.016809	0.016894	0.016904
404	0.016482	0.016573	0.016576
405	0.016022	0.016101	0.01609
406	0.015563	0.01563	0.015606
407	0.015112	0.015208	0.015187
408	0.014661	0.014787	0.014767
409	0.014269	0.014372	0.014389
410	0.013886	0.013959	0.014018
411	0.013521	0.013584	0.013613
412	0.013164	0.013226	0.013193
413	0.012773	0.012829	0.012775
414	0.012351	0.012396	0.012358
415	0.011944	0.011973	0.011967
416	0.011561	0.011566	0.01162
417	0.011181	0.011175	0.011267
418	0.010815	0.010844	0.010892
419	0.010447	0.01051	0.010514
420	0.010013	0.010073	0.010077
421	0.00958	0.009636	0.00964
422	0.009275	0.009296	0.009304
423	0.008988	0.00897	0.008981
424	0.008655	0.00864	0.00866
425	0.008303	0.008307	0.008338
426	0.007952	0.007936	0.008003
427	0.007601	0.007534	0.007658
428	0.007262	0.00717	0.007288
429	0.006939	0.006867	0.006883
430	0.006601	0.006553	0.006498
431	0.006211	0.006207	0.006181
432	0.005826	0.005865	0.005865
433	0.005509	0.005574	0.005569
434	0.005193	0.005283	0.005273
435	0.004936	0.00502	0.004969
436	0.004684	0.004758	0.004665
437	0.004337	0.004398	0.004329
438	0.003958	0.004005	0.003983
439	0.003643	0.003673	0.003663
440	0.003369	0.003382	0.00336
441	0.003087	0.003095	0.003065
442	0.002792	0.002812	0.002782
443	0.002505	0.002527	0.002499
444	0.002236	0.002237	0.002217
445	0.001956	0.00194	0.001923
446	0.001592	0.0016	0.001541
447	0.001228	0.001261	0.00116
448	0.000931	0.000957	0.000874
449	0.000636	0.000655	0.000592
450	0.000311	0.000302	0.000292
451	-0.000021	-0.000063	-0.000012
452	-0.000324	-0.000371	-0.000283
453	-0.000612	-0.00065	-0.000538
454	-0.000875	-0.000889	-0.0008
455	-0.001113	-0.001088	-0.001071
456	-0.00134	-0.001296	-0.00133
457	-0.001549	-0.00152	-0.001568
458	-0.001768	-0.001755	-0.001805
459	-0.002031	-0.002036	-0.00204
460	-0.00229	-0.002312	-0.002272
461	-0.002488	-0.002481	-0.002452
462	-0.002686	-0.002649	-0.002631
463	-0.002881	-0.002849	-0.002826
464	-0.003076	-0.003053	-0.003023
465	-0.003315	-0.003271	-0.003269
466	-0.003571	-0.003495	-0.003532
467	-0.003857	-0.003741	-0.003813
468	-0.004164	-0.004003	-0.004107
469	-0.004436	-0.004286	-0.004385
470	-0.00466	-0.004598	-0.004643
471	-0.00489	-0.004888	-0.004905
472	-0.005134	-0.005126	-0.005178
473	-0.005381	-0.005367	-0.005443
474	-0.00565	-0.005626	-0.005651
475	-0.005919	-0.005886	-0.00586
476	-0.006146	-0.006115	-0.006118
477	-0.006372	-0.006344	-0.006376
478	-0.00666	-0.006603	-0.006682
479	-0.006961	-0.006868	-0.006997
480	-0.007241	-0.007147	-0.007247
481	-0.007513	-0.007434	-0.007468
482	-0.007737	-0.007659	-0.007675
483	-0.007921	-0.007833	-0.007871
484	-0.008075	-0.007997	-0.008043
485	-0.008183	-0.008148	-0.008178
486	-0.008325	-0.008313	-0.008336
487	-0.008572	-0.008519	-0.00857
488	-0.008821	-0.008735	-0.008803
489	-0.009093	-0.009045	-0.009039
490	-0.009364	-0.009356	-0.009275
491	-0.009654	-0.009593	-0.009568
492	-0.009944	-0.009826	-0.009865
493	-0.010166	-0.010055	-0.01008
494	-0.01037	-0.010282	-0.010275
495	-0.010519	-0.010443	-0.010434
496	-0.010639	-0.010569	-0.010574
497	-0.010779	-0.010723	-0.010742
498	-0.010936	-0.010901	-0.010939
499	-0.011111	-0.011082	-0.011131
500	-0.011318	-0.011268	-0.011315
501	-0.011512	-0.011453	-0.011493
502	-0.011659	-0.011632	-0.011652
503	-0.011812	-0.011812	-0.011812
504	-0.012036	-0.011988	-0.01199
505	-0.01226	-0.012164	-0.012168
506	-0.012437	-0.012393	-0.012369
507	-0.012612	-0.012625	-0.012571
508	-0.012841	-0.01282	-0.012819
509	-0.013084	-0.013006	-0.013078
510	-0.013284	-0.013197	-0.013276
511	-0.013461	-0.013391	-0.013442
512	-0.013664	-0.013598	-0.013633
513	-0.01389	-0.013816	-0.013844
514	-0.014094	-0.014013	-0.014045
515	-0.014261	-0.014173	-0.014228
516	-0.014419	-0.014328	-0.014393
517	-0.014551	-0.014464	-0.014502
518	-0.01469	-0.014609	-0.014625
519	-0.014894	-0.014824	-0.014857
520	-0.015098	-0.015039	-0.01509
521	-0.015342	-0.015259	-0.015322
522	-0.015588	-0.01548	-0.015553
523	-0.015744	-0.015682	-0.015732
524	-0.015881	-0.01588	-0.015899
525	-0.016052	-0.016061	-0.016073
526	-0.016238	-0.016233	-0.016249
527	-0.016418	-0.016384	-0.016427
528	-0.016592	-0.016518	-0.016607
529	-0.016753	-0.016656	-0.016754
530	-0.016894	-0.016799	-0.016857
531	-0.017038	-0.016954	-0.016976
532	-0.017193	-0.01714	-0.017132
533	-0.017355	-0.017325	-0.017295
534	-0.017557	-0.017507	-0.017493
535	-0.017758	-0.017687	-0.017691
536	-0.017904	-0.017836	-0.017876
537	-0.018049	-0.017985	-0.018061
538	-0.01823	-0.018145	-0.01821
539	-0.018415	-0.018305	-0.018355
540	-0.01851	-0.018404	-0.018452
541	-0.018578	-0.018484	-0.018533
542	-0.018673	-0.018586	-0.018615
543	-0.018784	-0.0187	-0.018698
544	-0.018902	-0.01882	-0.018824
545	-0.019029	-0.018946	-0.018996
546	-0.019167	-0.019072	-0.019171
547	-0.019323	-0.019198	-0.019355
548	-0.019471	-0.019343	-0.019516
549	-0.019595	-0.019546	-0.019605
550	-0.019721	-0.019735	-0.0197
551	-0.019866	-0.019823	-0.019838
552	-0.02001	-0.019911	-0.019976
553	-0.020092	-0.020034	-0.020075
554	-0.020173	-0.020158	-0.020173
555	-0.020323	-0.020265	-0.020304
556	-0.020486	-0.020368	-0.02044
557	-0.02062	-0.020521	-0.020586
558	-0.020745	-0.020692	-0.020736
559	-0.020897	-0.020862	-0.020905
560	-0.021065	-0.02103	-0.021087
561	-0.021238	-0.021186	-0.021259
562	-0.021414	-0.021329	-0.021419
563	-0.021577	-0.021475	-0.021579
564	-0.021717	-0.021629	-0.021738
565	-0.021859	-0.021782	-0.021892
566	-0.022006	-0.021936	-0.022032
567	-0.022154	-0.02209	-0.022172
568	-0.022304	-0.022249	-0.022319
569	-0.022455	-0.022408	-0.022466
570	-0.022617	-0.022555	-0.022589
571	-0.022778	-0.022702	-0.022712
572	-0.022936	-0.022861	-0.022884
573	-0.023093	-0.023022	-0.023063
574	-0.02322	-0.023143	-0.0232
575	-0.023337	-0.023251	-0.023321
576	-0.023486	-0.023407	-0.023463
577	-0.023655	-0.023592	-0.023615
578	-0.023809	-0.02375	-0.023775
579	-0.023949	-0.023884	-0.023943
580	-0.024077	-0.024016	-0.024076
581	-0.024188	-0.024146	-0.024158
582	-0.024309	-0.024277	-0.02426
583	-0.024457	-0.024412	-0.024416
584	-0.024601	-0.024546	-0.024568
585	-0.024728	-0.024675	-0.024693
586	-0.024853	-0.024801	-0.024816
587	-0.02493	-0.024875	-0.024891
588	-0.025007	-0.024949	-0.024965
589	-0.025104	-0.025065	-0.025056
590	-0.025202	-0.025185	-0.025148
591	-0.025311	-0.025286	-0.025255
592	-0.025424	-0.025383	-0.025365
593	-0.025537	-0.025486	-0.025483
594	-0.025651	-0.025592	-0.025604
595	-0.025743	-0.025684	-0.025709
596	-0.02582	-0.025766	-0.025802
597	-0.025927	-0.025882	-0.025929
598	-0.026067	-0.026038	-0.026095
599	-0.026187	-0.026171	-0.02622
600	-0.026273	-0.026264	-0.026274
601	-0.026335	-0.026331	-0.026313
602	-0.026327	-0.02632	-0.026313
603	-0.026324	-0.02631	-0.026316
604	-0.026347	-0.026309	-0.026342
605	-0.02637	-0.026308	-0.026366
606	-0.026362	-0.026286	-0.02634
607	-0.026354	-0.026264	-0.026314
608	-0.026318	-0.02624	-0.026297
609	-0.026281	-0.026215	-0.02628
610	-0.026326	-0.026279	-0.026298
611	-0.026389	-0.026362	-0.026322
612	-0.02647	-0.026422	-0.026405
613	-0.026558	-0.026473	-0.026512
614	-0.026655	-0.026551	-0.026612
615	-0.026758	-0.026648	-0.026708
616	-0.026831	-0.026743	-0.026786
617	-0.026874	-0.026837	-0.026846
618	-0.026966	-0.026953	-0.02695
619	-0.027131	-0.027104	-0.027118
620	-0.027296	-0.027241	-0.027271
621	-0.027462	-0.027345	-0.027389
622	-0.027606	-0.027452	-0.027505
623	-0.027659	-0.027578	-0.027615
624	-0.02772	-0.027706	-0.02773
625	-0.027859	-0.027864	-0.027892
626	-0.027998	-0.028022	-0.028054
627	-0.028162	-0.028168	-0.028185
628	-0.028325	-0.028315	-0.028316
629	-0.028378	-0.028369	-0.028376
630	-0.028417	-0.028412	-0.028427
631	-0.028531	-0.028467	-0.028497
632	-0.028664	-0.028524	-0.02857
633	-0.02875	-0.028624	-0.028655
634	-0.028815	-0.028744	-0.028743
635	-0.028922	-0.028884	-0.02889
636	-0.029058	-0.029036	-0.029074
637	-0.029171	-0.029159	-0.029211
638	-0.029263	-0.029252	-0.029301
639	-0.029359	-0.029347	-0.029396
640	-0.029462	-0.029443	-0.0295
641	-0.02957	-0.029524	-0.029575
642	-0.029684	-0.02957	-0.029586
643	-0.029786	-0.029625	-0.029628
644	-0.029842	-0.029717	-0.029779
645	-0.029899	-0.029805	-0.029918
646	-0.029968	-0.029865	-0.029974
647	-0.030039	-0.02993	-0.030032
648	-0.030192	-0.030117	-0.03015
649	-0.030345	-0.030304	-0.030268
650	-0.030587	-0.030551	-0.030536
651	-0.030835	-0.030802	-0.030812
652	-0.030889	-0.030893	-0.030881
653	-0.030909	-0.030955	-0.030914
654	-0.030948	-0.030993	-0.030941
655	-0.030992	-0.031022	-0.030966
656	-0.031055	-0.031065	-0.031038
657	-0.031128	-0.031115	-0.031133
658	-0.031195	-0.031169	-0.03122
659	-0.031259	-0.031227	-0.031302
660	-0.031372	-0.031321	-0.031382
661	-0.031536	-0.031449	-0.031463
662	-0.031637	-0.031546	-0.03155
663	-0.03165	-0.031597	-0.031646
664	-0.031657	-0.031637	-0.031688
665	-0.031648	-0.031657	-0.03162
666	-0.031632	-0.031653	-0.031553
667	-0.031595	-0.031573	-0.031493
668	-0.03156	-0.031506	-0.031442
669	-0.031539	-0.031503	-0.031436
670	-0.031536	-0.031512	-0.03145
671	-0.031743	-0.031652	-0.031696
672	-0.031949	-0.031793	-0.031942
673	-0.032023	-0.031854	-0.031919
674	-0.032098	-0.031915	-0.031896
675	-0.032207	-0.032082	-0.032102
676	-0.03232	-0.032257	-0.032329
677	-0.032376	-0.032323	-0.032387
678	-0.032421	-0.032368	-0.032412
679	-0.032593	-0.032514	-0.032529
680	-0.032804	-0.032691	-0.032674
681	-0.033028	-0.032927	-0.03292
682	-0.033258	-0.033189	-0.033212
683	-0.03345	-0.033435	-0.033464
684	-0.033617	-0.033671	-0.033689
685	-0.033823	-0.033888	-0.033919
686	-0.034062	-0.034089	-0.034152
687	-0.034269	-0.034266	-0.034325
688	-0.034437	-0.034413	-0.034426
689	-0.034548	-0.034517	-0.034496
690	-0.034567	-0.03455	-0.034514
691	-0.034616	-0.034602	-0.03458
692	-0.034731	-0.034698	-0.034751
693	-0.034881	-0.034843	-0.034933
694	-0.03514	-0.035141	-0.035146
695	-0.035402	-0.035441	-0.035379
696	-0.035674	-0.035747	-0.035708
697	-0.035921	-0.036018	-0.036012
698	-0.035949	-0.035988	-0.036091
699	-0.03598	-0.035964	-0.036169
700	-0.036104	-0.036143	-0.036228
701	-0.036228	-0.036322	-0.036288
702	-0.036491	-0.036604	-0.03655
703	-0.036759	-0.03689	-0.03682
704	-0.036925	-0.036933	-0.036955
705	-0.03708	-0.036949	-0.037074
706	-0.037337	-0.03726	-0.037326
707	-0.037616	-0.03763	-0.037604
708	-0.037654	-0.037657	-0.037627
709	-0.03762	-0.037581	-0.037574
710	-0.037805	-0.037751	-0.03786
711	-0.038082	-0.038024	-0.038289
712	-0.038293	-0.038258	-0.038494
713	-0.038468	-0.038469	-0.038574
714	-0.03855	-0.038535	-0.038603
715	-0.038565	-0.038496	-0.038595
716	-0.038704	-0.038548	-0.038724
717	-0.038957	-0.038685	-0.038978
718	-0.039014	-0.038778	-0.039097
719	-0.038843	-0.038821	-0.039057
720	-0.038945	-0.039113	-0.039319
[LOG]
CHECKSUM‘