[HEADER]
Format	J&M ASCII Table
Comment	
Date	11/08/2026 10:39:23
Order	Y (evenX)
TechType	UV
NumPoints	411
FirstX	310
LastX	720
XType	nm
YType	Absorbance
ZType	s
NumSubFile	3
Matrix	Z vs X
[LOGIN]
Name=pcbob
[INSTRUMENT]
Name=TIDAS E Base UV/VI
Detector=MMS - ASPEN 97,5 kHz
Diodearray=256 Pixel
Serial#=36584
Calibrated=2011-07-01
Range=183.81-729.88 [nm] (F0)

SWVersion=v3.18.2 (build 0)[LOGIN]
Name=pcbob
[CONFIG]
ChannelName=Channel 1
ChannelType=Normalized
[PARAMETER]
It=360,00
Aver=5
Norm=3
Range=310,0-720,0 nm
Scan=Time
ScanTime=5,00 s
[TRIGGER]
Sweep=0
Scan=0
[DIO]
DigOut=0x0000
DigIn=0x0000
[DATA]
	00:00:00,000	00:00:01,800	00:00:03,600
310	0.150563	0.150568	0.150531
311	0.148381	0.148403	0.148342
312	0.146262	0.146327	0.146228
313	0.144217	0.144292	0.144193
314	0.142274	0.142313	0.142265
315	0.14037	0.140386	0.140375
316	0.138587	0.138624	0.138601
317	0.136806	0.13686	0.136826
318	0.135045	0.13506	0.135033
319	0.133283	0.13326	0.13324
320	0.131564	0.131542	0.13151
321	0.12985	0.129834	0.129789
322	0.128156	0.12814	0.12811
323	0.12647	0.126451	0.12645
324	0.124805	0.124807	0.1248
325	0.123159	0.123201	0.123159
326	0.121565	0.121615	0.121555
327	0.120065	0.120067	0.120017
328	0.118588	0.118556	0.118513
329	0.117224	0.117223	0.117164
330	0.115861	0.11589	0.115814
331	0.114518	0.114516	0.114444
332	0.113175	0.113142	0.113074
333	0.111829	0.111786	0.111739
334	0.110483	0.110435	0.110412
335	0.10916	0.109104	0.109098
336	0.10785	0.107783	0.107791
337	0.106539	0.106477	0.106478
338	0.105228	0.105187	0.105158
339	0.103905	0.103872	0.103828
340	0.102552	0.102497	0.102474
341	0.101203	0.101129	0.101128
342	0.099882	0.099814	0.099843
343	0.09856	0.098499	0.098558
344	0.097254	0.097189	0.097248
345	0.095949	0.095879	0.095937
346	0.094635	0.094611	0.094636
347	0.093317	0.093355	0.093338
348	0.092041	0.092062	0.092068
349	0.090792	0.090743	0.090818
350	0.089575	0.089521	0.08959
351	0.088401	0.088429	0.088394
352	0.087218	0.087306	0.087189
353	0.086003	0.086087	0.085958
354	0.084789	0.084871	0.084734
355	0.083583	0.083694	0.083575
356	0.082378	0.082517	0.082417
357	0.081142	0.081209	0.08115
358	0.079904	0.079888	0.079871
359	0.078606	0.078626	0.078601
360	0.077286	0.077387	0.077334
361	0.076084	0.076204	0.076141
362	0.074974	0.075065	0.075007
363	0.073844	0.073907	0.073853
364	0.072682	0.072719	0.072666
365	0.071515	0.071525	0.07147
366	0.070333	0.070306	0.070241
367	0.069154	0.069092	0.069019
368	0.068048	0.067999	0.067976
369	0.066941	0.066907	0.066933
370	0.06589	0.065883	0.065879
371	0.064848	0.064871	0.064824
372	0.063778	0.063796	0.063765
373	0.062698	0.062696	0.062704
374	0.061576	0.061577	0.061594
375	0.060417	0.060443	0.06044
376	0.059324	0.059357	0.059339
377	0.058349	0.058358	0.058333
378	0.057366	0.05735	0.057323
379	0.056347	0.056309	0.056294
380	0.055329	0.055269	0.055266
381	0.054321	0.054282	0.054282
382	0.053313	0.053295	0.053299
383	0.052281	0.052264	0.052272
384	0.051243	0.051225	0.051239
385	0.050218	0.050221	0.050202
386	0.049197	0.049233	0.049163
387	0.04813	0.048198	0.048106
388	0.047018	0.047118	0.047031
389	0.045936	0.046038	0.045966
390	0.044908	0.044956	0.044919
391	0.043885	0.043882	0.043874
392	0.042888	0.042844	0.042838
393	0.041891	0.041807	0.041803
394	0.040897	0.040831	0.040856
395	0.039902	0.039854	0.039909
396	0.038883	0.038861	0.03889
397	0.03786	0.037865	0.037858
398	0.036844	0.036816	0.03683
399	0.03583	0.035741	0.035804
400	0.03488	0.034787	0.03486
401	0.03399	0.033947	0.033994
402	0.033119	0.033102	0.033125
403	0.032286	0.032246	0.032251
404	0.03141	0.031361	0.031351
405	0.030347	0.030345	0.030338
406	0.029287	0.029332	0.029327
407	0.02841	0.028468	0.028466
408	0.027532	0.027605	0.027604
409	0.026655	0.026675	0.026698
410	0.025778	0.025734	0.025785
411	0.024864	0.024806	0.024879
412	0.023933	0.023885	0.023978
413	0.022988	0.02296	0.023054
414	0.022029	0.022033	0.02211
415	0.02111	0.021121	0.02118
416	0.020261	0.020237	0.020274
417	0.0194	0.019343	0.019368
418	0.018494	0.018408	0.018462
419	0.01759	0.017477	0.017557
420	0.016723	0.016629	0.016667
421	0.015857	0.015781	0.015777
422	0.014986	0.015006	0.014991
423	0.014114	0.014242	0.014219
424	0.0133	0.013398	0.013389
425	0.012509	0.012523	0.012537
426	0.011663	0.011633	0.011671
427	0.010772	0.010731	0.010795
428	0.009887	0.009843	0.009926
429	0.009012	0.008978	0.009069
430	0.008147	0.008114	0.008211
431	0.007313	0.007254	0.007354
432	0.006482	0.006404	0.006504
433	0.005681	0.005677	0.005745
434	0.004879	0.004951	0.004987
435	0.004194	0.004248	0.004246
436	0.00352	0.003548	0.003508
437	0.002711	0.002741	0.0027
438	0.001858	0.001898	0.001869
439	0.001099	0.00112	0.001104
440	0.000403	0.000386	0.000382
441	-0.000292	-0.000337	-0.000324
442	-0.000986	-0.001044	-0.00101
443	-0.001689	-0.00175	-0.001706
444	-0.002416	-0.002451	-0.002426
445	-0.003154	-0.003164	-0.003155
446	-0.003968	-0.003962	-0.003953
447	-0.004781	-0.004761	-0.004752
448	-0.005533	-0.005532	-0.00554
449	-0.006283	-0.006302	-0.006328
450	-0.007105	-0.007106	-0.007104
451	-0.007943	-0.007917	-0.007878
452	-0.008672	-0.008646	-0.008603
453	-0.009345	-0.009332	-0.009304
454	-0.009986	-0.009986	-0.009966
455	-0.010596	-0.010608	-0.01059
456	-0.011211	-0.011229	-0.011214
457	-0.011834	-0.011848	-0.011838
458	-0.01247	-0.012478	-0.012468
459	-0.013159	-0.013156	-0.013118
460	-0.013843	-0.013831	-0.013768
461	-0.014401	-0.014422	-0.014391
462	-0.014959	-0.015014	-0.015013
463	-0.015564	-0.015587	-0.015601
464	-0.016174	-0.016157	-0.016184
465	-0.016818	-0.016821	-0.016819
466	-0.017474	-0.017519	-0.017472
467	-0.018164	-0.018195	-0.018157
468	-0.018877	-0.018854	-0.018865
469	-0.019615	-0.019575	-0.019608
470	-0.020384	-0.020378	-0.020398
471	-0.021126	-0.021145	-0.02114
472	-0.021799	-0.02182	-0.021765
473	-0.022461	-0.022482	-0.022388
474	-0.023048	-0.023061	-0.023007
475	-0.023636	-0.023639	-0.023626
476	-0.024261	-0.024265	-0.024238
477	-0.024888	-0.024891	-0.024851
478	-0.025532	-0.025545	-0.025499
479	-0.02618	-0.026205	-0.026155
480	-0.026781	-0.02681	-0.026778
481	-0.027361	-0.027389	-0.027385
482	-0.027833	-0.027862	-0.027867
483	-0.028213	-0.028242	-0.02824
484	-0.028541	-0.028561	-0.028556
485	-0.028788	-0.028782	-0.02878
486	-0.029116	-0.029099	-0.029099
487	-0.029699	-0.029718	-0.029718
488	-0.030299	-0.03035	-0.030346
489	-0.031059	-0.031109	-0.031058
490	-0.031818	-0.031868	-0.031771
491	-0.032511	-0.032543	-0.032498
492	-0.033201	-0.033214	-0.033226
493	-0.03381	-0.033804	-0.033846
494	-0.0344	-0.034373	-0.034441
495	-0.034919	-0.034891	-0.034938
496	-0.035401	-0.035381	-0.035385
497	-0.035849	-0.035837	-0.035821
498	-0.036265	-0.036263	-0.036246
499	-0.036707	-0.036701	-0.036698
500	-0.037193	-0.037161	-0.037197
501	-0.037662	-0.037624	-0.037677
502	-0.038072	-0.038099	-0.038095
503	-0.038489	-0.038574	-0.038517
504	-0.038983	-0.039062	-0.038986
505	-0.039476	-0.039549	-0.039455
506	-0.039981	-0.040039	-0.039968
507	-0.040486	-0.040528	-0.040484
508	-0.041004	-0.041035	-0.040998
509	-0.041525	-0.041545	-0.041512
510	-0.042025	-0.042042	-0.042001
511	-0.042514	-0.042533	-0.042478
512	-0.042973	-0.042998	-0.04294
513	-0.043404	-0.04344	-0.043388
514	-0.043829	-0.043859	-0.043819
515	-0.044241	-0.044244	-0.044223
516	-0.044659	-0.044638	-0.044622
517	-0.045094	-0.045064	-0.045008
518	-0.045523	-0.045488	-0.045399
519	-0.045908	-0.045901	-0.04584
520	-0.046292	-0.046313	-0.046281
521	-0.046707	-0.046744	-0.046712
522	-0.047123	-0.047175	-0.047143
523	-0.047539	-0.047579	-0.047539
524	-0.047955	-0.047977	-0.047929
525	-0.048372	-0.048354	-0.048328
526	-0.048789	-0.048723	-0.048732
527	-0.049147	-0.049092	-0.049091
528	-0.049459	-0.049461	-0.049413
529	-0.049789	-0.049815	-0.049744
530	-0.050143	-0.050148	-0.050089
531	-0.050501	-0.050487	-0.050436
532	-0.05087	-0.050838	-0.050792
533	-0.051226	-0.051186	-0.051142
534	-0.05152	-0.051511	-0.051462
535	-0.051817	-0.051837	-0.051784
536	-0.052201	-0.052181	-0.052159
537	-0.052586	-0.052526	-0.052534
538	-0.052894	-0.05285	-0.052827
539	-0.053193	-0.053173	-0.05311
540	-0.053441	-0.05343	-0.053364
541	-0.053673	-0.053666	-0.053609
542	-0.053911	-0.053907	-0.053856
543	-0.054153	-0.05415	-0.054105
544	-0.05444	-0.054446	-0.054411
545	-0.054771	-0.054797	-0.054775
546	-0.055086	-0.055113	-0.055097
547	-0.055376	-0.055368	-0.05535
548	-0.055655	-0.05563	-0.055604
549	-0.055905	-0.055907	-0.055864
550	-0.056162	-0.056186	-0.056128
551	-0.056467	-0.056474	-0.056421
552	-0.056772	-0.056762	-0.056714
553	-0.057031	-0.057034	-0.057
554	-0.057289	-0.057306	-0.057285
555	-0.05755	-0.057554	-0.057544
556	-0.057811	-0.0578	-0.057797
557	-0.058107	-0.058104	-0.058083
558	-0.058416	-0.058429	-0.05838
559	-0.058723	-0.058748	-0.0587
560	-0.05903	-0.059063	-0.059035
561	-0.059324	-0.059361	-0.059343
562	-0.059604	-0.059642	-0.059622
563	-0.059885	-0.059922	-0.059914
564	-0.060167	-0.060202	-0.06023
565	-0.060433	-0.06047	-0.060508
566	-0.060643	-0.060703	-0.060666
567	-0.06085	-0.06093	-0.060829
568	-0.061026	-0.061113	-0.06103
569	-0.061201	-0.061297	-0.061232
570	-0.0614	-0.061443	-0.061388
571	-0.061599	-0.061588	-0.061543
572	-0.061804	-0.061789	-0.061745
573	-0.06201	-0.061997	-0.061953
574	-0.062203	-0.062179	-0.062142
575	-0.062391	-0.062352	-0.062324
576	-0.062601	-0.062565	-0.06252
577	-0.062823	-0.062802	-0.062723
578	-0.063039	-0.06303	-0.062941
579	-0.06325	-0.063247	-0.063171
580	-0.063485	-0.063472	-0.063413
581	-0.063755	-0.063705	-0.06367
582	-0.064041	-0.063975	-0.063949
583	-0.064367	-0.064338	-0.064285
584	-0.064696	-0.064699	-0.064627
585	-0.065039	-0.065048	-0.065002
586	-0.065381	-0.065396	-0.065373
587	-0.065697	-0.065708	-0.065666
588	-0.066013	-0.066019	-0.06596
589	-0.066305	-0.066342	-0.066275
590	-0.066594	-0.066665	-0.066591
591	-0.066862	-0.066927	-0.066862
592	-0.067124	-0.067176	-0.067121
593	-0.067404	-0.067436	-0.067365
594	-0.067692	-0.067701	-0.067603
595	-0.067976	-0.06797	-0.067872
596	-0.068259	-0.068241	-0.068165
597	-0.068573	-0.068558	-0.068489
598	-0.068921	-0.068925	-0.06885
599	-0.069202	-0.069209	-0.069134
600	-0.069363	-0.069348	-0.069288
601	-0.069498	-0.069473	-0.069421
602	-0.069554	-0.069559	-0.069493
603	-0.069601	-0.069632	-0.069556
604	-0.069596	-0.069631	-0.069564
605	-0.069591	-0.069628	-0.06957
606	-0.06958	-0.069581	-0.069524
607	-0.069568	-0.069534	-0.069478
608	-0.069615	-0.069573	-0.069518
609	-0.069665	-0.069619	-0.069565
610	-0.069717	-0.069705	-0.069662
611	-0.069769	-0.069799	-0.06977
612	-0.069964	-0.069982	-0.069943
613	-0.070215	-0.070199	-0.070143
614	-0.070436	-0.070392	-0.07037
615	-0.070636	-0.070569	-0.070616
616	-0.070849	-0.070809	-0.070851
617	-0.071075	-0.071111	-0.071075
618	-0.071346	-0.071416	-0.071344
619	-0.071687	-0.071727	-0.071678
620	-0.072003	-0.072026	-0.071982
621	-0.072259	-0.072296	-0.072211
622	-0.072513	-0.072567	-0.072455
623	-0.072756	-0.072845	-0.072759
624	-0.073009	-0.073126	-0.073066
625	-0.073356	-0.073434	-0.073395
626	-0.073702	-0.073741	-0.073723
627	-0.073986	-0.074014	-0.074004
628	-0.07427	-0.074286	-0.074285
629	-0.074495	-0.074552	-0.074489
630	-0.074714	-0.074817	-0.074685
631	-0.074939	-0.075046	-0.074898
632	-0.075167	-0.075266	-0.075116
633	-0.07541	-0.075486	-0.075364
634	-0.075659	-0.075706	-0.075626
635	-0.075914	-0.075939	-0.075878
636	-0.076172	-0.07618	-0.076122
637	-0.076446	-0.076427	-0.076366
638	-0.076735	-0.076679	-0.076609
639	-0.077022	-0.076951	-0.076886
640	-0.077304	-0.077252	-0.077211
641	-0.077552	-0.07751	-0.077487
642	-0.077726	-0.077671	-0.077656
643	-0.077906	-0.077845	-0.077837
644	-0.078105	-0.078065	-0.078058
645	-0.078307	-0.078285	-0.078282
646	-0.078537	-0.078512	-0.078517
647	-0.078768	-0.078742	-0.078754
648	-0.079054	-0.07906	-0.079039
649	-0.07934	-0.079378	-0.079323
650	-0.079519	-0.07957	-0.079513
651	-0.07969	-0.079754	-0.079697
652	-0.07947	-0.079501	-0.079469
653	-0.079182	-0.079173	-0.07917
654	-0.078974	-0.078951	-0.078968
655	-0.078793	-0.078762	-0.078796
656	-0.078866	-0.078845	-0.078863
657	-0.079061	-0.079058	-0.079047
658	-0.079404	-0.079392	-0.079383
659	-0.079849	-0.079812	-0.079827
660	-0.080385	-0.080338	-0.080361
661	-0.081011	-0.080968	-0.080985
662	-0.081517	-0.081487	-0.081482
663	-0.081853	-0.08185	-0.081799
664	-0.082065	-0.08209	-0.082014
665	-0.082022	-0.082076	-0.082019
666	-0.082009	-0.082071	-0.082036
667	-0.082085	-0.082092	-0.082091
668	-0.08217	-0.08214	-0.082157
669	-0.082301	-0.082328	-0.082274
670	-0.082448	-0.082523	-0.082406
671	-0.082777	-0.082792	-0.082713
672	-0.083106	-0.08306	-0.08302
673	-0.083278	-0.08324	-0.083188
674	-0.08345	-0.08342	-0.083357
675	-0.08379	-0.083745	-0.083707
676	-0.084145	-0.084083	-0.084073
677	-0.084302	-0.084275	-0.084257
678	-0.084421	-0.08444	-0.084407
679	-0.084666	-0.084685	-0.084636
680	-0.084952	-0.084956	-0.084889
681	-0.085341	-0.085343	-0.085282
682	-0.085779	-0.085784	-0.08574
683	-0.086165	-0.086154	-0.08613
684	-0.086517	-0.08648	-0.086476
685	-0.086856	-0.086822	-0.086807
686	-0.087181	-0.087178	-0.087123
687	-0.087525	-0.087529	-0.087475
688	-0.087891	-0.087876	-0.087872
689	-0.088266	-0.088239	-0.088251
690	-0.088658	-0.088627	-0.088604
691	-0.089059	-0.089023	-0.088975
692	-0.089479	-0.089435	-0.089387
693	-0.089881	-0.089837	-0.089793
694	-0.090229	-0.090205	-0.090181
695	-0.090602	-0.090599	-0.090582
696	-0.091105	-0.091127	-0.091051
697	-0.091592	-0.091638	-0.091512
698	-0.091943	-0.091994	-0.091895
699	-0.092295	-0.092351	-0.092278
700	-0.092677	-0.09273	-0.092639
701	-0.093059	-0.09311	-0.093001
702	-0.093509	-0.093541	-0.093474
703	-0.093962	-0.093973	-0.093951
704	-0.094187	-0.094196	-0.094203
705	-0.094386	-0.094396	-0.09443
706	-0.094845	-0.094859	-0.094907
707	-0.095357	-0.095376	-0.095436
708	-0.095673	-0.095674	-0.095692
709	-0.095931	-0.095905	-0.095865
710	-0.09633	-0.096268	-0.096222
711	-0.096787	-0.096687	-0.096656
712	-0.097224	-0.097141	-0.097056
713	-0.09765	-0.097615	-0.097438
714	-0.097796	-0.097804	-0.097649
715	-0.097739	-0.097787	-0.097736
716	-0.097919	-0.098013	-0.097949
717	-0.098318	-0.098465	-0.098278
718	-0.098515	-0.098615	-0.098423
719	-0.098474	-0.09841	-0.098353
720	-0.098741	-0.098627	-0.098569
[LOG]
CHECKSUMv