[HEADER]
Format	J&M ASCII Table
Comment	
Date	11/08/2026 10:08:01
Order	Y (evenX)
TechType	UV
NumPoints	411
FirstX	310
LastX	720
XType	nm
YType	Absorbance
ZType	s
NumSubFile	3
Matrix	Z vs X
[LOGIN]
Name=pcbob
[INSTRUMENT]
Name=TIDAS E Base UV/VI
Detector=MMS - ASPEN 97,5 kHz
Diodearray=256 Pixel
Serial#=36584
Calibrated=2011-07-01
Range=183.81-729.88 [nm] (F0)

SWVersion=v3.18.2 (build 0)[LOGIN]
Name=pcbob
[CONFIG]
ChannelName=Channel 1
ChannelType=Normalized
[PARAMETER]
It=360,00
Aver=5
Norm=3
Range=310,0-720,0 nm
Scan=Time
ScanTime=5,00 s
[TRIGGER]
Sweep=0
Scan=0
[DIO]
DigOut=0x0000
DigIn=0x0000
[DATA]
	00:00:00,000	00:00:01,800	00:00:03,600
310	0.077411	0.077462	0.077377
311	0.075966	0.076008	0.075936
312	0.074588	0.074621	0.074557
313	0.073259	0.073288	0.073242
314	0.071998	0.072029	0.072016
315	0.070763	0.070792	0.070792
316	0.069607	0.069622	0.069574
317	0.068454	0.068458	0.068368
318	0.06735	0.06738	0.067326
319	0.066245	0.066301	0.066285
320	0.065181	0.065226	0.065183
321	0.064122	0.064151	0.064073
322	0.063086	0.063109	0.063043
323	0.062058	0.062081	0.062045
324	0.061097	0.061111	0.061093
325	0.060193	0.060195	0.060183
326	0.059288	0.059292	0.059271
327	0.058379	0.058415	0.058357
328	0.057504	0.05757	0.057479
329	0.056786	0.056872	0.056771
330	0.056068	0.056175	0.056063
331	0.055348	0.055447	0.05536
332	0.054627	0.054718	0.054658
333	0.053926	0.053991	0.05394
334	0.053229	0.053263	0.053218
335	0.052514	0.052583	0.052518
336	0.05179	0.051929	0.05183
337	0.051107	0.051236	0.051148
338	0.050471	0.050498	0.050473
339	0.049821	0.049792	0.049803
340	0.049139	0.049161	0.049145
341	0.048455	0.048525	0.048481
342	0.047765	0.047861	0.047776
343	0.047075	0.047197	0.047072
344	0.046435	0.046514	0.04644
345	0.045798	0.04583	0.045813
346	0.045159	0.045149	0.045145
347	0.044519	0.044469	0.044465
348	0.043853	0.043827	0.043823
349	0.043169	0.043211	0.043206
350	0.042533	0.0426	0.042602
351	0.041959	0.041998	0.042014
352	0.04138	0.041399	0.041417
353	0.040786	0.040809	0.040792
354	0.040196	0.040224	0.040174
355	0.039641	0.039679	0.039625
356	0.039086	0.039134	0.039077
357	0.038492	0.038561	0.038504
358	0.037894	0.037985	0.037928
359	0.037306	0.037365	0.037346
360	0.03672	0.036729	0.036762
361	0.036178	0.036171	0.036219
362	0.03567	0.035673	0.035709
363	0.035139	0.035163	0.035185
364	0.034572	0.034636	0.034639
365	0.034023	0.034112	0.034091
366	0.033541	0.033598	0.033539
367	0.03306	0.033086	0.032991
368	0.032598	0.032601	0.032541
369	0.032136	0.032117	0.03209
370	0.03168	0.031686	0.031667
371	0.031225	0.031263	0.031247
372	0.030772	0.030819	0.030805
373	0.03032	0.030367	0.030353
374	0.029833	0.029873	0.029881
375	0.029316	0.029342	0.029393
376	0.028846	0.028868	0.028938
377	0.028459	0.028492	0.028541
378	0.028062	0.028107	0.028135
379	0.027624	0.027683	0.02769
380	0.027187	0.027261	0.027246
381	0.026825	0.026907	0.026875
382	0.026463	0.026554	0.026503
383	0.026061	0.026147	0.026129
384	0.025653	0.025732	0.025755
385	0.025229	0.025297	0.025307
386	0.024798	0.024853	0.024826
387	0.024372	0.02443	0.024398
388	0.02395	0.024027	0.024019
389	0.023535	0.023623	0.023633
390	0.023132	0.023218	0.023234
391	0.022728	0.022807	0.022823
392	0.022319	0.022366	0.022364
393	0.02191	0.021927	0.021906
394	0.021568	0.021585	0.021594
395	0.021226	0.021243	0.021282
396	0.02079	0.020851	0.020874
397	0.020337	0.02045	0.020449
398	0.019836	0.019975	0.019973
399	0.019312	0.019466	0.019474
400	0.018927	0.01905	0.01907
401	0.018673	0.018721	0.018755
402	0.018401	0.018401	0.018444
403	0.018097	0.018097	0.018142
404	0.017772	0.017767	0.017816
405	0.017358	0.017324	0.017387
406	0.016944	0.016883	0.016958
407	0.016583	0.016541	0.016556
408	0.016221	0.016199	0.016154
409	0.01579	0.015844	0.015748
410	0.015348	0.015486	0.015342
411	0.014981	0.015123	0.015004
412	0.014647	0.014758	0.014697
413	0.014321	0.014403	0.014354
414	0.014001	0.014056	0.013979
415	0.01367	0.013717	0.013626
416	0.013321	0.013394	0.013309
417	0.012977	0.013071	0.01299
418	0.01265	0.012754	0.012656
419	0.012322	0.012432	0.012323
420	0.011974	0.01202	0.012001
421	0.011625	0.011607	0.011678
422	0.011284	0.011317	0.011346
423	0.010944	0.011044	0.011012
424	0.010583	0.010697	0.010668
425	0.010215	0.010319	0.010319
426	0.00989	0.009976	0.009979
427	0.009599	0.009659	0.009645
428	0.009301	0.009356	0.00932
429	0.008988	0.009074	0.009008
430	0.008664	0.008772	0.008696
431	0.008302	0.008407	0.008388
432	0.007948	0.008049	0.008083
433	0.007716	0.007789	0.007827
434	0.007483	0.00753	0.007571
435	0.007246	0.007279	0.007301
436	0.007009	0.00703	0.007031
437	0.00666	0.006727	0.006708
438	0.006275	0.006408	0.006368
439	0.005978	0.006111	0.006089
440	0.00574	0.005828	0.005851
441	0.005493	0.005548	0.005606
442	0.005237	0.005272	0.005351
443	0.004995	0.005026	0.005101
444	0.00479	0.004857	0.004861
445	0.004574	0.004668	0.004613
446	0.004278	0.004337	0.004311
447	0.003982	0.004007	0.004009
448	0.003708	0.003749	0.003758
449	0.003434	0.003494	0.003508
450	0.003169	0.003241	0.003222
451	0.002906	0.002989	0.002928
452	0.002647	0.002738	0.002672
453	0.002391	0.002487	0.002435
454	0.002151	0.002236	0.00221
455	0.001926	0.001984	0.001995
456	0.001703	0.001752	0.001785
457	0.001482	0.001553	0.001583
458	0.001264	0.001356	0.001373
459	0.001055	0.001162	0.001136
460	0.000847	0.000968	0.000902
461	0.000658	0.000784	0.000712
462	0.000468	0.000601	0.000523
463	0.000297	0.000393	0.000347
464	0.000129	0.000183	0.000173
465	-0.000088	-0.000017	-0.000028
466	-0.000321	-0.000214	-0.00024
467	-0.00055	-0.000444	-0.000463
468	-0.000775	-0.000699	-0.000694
469	-0.001017	-0.000947	-0.000944
470	-0.00128	-0.001186	-0.001221
471	-0.001536	-0.001427	-0.001478
472	-0.001776	-0.001675	-0.001682
473	-0.002006	-0.001915	-0.001884
474	-0.002179	-0.002111	-0.002067
475	-0.002352	-0.002308	-0.00225
476	-0.002563	-0.002505	-0.002495
477	-0.002774	-0.002702	-0.002741
478	-0.00302	-0.002971	-0.002971
479	-0.003274	-0.003254	-0.003198
480	-0.003514	-0.003483	-0.003433
481	-0.003749	-0.003687	-0.003673
482	-0.003949	-0.003873	-0.003878
483	-0.00412	-0.004043	-0.004053
484	-0.004272	-0.004201	-0.004206
485	-0.004394	-0.004341	-0.004324
486	-0.004535	-0.004494	-0.004466
487	-0.004731	-0.004691	-0.004681
488	-0.004928	-0.004886	-0.004889
489	-0.005132	-0.005063	-0.005037
490	-0.005337	-0.005239	-0.005185
491	-0.00559	-0.005494	-0.005409
492	-0.005845	-0.005752	-0.005638
493	-0.006046	-0.005965	-0.005867
494	-0.006232	-0.006167	-0.006098
495	-0.006399	-0.006335	-0.006272
496	-0.006555	-0.006486	-0.006417
497	-0.006703	-0.006614	-0.006553
498	-0.006845	-0.006721	-0.00668
499	-0.007005	-0.006872	-0.006844
500	-0.007196	-0.007098	-0.007072
501	-0.007373	-0.007304	-0.007276
502	-0.007502	-0.007438	-0.007397
503	-0.007639	-0.007575	-0.007521
504	-0.00785	-0.007747	-0.007679
505	-0.008061	-0.007918	-0.007837
506	-0.008277	-0.008107	-0.008105
507	-0.008494	-0.008298	-0.00838
508	-0.00864	-0.0085	-0.008581
509	-0.008769	-0.008704	-0.008764
510	-0.008938	-0.008874	-0.008892
511	-0.009128	-0.009025	-0.008991
512	-0.009325	-0.009195	-0.009166
513	-0.009528	-0.009382	-0.009412
514	-0.009715	-0.009579	-0.009633
515	-0.009878	-0.009791	-0.009817
516	-0.01004	-0.009979	-0.00999
517	-0.010204	-0.010089	-0.010129
518	-0.010367	-0.010209	-0.01027
519	-0.010527	-0.010404	-0.010423
520	-0.010686	-0.010599	-0.010576
521	-0.010858	-0.010798	-0.010754
522	-0.01103	-0.010998	-0.010932
523	-0.011231	-0.01118	-0.011121
524	-0.011438	-0.011358	-0.011312
525	-0.011626	-0.011533	-0.011497
526	-0.011804	-0.011707	-0.011679
527	-0.011915	-0.011836	-0.011814
528	-0.011974	-0.01193	-0.011911
529	-0.012098	-0.012045	-0.012026
530	-0.01231	-0.01219	-0.012164
531	-0.012495	-0.012334	-0.012311
532	-0.012612	-0.012478	-0.01248
533	-0.012735	-0.012621	-0.012644
534	-0.012886	-0.01276	-0.012786
535	-0.013037	-0.0129	-0.01293
536	-0.013233	-0.013101	-0.013136
537	-0.013428	-0.013302	-0.013343
538	-0.013587	-0.013453	-0.01348
539	-0.013742	-0.013599	-0.013609
540	-0.013843	-0.013731	-0.013726
541	-0.013926	-0.01386	-0.013841
542	-0.014022	-0.013959	-0.013943
543	-0.014125	-0.014041	-0.01404
544	-0.014253	-0.014159	-0.014158
545	-0.014405	-0.014313	-0.014297
546	-0.014539	-0.01446	-0.01444
547	-0.014642	-0.014597	-0.014586
548	-0.014758	-0.014739	-0.014729
549	-0.014911	-0.014899	-0.014861
550	-0.015064	-0.015055	-0.014993
551	-0.015218	-0.015187	-0.015118
552	-0.015373	-0.015318	-0.015243
553	-0.01552	-0.01544	-0.015392
554	-0.015667	-0.015562	-0.015541
555	-0.015771	-0.015659	-0.01563
556	-0.015869	-0.015753	-0.015709
557	-0.016	-0.015877	-0.015833
558	-0.016142	-0.016013	-0.015973
559	-0.016291	-0.016171	-0.016139
560	-0.016445	-0.016344	-0.016322
561	-0.016581	-0.016484	-0.016473
562	-0.016698	-0.016591	-0.016588
563	-0.016837	-0.016727	-0.016724
564	-0.017014	-0.016911	-0.016896
565	-0.017179	-0.017084	-0.017059
566	-0.017304	-0.017214	-0.017193
567	-0.017435	-0.017349	-0.017333
568	-0.017624	-0.017526	-0.017511
569	-0.017813	-0.017702	-0.017688
570	-0.017991	-0.01787	-0.017869
571	-0.018169	-0.018039	-0.01805
572	-0.018312	-0.018175	-0.018204
573	-0.018451	-0.018307	-0.018353
574	-0.018577	-0.018471	-0.018481
575	-0.018699	-0.018645	-0.018602
576	-0.018845	-0.018794	-0.018751
577	-0.019004	-0.018928	-0.018918
578	-0.01918	-0.019079	-0.019088
579	-0.01937	-0.019245	-0.01926
580	-0.019524	-0.019394	-0.019407
581	-0.019623	-0.019517	-0.019513
582	-0.019722	-0.019634	-0.019623
583	-0.019823	-0.019733	-0.019741
584	-0.019928	-0.019835	-0.019859
585	-0.02005	-0.019945	-0.01997
586	-0.020169	-0.020053	-0.020078
587	-0.020216	-0.020116	-0.020149
588	-0.020264	-0.02018	-0.02022
589	-0.020364	-0.020287	-0.020285
590	-0.020469	-0.020397	-0.020348
591	-0.020559	-0.020466	-0.020453
592	-0.020646	-0.020526	-0.020567
593	-0.020736	-0.020631	-0.020669
594	-0.020828	-0.020754	-0.020765
595	-0.020918	-0.020856	-0.020855
596	-0.021007	-0.020944	-0.020941
597	-0.021125	-0.021067	-0.021036
598	-0.021272	-0.021227	-0.02114
599	-0.02137	-0.021339	-0.021238
600	-0.021382	-0.02137	-0.021324
601	-0.021403	-0.0214	-0.021396
602	-0.021451	-0.021425	-0.021429
603	-0.021487	-0.021438	-0.021448
604	-0.021455	-0.021388	-0.021387
605	-0.021423	-0.021338	-0.021328
606	-0.021411	-0.021315	-0.021339
607	-0.0214	-0.021291	-0.021351
608	-0.021354	-0.021274	-0.021334
609	-0.021305	-0.021256	-0.021315
610	-0.021368	-0.021343	-0.021338
611	-0.021456	-0.021453	-0.021371
612	-0.021467	-0.021469	-0.021399
613	-0.021447	-0.021448	-0.021426
614	-0.021523	-0.021496	-0.021512
615	-0.02166	-0.021588	-0.021636
616	-0.021765	-0.021673	-0.021702
617	-0.021836	-0.021751	-0.021709
618	-0.021929	-0.021856	-0.021786
619	-0.022055	-0.022001	-0.021968
620	-0.022175	-0.022132	-0.022124
621	-0.022282	-0.022232	-0.02222
622	-0.022376	-0.022329	-0.022311
623	-0.022414	-0.022418	-0.022383
624	-0.022464	-0.02251	-0.02246
625	-0.022633	-0.022626	-0.022585
626	-0.022801	-0.022741	-0.022709
627	-0.022901	-0.022823	-0.022835
628	-0.023001	-0.022904	-0.022962
629	-0.023061	-0.022979	-0.022973
630	-0.023115	-0.023052	-0.02297
631	-0.023194	-0.023088	-0.023042
632	-0.02328	-0.023114	-0.023134
633	-0.023364	-0.023225	-0.023225
634	-0.023449	-0.023374	-0.023316
635	-0.023565	-0.023508	-0.023459
636	-0.023703	-0.023632	-0.023638
637	-0.023814	-0.023715	-0.023775
638	-0.023898	-0.023756	-0.023872
639	-0.023972	-0.023814	-0.023959
640	-0.024029	-0.023897	-0.02403
641	-0.024086	-0.023979	-0.024087
642	-0.02414	-0.024057	-0.024113
643	-0.024205	-0.024137	-0.024149
644	-0.024307	-0.024222	-0.024223
645	-0.024403	-0.024305	-0.0243
646	-0.024457	-0.024375	-0.024409
647	-0.024517	-0.024452	-0.02452
648	-0.024755	-0.024729	-0.024718
649	-0.024994	-0.025007	-0.024916
650	-0.025351	-0.02528	-0.025253
651	-0.025715	-0.025554	-0.025598
652	-0.025813	-0.025718	-0.025757
653	-0.025865	-0.025863	-0.025884
654	-0.025981	-0.025989	-0.025993
655	-0.026116	-0.02611	-0.026097
656	-0.026249	-0.026196	-0.026179
657	-0.026381	-0.026267	-0.026251
658	-0.026418	-0.026284	-0.026297
659	-0.026389	-0.026263	-0.026325
660	-0.02639	-0.026272	-0.026345
661	-0.026422	-0.026311	-0.026357
662	-0.026446	-0.026331	-0.026371
663	-0.02646	-0.026327	-0.026388
664	-0.026428	-0.026289	-0.026359
665	-0.026302	-0.026182	-0.026233
666	-0.026185	-0.02609	-0.026142
667	-0.026096	-0.026042	-0.026156
668	-0.026033	-0.026009	-0.026162
669	-0.026102	-0.02605	-0.02612
670	-0.026176	-0.026097	-0.026089
671	-0.026297	-0.026208	-0.026174
672	-0.026417	-0.026319	-0.02626
673	-0.02645	-0.026348	-0.026343
674	-0.026483	-0.026377	-0.026426
675	-0.026711	-0.026589	-0.026604
676	-0.026955	-0.026816	-0.026789
677	-0.027004	-0.026955	-0.026927
678	-0.027015	-0.027078	-0.027056
679	-0.027131	-0.02719	-0.027177
680	-0.02728	-0.027299	-0.027296
681	-0.027533	-0.027507	-0.027514
682	-0.027835	-0.027762	-0.027779
683	-0.028082	-0.027996	-0.027992
684	-0.028294	-0.028218	-0.028173
685	-0.028486	-0.028423	-0.02836
686	-0.02866	-0.028614	-0.028554
687	-0.02876	-0.028715	-0.028676
688	-0.028772	-0.028708	-0.028712
689	-0.028818	-0.028754	-0.028768
690	-0.02892	-0.028885	-0.028858
691	-0.029061	-0.029038	-0.029003
692	-0.029287	-0.029241	-0.029266
693	-0.029507	-0.029446	-0.029507
694	-0.029708	-0.029663	-0.029677
695	-0.029915	-0.029892	-0.029859
696	-0.030147	-0.030187	-0.030107
697	-0.030361	-0.030452	-0.030342
698	-0.030412	-0.030447	-0.030463
699	-0.030467	-0.03045	-0.030587
700	-0.030645	-0.030665	-0.030768
701	-0.030822	-0.030879	-0.030949
702	-0.031096	-0.031098	-0.03112
703	-0.031374	-0.031318	-0.031291
704	-0.031462	-0.031427	-0.031463
705	-0.031529	-0.031524	-0.031634
706	-0.031631	-0.031728	-0.031758
707	-0.03174	-0.031955	-0.031872
708	-0.031883	-0.031975	-0.031863
709	-0.032036	-0.031934	-0.031816
710	-0.032236	-0.032111	-0.032012
711	-0.032457	-0.03238	-0.032311
712	-0.032568	-0.032512	-0.032503
713	-0.032619	-0.032567	-0.032635
714	-0.032688	-0.032543	-0.032675
715	-0.032769	-0.032461	-0.032648
716	-0.032846	-0.032483	-0.032676
717	-0.032918	-0.032599	-0.032755
718	-0.032871	-0.032733	-0.03276
719	-0.032685	-0.032886	-0.032677
720	-0.032718	-0.033025	-0.032819
[LOG]
CHECKSUM_Â