[HEADER]
Format	J&M ASCII Table
Comment	
Date	02/03/2026 19:59:22
Order	Y (evenX)
TechType	UV
NumPoints	411
FirstX	310
LastX	720
XType	nm
YType	Absorbance
ZType	s
NumSubFile	3
Matrix	Z vs X
[LOGIN]
Name=pcbob
[INSTRUMENT]
Name=TIDAS E Base UV/VI
Detector=MMS - ASPEN 97,5 kHz
Diodearray=256 Pixel
Serial#=36584
Calibrated=2011-07-01
Range=183.81-729.88 [nm] (F0)

SWVersion=v3.18.2 (build 0)[LOGIN]
Name=pcbob
[CONFIG]
ChannelName=Channel 1
ChannelType=Normalized
[PARAMETER]
It=400,00
Aver=5
Norm=3
Range=310,0-720,0 nm
Scan=Time
ScanTime=5,00 s
[TRIGGER]
Sweep=0
Scan=0
[DIO]
DigOut=0x0000
DigIn=0x0000
[DATA]
	00:00:00,000	00:00:02,000	00:00:04,000
310	0.001146	0.001164	0.001159
311	0.001136	0.001159	0.001138
312	0.001096	0.001148	0.001096
313	0.001059	0.001137	0.001077
314	0.001029	0.001127	0.001087
315	0.001009	0.001116	0.001096
316	0.001022	0.001104	0.001096
317	0.001034	0.001091	0.001095
318	0.001029	0.001064	0.001067
319	0.001023	0.001037	0.001039
320	0.00098	0.001001	0.001021
321	0.000932	0.000964	0.001005
322	0.000911	0.000953	0.000982
323	0.000901	0.000953	0.000957
324	0.000915	0.000962	0.000944
325	0.000951	0.00098	0.000941
326	0.000953	0.000985	0.000933
327	0.000897	0.000969	0.000913
328	0.000857	0.000956	0.000903
329	0.000895	0.000962	0.000934
330	0.000933	0.000969	0.000966
331	0.000887	0.000953	0.000938
332	0.00084	0.000938	0.000911
333	0.000851	0.000902	0.000903
334	0.000874	0.000861	0.0009
335	0.000843	0.000846	0.000869
336	0.000782	0.000844	0.000823
337	0.00077	0.000845	0.00079
338	0.000811	0.000847	0.000771
339	0.00085	0.000864	0.000784
340	0.000882	0.000915	0.000876
341	0.000906	0.000953	0.000948
342	0.000876	0.000898	0.00088
343	0.000846	0.000843	0.000813
344	0.000875	0.000892	0.000855
345	0.000907	0.000948	0.000904
346	0.000863	0.000888	0.000848
347	0.000796	0.000793	0.000762
348	0.000752	0.000755	0.00074
349	0.000723	0.000755	0.000762
350	0.000737	0.000782	0.000773
351	0.000808	0.000844	0.00077
352	0.00087	0.000896	0.000789
353	0.000903	0.000918	0.000872
354	0.00093	0.000934	0.000949
355	0.000882	0.000877	0.000949
356	0.000834	0.00082	0.000949
357	0.000799	0.000782	0.000885
358	0.000764	0.000745	0.000813
359	0.000715	0.000761	0.000764
360	0.000661	0.000796	0.000723
361	0.000634	0.000777	0.000723
362	0.00063	0.000713	0.000755
363	0.000652	0.000723	0.000797
364	0.000715	0.000848	0.000854
365	0.000756	0.000928	0.000889
366	0.000713	0.00085	0.000842
367	0.00067	0.000773	0.000795
368	0.000646	0.000738	0.000753
369	0.000622	0.000702	0.000712
370	0.000647	0.000719	0.000731
371	0.000681	0.000744	0.00076
372	0.000648	0.000723	0.000744
373	0.000588	0.000682	0.00071
374	0.000553	0.000678	0.000703
375	0.000541	0.000707	0.000722
376	0.000575	0.000733	0.000753
377	0.00069	0.000754	0.000805
378	0.000774	0.000764	0.000836
379	0.000724	0.00073	0.000781
380	0.000675	0.000697	0.000727
381	0.000673	0.00069	0.000737
382	0.00067	0.000683	0.000747
383	0.000598	0.000656	0.000685
384	0.000514	0.000624	0.000611
385	0.000494	0.000609	0.000528
386	0.000503	0.0006	0.000442
387	0.000488	0.000572	0.000422
388	0.000451	0.000526	0.000463
389	0.00042	0.000485	0.000474
390	0.0004	0.000455	0.000427
391	0.000388	0.000439	0.000395
392	0.00041	0.00049	0.00043
393	0.000431	0.000538	0.000463
394	0.000363	0.000399	0.00038
395	0.000295	0.000261	0.000298
396	0.000329	0.000326	0.000313
397	0.00038	0.000428	0.000346
398	0.000362	0.000398	0.000334
399	0.00031	0.000306	0.000301
400	0.000275	0.000301	0.000317
401	0.000256	0.000377	0.00038
402	0.000259	0.000439	0.000434
403	0.000301	0.000471	0.000472
404	0.000337	0.000496	0.000496
405	0.000344	0.000493	0.000462
406	0.000352	0.00049	0.000428
407	0.000325	0.000465	0.000425
408	0.000299	0.000439	0.000423
409	0.000324	0.000379	0.000386
410	0.000359	0.000312	0.000344
411	0.00034	0.00032	0.00035
412	0.000297	0.00036	0.000379
413	0.000248	0.000338	0.000348
414	0.000194	0.00026	0.000264
415	0.000169	0.00023	0.000225
416	0.000194	0.000285	0.000265
417	0.000223	0.000337	0.000298
418	0.000261	0.000377	0.000301
419	0.000294	0.000411	0.000299
420	0.000225	0.000329	0.000197
421	0.000156	0.000247	0.000095
422	0.000102	0.000187	0.000098
423	0.000049	0.00013	0.000115
424	0.000058	0.000136	0.000118
425	0.000092	0.000167	0.000114
426	0.000101	0.00019	0.000122
427	0.00009	0.000207	0.00014
428	0.000058	0.000202	0.000147
429	-0.000005	0.000164	0.000141
430	-0.000056	0.000132	0.000124
431	-0.000066	0.000116	0.000076
432	-0.000074	0.000099	0.00003
433	-0.000071	0.000072	0.000011
434	-0.000068	0.000044	-0.000009
435	-0.000093	0.000033	-0.000049
436	-0.000121	0.000023	-0.000092
437	-0.000086	0.000065	-0.000054
438	-0.000032	0.000124	0.000009
439	-0.000056	0.000111	-0.000028
440	-0.000134	0.000049	-0.000133
441	-0.000185	0	-0.000183
442	-0.0002	-0.000031	-0.000163
443	-0.000219	-0.000055	-0.000152
444	-0.00025	-0.000061	-0.000167
445	-0.000279	-0.000071	-0.000188
446	-0.0003	-0.000111	-0.000254
447	-0.000321	-0.000151	-0.000319
448	-0.000308	-0.000152	-0.000284
449	-0.000293	-0.000152	-0.000246
450	-0.000267	-0.000166	-0.000222
451	-0.000239	-0.000184	-0.000201
452	-0.000264	-0.000177	-0.000225
453	-0.000317	-0.000156	-0.000272
454	-0.000315	-0.000169	-0.000303
455	-0.000259	-0.000214	-0.000318
456	-0.000242	-0.000252	-0.000323
457	-0.000297	-0.000276	-0.000308
458	-0.00034	-0.000291	-0.000301
459	-0.000331	-0.000266	-0.000327
460	-0.000324	-0.000246	-0.000354
461	-0.000374	-0.000331	-0.000405
462	-0.000424	-0.000416	-0.000457
463	-0.000411	-0.000372	-0.000466
464	-0.000391	-0.000313	-0.00047
465	-0.000431	-0.000342	-0.000479
466	-0.000492	-0.000404	-0.000491
467	-0.000532	-0.000449	-0.000525
468	-0.000556	-0.000482	-0.000574
469	-0.000561	-0.000487	-0.000611
470	-0.000539	-0.000454	-0.00063
471	-0.000522	-0.000425	-0.000627
472	-0.000518	-0.000404	-0.00057
473	-0.000514	-0.00039	-0.000526
474	-0.000502	-0.000418	-0.000573
475	-0.000491	-0.000445	-0.00062
476	-0.000463	-0.000459	-0.0006
477	-0.000434	-0.000472	-0.000579
478	-0.000456	-0.000465	-0.00055
479	-0.000489	-0.000453	-0.000519
480	-0.000556	-0.000471	-0.000567
481	-0.000637	-0.000503	-0.000651
482	-0.000666	-0.000537	-0.000692
483	-0.000648	-0.000573	-0.000694
484	-0.000615	-0.000579	-0.000685
485	-0.000559	-0.000536	-0.000657
486	-0.000534	-0.000508	-0.000642
487	-0.000604	-0.000525	-0.000669
488	-0.00067	-0.000541	-0.000694
489	-0.000705	-0.000558	-0.000696
490	-0.000741	-0.000575	-0.000698
491	-0.000676	-0.000546	-0.000637
492	-0.000605	-0.000515	-0.000573
493	-0.000636	-0.000541	-0.000611
494	-0.000692	-0.000581	-0.000674
495	-0.000755	-0.000621	-0.000746
496	-0.000822	-0.00066	-0.000822
497	-0.000814	-0.000657	-0.000831
498	-0.000736	-0.000613	-0.000774
499	-0.000693	-0.000608	-0.000758
500	-0.000711	-0.000668	-0.000807
501	-0.000734	-0.000707	-0.000842
502	-0.000775	-0.00068	-0.000829
503	-0.00081	-0.000653	-0.000819
504	-0.00079	-0.000636	-0.000835
505	-0.00077	-0.000618	-0.000851
506	-0.000806	-0.00068	-0.000857
507	-0.000845	-0.000746	-0.000862
508	-0.000897	-0.000788	-0.000907
509	-0.000951	-0.000823	-0.000961
510	-0.000938	-0.000818	-0.000942
511	-0.00089	-0.000793	-0.000885
512	-0.000854	-0.000766	-0.000868
513	-0.000827	-0.000737	-0.000889
514	-0.000829	-0.000723	-0.000905
515	-0.000879	-0.000733	-0.000915
516	-0.000909	-0.000753	-0.000918
517	-0.000878	-0.000804	-0.0009
518	-0.000848	-0.000847	-0.000881
519	-0.000836	-0.000823	-0.000848
520	-0.000824	-0.0008	-0.000815
521	-0.000883	-0.000813	-0.000889
522	-0.000945	-0.000827	-0.000967
523	-0.000983	-0.000852	-0.000985
524	-0.001017	-0.000879	-0.00099
525	-0.001007	-0.000888	-0.000993
526	-0.000978	-0.00089	-0.000994
527	-0.000992	-0.00092	-0.001033
528	-0.001039	-0.000972	-0.001101
529	-0.001067	-0.000986	-0.001118
530	-0.001069	-0.000947	-0.001067
531	-0.001063	-0.000911	-0.001032
532	-0.00104	-0.000884	-0.001036
533	-0.001022	-0.000866	-0.001038
534	-0.00103	-0.000893	-0.001026
535	-0.001036	-0.000918	-0.001013
536	-0.000971	-0.000874	-0.000976
537	-0.000906	-0.000829	-0.00094
538	-0.000915	-0.000807	-0.000964
539	-0.000934	-0.000787	-0.000995
540	-0.00096	-0.000809	-0.000978
541	-0.00099	-0.000845	-0.000946
542	-0.000987	-0.000858	-0.000949
543	-0.000964	-0.00086	-0.000972
544	-0.000949	-0.000836	-0.000959
545	-0.000942	-0.000786	-0.000908
546	-0.000945	-0.000775	-0.000898
547	-0.000966	-0.000827	-0.000955
548	-0.000991	-0.000874	-0.001011
549	-0.001028	-0.000905	-0.00106
550	-0.001067	-0.000938	-0.001106
551	-0.001113	-0.000993	-0.001127
552	-0.001159	-0.001048	-0.001147
553	-0.001211	-0.001059	-0.001206
554	-0.001263	-0.00107	-0.001266
555	-0.001227	-0.001064	-0.001264
556	-0.001178	-0.001055	-0.001251
557	-0.001157	-0.00103	-0.001226
558	-0.001146	-0.000998	-0.001197
559	-0.001146	-0.000995	-0.001181
560	-0.001151	-0.001009	-0.001173
561	-0.001169	-0.001017	-0.001174
562	-0.001199	-0.00102	-0.001183
563	-0.001163	-0.000993	-0.001152
564	-0.001009	-0.000917	-0.001049
565	-0.000893	-0.000852	-0.000966
566	-0.000902	-0.000828	-0.000952
567	-0.000906	-0.000807	-0.000937
568	-0.000876	-0.000801	-0.000909
569	-0.000847	-0.000796	-0.000882
570	-0.000882	-0.000785	-0.000869
571	-0.000918	-0.000773	-0.000856
572	-0.000908	-0.000757	-0.000862
573	-0.000892	-0.000739	-0.000871
574	-0.000873	-0.000761	-0.000867
575	-0.000855	-0.000795	-0.000859
576	-0.000857	-0.000808	-0.000856
577	-0.000871	-0.000808	-0.000857
578	-0.000879	-0.000805	-0.000864
579	-0.000881	-0.0008	-0.000875
580	-0.000895	-0.000809	-0.000896
581	-0.00093	-0.000838	-0.000933
582	-0.000958	-0.000867	-0.000958
583	-0.000973	-0.000898	-0.000953
584	-0.000987	-0.000921	-0.000951
585	-0.001001	-0.000899	-0.000964
586	-0.001013	-0.000878	-0.000978
587	-0.000972	-0.000879	-0.000979
588	-0.000931	-0.00088	-0.000979
589	-0.000957	-0.000852	-0.000962
590	-0.000987	-0.000823	-0.000944
591	-0.000975	-0.00082	-0.00095
592	-0.000954	-0.000824	-0.000962
593	-0.000943	-0.000833	-0.000969
594	-0.000937	-0.000843	-0.000973
595	-0.000918	-0.000851	-0.000967
596	-0.00089	-0.000858	-0.000954
597	-0.00087	-0.00085	-0.000933
598	-0.000858	-0.000824	-0.000902
599	-0.000856	-0.000801	-0.000889
600	-0.000873	-0.000785	-0.000907
601	-0.000887	-0.000786	-0.000927
602	-0.000897	-0.000837	-0.000953
603	-0.000911	-0.000876	-0.00098
604	-0.000956	-0.000853	-0.001007
605	-0.000999	-0.000829	-0.001032
606	-0.001001	-0.000807	-0.001022
607	-0.001003	-0.000785	-0.001013
608	-0.001063	-0.000857	-0.001058
609	-0.001128	-0.000938	-0.001107
610	-0.001112	-0.00092	-0.001078
611	-0.001078	-0.000881	-0.001033
612	-0.001073	-0.000889	-0.001033
613	-0.001078	-0.000915	-0.001051
614	-0.001122	-0.000949	-0.001077
615	-0.00119	-0.000988	-0.001107
616	-0.001199	-0.000996	-0.001109
617	-0.001149	-0.000972	-0.001083
618	-0.001125	-0.000979	-0.001095
619	-0.001141	-0.001031	-0.001164
620	-0.00114	-0.001051	-0.001193
621	-0.001098	-0.000995	-0.001126
622	-0.001069	-0.000957	-0.001083
623	-0.001091	-0.000999	-0.001137
624	-0.001108	-0.001029	-0.001179
625	-0.001072	-0.000939	-0.001103
626	-0.001035	-0.000848	-0.001028
627	-0.001013	-0.000905	-0.001041
628	-0.000992	-0.000964	-0.001055
629	-0.000956	-0.000924	-0.001042
630	-0.000918	-0.000873	-0.001026
631	-0.00094	-0.000876	-0.001009
632	-0.000978	-0.000893	-0.000991
633	-0.001007	-0.000916	-0.001034
634	-0.001033	-0.000941	-0.001104
635	-0.001051	-0.000942	-0.001112
636	-0.001062	-0.000926	-0.00108
637	-0.001097	-0.000934	-0.00108
638	-0.001157	-0.000967	-0.001112
639	-0.001179	-0.001002	-0.001134
640	-0.001147	-0.001038	-0.001142
641	-0.001124	-0.00107	-0.001154
642	-0.00112	-0.001094	-0.001173
643	-0.001135	-0.001117	-0.001208
644	-0.00122	-0.001139	-0.001296
645	-0.001296	-0.00116	-0.001376
646	-0.001304	-0.001177	-0.001402
647	-0.001311	-0.001193	-0.001425
648	-0.001281	-0.001174	-0.001356
649	-0.00125	-0.001156	-0.001288
650	-0.001218	-0.001095	-0.001232
651	-0.001187	-0.001031	-0.001178
652	-0.00119	-0.001027	-0.001148
653	-0.001199	-0.001033	-0.001123
654	-0.001172	-0.001034	-0.001108
655	-0.001133	-0.001034	-0.001096
656	-0.001097	-0.001034	-0.001102
657	-0.001062	-0.001034	-0.001117
658	-0.001073	-0.001032	-0.001152
659	-0.001118	-0.001029	-0.001201
660	-0.00113	-0.001048	-0.001199
661	-0.001111	-0.001091	-0.001147
662	-0.001128	-0.001108	-0.001139
663	-0.001197	-0.00109	-0.001193
664	-0.001233	-0.001087	-0.001217
665	-0.001202	-0.001116	-0.001181
666	-0.001192	-0.001142	-0.001163
667	-0.00125	-0.001156	-0.001204
668	-0.001281	-0.001147	-0.001223
669	-0.00117	-0.00102	-0.001131
670	-0.001071	-0.000913	-0.001057
671	-0.001113	-0.001019	-0.001178
672	-0.001156	-0.001125	-0.0013
673	-0.001231	-0.001069	-0.001286
674	-0.001306	-0.001012	-0.001272
675	-0.001251	-0.001017	-0.001226
676	-0.001185	-0.001028	-0.001177
677	-0.001169	-0.001072	-0.001187
678	-0.001162	-0.001122	-0.001208
679	-0.001201	-0.001151	-0.001239
680	-0.001253	-0.001174	-0.001274
681	-0.001264	-0.001137	-0.001249
682	-0.001256	-0.001073	-0.001195
683	-0.001268	-0.001116	-0.001206
684	-0.001293	-0.001227	-0.001259
685	-0.001276	-0.001254	-0.001269
686	-0.001223	-0.001208	-0.001241
687	-0.001186	-0.001168	-0.001228
688	-0.001171	-0.001134	-0.001233
689	-0.001177	-0.001114	-0.001231
690	-0.001216	-0.001114	-0.001215
691	-0.001247	-0.001144	-0.001232
692	-0.001263	-0.00124	-0.001317
693	-0.00127	-0.001288	-0.001365
694	-0.001252	-0.00119	-0.001295
695	-0.001241	-0.00111	-0.001248
696	-0.001264	-0.001125	-0.001313
697	-0.001288	-0.001143	-0.001368
698	-0.001322	-0.001187	-0.001328
699	-0.001352	-0.001226	-0.001286
700	-0.001281	-0.001126	-0.001191
701	-0.001209	-0.001025	-0.001095
702	-0.001175	-0.00102	-0.001147
703	-0.001142	-0.001018	-0.001204
704	-0.001115	-0.001038	-0.001179
705	-0.00109	-0.00106	-0.001146
706	-0.001129	-0.001047	-0.001142
707	-0.001181	-0.001027	-0.001143
708	-0.001131	-0.000962	-0.001134
709	-0.001049	-0.000883	-0.001123
710	-0.001059	-0.000931	-0.0011
711	-0.001107	-0.001032	-0.001073
712	-0.001121	-0.001031	-0.001069
713	-0.001117	-0.000972	-0.001078
714	-0.001123	-0.000968	-0.001083
715	-0.001136	-0.001002	-0.001085
716	-0.001141	-0.00103	-0.001099
717	-0.00114	-0.001053	-0.001125
718	-0.001151	-0.001048	-0.001126
719	-0.001178	-0.00101	-0.001097
720	-0.001176	-0.000988	-0.001074
[LOG]
CHECKSUMà+