[HEADER]
Format	J&M ASCII Table
Comment	
Date	02/03/2026 18:58:00
Order	Y (evenX)
TechType	UV
NumPoints	411
FirstX	310
LastX	720
XType	nm
YType	Absorbance
ZType	s
NumSubFile	3
Matrix	Z vs X
[LOGIN]
Name=pcbob
[INSTRUMENT]
Name=TIDAS E Base UV/VI
Detector=MMS - ASPEN 97,5 kHz
Diodearray=256 Pixel
Serial#=36584
Calibrated=2011-07-01
Range=183.81-729.88 [nm] (F0)

SWVersion=v3.18.2 (build 0)[LOGIN]
Name=pcbob
[CONFIG]
ChannelName=Channel 1
ChannelType=Normalized
[PARAMETER]
It=400,00
Aver=5
Norm=3
Range=310,0-720,0 nm
Scan=Time
ScanTime=5,00 s
[TRIGGER]
Sweep=0
Scan=0
[DIO]
DigOut=0x0000
DigIn=0x0000
[DATA]
	00:00:00,000	00:00:02,000	00:00:04,000
310	0.001593	0.001639	0.001643
311	0.001576	0.001637	0.001634
312	0.001533	0.001646	0.001624
313	0.001529	0.001658	0.001635
314	0.001577	0.001676	0.001675
315	0.001604	0.001679	0.001695
316	0.001567	0.001638	0.001651
317	0.001534	0.0016	0.001613
318	0.001565	0.001624	0.001647
319	0.001596	0.001647	0.001682
320	0.001623	0.001662	0.001687
321	0.00165	0.001675	0.001688
322	0.00166	0.00168	0.001695
323	0.001662	0.00168	0.001703
324	0.00166	0.001689	0.001703
325	0.001655	0.001704	0.001694
326	0.001639	0.00171	0.001691
327	0.001607	0.001698	0.001698
328	0.001582	0.00169	0.001697
329	0.001591	0.001702	0.001657
330	0.0016	0.001715	0.001618
331	0.001617	0.0017	0.001634
332	0.001634	0.001684	0.00165
333	0.00163	0.001686	0.001666
334	0.001623	0.001691	0.001683
335	0.001632	0.001678	0.001681
336	0.00165	0.001657	0.00167
337	0.001674	0.001682	0.001678
338	0.001703	0.00176	0.001709
339	0.001729	0.001809	0.001731
340	0.00175	0.001792	0.001731
341	0.001763	0.001773	0.001728
342	0.001718	0.001738	0.0017
343	0.001674	0.001704	0.001673
344	0.001706	0.001739	0.001698
345	0.001743	0.001779	0.001727
346	0.00175	0.001797	0.001738
347	0.001748	0.001809	0.001745
348	0.001708	0.001752	0.0017
349	0.001642	0.001649	0.001621
350	0.001594	0.001582	0.001556
351	0.00157	0.001562	0.001512
352	0.001559	0.001559	0.001498
353	0.001583	0.001601	0.001575
354	0.001606	0.00164	0.001647
355	0.001609	0.001627	0.001661
356	0.001612	0.001614	0.001675
357	0.00154	0.001575	0.001619
358	0.00146	0.001533	0.001554
359	0.001503	0.001562	0.00158
360	0.001592	0.001616	0.001639
361	0.001622	0.00163	0.001666
362	0.001608	0.00161	0.001668
363	0.001558	0.001593	0.001637
364	0.001454	0.001577	0.001553
365	0.001378	0.001557	0.001498
366	0.001407	0.00152	0.00155
367	0.001433	0.001484	0.001598
368	0.001396	0.001483	0.001541
369	0.001359	0.001482	0.001484
370	0.001387	0.001494	0.001488
371	0.001425	0.001509	0.001501
372	0.001417	0.001506	0.001493
373	0.001389	0.001494	0.001475
374	0.001363	0.001487	0.001461
375	0.001338	0.001485	0.001451
376	0.001307	0.001456	0.001428
377	0.001266	0.001382	0.001381
378	0.001242	0.001332	0.001346
379	0.00129	0.001382	0.001361
380	0.001335	0.00143	0.001374
381	0.001287	0.001412	0.001349
382	0.001239	0.001393	0.001324
383	0.001264	0.001422	0.001365
384	0.001302	0.001459	0.001418
385	0.001229	0.0014	0.00136
386	0.001107	0.001297	0.001249
387	0.00109	0.001249	0.001209
388	0.001174	0.001254	0.001236
389	0.001204	0.001242	0.001239
390	0.001136	0.001197	0.001202
391	0.001087	0.001171	0.00117
392	0.001126	0.001228	0.001165
393	0.001166	0.001283	0.00116
394	0.001172	0.001225	0.001149
395	0.001179	0.001167	0.001137
396	0.001093	0.001171	0.001131
397	0.00099	0.001188	0.001126
398	0.000971	0.001197	0.001111
399	0.00099	0.001204	0.001092
400	0.000971	0.001185	0.001053
401	0.000913	0.001142	0.000994
402	0.000898	0.001126	0.000974
403	0.000959	0.00116	0.001027
404	0.000995	0.001182	0.001055
405	0.000923	0.001152	0.000972
406	0.000854	0.001122	0.00089
407	0.000908	0.001084	0.000889
408	0.000963	0.001047	0.000888
409	0.001004	0.001095	0.000936
410	0.001042	0.001157	0.000991
411	0.000982	0.001119	0.00092
412	0.000877	0.001035	0.000792
413	0.000784	0.000975	0.000753
414	0.000701	0.000938	0.000794
415	0.000663	0.000902	0.000793
416	0.000705	0.000868	0.000721
417	0.000731	0.000844	0.000663
418	0.000689	0.000864	0.000662
419	0.000649	0.000883	0.00066
420	0.00066	0.000876	0.000658
421	0.000672	0.000869	0.000656
422	0.000625	0.000828	0.000623
423	0.000569	0.000783	0.000587
424	0.000598	0.000797	0.000624
425	0.000659	0.000833	0.000691
426	0.000651	0.000857	0.000701
427	0.000588	0.00087	0.000665
428	0.000535	0.000862	0.000634
429	0.000499	0.000821	0.000609
430	0.000464	0.000777	0.000577
431	0.000435	0.000718	0.00052
432	0.000412	0.000666	0.00047
433	0.000461	0.000701	0.000506
434	0.000509	0.000735	0.000541
435	0.000469	0.000731	0.000489
436	0.00042	0.000722	0.000428
437	0.000409	0.000696	0.000433
438	0.000409	0.000663	0.000458
439	0.000403	0.000653	0.000476
440	0.000394	0.000658	0.000489
441	0.000362	0.000648	0.000484
442	0.0003	0.000618	0.000456
443	0.000257	0.000593	0.000418
444	0.00026	0.000579	0.000357
445	0.000261	0.000565	0.000304
446	0.000242	0.000554	0.000313
447	0.000222	0.000544	0.000321
448	0.000202	0.000504	0.000273
449	0.000182	0.000463	0.000222
450	0.000135	0.000403	0.000175
451	0.000083	0.000338	0.000128
452	0.00005	0.000322	0.000095
453	0.000028	0.00033	0.000069
454	-0.000001	0.000332	0.000039
455	-0.000036	0.000328	0.000005
456	-0.000045	0.00033	-0.000009
457	-0.000006	0.000346	0.000012
458	0.000019	0.000351	0.000032
459	-0.000012	0.000313	0.000048
460	-0.000043	0.000277	0.000064
461	-0.000064	0.000282	0.000088
462	-0.000086	0.000286	0.000111
463	-0.000089	0.000268	0.000069
464	-0.000089	0.000248	0.000018
465	-0.000113	0.000217	0.000003
466	-0.000145	0.000182	0.000001
467	-0.000205	0.000151	-0.000086
468	-0.000285	0.000123	-0.000233
469	-0.00035	0.000095	-0.000304
470	-0.000398	0.000068	-0.000277
471	-0.000444	0.000027	-0.000281
472	-0.000488	-0.000049	-0.000364
473	-0.000533	-0.00011	-0.000433
474	-0.000582	-0.000081	-0.0004
475	-0.000632	-0.000051	-0.000367
476	-0.000619	-0.000083	-0.000403
477	-0.000605	-0.000116	-0.000439
478	-0.000561	-0.000104	-0.00044
479	-0.000512	-0.000083	-0.000433
480	-0.000519	-0.000079	-0.000393
481	-0.000553	-0.000082	-0.000337
482	-0.00055	-0.000073	-0.000313
483	-0.000514	-0.000054	-0.000316
484	-0.000469	-0.000047	-0.000313
485	-0.00041	-0.00006	-0.000303
486	-0.000366	-0.000066	-0.000296
487	-0.00037	-0.000048	-0.000298
488	-0.00038	-0.000035	-0.000306
489	-0.000455	-0.000063	-0.000364
490	-0.00053	-0.000092	-0.000422
491	-0.000599	-0.000167	-0.000486
492	-0.000668	-0.000243	-0.00055
493	-0.000699	-0.000227	-0.000592
494	-0.000722	-0.000188	-0.000628
495	-0.00072	-0.000227	-0.000641
496	-0.000705	-0.000308	-0.000644
497	-0.000748	-0.000383	-0.000688
498	-0.000846	-0.000454	-0.00077
499	-0.000896	-0.000477	-0.0008
500	-0.000867	-0.000416	-0.000738
501	-0.000845	-0.000369	-0.000687
502	-0.000852	-0.000366	-0.000672
503	-0.00086	-0.000368	-0.000663
504	-0.000879	-0.000419	-0.000719
505	-0.000898	-0.000471	-0.000775
506	-0.000943	-0.000519	-0.000841
507	-0.00099	-0.000566	-0.000908
508	-0.001012	-0.000586	-0.000898
509	-0.001027	-0.000598	-0.000871
510	-0.001031	-0.000594	-0.000891
511	-0.001028	-0.000582	-0.000935
512	-0.001049	-0.000606	-0.000966
513	-0.00109	-0.000663	-0.000986
514	-0.001099	-0.000679	-0.000993
515	-0.001056	-0.00063	-0.000979
516	-0.00103	-0.00061	-0.000965
517	-0.001058	-0.000678	-0.000952
518	-0.001085	-0.000736	-0.000945
519	-0.00111	-0.000709	-0.000982
520	-0.001136	-0.000683	-0.00102
521	-0.001208	-0.000742	-0.001065
522	-0.001282	-0.000804	-0.00111
523	-0.001255	-0.000741	-0.001091
524	-0.001209	-0.000652	-0.001059
525	-0.001204	-0.000685	-0.001078
526	-0.001217	-0.00077	-0.001119
527	-0.001215	-0.000799	-0.001131
528	-0.001201	-0.000784	-0.00112
529	-0.001191	-0.000758	-0.001098
530	-0.001186	-0.000715	-0.001061
531	-0.001197	-0.000704	-0.001055
532	-0.001247	-0.00077	-0.001125
533	-0.001287	-0.000822	-0.001181
534	-0.001265	-0.000804	-0.001162
535	-0.001245	-0.000788	-0.001145
536	-0.001267	-0.000806	-0.001161
537	-0.001288	-0.000824	-0.001176
538	-0.00129	-0.000843	-0.001195
539	-0.001289	-0.000862	-0.001215
540	-0.001292	-0.000855	-0.001223
541	-0.001295	-0.000841	-0.001227
542	-0.001278	-0.000833	-0.00119
543	-0.001249	-0.000828	-0.001128
544	-0.001248	-0.000833	-0.001147
545	-0.001276	-0.000848	-0.001247
546	-0.001279	-0.000847	-0.001283
547	-0.001241	-0.00082	-0.001211
548	-0.001227	-0.000808	-0.001169
549	-0.001292	-0.000842	-0.001222
550	-0.001344	-0.000869	-0.001265
551	-0.001307	-0.000847	-0.001238
552	-0.001269	-0.000824	-0.001211
553	-0.001297	-0.000789	-0.001199
554	-0.001325	-0.000754	-0.001188
555	-0.001295	-0.000758	-0.001165
556	-0.001256	-0.000769	-0.00114
557	-0.001253	-0.000796	-0.001157
558	-0.001262	-0.000828	-0.00119
559	-0.001288	-0.000862	-0.001221
560	-0.001325	-0.000898	-0.001252
561	-0.001344	-0.000924	-0.001265
562	-0.001342	-0.00094	-0.001261
563	-0.001337	-0.000946	-0.001247
564	-0.001326	-0.000937	-0.001217
565	-0.001315	-0.000919	-0.001187
566	-0.001305	-0.000876	-0.001156
567	-0.001288	-0.000834	-0.001125
568	-0.001217	-0.000811	-0.001097
569	-0.001146	-0.000789	-0.001069
570	-0.001119	-0.000795	-0.001035
571	-0.001092	-0.000802	-0.001001
572	-0.001039	-0.000739	-0.000936
573	-0.000982	-0.000665	-0.000865
574	-0.000967	-0.000616	-0.000856
575	-0.000965	-0.000574	-0.000867
576	-0.000916	-0.000545	-0.000828
577	-0.00084	-0.000523	-0.00076
578	-0.000807	-0.000513	-0.000724
579	-0.000816	-0.000515	-0.000718
580	-0.000816	-0.000507	-0.000713
581	-0.000802	-0.000487	-0.000709
582	-0.000802	-0.000472	-0.000719
583	-0.000839	-0.000471	-0.000766
584	-0.000866	-0.00047	-0.000806
585	-0.00085	-0.00047	-0.000806
586	-0.000838	-0.000474	-0.000809
587	-0.000945	-0.000568	-0.000873
588	-0.001051	-0.000662	-0.000938
589	-0.001117	-0.000723	-0.001013
590	-0.001179	-0.000781	-0.001089
591	-0.001197	-0.000794	-0.001083
592	-0.001205	-0.000798	-0.001057
593	-0.001186	-0.000786	-0.001045
594	-0.001156	-0.000767	-0.001039
595	-0.001163	-0.000783	-0.001069
596	-0.001197	-0.000824	-0.001124
597	-0.001202	-0.000846	-0.00113
598	-0.001175	-0.000847	-0.001084
599	-0.001173	-0.000856	-0.001068
600	-0.001217	-0.000879	-0.001106
601	-0.001249	-0.000894	-0.00113
602	-0.001247	-0.000885	-0.001115
603	-0.001245	-0.000877	-0.001105
604	-0.001247	-0.000872	-0.001134
605	-0.001248	-0.000866	-0.001159
606	-0.001208	-0.00083	-0.001099
607	-0.001168	-0.000794	-0.001038
608	-0.001183	-0.00084	-0.00108
609	-0.001202	-0.000893	-0.001131
610	-0.00121	-0.000909	-0.001144
611	-0.001215	-0.000918	-0.00115
612	-0.001236	-0.000893	-0.001151
613	-0.001263	-0.000856	-0.00115
614	-0.001255	-0.000864	-0.001159
615	-0.001225	-0.000901	-0.001174
616	-0.001224	-0.000927	-0.001181
617	-0.00125	-0.000941	-0.00118
618	-0.001294	-0.000971	-0.0012
619	-0.001364	-0.001025	-0.00125
620	-0.001415	-0.001064	-0.001285
621	-0.00142	-0.001069	-0.001281
622	-0.001427	-0.001071	-0.001288
623	-0.00144	-0.001058	-0.001339
624	-0.001457	-0.001051	-0.001391
625	-0.001494	-0.001106	-0.001448
626	-0.001531	-0.001162	-0.001504
627	-0.001524	-0.001161	-0.001478
628	-0.001516	-0.00116	-0.001451
629	-0.001518	-0.0012	-0.001481
630	-0.001522	-0.001245	-0.001519
631	-0.001567	-0.001239	-0.001523
632	-0.001624	-0.00122	-0.001518
633	-0.001589	-0.001193	-0.001479
634	-0.001515	-0.001162	-0.001426
635	-0.001488	-0.001157	-0.001396
636	-0.001494	-0.001167	-0.001382
637	-0.001513	-0.001157	-0.001389
638	-0.001548	-0.001128	-0.001416
639	-0.001542	-0.001107	-0.001409
640	-0.001479	-0.001097	-0.001353
641	-0.001424	-0.001074	-0.001302
642	-0.001388	-0.001022	-0.001263
643	-0.001375	-0.000993	-0.001253
644	-0.001445	-0.001045	-0.001351
645	-0.001507	-0.001094	-0.001435
646	-0.001511	-0.001118	-0.001414
647	-0.001516	-0.00114	-0.001395
648	-0.001527	-0.001126	-0.001395
649	-0.001538	-0.001113	-0.001395
650	-0.001421	-0.001013	-0.0013
651	-0.001296	-0.000909	-0.001199
652	-0.001173	-0.000832	-0.001107
653	-0.001051	-0.00076	-0.001016
654	-0.000998	-0.000734	-0.000958
655	-0.000967	-0.000723	-0.00091
656	-0.00097	-0.000703	-0.000869
657	-0.000989	-0.000679	-0.000831
658	-0.001036	-0.000693	-0.000894
659	-0.001101	-0.000733	-0.001028
660	-0.001197	-0.000838	-0.00114
661	-0.001323	-0.001009	-0.001229
662	-0.001414	-0.001118	-0.001313
663	-0.001455	-0.001141	-0.001389
664	-0.001498	-0.00117	-0.001453
665	-0.001548	-0.001212	-0.001492
666	-0.001595	-0.00124	-0.001523
667	-0.001631	-0.001226	-0.001529
668	-0.001667	-0.001223	-0.001543
669	-0.001695	-0.001279	-0.00159
670	-0.001724	-0.00133	-0.001634
671	-0.001761	-0.001329	-0.001644
672	-0.001799	-0.001328	-0.001654
673	-0.001747	-0.001307	-0.001569
674	-0.001694	-0.001285	-0.001483
675	-0.001685	-0.001269	-0.001564
676	-0.00168	-0.001252	-0.001659
677	-0.001688	-0.001263	-0.001623
678	-0.001698	-0.00128	-0.001562
679	-0.001704	-0.001287	-0.001582
680	-0.00171	-0.001292	-0.001628
681	-0.001693	-0.001313	-0.001655
682	-0.001665	-0.001341	-0.001674
683	-0.001689	-0.001348	-0.001676
684	-0.001746	-0.001343	-0.001669
685	-0.001727	-0.001305	-0.001658
686	-0.001643	-0.001237	-0.001643
687	-0.001618	-0.001243	-0.001631
688	-0.001663	-0.001334	-0.001625
689	-0.001668	-0.001349	-0.001621
690	-0.001609	-0.001242	-0.001622
691	-0.001565	-0.001162	-0.0016
692	-0.001552	-0.001141	-0.001527
693	-0.00156	-0.001147	-0.0015
694	-0.001632	-0.001239	-0.001617
695	-0.00169	-0.001309	-0.001704
696	-0.001682	-0.001271	-0.001648
697	-0.001682	-0.001247	-0.001606
698	-0.00176	-0.001342	-0.001683
699	-0.00183	-0.001431	-0.001754
700	-0.001697	-0.001326	-0.001626
701	-0.001564	-0.001222	-0.001498
702	-0.001633	-0.001261	-0.001541
703	-0.00171	-0.001305	-0.001591
704	-0.001728	-0.00131	-0.001638
705	-0.00174	-0.001311	-0.001685
706	-0.001697	-0.001333	-0.001663
707	-0.001643	-0.001359	-0.001628
708	-0.001636	-0.001306	-0.001617
709	-0.001643	-0.00123	-0.001613
710	-0.001638	-0.001239	-0.001613
711	-0.001628	-0.001285	-0.001613
712	-0.001663	-0.001308	-0.001622
713	-0.001723	-0.001317	-0.001636
714	-0.001724	-0.001315	-0.001627
715	-0.001682	-0.001305	-0.001601
716	-0.001678	-0.001295	-0.001605
717	-0.001707	-0.001286	-0.001637
718	-0.001711	-0.001263	-0.001633
719	-0.001686	-0.001224	-0.001588
720	-0.001645	-0.001179	-0.00151
[LOG]
CHECKSUMG[