[HEADER]
Format	J&M ASCII Table
Comment	
Date	02/03/2026 18:56:08
Order	Y (evenX)
TechType	UV
NumPoints	411
FirstX	310
LastX	720
XType	nm
YType	Absorbance
ZType	s
NumSubFile	3
Matrix	Z vs X
[LOGIN]
Name=pcbob
[INSTRUMENT]
Name=TIDAS E Base UV/VI
Detector=MMS - ASPEN 97,5 kHz
Diodearray=256 Pixel
Serial#=36584
Calibrated=2011-07-01
Range=183.81-729.88 [nm] (F0)

SWVersion=v3.18.2 (build 0)[LOGIN]
Name=pcbob
[CONFIG]
ChannelName=Channel 1
ChannelType=Normalized
[PARAMETER]
It=400,00
Aver=5
Norm=3
Range=310,0-720,0 nm
Scan=Time
ScanTime=5,00 s
[TRIGGER]
Sweep=0
Scan=0
[DIO]
DigOut=0x0000
DigIn=0x0000
[DATA]
	00:00:00,000	00:00:02,000	00:00:04,000
310	0.001568	0.001639	0.001667
311	0.001573	0.00164	0.00167
312	0.001575	0.001626	0.001647
313	0.001594	0.001621	0.001647
314	0.001633	0.001626	0.001679
315	0.001655	0.001635	0.001693
316	0.001621	0.001654	0.001652
317	0.00159	0.001672	0.001615
318	0.001601	0.001666	0.001656
319	0.001612	0.00166	0.001698
320	0.001637	0.001711	0.001747
321	0.001664	0.001769	0.001797
322	0.00168	0.001765	0.001781
323	0.001692	0.001735	0.001737
324	0.001692	0.001737	0.001739
325	0.001681	0.001767	0.00178
326	0.001678	0.001787	0.001798
327	0.001691	0.001791	0.001773
328	0.001704	0.001791	0.001752
329	0.001725	0.001772	0.001747
330	0.001745	0.001754	0.001742
331	0.001751	0.001785	0.001751
332	0.001757	0.001816	0.00176
333	0.001782	0.001832	0.001807
334	0.00181	0.001843	0.001863
335	0.001789	0.00185	0.001867
336	0.001741	0.001854	0.001843
337	0.001754	0.001874	0.00186
338	0.001836	0.001911	0.001921
339	0.001886	0.001932	0.001963
340	0.001861	0.001916	0.00196
341	0.001839	0.001903	0.001954
342	0.001832	0.001905	0.001929
343	0.001825	0.001908	0.001905
344	0.001837	0.001933	0.001871
345	0.001849	0.00196	0.001837
346	0.00186	0.001954	0.001867
347	0.001871	0.001938	0.001916
348	0.001855	0.001896	0.001887
349	0.001821	0.001836	0.001806
350	0.001779	0.001798	0.00176
351	0.001725	0.001787	0.001762
352	0.001686	0.001782	0.001774
353	0.001691	0.001796	0.001816
354	0.001697	0.001811	0.001854
355	0.001718	0.001832	0.001859
356	0.001739	0.001853	0.001865
357	0.001722	0.001796	0.001843
358	0.0017	0.001731	0.001819
359	0.001738	0.001781	0.001853
360	0.001798	0.001872	0.001907
361	0.001821	0.001878	0.001918
362	0.001815	0.001816	0.001893
363	0.001789	0.001771	0.001865
364	0.00173	0.001751	0.001831
365	0.001678	0.001731	0.001804
366	0.001647	0.001714	0.001802
367	0.001617	0.001698	0.001801
368	0.001596	0.001695	0.001797
369	0.001576	0.001692	0.001793
370	0.001614	0.001693	0.001766
371	0.00166	0.001695	0.001735
372	0.001681	0.001704	0.001684
373	0.00169	0.001715	0.001624
374	0.001681	0.001714	0.001624
375	0.001656	0.001703	0.001679
376	0.001634	0.001685	0.001707
377	0.001616	0.001656	0.001689
378	0.001604	0.00164	0.001677
379	0.001614	0.001684	0.001694
380	0.001623	0.001726	0.00171
381	0.001578	0.001693	0.001706
382	0.001533	0.001659	0.001703
383	0.001553	0.001667	0.001705
384	0.001583	0.001683	0.001709
385	0.001541	0.001636	0.001674
386	0.001465	0.001562	0.001621
387	0.00144	0.001536	0.001584
388	0.001465	0.001555	0.001562
389	0.001472	0.001551	0.001533
390	0.00145	0.001505	0.001488
391	0.001434	0.001471	0.001457
392	0.001448	0.00149	0.001489
393	0.001461	0.00151	0.00152
394	0.001429	0.001494	0.0015
395	0.001397	0.001478	0.001479
396	0.001381	0.001466	0.001453
397	0.001369	0.001455	0.001425
398	0.001349	0.001417	0.001442
399	0.001326	0.001368	0.00148
400	0.001327	0.001351	0.001454
401	0.001353	0.001366	0.00137
402	0.001371	0.001379	0.001341
403	0.001372	0.001386	0.001414
404	0.001372	0.001381	0.001464
405	0.001363	0.00132	0.001412
406	0.001353	0.001262	0.001361
407	0.001268	0.001329	0.001337
408	0.001182	0.001397	0.001314
409	0.001221	0.001395	0.001322
410	0.001281	0.001381	0.001334
411	0.001252	0.001327	0.001284
412	0.001182	0.001254	0.001206
413	0.001114	0.001214	0.001186
414	0.001047	0.001202	0.001218
415	0.001015	0.001182	0.001234
416	0.001044	0.001147	0.001219
417	0.001069	0.001129	0.001205
418	0.001075	0.00118	0.001195
419	0.001081	0.001228	0.001186
420	0.001084	0.001186	0.001192
421	0.001086	0.001145	0.001198
422	0.001033	0.00109	0.001141
423	0.000971	0.001033	0.001075
424	0.000979	0.001064	0.001096
425	0.001014	0.00113	0.001152
426	0.001021	0.001186	0.001181
427	0.001004	0.001233	0.001189
428	0.001015	0.001229	0.001196
429	0.001069	0.001146	0.0012
430	0.001091	0.001075	0.001194
431	0.001007	0.001041	0.001156
432	0.000929	0.001012	0.001121
433	0.000928	0.001052	0.001129
434	0.000927	0.001091	0.001136
435	0.000902	0.001066	0.001049
436	0.000875	0.001035	0.000953
437	0.000906	0.001039	0.000975
438	0.000956	0.001053	0.001035
439	0.000962	0.001045	0.001049
440	0.000941	0.001021	0.001032
441	0.000928	0.001	0.001026
442	0.000926	0.000983	0.001036
443	0.000917	0.000962	0.00104
444	0.000884	0.000931	0.001031
445	0.000854	0.000904	0.001019
446	0.000832	0.0009	0.000987
447	0.00081	0.000896	0.000954
448	0.000797	0.000878	0.000897
449	0.000784	0.000859	0.00084
450	0.000715	0.000809	0.000835
451	0.000634	0.000751	0.000842
452	0.00059	0.000723	0.000799
453	0.000566	0.000711	0.00073
454	0.000539	0.000698	0.000689
455	0.000509	0.000687	0.000675
456	0.000508	0.000677	0.000673
457	0.000562	0.000669	0.000693
458	0.000604	0.000673	0.000719
459	0.0006	0.000721	0.00077
460	0.000596	0.000766	0.000817
461	0.000589	0.000713	0.000782
462	0.000583	0.00066	0.000747
463	0.000603	0.000658	0.000745
464	0.000627	0.000662	0.000748
465	0.000584	0.00066	0.000716
466	0.000516	0.000657	0.000673
467	0.00046	0.000599	0.00062
468	0.000413	0.000502	0.00056
469	0.000392	0.000454	0.000523
470	0.000407	0.000473	0.000515
471	0.000388	0.000461	0.000486
472	0.000284	0.000374	0.000402
473	0.000197	0.000301	0.000327
474	0.000224	0.000319	0.000319
475	0.000251	0.000336	0.000312
476	0.000204	0.000354	0.000308
477	0.000155	0.000372	0.000305
478	0.000159	0.000353	0.000314
479	0.000173	0.000327	0.000326
480	0.000241	0.000358	0.000392
481	0.000333	0.000415	0.000483
482	0.000346	0.000418	0.000497
483	0.000288	0.000376	0.000446
484	0.000269	0.000354	0.000416
485	0.000309	0.000366	0.00042
486	0.000331	0.000368	0.000424
487	0.000298	0.00034	0.000426
488	0.000262	0.000315	0.000422
489	0.000197	0.000323	0.000364
490	0.000132	0.000331	0.000305
491	0.000101	0.000258	0.000294
492	0.000073	0.00018	0.000286
493	0.000026	0.000147	0.000251
494	-0.000025	0.000124	0.00021
495	-0.000046	0.00012	0.000178
496	-0.000051	0.000125	0.000152
497	-0.000074	0.000073	0.0001
498	-0.000113	-0.000034	0.000026
499	-0.000139	-0.000085	0.000003
500	-0.000141	-0.000043	0.000067
501	-0.000142	-0.000003	0.000127
502	-0.000142	0.000032	0.000173
503	-0.00014	0.000061	0.00021
504	-0.00011	0.000031	0.000141
505	-0.000081	0.000002	0.000072
506	-0.000109	-0.000035	0.000008
507	-0.00014	-0.000071	-0.000056
508	-0.000183	-0.0001	-0.000062
509	-0.000229	-0.000126	-0.000054
510	-0.00025	-0.000117	-0.00008
511	-0.000258	-0.00009	-0.000123
512	-0.000278	-0.000098	-0.000167
513	-0.000308	-0.000138	-0.000212
514	-0.000319	-0.000162	-0.000205
515	-0.000299	-0.000159	-0.000114
516	-0.000294	-0.00018	-0.000062
517	-0.000337	-0.000275	-0.000128
518	-0.00037	-0.000352	-0.000181
519	-0.000325	-0.000281	-0.000124
520	-0.00028	-0.00021	-0.000068
521	-0.000354	-0.000219	-0.000144
522	-0.000432	-0.000231	-0.000224
523	-0.000427	-0.000199	-0.00019
524	-0.000405	-0.000159	-0.000133
525	-0.000432	-0.000194	-0.000167
526	-0.00048	-0.000261	-0.000239
527	-0.000489	-0.000278	-0.000275
528	-0.000466	-0.000256	-0.000284
529	-0.00045	-0.000255	-0.000291
530	-0.000443	-0.000282	-0.000297
531	-0.000452	-0.000319	-0.000301
532	-0.000496	-0.000383	-0.000301
533	-0.00053	-0.000434	-0.0003
534	-0.000506	-0.000417	-0.000296
535	-0.000482	-0.000401	-0.000291
536	-0.000469	-0.000409	-0.000298
537	-0.000457	-0.000417	-0.000305
538	-0.000487	-0.000403	-0.000332
539	-0.000522	-0.000386	-0.000362
540	-0.000554	-0.00039	-0.000379
541	-0.000585	-0.000399	-0.000393
542	-0.00057	-0.000395	-0.00037
543	-0.000528	-0.000383	-0.000325
544	-0.000513	-0.000383	-0.000311
545	-0.000525	-0.000395	-0.00033
546	-0.000534	-0.0004	-0.000343
547	-0.000536	-0.000393	-0.000349
548	-0.000552	-0.000386	-0.000361
549	-0.000609	-0.000381	-0.000394
550	-0.000653	-0.000378	-0.000419
551	-0.000591	-0.000391	-0.000383
552	-0.00053	-0.000404	-0.000346
553	-0.000519	-0.000418	-0.00037
554	-0.000509	-0.000432	-0.000394
555	-0.00051	-0.00039	-0.000393
556	-0.000514	-0.000339	-0.000388
557	-0.00052	-0.000366	-0.000382
558	-0.000526	-0.000421	-0.000377
559	-0.000539	-0.000426	-0.000347
560	-0.000556	-0.0004	-0.000302
561	-0.000567	-0.000406	-0.000291
562	-0.000573	-0.000446	-0.000316
563	-0.000569	-0.00047	-0.000343
564	-0.000547	-0.000465	-0.000373
565	-0.000535	-0.000449	-0.000391
566	-0.000553	-0.000395	-0.000369
567	-0.000565	-0.000348	-0.000352
568	-0.000527	-0.000364	-0.000369
569	-0.000489	-0.00038	-0.000386
570	-0.000442	-0.000355	-0.000332
571	-0.000396	-0.000331	-0.000278
572	-0.000384	-0.000284	-0.000241
573	-0.000377	-0.000234	-0.000207
574	-0.000351	-0.000192	-0.000204
575	-0.000319	-0.000152	-0.000212
576	-0.000268	-0.000128	-0.00018
577	-0.000205	-0.000111	-0.000125
578	-0.000186	-0.000087	-0.000095
579	-0.000208	-0.000054	-0.000087
580	-0.000226	-0.000048	-0.000079
581	-0.000239	-0.000083	-0.000071
582	-0.000248	-0.000117	-0.000073
583	-0.000249	-0.000147	-0.000101
584	-0.00025	-0.000169	-0.000126
585	-0.000249	-0.000153	-0.000129
586	-0.000252	-0.000142	-0.000137
587	-0.000333	-0.000221	-0.000228
588	-0.000413	-0.000299	-0.000319
589	-0.000479	-0.000369	-0.000373
590	-0.000544	-0.000437	-0.000425
591	-0.000518	-0.000425	-0.000387
592	-0.000471	-0.000394	-0.00033
593	-0.000469	-0.000354	-0.000315
594	-0.000487	-0.00031	-0.000317
595	-0.000497	-0.000339	-0.000354
596	-0.000502	-0.000419	-0.000415
597	-0.000506	-0.000449	-0.00042
598	-0.000512	-0.000423	-0.000363
599	-0.00053	-0.000406	-0.000342
600	-0.000572	-0.000404	-0.000383
601	-0.0006	-0.000413	-0.000417
602	-0.00059	-0.000453	-0.000428
603	-0.000579	-0.000486	-0.00044
604	-0.000563	-0.000478	-0.00046
605	-0.000547	-0.00047	-0.000478
606	-0.000552	-0.000442	-0.000438
607	-0.000558	-0.000414	-0.000397
608	-0.000543	-0.00042	-0.000409
609	-0.000526	-0.000429	-0.000424
610	-0.000521	-0.000467	-0.000417
611	-0.000517	-0.000512	-0.000405
612	-0.000565	-0.000526	-0.000452
613	-0.000633	-0.000528	-0.000524
614	-0.000633	-0.000524	-0.000525
615	-0.000588	-0.000517	-0.000482
616	-0.00057	-0.000521	-0.000482
617	-0.000577	-0.000537	-0.000525
618	-0.000607	-0.000564	-0.000559
619	-0.00067	-0.000607	-0.000579
620	-0.000711	-0.000653	-0.000599
621	-0.000698	-0.000708	-0.000617
622	-0.000701	-0.000753	-0.000634
623	-0.000776	-0.000757	-0.000641
624	-0.000848	-0.000763	-0.000651
625	-0.000897	-0.000782	-0.000676
626	-0.000947	-0.000801	-0.000701
627	-0.000902	-0.000724	-0.000735
628	-0.000856	-0.000646	-0.000768
629	-0.00085	-0.000724	-0.000744
630	-0.000849	-0.000821	-0.000713
631	-0.000877	-0.000836	-0.000757
632	-0.000912	-0.000829	-0.000821
633	-0.000927	-0.000808	-0.00083
634	-0.000932	-0.00078	-0.000817
635	-0.000923	-0.000758	-0.000778
636	-0.000905	-0.00074	-0.000724
637	-0.000878	-0.000708	-0.00069
638	-0.000841	-0.000662	-0.000678
639	-0.000823	-0.000646	-0.000672
640	-0.00083	-0.000673	-0.000675
641	-0.000814	-0.000678	-0.00066
642	-0.000747	-0.000633	-0.000602
643	-0.000701	-0.000603	-0.000568
644	-0.000734	-0.000624	-0.00062
645	-0.000764	-0.000644	-0.000667
646	-0.000774	-0.000654	-0.000677
647	-0.000784	-0.000664	-0.000685
648	-0.000779	-0.000674	-0.00063
649	-0.000775	-0.000684	-0.000575
650	-0.000759	-0.00062	-0.000586
651	-0.000742	-0.000552	-0.000601
652	-0.000611	-0.000453	-0.00049
653	-0.000459	-0.000348	-0.000358
654	-0.000407	-0.000335	-0.000296
655	-0.000386	-0.000349	-0.000254
656	-0.000378	-0.000341	-0.000258
657	-0.000377	-0.000323	-0.000283
658	-0.000417	-0.00036	-0.000341
659	-0.000486	-0.000437	-0.000423
660	-0.000571	-0.000508	-0.000506
661	-0.00067	-0.000574	-0.000589
662	-0.000753	-0.000645	-0.000642
663	-0.000813	-0.000725	-0.000654
664	-0.000871	-0.000798	-0.000684
665	-0.000925	-0.000856	-0.000751
666	-0.000956	-0.000893	-0.000797
667	-0.000922	-0.000862	-0.000783
668	-0.000897	-0.000841	-0.000775
669	-0.000921	-0.000868	-0.000798
670	-0.000948	-0.000893	-0.000824
671	-0.001006	-0.0009	-0.000874
672	-0.001064	-0.000908	-0.000924
673	-0.001009	-0.000888	-0.000891
674	-0.000955	-0.000868	-0.000859
675	-0.000953	-0.000853	-0.000838
676	-0.000955	-0.000838	-0.000817
677	-0.00099	-0.000903	-0.00085
678	-0.001031	-0.000984	-0.000893
679	-0.001023	-0.000939	-0.000901
680	-0.000999	-0.000854	-0.000897
681	-0.001003	-0.000849	-0.000871
682	-0.001021	-0.000882	-0.000834
683	-0.001044	-0.000905	-0.000818
684	-0.001072	-0.000922	-0.000814
685	-0.001077	-0.000902	-0.000806
686	-0.001064	-0.000849	-0.000795
687	-0.001042	-0.000825	-0.000802
688	-0.001011	-0.000835	-0.000833
689	-0.000974	-0.000846	-0.000863
690	-0.00093	-0.000858	-0.000894
691	-0.000886	-0.00085	-0.000898
692	-0.000846	-0.000796	-0.000845
693	-0.000831	-0.000775	-0.000825
694	-0.000896	-0.000856	-0.000911
695	-0.000948	-0.000919	-0.00098
696	-0.000936	-0.000897	-0.000963
697	-0.000937	-0.000881	-0.000952
698	-0.001044	-0.000928	-0.000996
699	-0.001145	-0.000971	-0.001036
700	-0.001013	-0.000906	-0.000931
701	-0.000882	-0.000841	-0.000826
702	-0.000932	-0.000904	-0.000895
703	-0.000989	-0.000971	-0.000971
704	-0.000991	-0.000977	-0.000921
705	-0.000986	-0.000975	-0.000858
706	-0.000989	-0.000937	-0.000873
707	-0.000992	-0.000893	-0.000903
708	-0.000976	-0.000875	-0.000876
709	-0.000953	-0.000865	-0.000831
710	-0.000962	-0.000904	-0.000857
711	-0.000986	-0.000962	-0.000913
712	-0.001002	-0.000978	-0.000926
713	-0.001013	-0.000971	-0.000916
714	-0.001013	-0.000946	-0.000885
715	-0.001004	-0.000909	-0.00084
716	-0.001001	-0.000887	-0.000817
717	-0.001004	-0.000878	-0.000817
718	-0.001004	-0.000884	-0.000832
719	-0.000999	-0.000907	-0.000865
720	-0.000986	-0.000891	-0.000863
[LOG]
CHECKSUM)Ë