[HEADER]
Format	J&M ASCII Table
Comment	
Date	02/03/2026 19:20:42
Order	Y (evenX)
TechType	UV
NumPoints	411
FirstX	310
LastX	720
XType	nm
YType	Absorbance
ZType	s
NumSubFile	3
Matrix	Z vs X
[LOGIN]
Name=pcbob
[INSTRUMENT]
Name=TIDAS E Base UV/VI
Detector=MMS - ASPEN 97,5 kHz
Diodearray=256 Pixel
Serial#=36584
Calibrated=2011-07-01
Range=183.81-729.88 [nm] (F0)

SWVersion=v3.18.2 (build 0)[LOGIN]
Name=pcbob
[CONFIG]
ChannelName=Channel 1
ChannelType=Normalized
[PARAMETER]
It=400,00
Aver=5
Norm=3
Range=310,0-720,0 nm
Scan=Time
ScanTime=5,00 s
[TRIGGER]
Sweep=0
Scan=0
[DIO]
DigOut=0x0000
DigIn=0x0000
[DATA]
	00:00:00,000	00:00:02,000	00:00:04,000
310	0.000035	0.000118	0.000112
311	0.000058	0.000123	0.000131
312	0.000099	0.000118	0.00014
313	0.000092	0.0001	0.000141
314	0.000018	0.000062	0.000131
315	-0.000027	0.000044	0.000127
316	0.000019	0.000089	0.000142
317	0.000062	0.00013	0.000153
318	0.000055	0.0001	0.000099
319	0.000049	0.00007	0.000045
320	0.000025	0.000037	0.000048
321	-0.000002	0.000003	0.000058
322	-0.000015	0.000005	0.000046
323	-0.000023	0.000021	0.000024
324	-0.000006	0.000048	0.000038
325	0.000032	0.000084	0.000084
326	0.000046	0.000096	0.000101
327	0.000016	0.000063	0.000068
328	-0.000001	0.000035	0.000045
329	0.000043	0.000031	0.00007
330	0.000086	0.000027	0.000095
331	0.000055	0.000044	0.000089
332	0.000025	0.000061	0.000084
333	0.000024	0.000033	0.000066
334	0.000029	-0.000004	0.000045
335	0.000006	0.000017	0.000032
336	-0.000032	0.000069	0.000023
337	-0.000054	0.00007	0.000016
338	-0.00006	0.000015	0.000011
339	-0.000039	-0.000003	0.000031
340	0.000044	0.000065	0.000108
341	0.00011	0.000119	0.000171
342	0.000052	0.000063	0.000135
343	-0.000006	0.000007	0.000099
344	0.000035	0.000058	0.000118
345	0.000081	0.000115	0.000141
346	0.00004	0.000101	0.000111
347	-0.000025	0.000066	0.000065
348	-0.000064	0.000039	0.000056
349	-0.000085	0.000017	0.000069
350	-0.00006	0.000024	0.000085
351	0.000025	0.000069	0.000104
352	0.00009	0.000107	0.000124
353	0.000095	0.000124	0.00015
354	0.000095	0.000139	0.000174
355	0.000043	0.000139	0.000181
356	-0.00001	0.000139	0.000188
357	0.000055	0.000141	0.000192
358	0.000132	0.000142	0.000196
359	0.000108	0.000131	0.000172
360	0.000046	0.000114	0.000137
361	0.000027	0.000094	0.000123
362	0.00004	0.000071	0.000126
363	0.000069	0.000092	0.000147
364	0.000126	0.000182	0.000196
365	0.000153	0.000237	0.000226
366	0.00007	0.000162	0.000184
367	-0.000008	0.00009	0.000144
368	0.000019	0.000091	0.000161
369	0.000045	0.000092	0.000178
370	0.000083	0.00016	0.000165
371	0.000123	0.000237	0.000148
372	0.000136	0.000214	0.000151
373	0.000137	0.000147	0.000163
374	0.000129	0.000103	0.000138
375	0.000113	0.000079	0.000083
376	0.000127	0.000095	0.000094
377	0.000196	0.000181	0.000223
378	0.000244	0.000249	0.000322
379	0.00021	0.000236	0.000294
380	0.000176	0.000223	0.000267
381	0.000176	0.000201	0.000294
382	0.000176	0.000179	0.000322
383	0.000151	0.00018	0.000286
384	0.000122	0.000184	0.00024
385	0.000142	0.000205	0.000234
386	0.000184	0.000233	0.000246
387	0.000194	0.000234	0.000246
388	0.000174	0.00021	0.000235
389	0.000156	0.000187	0.000227
390	0.000143	0.000166	0.000223
391	0.000151	0.000165	0.000237
392	0.000252	0.000258	0.000329
393	0.000349	0.000349	0.000419
394	0.000257	0.000236	0.000321
395	0.000165	0.000123	0.000222
396	0.0002	0.000182	0.00027
397	0.000258	0.000271	0.000344
398	0.000229	0.000257	0.000327
399	0.000159	0.000196	0.000267
400	0.00013	0.00016	0.00027
401	0.00014	0.000148	0.000332
402	0.000171	0.000166	0.000364
403	0.000241	0.000238	0.000341
404	0.000283	0.000293	0.000318
405	0.0002	0.000269	0.000294
406	0.000121	0.000246	0.000273
407	0.00022	0.000275	0.000412
408	0.000319	0.000303	0.00055
409	0.000286	0.000276	0.000432
410	0.000231	0.000238	0.00027
411	0.000246	0.000267	0.000287
412	0.000293	0.000326	0.000385
413	0.000289	0.000308	0.000402
414	0.000241	0.000221	0.000347
415	0.000213	0.000199	0.000339
416	0.000221	0.000293	0.000415
417	0.000243	0.000364	0.000478
418	0.000318	0.000349	0.000493
419	0.000387	0.000333	0.000504
420	0.000299	0.00029	0.000414
421	0.000212	0.000248	0.000325
422	0.000201	0.000237	0.000323
423	0.0002	0.00023	0.000334
424	0.000203	0.000244	0.000339
425	0.000207	0.000266	0.000342
426	0.000272	0.000289	0.000378
427	0.000386	0.000313	0.00044
428	0.00043	0.000333	0.000476
429	0.000365	0.000347	0.00047
430	0.000308	0.000356	0.000461
431	0.000281	0.000351	0.00044
432	0.000256	0.000344	0.000419
433	0.000264	0.000325	0.000409
434	0.000272	0.000306	0.000399
435	0.00027	0.000309	0.000424
436	0.000267	0.000315	0.000453
437	0.000309	0.00033	0.000458
438	0.000366	0.000348	0.000455
439	0.00037	0.000365	0.00045
440	0.000337	0.000384	0.000444
441	0.000328	0.000388	0.000462
442	0.000349	0.000374	0.000512
443	0.000363	0.000378	0.000534
444	0.000359	0.000429	0.000483
445	0.000353	0.000461	0.000439
446	0.000333	0.000356	0.000437
447	0.000314	0.000251	0.000435
448	0.000305	0.000308	0.00044
449	0.000297	0.00037	0.000446
450	0.000296	0.000398	0.000495
451	0.000298	0.000417	0.000555
452	0.000308	0.000407	0.000561
453	0.000323	0.000382	0.000539
454	0.000327	0.000356	0.00051
455	0.00032	0.000329	0.000474
456	0.000311	0.000318	0.000453
457	0.000296	0.000336	0.000458
458	0.000291	0.000357	0.000468
459	0.000331	0.000393	0.000494
460	0.000368	0.000424	0.00052
461	0.000345	0.000349	0.000519
462	0.000323	0.000274	0.000518
463	0.000305	0.000285	0.000497
464	0.000289	0.000308	0.000473
465	0.000286	0.000334	0.000496
466	0.000289	0.000362	0.000536
467	0.000299	0.000349	0.00053
468	0.000316	0.000307	0.000491
469	0.000329	0.000325	0.000512
470	0.000338	0.000424	0.000612
471	0.00035	0.000487	0.000669
472	0.000369	0.000463	0.000619
473	0.000388	0.00044	0.000578
474	0.000394	0.000433	0.000602
475	0.000401	0.000426	0.000626
476	0.000444	0.000402	0.000647
477	0.000488	0.000378	0.000668
478	0.000475	0.000389	0.000652
479	0.000452	0.000408	0.000629
480	0.000424	0.000388	0.000604
481	0.000394	0.000349	0.000579
482	0.000361	0.000303	0.000543
483	0.000325	0.000251	0.000496
484	0.000325	0.00027	0.000483
485	0.000382	0.000399	0.000523
486	0.000418	0.000488	0.000555
487	0.000387	0.000453	0.000564
488	0.000361	0.000422	0.000572
489	0.000392	0.000425	0.000574
490	0.000422	0.000428	0.000576
491	0.000439	0.00046	0.00062
492	0.000455	0.000493	0.000665
493	0.000431	0.000494	0.000649
494	0.000396	0.000487	0.000617
495	0.000392	0.000445	0.000592
496	0.000404	0.000385	0.000569
497	0.000423	0.000395	0.000581
498	0.000449	0.000471	0.000627
499	0.000456	0.000511	0.000657
500	0.00043	0.000493	0.00066
501	0.000414	0.000473	0.000662
502	0.000434	0.000451	0.000662
503	0.00045	0.00043	0.000659
504	0.000437	0.000422	0.000634
505	0.000425	0.000414	0.000609
506	0.000428	0.000491	0.000631
507	0.000432	0.000573	0.000657
508	0.000448	0.000552	0.000683
509	0.000468	0.000506	0.000709
510	0.00048	0.000467	0.000701
511	0.000487	0.000431	0.000677
512	0.000501	0.000447	0.000677
513	0.00052	0.000509	0.000701
514	0.000517	0.000534	0.000705
515	0.000479	0.000497	0.00068
516	0.000454	0.000475	0.000659
517	0.000475	0.000498	0.000649
518	0.000494	0.00052	0.000644
519	0.000496	0.000534	0.000681
520	0.000498	0.000548	0.000719
521	0.000448	0.000494	0.000695
522	0.000396	0.000437	0.000669
523	0.000407	0.000451	0.000642
524	0.00043	0.000478	0.000615
525	0.00044	0.000471	0.000629
526	0.000446	0.000448	0.000659
527	0.000425	0.00043	0.000672
528	0.000384	0.000414	0.000669
529	0.000379	0.000419	0.000673
530	0.000421	0.000452	0.000686
531	0.000457	0.000482	0.000693
532	0.000481	0.000506	0.000686
533	0.000496	0.000518	0.000672
534	0.000461	0.000467	0.000623
535	0.000428	0.000419	0.000576
536	0.000484	0.000466	0.000639
537	0.00054	0.000513	0.000703
538	0.00054	0.000501	0.000687
539	0.000533	0.000481	0.000661
540	0.000486	0.000473	0.000648
541	0.000427	0.000469	0.000638
542	0.000414	0.000468	0.000628
543	0.00043	0.000468	0.000619
544	0.000454	0.000496	0.000643
545	0.000488	0.000552	0.000699
546	0.00052	0.000572	0.000734
547	0.000553	0.000531	0.000732
548	0.000558	0.000499	0.000723
549	0.000481	0.000495	0.000687
550	0.00041	0.000487	0.000655
551	0.000391	0.000444	0.000644
552	0.000372	0.000402	0.000633
553	0.000349	0.000351	0.000581
554	0.000325	0.0003	0.000528
555	0.000324	0.000328	0.000523
556	0.000327	0.000369	0.000527
557	0.000358	0.000411	0.000548
558	0.000399	0.000454	0.000577
559	0.000402	0.000459	0.000566
560	0.00038	0.00044	0.00053
561	0.000368	0.000411	0.000521
562	0.000368	0.00037	0.000541
563	0.000378	0.000366	0.000572
564	0.000407	0.000425	0.00062
565	0.000425	0.000463	0.000651
566	0.000404	0.000436	0.000626
567	0.000385	0.000412	0.000603
568	0.000383	0.000408	0.00059
569	0.000381	0.000403	0.000578
570	0.000384	0.000402	0.00056
571	0.000387	0.0004	0.000541
572	0.000357	0.000398	0.000502
573	0.000321	0.000396	0.000459
574	0.000291	0.000379	0.000453
575	0.000263	0.000356	0.000459
576	0.000249	0.000329	0.000465
577	0.000244	0.000299	0.00047
578	0.000265	0.000306	0.000479
579	0.000311	0.000349	0.000493
580	0.000326	0.000348	0.000488
581	0.000294	0.000281	0.000455
582	0.000266	0.000244	0.000433
583	0.000251	0.000285	0.000441
584	0.000246	0.000318	0.00045
585	0.00029	0.000308	0.000459
586	0.000333	0.0003	0.000467
587	0.000362	0.00031	0.000464
588	0.000391	0.00032	0.00046
589	0.000368	0.000345	0.000475
590	0.000342	0.000371	0.000492
591	0.000339	0.000355	0.000504
592	0.000342	0.000329	0.000515
593	0.000318	0.00031	0.000482
594	0.000283	0.000294	0.000431
595	0.000263	0.000265	0.000408
596	0.000254	0.000228	0.000406
597	0.000254	0.000229	0.000418
598	0.000265	0.00027	0.000444
599	0.000277	0.000302	0.000469
600	0.000292	0.000318	0.000489
601	0.000299	0.000331	0.000503
602	0.000285	0.000335	0.000496
603	0.000277	0.000335	0.000484
604	0.000311	0.000312	0.000444
605	0.000345	0.000292	0.000407
606	0.000379	0.000347	0.000442
607	0.000413	0.000403	0.000477
608	0.000347	0.000351	0.000462
609	0.000273	0.000292	0.000443
610	0.000307	0.000317	0.000471
611	0.000364	0.000362	0.00051
612	0.000386	0.000389	0.000527
613	0.000393	0.00041	0.000535
614	0.000369	0.000396	0.000521
615	0.000324	0.00036	0.000494
616	0.000316	0.000351	0.000486
617	0.000343	0.000369	0.000498
618	0.000346	0.000364	0.0005
619	0.000313	0.000327	0.000486
620	0.00031	0.000315	0.000497
621	0.000377	0.000363	0.000563
622	0.000416	0.000401	0.000603
623	0.000334	0.00039	0.000531
624	0.000267	0.00038	0.000468
625	0.00033	0.000379	0.0005
626	0.000394	0.000379	0.000531
627	0.000427	0.000382	0.00057
628	0.00046	0.000385	0.000609
629	0.000438	0.00041	0.000632
630	0.000409	0.000438	0.000654
631	0.000421	0.000451	0.000667
632	0.000443	0.00046	0.000678
633	0.000414	0.000441	0.000643
634	0.000362	0.000409	0.000587
635	0.000365	0.000397	0.000573
636	0.000405	0.000399	0.000586
637	0.000422	0.000409	0.000584
638	0.000415	0.000427	0.000566
639	0.000414	0.000425	0.000552
640	0.000422	0.000395	0.000545
641	0.000418	0.000374	0.000547
642	0.000387	0.000375	0.00057
643	0.000358	0.000368	0.000572
644	0.000341	0.000333	0.000494
645	0.000325	0.000306	0.000433
646	0.000319	0.000335	0.000484
647	0.000314	0.000364	0.000533
648	0.000341	0.000373	0.000519
649	0.000369	0.000383	0.000505
650	0.000361	0.000381	0.000514
651	0.000351	0.000378	0.000524
652	0.000306	0.000304	0.000433
653	0.000255	0.000219	0.000323
654	0.000235	0.000203	0.000306
655	0.000224	0.000209	0.000317
656	0.000217	0.000216	0.000302
657	0.000211	0.000222	0.000274
658	0.000211	0.000217	0.000304
659	0.000215	0.000202	0.000373
660	0.000235	0.000212	0.000398
661	0.000274	0.000247	0.000378
662	0.000299	0.000279	0.000381
663	0.000306	0.000309	0.000419
664	0.000315	0.000341	0.000459
665	0.00033	0.000377	0.000501
666	0.000334	0.000394	0.000526
667	0.00031	0.00035	0.000496
668	0.000296	0.000325	0.000482
669	0.000342	0.000396	0.000548
670	0.000381	0.000457	0.000607
671	0.000353	0.000422	0.000581
672	0.000324	0.000386	0.000556
673	0.00034	0.00034	0.00055
674	0.000356	0.000294	0.000544
675	0.000372	0.000355	0.000538
676	0.000388	0.000426	0.000532
677	0.000391	0.000455	0.000541
678	0.000393	0.000477	0.000552
679	0.000347	0.000419	0.0005
680	0.000287	0.000336	0.000428
681	0.000303	0.00033	0.000437
682	0.000354	0.000358	0.000483
683	0.000317	0.000337	0.000511
684	0.000224	0.000284	0.000527
685	0.000251	0.000276	0.000519
686	0.000385	0.000307	0.000489
687	0.000442	0.000316	0.000469
688	0.00041	0.000299	0.00046
689	0.000367	0.000306	0.000453
690	0.000309	0.00035	0.000452
691	0.000261	0.000376	0.000445
692	0.000238	0.000361	0.000428
693	0.000236	0.00035	0.000423
694	0.000299	0.000348	0.000458
695	0.000341	0.000339	0.000481
696	0.000279	0.000295	0.000445
697	0.000224	0.000252	0.000414
698	0.000238	0.000224	0.000425
699	0.000254	0.000197	0.000436
700	0.000344	0.000224	0.000429
701	0.000434	0.000251	0.000421
702	0.000405	0.000306	0.00045
703	0.000371	0.000362	0.000479
704	0.000301	0.000339	0.000473
705	0.000227	0.000307	0.000463
706	0.000248	0.000278	0.000444
707	0.000288	0.000249	0.000423
708	0.000339	0.000298	0.000429
709	0.000393	0.000371	0.000443
710	0.000383	0.000377	0.000459
711	0.000346	0.000357	0.000476
712	0.000311	0.000314	0.000468
713	0.000277	0.000258	0.000445
714	0.000266	0.000273	0.000457
715	0.000273	0.00034	0.000495
716	0.000263	0.000337	0.00048
717	0.000237	0.00027	0.000417
718	0.000219	0.000223	0.00039
719	0.000212	0.000199	0.000406
720	0.000235	0.000211	0.00043
[LOG]
CHECKSUM)Ï