[HEADER]
Format	J&M ASCII Table
Comment	
Date	02/03/2026 19:26:34
Order	Y (evenX)
TechType	UV
NumPoints	411
FirstX	310
LastX	720
XType	nm
YType	Absorbance
ZType	s
NumSubFile	3
Matrix	Z vs X
[LOGIN]
Name=pcbob
[INSTRUMENT]
Name=TIDAS E Base UV/VI
Detector=MMS - ASPEN 97,5 kHz
Diodearray=256 Pixel
Serial#=36584
Calibrated=2011-07-01
Range=183.81-729.88 [nm] (F0)

SWVersion=v3.18.2 (build 0)[LOGIN]
Name=pcbob
[CONFIG]
ChannelName=Channel 1
ChannelType=Normalized
[PARAMETER]
It=400,00
Aver=5
Norm=3
Range=310,0-720,0 nm
Scan=Time
ScanTime=5,00 s
[TRIGGER]
Sweep=0
Scan=0
[DIO]
DigOut=0x0000
DigIn=0x0000
[DATA]
	00:00:00,000	00:00:02,000	00:00:04,000
310	0.368199	0.368064	0.367862
311	0.362806	0.362649	0.362464
312	0.357523	0.357364	0.35724
313	0.352249	0.352108	0.352005
314	0.346987	0.346894	0.346758
315	0.341805	0.341731	0.34158
316	0.336872	0.336729	0.336623
317	0.331942	0.331738	0.331668
318	0.327054	0.326917	0.326754
319	0.322165	0.322095	0.321841
320	0.317341	0.317267	0.31704
321	0.312524	0.312437	0.312253
322	0.307811	0.307706	0.307574
323	0.30314	0.303015	0.30294
324	0.298517	0.298391	0.298311
325	0.293936	0.293829	0.293688
326	0.28937	0.289272	0.289093
327	0.284834	0.284727	0.284551
328	0.280325	0.28021	0.280037
329	0.275941	0.275829	0.275654
330	0.271558	0.271447	0.27127
331	0.267079	0.267027	0.266918
332	0.2626	0.262607	0.262566
333	0.258253	0.258271	0.258166
334	0.253935	0.253953	0.253757
335	0.249767	0.249751	0.249581
336	0.245683	0.245613	0.245533
337	0.241542	0.241463	0.241405
338	0.237339	0.237298	0.237186
339	0.233228	0.233208	0.233056
340	0.229337	0.229293	0.229132
341	0.225439	0.22537	0.225212
342	0.221502	0.221382	0.221319
343	0.217566	0.217395	0.217426
344	0.213765	0.213616	0.213588
345	0.209973	0.209849	0.209753
346	0.206198	0.206116	0.206002
347	0.202428	0.202394	0.202276
348	0.198726	0.198704	0.198555
349	0.195068	0.195037	0.194839
350	0.191455	0.191385	0.191217
351	0.1879	0.187754	0.187725
352	0.184329	0.184144	0.184192
353	0.18071	0.180594	0.180536
354	0.177094	0.177042	0.176887
355	0.173511	0.173467	0.173326
356	0.169928	0.169891	0.169765
357	0.166514	0.16641	0.166313
358	0.163119	0.162938	0.162873
359	0.15971	0.159591	0.1595
360	0.156297	0.15629	0.156151
361	0.152959	0.153004	0.15285
362	0.149681	0.149731	0.149585
363	0.146456	0.146487	0.146346
364	0.143315	0.14329	0.143146
365	0.140144	0.140075	0.139943
366	0.13686	0.136795	0.13673
367	0.133588	0.133526	0.133524
368	0.130597	0.1305	0.130441
369	0.127606	0.127475	0.127359
370	0.124631	0.124497	0.124382
371	0.121658	0.121526	0.12142
372	0.118651	0.118489	0.118398
373	0.115628	0.115424	0.115349
374	0.11262	0.112427	0.112351
375	0.109625	0.10949	0.109397
376	0.10668	0.106599	0.106499
377	0.103821	0.103791	0.103699
378	0.10097	0.100978	0.100893
379	0.098152	0.098145	0.098065
380	0.095334	0.095312	0.095237
381	0.092541	0.092481	0.092431
382	0.089748	0.089651	0.089626
383	0.087065	0.086969	0.086923
384	0.084402	0.084312	0.084239
385	0.081829	0.081708	0.081671
386	0.079298	0.079127	0.079157
387	0.076748	0.076607	0.076651
388	0.074181	0.074142	0.074153
389	0.071673	0.071665	0.071657
390	0.069277	0.069162	0.069165
391	0.066889	0.066694	0.0667
392	0.06454	0.064386	0.064358
393	0.062189	0.062078	0.062016
394	0.059769	0.059709	0.059667
395	0.057349	0.057341	0.057319
396	0.055377	0.055337	0.055292
397	0.053487	0.053399	0.053324
398	0.051604	0.051518	0.051427
399	0.049724	0.049665	0.049564
400	0.047723	0.047663	0.047545
401	0.045606	0.045521	0.04538
402	0.043478	0.043394	0.043252
403	0.041328	0.041294	0.041193
404	0.03923	0.039228	0.039169
405	0.037361	0.037316	0.037304
406	0.035494	0.035405	0.035438
407	0.033702	0.033584	0.033566
408	0.03191	0.031763	0.031694
409	0.029893	0.029714	0.029742
410	0.027837	0.027627	0.027775
411	0.025941	0.025782	0.025896
412	0.024116	0.024047	0.024056
413	0.022259	0.022218	0.022166
414	0.020372	0.020303	0.020231
415	0.018439	0.018363	0.018278
416	0.016422	0.016378	0.016296
417	0.014409	0.014392	0.014312
418	0.012413	0.012407	0.01232
419	0.010425	0.01043	0.010337
420	0.008653	0.008645	0.008584
421	0.006881	0.006859	0.006831
422	0.005216	0.005134	0.00515
423	0.003567	0.003419	0.00348
424	0.001901	0.00175	0.001796
425	0.000228	0.0001	0.000106
426	-0.001231	-0.001341	-0.001365
427	-0.002517	-0.002614	-0.002661
428	-0.003773	-0.003864	-0.003908
429	-0.004982	-0.005079	-0.00508
430	-0.006202	-0.006297	-0.006272
431	-0.007458	-0.007529	-0.007533
432	-0.008713	-0.008761	-0.008791
433	-0.009936	-0.010008	-0.010011
434	-0.011159	-0.011254	-0.011231
435	-0.01227	-0.012357	-0.012341
436	-0.013371	-0.013447	-0.01344
437	-0.014569	-0.014644	-0.014603
438	-0.0158	-0.015875	-0.015785
439	-0.016971	-0.017049	-0.016974
440	-0.018103	-0.018185	-0.018167
441	-0.019185	-0.019278	-0.019284
442	-0.020206	-0.020314	-0.020305
443	-0.021164	-0.021302	-0.021269
444	-0.021962	-0.022167	-0.022091
445	-0.022782	-0.023029	-0.022924
446	-0.023749	-0.023871	-0.023832
447	-0.024717	-0.024713	-0.024739
448	-0.025446	-0.025509	-0.025466
449	-0.026167	-0.026304	-0.026188
450	-0.026883	-0.026996	-0.026872
451	-0.027598	-0.027663	-0.027547
452	-0.028293	-0.028354	-0.028254
453	-0.028978	-0.029057	-0.028978
454	-0.029659	-0.029754	-0.029692
455	-0.030336	-0.030444	-0.030396
456	-0.031016	-0.031134	-0.031085
457	-0.031705	-0.031821	-0.031746
458	-0.032351	-0.032468	-0.032376
459	-0.032825	-0.032946	-0.032881
460	-0.033303	-0.033428	-0.033388
461	-0.033863	-0.034027	-0.03395
462	-0.034424	-0.034625	-0.034513
463	-0.034947	-0.035166	-0.035051
464	-0.035466	-0.0357	-0.035587
465	-0.035978	-0.036175	-0.03607
466	-0.036487	-0.036628	-0.036534
467	-0.036805	-0.036929	-0.036839
468	-0.036987	-0.037121	-0.037029
469	-0.037189	-0.037335	-0.037232
470	-0.037418	-0.037578	-0.037452
471	-0.037674	-0.037843	-0.037718
472	-0.037998	-0.038168	-0.0381
473	-0.03833	-0.038499	-0.038479
474	-0.038722	-0.038864	-0.038829
475	-0.039115	-0.03923	-0.03918
476	-0.039381	-0.039529	-0.039458
477	-0.039645	-0.039828	-0.039735
478	-0.039907	-0.040069	-0.039996
479	-0.04017	-0.040299	-0.040254
480	-0.040533	-0.040663	-0.040631
481	-0.040943	-0.041088	-0.041063
482	-0.041486	-0.041643	-0.041601
483	-0.042146	-0.042311	-0.04223
484	-0.042705	-0.042872	-0.042772
485	-0.043106	-0.043267	-0.043173
486	-0.043409	-0.043552	-0.043467
487	-0.0434	-0.043498	-0.043421
488	-0.043364	-0.043421	-0.043351
489	-0.04307	-0.043126	-0.043058
490	-0.042777	-0.042831	-0.042764
491	-0.042623	-0.042707	-0.042581
492	-0.042477	-0.042592	-0.042403
493	-0.042324	-0.042468	-0.0423
494	-0.042171	-0.042343	-0.042214
495	-0.042136	-0.042297	-0.042204
496	-0.042162	-0.042293	-0.042233
497	-0.042174	-0.042294	-0.042246
498	-0.042171	-0.0423	-0.042243
499	-0.042167	-0.042313	-0.042244
500	-0.042159	-0.042338	-0.042251
501	-0.042149	-0.042339	-0.042243
502	-0.042137	-0.04226	-0.042182
503	-0.042117	-0.042183	-0.042116
504	-0.042019	-0.042131	-0.042
505	-0.041921	-0.04208	-0.041884
506	-0.041813	-0.041981	-0.04185
507	-0.041705	-0.041879	-0.041822
508	-0.041665	-0.041801	-0.041764
509	-0.041643	-0.04173	-0.041699
510	-0.041562	-0.041642	-0.041631
511	-0.041451	-0.041546	-0.041562
512	-0.04137	-0.041485	-0.0415
513	-0.041317	-0.041454	-0.041446
514	-0.041261	-0.041412	-0.041382
515	-0.041201	-0.041349	-0.041303
516	-0.04114	-0.041277	-0.041214
517	-0.041079	-0.041172	-0.041097
518	-0.041006	-0.041065	-0.040978
519	-0.040837	-0.040942	-0.040852
520	-0.040668	-0.040818	-0.040726
521	-0.040552	-0.040715	-0.040632
522	-0.040437	-0.040614	-0.040539
523	-0.040317	-0.040504	-0.040415
524	-0.040195	-0.040393	-0.040285
525	-0.040106	-0.04029	-0.040191
526	-0.04003	-0.04019	-0.040113
527	-0.039965	-0.040082	-0.040022
528	-0.039909	-0.039965	-0.039921
529	-0.039793	-0.039858	-0.039775
530	-0.039597	-0.039763	-0.039569
531	-0.039412	-0.039636	-0.039382
532	-0.039252	-0.039436	-0.039243
533	-0.039101	-0.039249	-0.039115
534	-0.038995	-0.039134	-0.039041
535	-0.038888	-0.039019	-0.038966
536	-0.038734	-0.038921	-0.03882
537	-0.038581	-0.038822	-0.038674
538	-0.038551	-0.038769	-0.038604
539	-0.038536	-0.03872	-0.038543
540	-0.038481	-0.038644	-0.038506
541	-0.038413	-0.038559	-0.038476
542	-0.038291	-0.038436	-0.038345
543	-0.038138	-0.038291	-0.038153
544	-0.03792	-0.038069	-0.037929
545	-0.037638	-0.037769	-0.037674
546	-0.037376	-0.037508	-0.037425
547	-0.037146	-0.037312	-0.037189
548	-0.036935	-0.037118	-0.036978
549	-0.036785	-0.03693	-0.036844
550	-0.036627	-0.036744	-0.036699
551	-0.036406	-0.036571	-0.036469
552	-0.036185	-0.036398	-0.036239
553	-0.03606	-0.036235	-0.036073
554	-0.035936	-0.036073	-0.035908
555	-0.035778	-0.035875	-0.035762
556	-0.035614	-0.035672	-0.035619
557	-0.035413	-0.035488	-0.035413
558	-0.035199	-0.035311	-0.035184
559	-0.034995	-0.035128	-0.035004
560	-0.034797	-0.03494	-0.034856
561	-0.034655	-0.034802	-0.03472
562	-0.034574	-0.034718	-0.034598
563	-0.03449	-0.03464	-0.034494
564	-0.0344	-0.034571	-0.034422
565	-0.034349	-0.034531	-0.034386
566	-0.034422	-0.034584	-0.034465
567	-0.034515	-0.034658	-0.03456
568	-0.03477	-0.03489	-0.034791
569	-0.035025	-0.035122	-0.035023
570	-0.03516	-0.035296	-0.035181
571	-0.035295	-0.03547	-0.035338
572	-0.035377	-0.035512	-0.035394
573	-0.035453	-0.035535	-0.035436
574	-0.035509	-0.03559	-0.035495
575	-0.035558	-0.035654	-0.03556
576	-0.035589	-0.035656	-0.035579
577	-0.035608	-0.035621	-0.035571
578	-0.035576	-0.035567	-0.035544
579	-0.035495	-0.035494	-0.035499
580	-0.035381	-0.03539	-0.035404
581	-0.035215	-0.035238	-0.035231
582	-0.034992	-0.035033	-0.035
583	-0.034617	-0.034688	-0.034617
584	-0.034232	-0.034331	-0.034223
585	-0.033798	-0.033911	-0.033773
586	-0.033364	-0.033491	-0.033327
587	-0.032961	-0.033068	-0.032957
588	-0.032557	-0.032646	-0.032588
589	-0.032095	-0.032195	-0.032107
590	-0.031628	-0.031741	-0.031618
591	-0.031296	-0.031409	-0.03129
592	-0.030994	-0.031106	-0.031
593	-0.030771	-0.030865	-0.030787
594	-0.030583	-0.030651	-0.030607
595	-0.030349	-0.030402	-0.030373
596	-0.030084	-0.03013	-0.030102
597	-0.029787	-0.029846	-0.029798
598	-0.029455	-0.029551	-0.029459
599	-0.029163	-0.029281	-0.029157
600	-0.02894	-0.029056	-0.02892
601	-0.02871	-0.028832	-0.028686
602	-0.028457	-0.028609	-0.028457
603	-0.028196	-0.028372	-0.028215
604	-0.027883	-0.028048	-0.027897
605	-0.027566	-0.027718	-0.027574
606	-0.027122	-0.027225	-0.027135
607	-0.026678	-0.026733	-0.026696
608	-0.026326	-0.026397	-0.026342
609	-0.025981	-0.026073	-0.025995
610	-0.025678	-0.025768	-0.025689
611	-0.025386	-0.025469	-0.025392
612	-0.025054	-0.025139	-0.025063
613	-0.024708	-0.024798	-0.024721
614	-0.0244	-0.024501	-0.024407
615	-0.024116	-0.024233	-0.02411
616	-0.023783	-0.023903	-0.023766
617	-0.023401	-0.023512	-0.023374
618	-0.023055	-0.023159	-0.023022
619	-0.022763	-0.022862	-0.02273
620	-0.022454	-0.022555	-0.02243
621	-0.0221	-0.022226	-0.022111
622	-0.021756	-0.021904	-0.021794
623	-0.021447	-0.021614	-0.021485
624	-0.021136	-0.021316	-0.021173
625	-0.020806	-0.020934	-0.020815
626	-0.020476	-0.020553	-0.020458
627	-0.020201	-0.020268	-0.020195
628	-0.019927	-0.019984	-0.019933
629	-0.019545	-0.019639	-0.0196
630	-0.019149	-0.019287	-0.019258
631	-0.018796	-0.01896	-0.018885
632	-0.018453	-0.018639	-0.018504
633	-0.018229	-0.018405	-0.018246
634	-0.018057	-0.018208	-0.018041
635	-0.01783	-0.01797	-0.017821
636	-0.017566	-0.017703	-0.017591
637	-0.01732	-0.017476	-0.017367
638	-0.017092	-0.017287	-0.017149
639	-0.016881	-0.017086	-0.016956
640	-0.016694	-0.016867	-0.016798
641	-0.016463	-0.016617	-0.016568
642	-0.016134	-0.016299	-0.016177
643	-0.015813	-0.015992	-0.015827
644	-0.015521	-0.015723	-0.01562
645	-0.015249	-0.015465	-0.015417
646	-0.015107	-0.015285	-0.015241
647	-0.014969	-0.015112	-0.015071
648	-0.014971	-0.015133	-0.015063
649	-0.014973	-0.015153	-0.015056
650	-0.01554	-0.015693	-0.015613
651	-0.016141	-0.016265	-0.016205
652	-0.017162	-0.017264	-0.017191
653	-0.018256	-0.018336	-0.018246
654	-0.019058	-0.019151	-0.019073
655	-0.01977	-0.019885	-0.01983
656	-0.019836	-0.019944	-0.019893
657	-0.019589	-0.019679	-0.019621
658	-0.019019	-0.019114	-0.019054
659	-0.018222	-0.018338	-0.018279
660	-0.017117	-0.017242	-0.017183
661	-0.015703	-0.015827	-0.015765
662	-0.014403	-0.014515	-0.014449
663	-0.013262	-0.01335	-0.013278
664	-0.012312	-0.012396	-0.012315
665	-0.011751	-0.011872	-0.011777
666	-0.011256	-0.011404	-0.011305
667	-0.010961	-0.011104	-0.011035
668	-0.010669	-0.010798	-0.01075
669	-0.010389	-0.010461	-0.010397
670	-0.010117	-0.010142	-0.010063
671	-0.009935	-0.010021	-0.009961
672	-0.009754	-0.0099	-0.009859
673	-0.009568	-0.009695	-0.009633
674	-0.009383	-0.00949	-0.009406
675	-0.009103	-0.009255	-0.009141
676	-0.008815	-0.009016	-0.008873
677	-0.008653	-0.008856	-0.008701
678	-0.008514	-0.008711	-0.008548
679	-0.008396	-0.008591	-0.008412
680	-0.008284	-0.00848	-0.00828
681	-0.008119	-0.008303	-0.008113
682	-0.007928	-0.008095	-0.00793
683	-0.007778	-0.007932	-0.0078
684	-0.007654	-0.007799	-0.007704
685	-0.007486	-0.00763	-0.007549
686	-0.00728	-0.007429	-0.007343
687	-0.007075	-0.007224	-0.007127
688	-0.006872	-0.007013	-0.006898
689	-0.006678	-0.006809	-0.00669
690	-0.0065	-0.006616	-0.006514
691	-0.006327	-0.006437	-0.006349
692	-0.006163	-0.006289	-0.006205
693	-0.005996	-0.006126	-0.006049
694	-0.005821	-0.005918	-0.005851
695	-0.005654	-0.005718	-0.00566
696	-0.005527	-0.005554	-0.005505
697	-0.005389	-0.005392	-0.005343
698	-0.005148	-0.005237	-0.005131
699	-0.004907	-0.00508	-0.004918
700	-0.004666	-0.004874	-0.004701
701	-0.004426	-0.004668	-0.004484
702	-0.00431	-0.004468	-0.004312
703	-0.004199	-0.004268	-0.00414
704	-0.004012	-0.004105	-0.004042
705	-0.003816	-0.003946	-0.003951
706	-0.003651	-0.003778	-0.003777
707	-0.003491	-0.003608	-0.003586
708	-0.003297	-0.003405	-0.003364
709	-0.003091	-0.003192	-0.003132
710	-0.002932	-0.003046	-0.00295
711	-0.002791	-0.002927	-0.002788
712	-0.002636	-0.002783	-0.002613
713	-0.002473	-0.002626	-0.002431
714	-0.002256	-0.0024	-0.002213
715	-0.002	-0.002123	-0.001967
716	-0.001795	-0.001884	-0.001771
717	-0.001635	-0.001681	-0.001619
718	-0.001455	-0.001499	-0.001444
719	-0.001253	-0.001341	-0.001241
720	-0.001037	-0.001149	-0.001015
[LOG]
CHECKSUMcÿ