[HEADER]
Format	J&M ASCII Table
Comment	
Date	02/03/2026 19:34:58
Order	Y (evenX)
TechType	UV
NumPoints	411
FirstX	310
LastX	720
XType	nm
YType	Absorbance
ZType	s
NumSubFile	3
Matrix	Z vs X
[LOGIN]
Name=pcbob
[INSTRUMENT]
Name=TIDAS E Base UV/VI
Detector=MMS - ASPEN 97,5 kHz
Diodearray=256 Pixel
Serial#=36584
Calibrated=2011-07-01
Range=183.81-729.88 [nm] (F0)

SWVersion=v3.18.2 (build 0)[LOGIN]
Name=pcbob
[CONFIG]
ChannelName=Channel 1
ChannelType=Normalized
[PARAMETER]
It=400,00
Aver=5
Norm=3
Range=310,0-720,0 nm
Scan=Time
ScanTime=5,00 s
[TRIGGER]
Sweep=0
Scan=0
[DIO]
DigOut=0x0000
DigIn=0x0000
[DATA]
	00:00:00,000	00:00:02,000	00:00:04,000
310	1.167798	1.167251	1.166396
311	1.154165	1.15345	1.152617
312	1.140508	1.139908	1.139055
313	1.12681	1.126397	1.125405
314	1.113055	1.112928	1.111634
315	1.099388	1.099392	1.098016
316	1.085997	1.085647	1.084883
317	1.072595	1.071916	1.071719
318	1.059018	1.058396	1.058101
319	1.045441	1.044877	1.044482
320	1.032214	1.031716	1.031299
321	1.019031	1.018601	1.018171
322	1.006141	1.005643	1.005235
323	0.993372	0.992749	0.992379
324	0.98051	0.979892	0.979496
325	0.967566	0.967069	0.966589
326	0.954644	0.954262	0.953735
327	0.94176	0.941485	0.940978
328	0.928936	0.928744	0.928263
329	0.916386	0.916172	0.915742
330	0.903837	0.9036	0.903221
331	0.891546	0.891152	0.890837
332	0.879255	0.878704	0.878452
333	0.867139	0.866603	0.866232
334	0.85506	0.854577	0.854046
335	0.843223	0.842748	0.8421
336	0.831516	0.831027	0.830284
337	0.819753	0.819239	0.818521
338	0.807926	0.807377	0.806817
339	0.796287	0.795758	0.795279
340	0.785093	0.784713	0.78413
341	0.773927	0.773669	0.773008
342	0.762965	0.76264	0.762072
343	0.752004	0.751611	0.751136
344	0.741628	0.741053	0.740638
345	0.731284	0.73052	0.730165
346	0.720957	0.720283	0.719841
347	0.710634	0.710133	0.709562
348	0.700411	0.699982	0.699421
349	0.690255	0.689831	0.689374
350	0.680281	0.679841	0.679429
351	0.670555	0.670069	0.669621
352	0.660838	0.660338	0.659858
353	0.651151	0.65073	0.650228
354	0.641492	0.641141	0.640623
355	0.632154	0.631773	0.631304
356	0.622817	0.622405	0.621985
357	0.613798	0.613277	0.612977
358	0.604812	0.604174	0.604002
359	0.595741	0.595171	0.594955
360	0.586637	0.586205	0.585882
361	0.577648	0.5773	0.576949
362	0.568747	0.568443	0.568127
363	0.560047	0.559689	0.559395
364	0.551662	0.551098	0.550806
365	0.543258	0.542568	0.542254
366	0.534782	0.53426	0.533838
367	0.526331	0.525966	0.525445
368	0.518418	0.517979	0.517557
369	0.510506	0.509992	0.509668
370	0.502572	0.502064	0.501743
371	0.494635	0.494145	0.493812
372	0.486723	0.486266	0.485889
373	0.47882	0.478403	0.477968
374	0.470989	0.470641	0.470181
375	0.463222	0.462967	0.462511
376	0.455585	0.455345	0.454922
377	0.448175	0.447814	0.447476
378	0.440752	0.440308	0.440041
379	0.433269	0.432898	0.432651
380	0.425791	0.425493	0.425264
381	0.418557	0.418271	0.418027
382	0.411322	0.411049	0.410791
383	0.404262	0.403938	0.403627
384	0.397231	0.396847	0.396474
385	0.390328	0.389929	0.389531
386	0.383484	0.383091	0.382683
387	0.376738	0.376328	0.375947
388	0.370084	0.369636	0.369315
389	0.363441	0.363002	0.362714
390	0.356818	0.356475	0.356169
391	0.350237	0.349972	0.34964
392	0.343848	0.343574	0.343185
393	0.33746	0.337179	0.336735
394	0.331232	0.33095	0.330609
395	0.325004	0.324721	0.324482
396	0.319317	0.319066	0.318755
397	0.313728	0.313515	0.3131
398	0.308184	0.307969	0.307487
399	0.302662	0.302424	0.301893
400	0.297032	0.296767	0.296273
401	0.291301	0.291003	0.290629
402	0.285584	0.285288	0.285001
403	0.279897	0.279667	0.279403
404	0.274286	0.274106	0.273866
405	0.26902	0.268815	0.268603
406	0.263757	0.263526	0.263341
407	0.258602	0.258367	0.258172
408	0.253448	0.253208	0.253004
409	0.248168	0.247924	0.247684
410	0.242865	0.242618	0.242338
411	0.23772	0.237475	0.237191
412	0.232646	0.232404	0.232135
413	0.227619	0.227425	0.227139
414	0.222635	0.222528	0.222198
415	0.217675	0.217602	0.217258
416	0.212757	0.212628	0.212321
417	0.207843	0.207661	0.20738
418	0.202944	0.202721	0.202419
419	0.198057	0.197791	0.197471
420	0.193441	0.193129	0.192835
421	0.188826	0.188467	0.188199
422	0.184412	0.184146	0.183884
423	0.180027	0.179874	0.179615
424	0.175697	0.175559	0.175358
425	0.17139	0.171226	0.171107
426	0.1673	0.167145	0.167042
427	0.163384	0.163265	0.163126
428	0.159571	0.159452	0.159293
429	0.155915	0.155741	0.155585
430	0.152241	0.152026	0.15188
431	0.148509	0.148294	0.148185
432	0.144779	0.144566	0.144493
433	0.141075	0.140892	0.14084
434	0.137371	0.137218	0.137187
435	0.133917	0.13376	0.133697
436	0.130487	0.130323	0.130222
437	0.127155	0.127036	0.126907
438	0.123855	0.123798	0.123645
439	0.120624	0.120567	0.120417
440	0.11744	0.117341	0.117213
441	0.114365	0.114254	0.114139
442	0.11143	0.111343	0.111231
443	0.108571	0.108485	0.10837
444	0.105907	0.10576	0.105626
445	0.103243	0.103044	0.102898
446	0.100569	0.100383	0.100274
447	0.097896	0.097722	0.09765
448	0.095332	0.095231	0.095175
449	0.092771	0.092746	0.092706
450	0.090422	0.090409	0.090354
451	0.088121	0.088105	0.088028
452	0.085786	0.085749	0.085652
453	0.083435	0.083364	0.083249
454	0.081162	0.081088	0.080974
455	0.078967	0.078919	0.078826
456	0.076851	0.076795	0.076718
457	0.074883	0.074754	0.074684
458	0.072932	0.072744	0.072695
459	0.071053	0.070861	0.07089
460	0.069171	0.068977	0.069077
461	0.067193	0.067082	0.067093
462	0.065215	0.065186	0.065108
463	0.063439	0.063429	0.063331
464	0.061688	0.06169	0.06158
465	0.06007	0.060024	0.05994
466	0.058501	0.058384	0.058338
467	0.057028	0.056929	0.056882
468	0.055624	0.055605	0.055528
469	0.054216	0.054233	0.054171
470	0.052801	0.052795	0.052811
471	0.051402	0.051368	0.051436
472	0.050043	0.049968	0.050023
473	0.048685	0.048576	0.048626
474	0.047328	0.047231	0.047325
475	0.04597	0.045887	0.046025
476	0.044752	0.044656	0.044744
477	0.043536	0.043427	0.043463
478	0.042334	0.042203	0.04228
479	0.041134	0.04098	0.041117
480	0.039831	0.039725	0.039839
481	0.03848	0.038454	0.038509
482	0.037083	0.037108	0.037125
483	0.035644	0.035697	0.035694
484	0.034335	0.034376	0.034372
485	0.033231	0.033197	0.03322
486	0.032251	0.032156	0.032196
487	0.031661	0.031544	0.031576
488	0.031071	0.030941	0.030964
489	0.030473	0.030414	0.030429
490	0.029876	0.029888	0.029894
491	0.029373	0.029338	0.02937
492	0.028874	0.028786	0.028846
493	0.028235	0.028167	0.028206
494	0.027562	0.027532	0.027538
495	0.026864	0.026859	0.026869
496	0.026152	0.026166	0.0262
497	0.025496	0.025519	0.025565
498	0.024892	0.024915	0.024963
499	0.024285	0.024276	0.024325
500	0.023671	0.02358	0.023627
501	0.023069	0.022934	0.022977
502	0.022502	0.022455	0.022492
503	0.021938	0.021972	0.022003
504	0.021409	0.021456	0.021459
505	0.020881	0.02094	0.020915
506	0.020383	0.0204	0.020394
507	0.019886	0.019857	0.019874
508	0.019346	0.019311	0.019359
509	0.018796	0.018763	0.018843
510	0.018307	0.01826	0.018361
511	0.017849	0.017779	0.017895
512	0.017327	0.017274	0.017378
513	0.016746	0.016746	0.016815
514	0.016201	0.016229	0.016293
515	0.015711	0.015733	0.015837
516	0.015263	0.015272	0.015401
517	0.01494	0.014926	0.015025
518	0.014612	0.014579	0.014651
519	0.014233	0.014229	0.014294
520	0.013854	0.013879	0.013936
521	0.013435	0.013449	0.013515
522	0.013014	0.013016	0.013092
523	0.012665	0.012655	0.012751
524	0.01233	0.012308	0.012425
525	0.011982	0.011907	0.012036
526	0.011627	0.011483	0.011618
527	0.011241	0.011117	0.01124
528	0.010831	0.010796	0.010892
529	0.01047	0.010492	0.01057
530	0.010173	0.010212	0.010282
531	0.009881	0.009935	0.009995
532	0.009603	0.00967	0.009711
533	0.009316	0.009391	0.009413
534	0.008986	0.009035	0.009044
535	0.008656	0.008679	0.008675
536	0.008325	0.008333	0.008365
537	0.007994	0.007986	0.008054
538	0.007668	0.007639	0.007733
539	0.007342	0.007291	0.007411
540	0.007013	0.006969	0.007073
541	0.006683	0.006655	0.006729
542	0.006428	0.006419	0.006504
543	0.006217	0.006229	0.006347
544	0.006026	0.006015	0.006152
545	0.005854	0.005777	0.005919
546	0.00566	0.005561	0.005718
547	0.005431	0.005383	0.005571
548	0.005217	0.005212	0.005412
549	0.005052	0.005066	0.005216
550	0.00489	0.004918	0.005021
551	0.004748	0.004765	0.004839
552	0.004606	0.004611	0.004657
553	0.004385	0.004353	0.004464
554	0.004164	0.004095	0.00427
555	0.003997	0.00395	0.004089
556	0.00384	0.003824	0.00391
557	0.003744	0.003724	0.003818
558	0.003671	0.003635	0.003757
559	0.003528	0.003507	0.003627
560	0.003339	0.003354	0.003452
561	0.003136	0.003156	0.003254
562	0.002919	0.002908	0.003034
563	0.0027	0.002676	0.002802
564	0.002478	0.002472	0.002551
565	0.002216	0.002223	0.002269
566	0.001825	0.00183	0.001884
567	0.001421	0.001426	0.001489
568	0.000917	0.000937	0.001012
569	0.000414	0.000448	0.000534
570	-0.000003	-0.000004	0.000102
571	-0.00042	-0.000456	-0.000329
572	-0.000772	-0.000804	-0.000692
573	-0.001116	-0.001135	-0.001044
574	-0.001411	-0.001405	-0.001347
575	-0.00169	-0.001654	-0.001633
576	-0.001945	-0.001917	-0.001895
577	-0.002184	-0.002187	-0.002143
578	-0.002389	-0.002406	-0.002348
579	-0.00256	-0.002577	-0.002513
580	-0.002719	-0.002726	-0.002659
581	-0.002861	-0.002841	-0.002775
582	-0.002938	-0.0029	-0.002834
583	-0.002842	-0.002816	-0.00274
584	-0.002732	-0.00272	-0.00264
585	-0.002547	-0.002565	-0.002499
586	-0.002365	-0.002411	-0.00236
587	-0.002244	-0.002278	-0.002236
588	-0.002124	-0.002145	-0.002111
589	-0.00199	-0.001993	-0.00195
590	-0.001855	-0.00184	-0.001787
591	-0.001818	-0.001814	-0.00173
592	-0.001804	-0.001818	-0.001698
593	-0.00182	-0.001815	-0.001706
594	-0.001848	-0.001809	-0.00173
595	-0.001856	-0.001816	-0.001743
596	-0.001851	-0.001831	-0.001749
597	-0.001823	-0.001807	-0.001729
598	-0.001772	-0.001739	-0.001683
599	-0.001739	-0.001699	-0.001644
600	-0.001738	-0.001707	-0.00162
601	-0.001732	-0.001705	-0.001591
602	-0.001711	-0.00167	-0.001548
603	-0.001676	-0.001622	-0.0015
604	-0.001563	-0.001502	-0.001425
605	-0.001448	-0.00138	-0.001346
606	-0.001281	-0.001205	-0.001164
607	-0.001114	-0.00103	-0.000981
608	-0.000975	-0.00094	-0.000863
609	-0.000839	-0.000857	-0.000749
610	-0.000736	-0.000767	-0.000649
611	-0.00064	-0.000676	-0.000552
612	-0.000578	-0.000585	-0.000489
613	-0.000528	-0.000494	-0.00044
614	-0.000461	-0.000428	-0.000372
615	-0.000381	-0.000379	-0.000292
616	-0.000264	-0.000276	-0.000185
617	-0.00011	-0.000121	-0.00005
618	0.000008	-0.000001	0.000058
619	0.00007	0.000064	0.000125
620	0.000149	0.000155	0.000227
621	0.000269	0.000308	0.000407
622	0.000381	0.000442	0.000557
623	0.000455	0.000498	0.000585
624	0.000534	0.000556	0.000626
625	0.000672	0.000647	0.000791
626	0.00081	0.000738	0.000956
627	0.000867	0.000834	0.00102
628	0.000923	0.00093	0.001083
629	0.001049	0.001028	0.001169
630	0.001184	0.001127	0.001258
631	0.001309	0.00127	0.001363
632	0.001431	0.001425	0.001472
633	0.001482	0.001478	0.001549
634	0.001503	0.001487	0.001613
635	0.001562	0.001565	0.001676
636	0.001648	0.001689	0.00174
637	0.001733	0.001772	0.001823
638	0.001817	0.001815	0.001925
639	0.001876	0.001871	0.001975
640	0.001899	0.001947	0.00195
641	0.001932	0.002019	0.001981
642	0.001988	0.002083	0.002135
643	0.002042	0.002136	0.002257
644	0.002088	0.002154	0.002264
645	0.002135	0.002172	0.002277
646	0.0022	0.002199	0.002328
647	0.002256	0.002221	0.002374
648	0.002079	0.002085	0.002264
649	0.001902	0.001949	0.002154
650	0.001291	0.001334	0.001489
651	0.000652	0.000689	0.00079
652	-0.000332	-0.000282	-0.0002
653	-0.001377	-0.001309	-0.001241
654	-0.002073	-0.002051	-0.00196
655	-0.002662	-0.002705	-0.002578
656	-0.002807	-0.002857	-0.002741
657	-0.002738	-0.002766	-0.002685
658	-0.00236	-0.002345	-0.002294
659	-0.001766	-0.001693	-0.001666
660	-0.000964	-0.000868	-0.00083
661	0.000046	0.000128	0.000215
662	0.000984	0.001044	0.001152
663	0.00182	0.001847	0.001938
664	0.002511	0.002508	0.002587
665	0.002906	0.00288	0.002956
666	0.003214	0.003184	0.003264
667	0.003251	0.003285	0.003385
668	0.003314	0.003393	0.003508
669	0.003505	0.00354	0.003641
670	0.003682	0.003679	0.003767
671	0.003686	0.003718	0.003809
672	0.003689	0.003757	0.00385
673	0.0038	0.003873	0.003936
674	0.00391	0.003988	0.004022
675	0.004036	0.004068	0.004123
676	0.004163	0.004145	0.004225
677	0.0042	0.004193	0.004271
678	0.004219	0.004235	0.004306
679	0.004236	0.004261	0.004345
680	0.004251	0.004281	0.004386
681	0.004329	0.004345	0.004483
682	0.004436	0.004429	0.004606
683	0.004478	0.004492	0.004636
684	0.004479	0.004542	0.004605
685	0.004548	0.004617	0.00466
686	0.004677	0.004715	0.00479
687	0.004829	0.004828	0.004917
688	0.005007	0.004956	0.00504
689	0.005121	0.005054	0.00515
690	0.005133	0.005102	0.005238
691	0.005163	0.005161	0.005316
692	0.005231	0.005243	0.005372
693	0.005323	0.005341	0.005448
694	0.005488	0.00549	0.00559
695	0.005629	0.005626	0.005719
696	0.005649	0.005695	0.005785
697	0.005676	0.005759	0.00585
698	0.005758	0.00579	0.005908
699	0.005842	0.005825	0.00597
700	0.005996	0.005977	0.006159
701	0.006151	0.006129	0.006349
702	0.006246	0.006257	0.006375
703	0.006338	0.006385	0.006396
704	0.006351	0.006411	0.006447
705	0.006355	0.006426	0.006502
706	0.006436	0.006486	0.006588
707	0.006533	0.006556	0.00668
708	0.006687	0.006685	0.006802
709	0.006859	0.006833	0.006933
710	0.006958	0.006917	0.006999
711	0.007028	0.006975	0.007038
712	0.007082	0.007064	0.007144
713	0.007128	0.007171	0.007286
714	0.00724	0.007289	0.00743
715	0.007401	0.007417	0.007575
716	0.007523	0.007558	0.00769
717	0.00761	0.007713	0.007778
718	0.007753	0.00787	0.007892
719	0.007961	0.00803	0.008039
720	0.008144	0.00818	0.008202
[LOG]
CHECKSUMq