[HEADER]
Format	J&M ASCII Table
Comment	
Date	02/03/2026 19:22:54
Order	Y (evenX)
TechType	UV
NumPoints	411
FirstX	310
LastX	720
XType	nm
YType	Absorbance
ZType	s
NumSubFile	3
Matrix	Z vs X
[LOGIN]
Name=pcbob
[INSTRUMENT]
Name=TIDAS E Base UV/VI
Detector=MMS - ASPEN 97,5 kHz
Diodearray=256 Pixel
Serial#=36584
Calibrated=2011-07-01
Range=183.81-729.88 [nm] (F0)

SWVersion=v3.18.2 (build 0)[LOGIN]
Name=pcbob
[CONFIG]
ChannelName=Channel 1
ChannelType=Normalized
[PARAMETER]
It=400,00
Aver=5
Norm=3
Range=310,0-720,0 nm
Scan=Time
ScanTime=5,00 s
[TRIGGER]
Sweep=0
Scan=0
[DIO]
DigOut=0x0000
DigIn=0x0000
[DATA]
	00:00:00,000	00:00:02,000	00:00:04,000
310	0.37075	0.370297	0.369832
311	0.36532	0.364847	0.364402
312	0.36003	0.35951	0.359092
313	0.354748	0.354213	0.353812
314	0.349478	0.348974	0.348575
315	0.34427	0.343793	0.343393
316	0.339255	0.338798	0.338386
317	0.33425	0.333812	0.333388
318	0.329389	0.328942	0.328506
319	0.324527	0.324073	0.323625
320	0.319672	0.31917	0.318721
321	0.314819	0.314264	0.313813
322	0.310085	0.309546	0.309073
323	0.3054	0.304906	0.304402
324	0.300745	0.300285	0.299768
325	0.296116	0.295679	0.295169
326	0.291505	0.291089	0.290581
327	0.286926	0.286528	0.286016
328	0.282376	0.281984	0.281474
329	0.277956	0.277519	0.277036
330	0.273536	0.273053	0.272598
331	0.269098	0.268654	0.268163
332	0.264661	0.264255	0.263727
333	0.260312	0.259871	0.259368
334	0.255982	0.255491	0.255025
335	0.251767	0.251278	0.250846
336	0.247615	0.247155	0.246754
337	0.243462	0.243013	0.242607
338	0.239307	0.238849	0.238398
339	0.235207	0.234752	0.234266
340	0.231235	0.230812	0.230317
341	0.227266	0.226865	0.226364
342	0.223313	0.22287	0.222372
343	0.21936	0.218875	0.218381
344	0.215536	0.215041	0.214546
345	0.211719	0.211216	0.21072
346	0.207888	0.207462	0.206955
347	0.204053	0.203727	0.203207
348	0.200338	0.200008	0.199498
349	0.196703	0.196299	0.195815
350	0.193073	0.192626	0.192184
351	0.189452	0.189001	0.188622
352	0.185825	0.18538	0.185052
353	0.182182	0.18177	0.181457
354	0.178546	0.178166	0.17786
355	0.174975	0.174622	0.174227
356	0.171404	0.171078	0.170594
357	0.167968	0.167554	0.16713
358	0.164545	0.164034	0.163684
359	0.161035	0.160629	0.160254
360	0.157493	0.157268	0.15683
361	0.154175	0.153948	0.153533
362	0.151033	0.150661	0.150338
363	0.147873	0.147432	0.147142
364	0.144682	0.144295	0.143946
365	0.141463	0.141111	0.14073
366	0.13814	0.137759	0.137442
367	0.134832	0.134423	0.134166
368	0.131848	0.131426	0.131146
369	0.128864	0.12843	0.128127
370	0.125817	0.125434	0.125083
371	0.122762	0.122439	0.122036
372	0.119723	0.119388	0.118976
373	0.116691	0.116313	0.115911
374	0.113667	0.113275	0.112882
375	0.110647	0.110267	0.109884
376	0.107698	0.107347	0.106955
377	0.104871	0.104581	0.104146
378	0.10204	0.101787	0.101331
379	0.099188	0.098881	0.098484
380	0.096338	0.095977	0.09564
381	0.093586	0.093177	0.092858
382	0.090835	0.090376	0.090076
383	0.088095	0.087659	0.08736
384	0.085357	0.084956	0.084656
385	0.082736	0.08232	0.082027
386	0.080169	0.079713	0.079434
387	0.077602	0.077174	0.076865
388	0.075036	0.074696	0.074317
389	0.072506	0.072222	0.071817
390	0.070046	0.069754	0.069404
391	0.06762	0.067302	0.067005
392	0.065345	0.064923	0.064666
393	0.063068	0.062545	0.062327
394	0.060663	0.060199	0.059964
395	0.058258	0.057853	0.057601
396	0.056207	0.055842	0.055585
397	0.05422	0.05389	0.053631
398	0.052301	0.05199	0.051699
399	0.050413	0.050114	0.049778
400	0.048418	0.048075	0.047738
401	0.046323	0.04588	0.045588
402	0.044209	0.043729	0.043472
403	0.042061	0.041662	0.041423
404	0.03996	0.039629	0.039407
405	0.038067	0.037748	0.037542
406	0.036176	0.035869	0.035678
407	0.034355	0.03404	0.033861
408	0.032534	0.032211	0.032044
409	0.030549	0.030235	0.030018
410	0.028535	0.028234	0.027956
411	0.026641	0.026314	0.026079
412	0.024802	0.02443	0.024285
413	0.022935	0.022572	0.022446
414	0.021042	0.020738	0.020567
415	0.019132	0.018844	0.018654
416	0.017193	0.016846	0.016681
417	0.015228	0.014846	0.014702
418	0.013163	0.01284	0.012699
419	0.011111	0.010843	0.010703
420	0.009364	0.009078	0.00891
421	0.007617	0.007313	0.007118
422	0.005938	0.005648	0.005468
423	0.004269	0.003999	0.003837
424	0.002632	0.002355	0.002181
425	0.001007	0.000715	0.000513
426	-0.000468	-0.000736	-0.000959
427	-0.001821	-0.002036	-0.002274
428	-0.003091	-0.003288	-0.003515
429	-0.004235	-0.004469	-0.004643
430	-0.005404	-0.005668	-0.005799
431	-0.006661	-0.006931	-0.007048
432	-0.007916	-0.008191	-0.008298
433	-0.009151	-0.009412	-0.009556
434	-0.010386	-0.010633	-0.010814
435	-0.011487	-0.011692	-0.01192
436	-0.012576	-0.012735	-0.013011
437	-0.013745	-0.01394	-0.014148
438	-0.01494	-0.015196	-0.0153
439	-0.016099	-0.016368	-0.016444
440	-0.017234	-0.017483	-0.017582
441	-0.018334	-0.018553	-0.018666
442	-0.019389	-0.019566	-0.01968
443	-0.020368	-0.02053	-0.020648
444	-0.021151	-0.021374	-0.0215
445	-0.021953	-0.022223	-0.022358
446	-0.02289	-0.023113	-0.023263
447	-0.023826	-0.024004	-0.024168
448	-0.024551	-0.024753	-0.024895
449	-0.025269	-0.025497	-0.025616
450	-0.025965	-0.026184	-0.026307
451	-0.026657	-0.026858	-0.026992
452	-0.027335	-0.027525	-0.027678
453	-0.028006	-0.02819	-0.028364
454	-0.0287	-0.028859	-0.029035
455	-0.029418	-0.029533	-0.029693
456	-0.030103	-0.03021	-0.030362
457	-0.030729	-0.030892	-0.031052
458	-0.031328	-0.031538	-0.031699
459	-0.031819	-0.032031	-0.032163
460	-0.032315	-0.032528	-0.032633
461	-0.032941	-0.033142	-0.033241
462	-0.033567	-0.033756	-0.03385
463	-0.034069	-0.034268	-0.034344
464	-0.034555	-0.034767	-0.034823
465	-0.03504	-0.035207	-0.035316
466	-0.035525	-0.035625	-0.035814
467	-0.035797	-0.035908	-0.036103
468	-0.035917	-0.036093	-0.036243
469	-0.036113	-0.036317	-0.036435
470	-0.03641	-0.036591	-0.036694
471	-0.036712	-0.03687	-0.036977
472	-0.037028	-0.037165	-0.037319
473	-0.037347	-0.037469	-0.037656
474	-0.037693	-0.037838	-0.037964
475	-0.038038	-0.038208	-0.038273
476	-0.038334	-0.038517	-0.038554
477	-0.038629	-0.038826	-0.038835
478	-0.038916	-0.039096	-0.03914
479	-0.0392	-0.039359	-0.03945
480	-0.039575	-0.039737	-0.039845
481	-0.039991	-0.040169	-0.04028
482	-0.040543	-0.040722	-0.040836
483	-0.041212	-0.041381	-0.041496
484	-0.041775	-0.04194	-0.042041
485	-0.042169	-0.042343	-0.042402
486	-0.042453	-0.042637	-0.042667
487	-0.042387	-0.042591	-0.042631
488	-0.042296	-0.042517	-0.042569
489	-0.041975	-0.042184	-0.042258
490	-0.041653	-0.04185	-0.041947
491	-0.041481	-0.041682	-0.041743
492	-0.041317	-0.041522	-0.041544
493	-0.041226	-0.04138	-0.041441
494	-0.041152	-0.041241	-0.041361
495	-0.041111	-0.041214	-0.0413
496	-0.041087	-0.041244	-0.041249
497	-0.041073	-0.041267	-0.041267
498	-0.041068	-0.041285	-0.04135
499	-0.041102	-0.041289	-0.041398
500	-0.041199	-0.04127	-0.041387
501	-0.041246	-0.041253	-0.041376
502	-0.04112	-0.041246	-0.041362
503	-0.040998	-0.041232	-0.041338
504	-0.040907	-0.041146	-0.041202
505	-0.040816	-0.041059	-0.041066
506	-0.040764	-0.040958	-0.041028
507	-0.040713	-0.040856	-0.040994
508	-0.040659	-0.040787	-0.040938
509	-0.040602	-0.040726	-0.040877
510	-0.040519	-0.040626	-0.040758
511	-0.040422	-0.040507	-0.040609
512	-0.040314	-0.040422	-0.040508
513	-0.040197	-0.04037	-0.040451
514	-0.040107	-0.040333	-0.04039
515	-0.040058	-0.04032	-0.040321
516	-0.039997	-0.040276	-0.040239
517	-0.039903	-0.040138	-0.040116
518	-0.039804	-0.039998	-0.039992
519	-0.039678	-0.039833	-0.039859
520	-0.039552	-0.039668	-0.039727
521	-0.039437	-0.039618	-0.039651
522	-0.039322	-0.039572	-0.039577
523	-0.039204	-0.039432	-0.039437
524	-0.039086	-0.039273	-0.039285
525	-0.03899	-0.039174	-0.039182
526	-0.038903	-0.039101	-0.0391
527	-0.03881	-0.038994	-0.03903
528	-0.038713	-0.03886	-0.038968
529	-0.038587	-0.038724	-0.038857
530	-0.038424	-0.038583	-0.03868
531	-0.038273	-0.038447	-0.038513
532	-0.038149	-0.038325	-0.03837
533	-0.038025	-0.038206	-0.03824
534	-0.037892	-0.038103	-0.038183
535	-0.03776	-0.037998	-0.038123
536	-0.037632	-0.037833	-0.037933
537	-0.037505	-0.037668	-0.037743
538	-0.037425	-0.037607	-0.037637
539	-0.03735	-0.037558	-0.03754
540	-0.037308	-0.037519	-0.037536
541	-0.037275	-0.037482	-0.037559
542	-0.03714	-0.037354	-0.037429
543	-0.036947	-0.037172	-0.037208
544	-0.036737	-0.036948	-0.03697
545	-0.03651	-0.036683	-0.036716
546	-0.036279	-0.03644	-0.036486
547	-0.03604	-0.036237	-0.0363
548	-0.035827	-0.036043	-0.036121
549	-0.035692	-0.035878	-0.03597
550	-0.035548	-0.035704	-0.035806
551	-0.03533	-0.035461	-0.035539
552	-0.035111	-0.035218	-0.035272
553	-0.034953	-0.035128	-0.035098
554	-0.034795	-0.03504	-0.034924
555	-0.034647	-0.034858	-0.034784
556	-0.034501	-0.034661	-0.034649
557	-0.034334	-0.034457	-0.034475
558	-0.03416	-0.034249	-0.034288
559	-0.033958	-0.034049	-0.034086
560	-0.033739	-0.033854	-0.033874
561	-0.033575	-0.033699	-0.033736
562	-0.033471	-0.033585	-0.033678
563	-0.033377	-0.033497	-0.033611
564	-0.033301	-0.033457	-0.033531
565	-0.033267	-0.033442	-0.03349
566	-0.033368	-0.033506	-0.033576
567	-0.033488	-0.033592	-0.033681
568	-0.033751	-0.033853	-0.033941
569	-0.034014	-0.034113	-0.034202
570	-0.034182	-0.034288	-0.034371
571	-0.03435	-0.034462	-0.034539
572	-0.0344	-0.03451	-0.034605
573	-0.034431	-0.034539	-0.034655
574	-0.034518	-0.034633	-0.03471
575	-0.034624	-0.034749	-0.034766
576	-0.034661	-0.034769	-0.034789
577	-0.03466	-0.034732	-0.034792
578	-0.034625	-0.034689	-0.034766
579	-0.03456	-0.034639	-0.034713
580	-0.034457	-0.03455	-0.034614
581	-0.034298	-0.034401	-0.034446
582	-0.034083	-0.034197	-0.034231
583	-0.033723	-0.033853	-0.033894
584	-0.03335	-0.033492	-0.033542
585	-0.032908	-0.033045	-0.033114
586	-0.032467	-0.0326	-0.032685
587	-0.032073	-0.032169	-0.03224
588	-0.031679	-0.031738	-0.031794
589	-0.031198	-0.031256	-0.031301
590	-0.030711	-0.03077	-0.030804
591	-0.030369	-0.030462	-0.030494
592	-0.03006	-0.030196	-0.030228
593	-0.029827	-0.029956	-0.029999
594	-0.029626	-0.029729	-0.029787
595	-0.029392	-0.029473	-0.029539
596	-0.029135	-0.029198	-0.029266
597	-0.028844	-0.028897	-0.028991
598	-0.028514	-0.028569	-0.028711
599	-0.02823	-0.028293	-0.028444
600	-0.028022	-0.028105	-0.028197
601	-0.027798	-0.027904	-0.027959
602	-0.027525	-0.027662	-0.027742
603	-0.027245	-0.027409	-0.027506
604	-0.026929	-0.027084	-0.027157
605	-0.026608	-0.026754	-0.026804
606	-0.026161	-0.026307	-0.026344
607	-0.025713	-0.025861	-0.025884
608	-0.025368	-0.025527	-0.025537
609	-0.02503	-0.025202	-0.025199
610	-0.024719	-0.02489	-0.024901
611	-0.024413	-0.02458	-0.024611
612	-0.024085	-0.024239	-0.024296
613	-0.023749	-0.023887	-0.02397
614	-0.023447	-0.023586	-0.023667
615	-0.023168	-0.023318	-0.023378
616	-0.022822	-0.022964	-0.023032
617	-0.02241	-0.022526	-0.022629
618	-0.02206	-0.022166	-0.022283
619	-0.021801	-0.02192	-0.022024
620	-0.021512	-0.021635	-0.021728
621	-0.021151	-0.021257	-0.021348
622	-0.020796	-0.020896	-0.020986
623	-0.020469	-0.020606	-0.020696
624	-0.020142	-0.020312	-0.020398
625	-0.019807	-0.019967	-0.020032
626	-0.019472	-0.019622	-0.019666
627	-0.019228	-0.019358	-0.019387
628	-0.018984	-0.019095	-0.019108
629	-0.018564	-0.018724	-0.018739
630	-0.018123	-0.01834	-0.018358
631	-0.017795	-0.018001	-0.018021
632	-0.017496	-0.017675	-0.017695
633	-0.017264	-0.017413	-0.017457
634	-0.017061	-0.017179	-0.017258
635	-0.016817	-0.016911	-0.017013
636	-0.016546	-0.016621	-0.016738
637	-0.016314	-0.016401	-0.016514
638	-0.01612	-0.016251	-0.01634
639	-0.015932	-0.016077	-0.016151
640	-0.015751	-0.015868	-0.015939
641	-0.01551	-0.015617	-0.015687
642	-0.015137	-0.01527	-0.015347
643	-0.014794	-0.014941	-0.015025
644	-0.014557	-0.01468	-0.014769
645	-0.014327	-0.014437	-0.014524
646	-0.01415	-0.014319	-0.01436
647	-0.013979	-0.014204	-0.0142
648	-0.013996	-0.014169	-0.014196
649	-0.014014	-0.014134	-0.014192
650	-0.014654	-0.014766	-0.014822
651	-0.015333	-0.015438	-0.015489
652	-0.016356	-0.016457	-0.016524
653	-0.017439	-0.017535	-0.017622
654	-0.018259	-0.018358	-0.018445
655	-0.018998	-0.019101	-0.019183
656	-0.019054	-0.01916	-0.019248
657	-0.018782	-0.01889	-0.018988
658	-0.018202	-0.018304	-0.018404
659	-0.017407	-0.017496	-0.01759
660	-0.016285	-0.016368	-0.016454
661	-0.014837	-0.01492	-0.014995
662	-0.013489	-0.013579	-0.013644
663	-0.012283	-0.012386	-0.012445
664	-0.011306	-0.011419	-0.011461
665	-0.010795	-0.010909	-0.010914
666	-0.010335	-0.010455	-0.01044
667	-0.010033	-0.010171	-0.010191
668	-0.009723	-0.009881	-0.009934
669	-0.009376	-0.009558	-0.009636
670	-0.009047	-0.00925	-0.009347
671	-0.008935	-0.009112	-0.00917
672	-0.008822	-0.008973	-0.008993
673	-0.008592	-0.008744	-0.008786
674	-0.008362	-0.008514	-0.008578
675	-0.008155	-0.008321	-0.008331
676	-0.007949	-0.008131	-0.008079
677	-0.007773	-0.007934	-0.007941
678	-0.007602	-0.007737	-0.007825
679	-0.007452	-0.007617	-0.007698
680	-0.007309	-0.007521	-0.007568
681	-0.007165	-0.007352	-0.007351
682	-0.007023	-0.00715	-0.007093
683	-0.006886	-0.006979	-0.006929
684	-0.006753	-0.006829	-0.006823
685	-0.006572	-0.006652	-0.006675
686	-0.006348	-0.006451	-0.00649
687	-0.006154	-0.006253	-0.006301
688	-0.005993	-0.006057	-0.006108
689	-0.005834	-0.00589	-0.005935
690	-0.005677	-0.005769	-0.005793
691	-0.0055	-0.005623	-0.005643
692	-0.00528	-0.005424	-0.005475
693	-0.005063	-0.005225	-0.005294
694	-0.004854	-0.005024	-0.005073
695	-0.004665	-0.004831	-0.004867
696	-0.00457	-0.004674	-0.004727
697	-0.00446	-0.004511	-0.004583
698	-0.004225	-0.004299	-0.004395
699	-0.003992	-0.00409	-0.004206
700	-0.003809	-0.003961	-0.003964
701	-0.003627	-0.003831	-0.003722
702	-0.003485	-0.00362	-0.003595
703	-0.003344	-0.003406	-0.003473
704	-0.003129	-0.0032	-0.003271
705	-0.002905	-0.002995	-0.003061
706	-0.002754	-0.002882	-0.00293
707	-0.002617	-0.002787	-0.002814
708	-0.002391	-0.002548	-0.002594
709	-0.002139	-0.002264	-0.002343
710	-0.001985	-0.002104	-0.002151
711	-0.001872	-0.001997	-0.001984
712	-0.001731	-0.001865	-0.001848
713	-0.001575	-0.001721	-0.001727
714	-0.001351	-0.001511	-0.001544
715	-0.001077	-0.001254	-0.001314
716	-0.000897	-0.001055	-0.001107
717	-0.000803	-0.00091	-0.000921
718	-0.000656	-0.000721	-0.000725
719	-0.000448	-0.00048	-0.000517
720	-0.000227	-0.00024	-0.000318
[LOG]
CHECKSUMÔù