[HEADER]
Format	J&M ASCII Table
Comment	
Date	02/03/2026 19:30:34
Order	Y (evenX)
TechType	UV
NumPoints	411
FirstX	310
LastX	720
XType	nm
YType	Absorbance
ZType	s
NumSubFile	3
Matrix	Z vs X
[LOGIN]
Name=pcbob
[INSTRUMENT]
Name=TIDAS E Base UV/VI
Detector=MMS - ASPEN 97,5 kHz
Diodearray=256 Pixel
Serial#=36584
Calibrated=2011-07-01
Range=183.81-729.88 [nm] (F0)

SWVersion=v3.18.2 (build 0)[LOGIN]
Name=pcbob
[CONFIG]
ChannelName=Channel 1
ChannelType=Normalized
[PARAMETER]
It=400,00
Aver=5
Norm=3
Range=310,0-720,0 nm
Scan=Time
ScanTime=5,00 s
[TRIGGER]
Sweep=0
Scan=0
[DIO]
DigOut=0x0000
DigIn=0x0000
[DATA]
	00:00:00,000	00:00:02,000	00:00:04,000
310	1.153534	1.152472	1.151711
311	1.139563	1.13845	1.137689
312	1.125488	1.12451	1.123682
313	1.111458	1.110504	1.109682
314	1.097492	1.096408	1.095694
315	1.08365	1.082468	1.081833
316	1.070199	1.069016	1.06837
317	1.05675	1.055566	1.054894
318	1.04332	1.04214	1.041221
319	1.02989	1.028715	1.027548
320	1.016714	1.015525	1.014372
321	1.003571	1.002365	1.00126
322	0.990506	0.989357	0.98829
323	0.977472	0.976412	0.975379
324	0.964546	0.963557	0.962466
325	0.951715	0.950782	0.949552
326	0.938891	0.937953	0.936712
327	0.926079	0.925025	0.924009
328	0.913344	0.912167	0.911338
329	0.900961	0.89963	0.898817
330	0.888578	0.887093	0.886295
331	0.876196	0.874945	0.873906
332	0.863813	0.862796	0.861518
333	0.851612	0.850514	0.849453
334	0.839449	0.838203	0.837457
335	0.827635	0.826339	0.825658
336	0.816009	0.814716	0.813965
337	0.80437	0.803139	0.802319
338	0.792716	0.791613	0.790724
339	0.781218	0.780187	0.779223
340	0.770092	0.768994	0.767942
341	0.758996	0.757826	0.756705
342	0.748126	0.746838	0.745787
343	0.737256	0.735851	0.734869
344	0.726687	0.725356	0.724445
345	0.716134	0.714888	0.714048
346	0.705548	0.704347	0.703447
347	0.694953	0.693784	0.692786
348	0.684569	0.683391	0.682398
349	0.674328	0.673112	0.672193
350	0.664312	0.663073	0.662101
351	0.654602	0.653362	0.652162
352	0.644905	0.643712	0.642332
353	0.635246	0.634248	0.632824
354	0.625596	0.624766	0.623317
355	0.616066	0.615079	0.613826
356	0.606536	0.605391	0.604335
357	0.597309	0.596238	0.595152
358	0.588114	0.58714	0.586001
359	0.578983	0.578035	0.576892
360	0.569874	0.568927	0.567798
361	0.560827	0.559849	0.558763
362	0.551828	0.550795	0.549773
363	0.543014	0.541935	0.540935
364	0.534491	0.533382	0.532336
365	0.526	0.524863	0.523774
366	0.517623	0.516462	0.515349
367	0.509259	0.508075	0.50694
368	0.501146	0.499963	0.498889
369	0.493033	0.491851	0.490839
370	0.484969	0.483794	0.482769
371	0.476911	0.475746	0.474696
372	0.46889	0.467713	0.466621
373	0.460884	0.459687	0.458544
374	0.453018	0.451762	0.450632
375	0.445276	0.443927	0.442865
376	0.437621	0.436255	0.435208
377	0.430119	0.428873	0.427746
378	0.422636	0.421482	0.420278
379	0.415228	0.414052	0.412787
380	0.407825	0.406628	0.405304
381	0.400647	0.399456	0.398185
382	0.393468	0.392285	0.391066
383	0.386446	0.385221	0.383972
384	0.37945	0.378176	0.376883
385	0.37256	0.371246	0.369964
386	0.365719	0.364367	0.363122
387	0.359005	0.357635	0.356392
388	0.352411	0.35104	0.349767
389	0.345834	0.344505	0.343236
390	0.339287	0.338083	0.336883
391	0.332778	0.331672	0.330503
392	0.32644	0.325313	0.323998
393	0.320105	0.318956	0.3175
394	0.313967	0.31269	0.311418
395	0.307829	0.306425	0.305337
396	0.302184	0.300816	0.299805
397	0.296628	0.295327	0.294372
398	0.291209	0.289985	0.288989
399	0.285855	0.284712	0.28363
400	0.280406	0.279257	0.278138
401	0.274868	0.273629	0.272521
402	0.269336	0.268037	0.266969
403	0.263816	0.262513	0.261539
404	0.25837	0.257092	0.25617
405	0.253254	0.252128	0.251072
406	0.248143	0.247164	0.245979
407	0.243258	0.242215	0.241156
408	0.238374	0.237266	0.236333
409	0.233282	0.232223	0.231313
410	0.228155	0.227164	0.22626
411	0.223256	0.222262	0.221322
412	0.21846	0.217431	0.216436
413	0.213707	0.212695	0.211654
414	0.208994	0.208044	0.206967
415	0.204305	0.203354	0.202298
416	0.199661	0.198593	0.197662
417	0.194984	0.19384	0.192999
418	0.190176	0.189118	0.188229
419	0.185383	0.184405	0.183469
420	0.180955	0.179916	0.178988
421	0.176527	0.175427	0.174507
422	0.172435	0.171311	0.170418
423	0.168391	0.167247	0.166385
424	0.164375	0.163274	0.162406
425	0.160372	0.159337	0.158448
426	0.156512	0.155513	0.154624
427	0.152769	0.151781	0.150909
428	0.149128	0.148159	0.147322
429	0.145648	0.144708	0.143932
430	0.14218	0.141257	0.14053
431	0.138755	0.137807	0.137089
432	0.135331	0.134361	0.13365
433	0.131916	0.130973	0.130236
434	0.128501	0.127585	0.126822
435	0.125265	0.124412	0.123655
436	0.122046	0.12126	0.12051
437	0.118966	0.118197	0.11744
438	0.115932	0.115163	0.114394
439	0.112906	0.112124	0.11135
440	0.109886	0.109082	0.108308
441	0.107009	0.106208	0.105431
442	0.104315	0.103551	0.102764
443	0.101667	0.10093	0.100148
444	0.099138	0.098402	0.097661
445	0.096617	0.095883	0.095178
446	0.094148	0.093422	0.092716
447	0.091679	0.09096	0.090254
448	0.089393	0.08861	0.087948
449	0.087112	0.086262	0.085646
450	0.084891	0.084079	0.083445
451	0.082683	0.081932	0.081266
452	0.080479	0.079781	0.07913
453	0.078277	0.077628	0.077016
454	0.076174	0.075546	0.074959
455	0.074171	0.073534	0.07296
456	0.072207	0.071575	0.071003
457	0.070319	0.069713	0.069126
458	0.068457	0.067864	0.067274
459	0.066704	0.066069	0.06553
460	0.064948	0.064274	0.063782
461	0.063105	0.062461	0.061938
462	0.061261	0.060647	0.060095
463	0.059664	0.059014	0.058476
464	0.058098	0.057403	0.056886
465	0.056618	0.055922	0.055424
466	0.055169	0.054487	0.054008
467	0.053832	0.053196	0.052685
468	0.052573	0.052007	0.051429
469	0.051341	0.050767	0.050184
470	0.050143	0.049461	0.048953
471	0.048916	0.048174	0.047711
472	0.047615	0.046934	0.046442
473	0.046318	0.045696	0.045171
474	0.045046	0.044472	0.043889
475	0.043774	0.043247	0.042607
476	0.042632	0.042103	0.041489
477	0.041492	0.04096	0.040373
478	0.040375	0.03981	0.039244
479	0.039264	0.038658	0.038112
480	0.038012	0.037431	0.036896
481	0.036697	0.036168	0.03564
482	0.035329	0.034791	0.034294
483	0.033915	0.033316	0.03287
484	0.032626	0.031992	0.031582
485	0.031533	0.030906	0.03051
486	0.030573	0.02996	0.029568
487	0.030032	0.02945	0.029035
488	0.029499	0.028948	0.028506
489	0.029057	0.028523	0.02802
490	0.028615	0.028099	0.027535
491	0.028181	0.027634	0.027154
492	0.027748	0.027168	0.026778
493	0.027199	0.026652	0.026189
494	0.026621	0.026123	0.025547
495	0.026074	0.025542	0.02495
496	0.025542	0.024932	0.024376
497	0.02493	0.024318	0.023803
498	0.024245	0.0237	0.023231
499	0.023589	0.023089	0.022644
500	0.022984	0.022488	0.022033
501	0.022419	0.021914	0.021447
502	0.021987	0.021429	0.020948
503	0.021549	0.020942	0.02045
504	0.021044	0.020425	0.019968
505	0.020539	0.019909	0.019486
506	0.020082	0.01947	0.019002
507	0.019628	0.019036	0.018518
508	0.019133	0.018552	0.018074
509	0.01863	0.018056	0.017638
510	0.018178	0.017588	0.017204
511	0.017753	0.017134	0.016769
512	0.017292	0.016687	0.016314
513	0.016798	0.016245	0.01584
514	0.01633	0.015804	0.015397
515	0.015904	0.015365	0.015005
516	0.015511	0.014951	0.014623
517	0.015223	0.014615	0.014268
518	0.014926	0.014284	0.013913
519	0.014556	0.014	0.013559
520	0.014186	0.013716	0.013204
521	0.013802	0.013356	0.012815
522	0.013418	0.012994	0.012424
523	0.013122	0.012586	0.012079
524	0.012845	0.012169	0.011743
525	0.012477	0.011825	0.011394
526	0.012069	0.011511	0.011039
527	0.011706	0.011195	0.010697
528	0.011378	0.010876	0.010366
529	0.011067	0.01057	0.01008
530	0.010782	0.010282	0.009853
531	0.010514	0.010016	0.009606
532	0.010291	0.009803	0.009308
533	0.010057	0.009571	0.009012
534	0.009771	0.009234	0.008723
535	0.009484	0.008898	0.008434
536	0.009164	0.008569	0.008152
537	0.008844	0.008241	0.00787
538	0.008553	0.007976	0.007599
539	0.008265	0.007717	0.007329
540	0.007955	0.007433	0.00703
541	0.007638	0.00714	0.006721
542	0.007418	0.006913	0.006503
543	0.007256	0.006725	0.006338
544	0.007081	0.006552	0.006149
545	0.006894	0.006392	0.005936
546	0.006734	0.006233	0.005767
547	0.00662	0.006076	0.005671
548	0.006489	0.005924	0.005556
549	0.006304	0.005783	0.005383
550	0.006123	0.005639	0.005213
551	0.005969	0.005468	0.005068
552	0.005816	0.005297	0.004924
553	0.005569	0.005083	0.004695
554	0.005322	0.004869	0.004464
555	0.005138	0.004693	0.004339
556	0.004965	0.004524	0.00423
557	0.004897	0.004413	0.004156
558	0.004866	0.004323	0.004094
559	0.004778	0.004264	0.003972
560	0.004653	0.004225	0.003812
561	0.004493	0.004077	0.003628
562	0.004295	0.003813	0.003421
563	0.004088	0.003578	0.003208
564	0.003866	0.003398	0.002984
565	0.003608	0.003163	0.002732
566	0.003231	0.002753	0.002387
567	0.00284	0.002335	0.002029
568	0.002338	0.001851	0.001566
569	0.001836	0.001368	0.001103
570	0.001392	0.000971	0.000602
571	0.000949	0.000575	0.0001
572	0.000565	0.000185	-0.000256
573	0.000191	-0.000204	-0.00059
574	-0.000132	-0.00055	-0.000897
575	-0.000438	-0.000883	-0.001195
576	-0.00072	-0.001187	-0.001486
577	-0.00099	-0.001474	-0.001772
578	-0.001214	-0.001688	-0.001995
579	-0.001394	-0.001833	-0.002158
580	-0.001547	-0.001959	-0.002291
581	-0.001656	-0.002056	-0.002378
582	-0.001698	-0.002092	-0.002406
583	-0.001565	-0.001967	-0.002282
584	-0.001424	-0.001833	-0.00215
585	-0.001244	-0.001642	-0.001975
586	-0.001065	-0.001453	-0.001801
587	-0.000902	-0.001274	-0.001637
588	-0.00074	-0.001095	-0.001472
589	-0.000519	-0.000925	-0.001282
590	-0.000294	-0.000757	-0.001089
591	-0.000234	-0.000677	-0.000987
592	-0.000211	-0.000618	-0.000905
593	-0.000207	-0.000619	-0.000914
594	-0.000211	-0.000647	-0.000961
595	-0.0002	-0.000633	-0.000969
596	-0.000178	-0.00059	-0.00095
597	-0.000129	-0.000529	-0.000896
598	-0.000052	-0.000447	-0.000805
599	0.000007	-0.000386	-0.000745
600	0.000034	-0.00036	-0.00074
601	0.000064	-0.000335	-0.000724
602	0.000101	-0.000311	-0.000681
603	0.000149	-0.00028	-0.000627
604	0.000269	-0.000202	-0.000516
605	0.00039	-0.000119	-0.0004
606	0.000563	0.000088	-0.000176
607	0.000737	0.000296	0.000048
608	0.000853	0.000433	0.000161
609	0.000964	0.000565	0.000265
610	0.001084	0.000696	0.000362
611	0.001206	0.000826	0.000458
612	0.001309	0.000931	0.000551
613	0.001404	0.001027	0.000644
614	0.001527	0.001118	0.000769
615	0.001666	0.001206	0.000915
616	0.001847	0.00134	0.001063
617	0.002068	0.001518	0.001213
618	0.002205	0.001663	0.001344
619	0.002213	0.001758	0.001448
620	0.002264	0.001862	0.001567
621	0.002418	0.001989	0.001726
622	0.002562	0.002112	0.00187
623	0.002659	0.002222	0.001956
624	0.002765	0.002338	0.002046
625	0.002951	0.00252	0.002178
626	0.003137	0.002702	0.00231
627	0.003267	0.002824	0.002434
628	0.003396	0.002945	0.002557
629	0.003525	0.003077	0.002706
630	0.003655	0.003211	0.002858
631	0.003781	0.00337	0.003011
632	0.003905	0.003535	0.003164
633	0.003963	0.003562	0.003208
634	0.003993	0.003529	0.003204
635	0.004092	0.003598	0.00328
636	0.004237	0.003735	0.003409
637	0.004309	0.003833	0.003494
638	0.004307	0.003892	0.003533
639	0.004325	0.003927	0.003559
640	0.004372	0.003927	0.003567
641	0.004428	0.003954	0.003614
642	0.004507	0.004039	0.003747
643	0.004598	0.00413	0.00385
644	0.004737	0.004242	0.003849
645	0.004857	0.004347	0.003861
646	0.00485	0.004405	0.003962
647	0.004838	0.004456	0.004053
648	0.004669	0.004278	0.00388
649	0.004501	0.0041	0.003708
650	0.003755	0.003354	0.002986
651	0.002973	0.002574	0.002231
652	0.00191	0.001492	0.001202
653	0.000797	0.000358	0.000125
654	0.000006	-0.000419	-0.000657
655	-0.000685	-0.001084	-0.001348
656	-0.000837	-0.001237	-0.001487
657	-0.000728	-0.001143	-0.001359
658	-0.000289	-0.000676	-0.000911
659	0.000384	0.000054	-0.000237
660	0.001313	0.000966	0.00066
661	0.002498	0.002059	0.001782
662	0.003565	0.003082	0.00281
663	0.004466	0.004006	0.003707
664	0.005195	0.004757	0.004446
665	0.005576	0.005156	0.004866
666	0.005896	0.005482	0.005201
667	0.006036	0.005585	0.005278
668	0.006178	0.005699	0.005374
669	0.006335	0.005876	0.005566
670	0.006482	0.006042	0.005746
671	0.006507	0.006086	0.005784
672	0.006532	0.00613	0.005822
673	0.006618	0.0062	0.005899
674	0.006704	0.00627	0.005975
675	0.006815	0.006355	0.006076
676	0.006928	0.006441	0.006179
677	0.006965	0.006506	0.006223
678	0.006987	0.006568	0.006256
679	0.006969	0.006609	0.006277
680	0.006937	0.006644	0.006293
681	0.007034	0.0067	0.006346
682	0.007191	0.006765	0.006416
683	0.00725	0.006827	0.006456
684	0.007248	0.006886	0.006479
685	0.007311	0.006956	0.006571
686	0.00743	0.007035	0.006725
687	0.007548	0.007139	0.006866
688	0.007666	0.007271	0.006993
689	0.00777	0.007396	0.007101
690	0.007851	0.007508	0.007181
691	0.007939	0.007609	0.00726
692	0.008043	0.007689	0.007338
693	0.008167	0.007783	0.007433
694	0.008356	0.007925	0.007577
695	0.00851	0.008049	0.007704
696	0.008496	0.008079	0.00775
697	0.008495	0.008116	0.007803
698	0.008608	0.008207	0.007912
699	0.008722	0.008299	0.008021
700	0.008861	0.008393	0.008096
701	0.009	0.008488	0.008171
702	0.009121	0.00861	0.008253
703	0.009242	0.008733	0.008334
704	0.009268	0.008846	0.008424
705	0.009283	0.008958	0.008513
706	0.009376	0.008999	0.008607
707	0.009485	0.009026	0.008702
708	0.009596	0.009163	0.00882
709	0.009707	0.009334	0.008947
710	0.009776	0.0094	0.009017
711	0.009826	0.009423	0.009063
712	0.00987	0.009453	0.00914
713	0.009909	0.009488	0.009235
714	0.010033	0.009615	0.009359
715	0.010218	0.00981	0.009505
716	0.010342	0.009952	0.009622
717	0.010409	0.010045	0.009714
718	0.010496	0.010149	0.009839
719	0.010606	0.010265	0.010004
720	0.010774	0.010429	0.010153
[LOG]
CHECKSUM\