[HEADER]
Format	J&M ASCII Table
Comment	
Date	02/03/2026 19:44:51
Order	Y (evenX)
TechType	UV
NumPoints	411
FirstX	310
LastX	720
XType	nm
YType	Absorbance
ZType	s
NumSubFile	3
Matrix	Z vs X
[LOGIN]
Name=pcbob
[INSTRUMENT]
Name=TIDAS E Base UV/VI
Detector=MMS - ASPEN 97,5 kHz
Diodearray=256 Pixel
Serial#=36584
Calibrated=2011-07-01
Range=183.81-729.88 [nm] (F0)

SWVersion=v3.18.2 (build 0)[LOGIN]
Name=pcbob
[CONFIG]
ChannelName=Channel 1
ChannelType=Normalized
[PARAMETER]
It=400,00
Aver=5
Norm=3
Range=310,0-720,0 nm
Scan=Time
ScanTime=5,00 s
[TRIGGER]
Sweep=0
Scan=0
[DIO]
DigOut=0x0000
DigIn=0x0000
[DATA]
	00:00:00,000	00:00:02,000	00:00:04,000
310	2.011059	2.009836	2.007604
311	1.993805	1.9928	1.991486
312	1.976193	1.975681	1.975629
313	1.958977	1.958254	1.959112
314	1.942309	1.940402	1.941682
315	1.925268	1.922497	1.924138
316	1.907059	1.904428	1.906235
317	1.888705	1.886306	1.888198
318	1.868213	1.867405	1.868174
319	1.84772	1.848504	1.848149
320	1.827013	1.827526	1.827719
321	1.806277	1.806279	1.807236
322	1.786192	1.785195	1.786125
323	1.766374	1.764177	1.764755
324	1.745572	1.743742	1.743894
325	1.7239	1.72382	1.723481
326	1.70239	1.70325	1.702741
327	1.681176	1.681494	1.681403
328	1.660133	1.659877	1.660069
329	1.639891	1.638901	1.638752
330	1.619647	1.617926	1.617435
331	1.597817	1.597162	1.596512
332	1.575986	1.576397	1.575589
333	1.555581	1.555732	1.555256
334	1.535479	1.535087	1.53505
335	1.516132	1.515485	1.51489
336	1.497192	1.496447	1.494755
337	1.477289	1.476952	1.475009
338	1.456313	1.456947	1.455694
339	1.436025	1.437247	1.436527
340	1.417357	1.418266	1.417704
341	1.39884	1.399301	1.398925
342	1.381395	1.38045	1.380453
343	1.36395	1.361598	1.361982
344	1.3463	1.34489	1.345117
345	1.328639	1.3283	1.328342
346	1.310988	1.310473	1.310699
347	1.293341	1.292283	1.292802
348	1.276256	1.275002	1.275227
349	1.25955	1.258328	1.257867
350	1.242874	1.241828	1.241092
351	1.226239	1.225562	1.225109
352	1.209845	1.209368	1.209138
353	1.194166	1.193391	1.193203
354	1.178471	1.177427	1.177258
355	1.162589	1.161613	1.161195
356	1.146707	1.1458	1.145132
357	1.131227	1.130516	1.129715
358	1.115789	1.115287	1.114366
359	1.100307	1.099854	1.099261
360	1.084808	1.084347	1.084246
361	1.069659	1.069314	1.06917
362	1.054786	1.054655	1.054045
363	1.040256	1.040197	1.039325
364	1.026269	1.026056	1.025245
365	1.012115	1.011828	1.011086
366	0.997358	0.997283	0.996635
367	0.98267	0.982776	0.982226
368	0.969492	0.969066	0.968737
369	0.956314	0.955355	0.955248
370	0.942759	0.941925	0.941746
371	0.929149	0.928536	0.928242
372	0.915441	0.914798	0.914609
373	0.901693	0.900912	0.900921
374	0.88832	0.887513	0.887543
375	0.875278	0.874542	0.874439
376	0.862301	0.861599	0.861374
377	0.84944	0.848704	0.848377
378	0.836559	0.83585	0.835444
379	0.8236	0.823165	0.822782
380	0.810655	0.810484	0.810126
381	0.798315	0.797975	0.797771
382	0.785975	0.785465	0.785415
383	0.773735	0.773278	0.773028
384	0.761512	0.761147	0.760636
385	0.749617	0.749165	0.748649
386	0.737874	0.737253	0.736848
387	0.726214	0.725579	0.725253
388	0.714634	0.714129	0.71385
389	0.703179	0.702751	0.702492
390	0.691959	0.691509	0.691217
391	0.680769	0.680299	0.679994
392	0.669714	0.669234	0.669008
393	0.658666	0.658174	0.658027
394	0.648092	0.647537	0.647357
395	0.637517	0.636899	0.636687
396	0.627753	0.627177	0.626915
397	0.618137	0.61762	0.617306
398	0.60837	0.607992	0.607655
399	0.598531	0.598329	0.597984
400	0.588696	0.588521	0.588179
401	0.578865	0.578575	0.578247
402	0.569199	0.568843	0.568443
403	0.55984	0.55951	0.55888
404	0.550551	0.550248	0.549471
405	0.541572	0.541303	0.540745
406	0.532598	0.532362	0.532019
407	0.523863	0.523621	0.523272
408	0.515129	0.514879	0.514525
409	0.506117	0.505989	0.505543
410	0.497058	0.497074	0.496521
411	0.488392	0.488421	0.487875
412	0.479902	0.479885	0.479397
413	0.471538	0.471452	0.471036
414	0.463288	0.463109	0.46278
415	0.454972	0.454692	0.454432
416	0.44654	0.446145	0.445923
417	0.438117	0.437665	0.437461
418	0.429732	0.429451	0.429185
419	0.421369	0.421257	0.420934
420	0.4136	0.413533	0.413298
421	0.40583	0.405809	0.405663
422	0.398858	0.398752	0.398478
423	0.391998	0.391789	0.391357
424	0.384924	0.384667	0.384238
425	0.377764	0.377482	0.377119
426	0.370705	0.370493	0.370206
427	0.363727	0.363663	0.363459
428	0.357003	0.356978	0.356796
429	0.350671	0.350518	0.350262
430	0.344308	0.344067	0.343762
431	0.337838	0.337645	0.337375
432	0.331378	0.331232	0.331
433	0.325044	0.324921	0.324795
434	0.31871	0.31861	0.31859
435	0.312775	0.312609	0.312638
436	0.306878	0.306638	0.30671
437	0.301198	0.301023	0.301006
438	0.295588	0.295524	0.295374
439	0.289972	0.289938	0.289759
440	0.284351	0.284293	0.284154
441	0.279006	0.278937	0.278817
442	0.274014	0.273951	0.273823
443	0.269113	0.269057	0.26891
444	0.264445	0.264397	0.264205
445	0.25978	0.259735	0.259505
446	0.255141	0.255061	0.254845
447	0.250502	0.250387	0.250185
448	0.246045	0.245933	0.245796
449	0.241594	0.241487	0.241415
450	0.237284	0.237144	0.237139
451	0.233008	0.232824	0.232888
452	0.228779	0.228637	0.228672
453	0.224576	0.224519	0.224474
454	0.2205	0.22047	0.220422
455	0.216551	0.216489	0.216515
456	0.212747	0.21266	0.212714
457	0.209219	0.209117	0.209107
458	0.205705	0.205596	0.20554
459	0.202253	0.20217	0.202135
460	0.198802	0.198743	0.19873
461	0.195347	0.195313	0.1953
462	0.191892	0.191883	0.19187
463	0.188765	0.188734	0.188673
464	0.185679	0.185621	0.185506
465	0.182633	0.182574	0.182453
466	0.179601	0.179551	0.179441
467	0.176725	0.176718	0.176573
468	0.17396	0.174019	0.173809
469	0.171248	0.171307	0.171125
470	0.168604	0.168575	0.168549
471	0.165925	0.165849	0.165916
472	0.163158	0.163138	0.163143
473	0.160419	0.160451	0.160399
474	0.157868	0.157923	0.157854
475	0.155317	0.155395	0.155309
476	0.152964	0.152994	0.152908
477	0.150615	0.150595	0.150509
478	0.148333	0.148256	0.148201
479	0.146066	0.145929	0.145911
480	0.14367	0.143575	0.143605
481	0.141215	0.141208	0.141292
482	0.138807	0.138829	0.138913
483	0.136439	0.136439	0.136475
484	0.134222	0.134181	0.134189
485	0.132243	0.132131	0.132141
486	0.130389	0.130251	0.13026
487	0.128927	0.128907	0.128905
488	0.127476	0.127555	0.127546
489	0.126116	0.126135	0.126155
490	0.124757	0.124714	0.124765
491	0.123231	0.123289	0.123237
492	0.121696	0.121865	0.121703
493	0.120065	0.120241	0.120139
494	0.118411	0.118569	0.118569
495	0.116858	0.116974	0.117004
496	0.115356	0.115417	0.115441
497	0.113893	0.11392	0.113926
498	0.112464	0.112479	0.112456
499	0.111032	0.111056	0.111032
500	0.109593	0.109664	0.109684
501	0.108195	0.108293	0.108336
502	0.106937	0.106991	0.106987
503	0.105677	0.105696	0.105649
504	0.104385	0.104466	0.104423
505	0.103094	0.103236	0.103196
506	0.101871	0.102059	0.101991
507	0.100651	0.100885	0.100786
508	0.09944	0.099613	0.099582
509	0.098231	0.098318	0.098378
510	0.097029	0.097058	0.097122
511	0.095832	0.095815	0.09584
512	0.094599	0.094593	0.094628
513	0.093333	0.093389	0.09348
514	0.092146	0.092243	0.09233
515	0.091086	0.091192	0.09118
516	0.090016	0.090129	0.090054
517	0.088914	0.089029	0.089004
518	0.08782	0.087937	0.087953
519	0.086789	0.086906	0.086896
520	0.085758	0.085875	0.085839
521	0.08468	0.08481	0.084807
522	0.083601	0.083745	0.083776
523	0.082649	0.082738	0.082796
524	0.081722	0.081743	0.081826
525	0.080721	0.08076	0.080808
526	0.079688	0.079783	0.079769
527	0.078649	0.078782	0.078773
528	0.077604	0.077761	0.077811
529	0.07667	0.076807	0.07687
530	0.075884	0.075941	0.075957
531	0.075055	0.07508	0.07506
532	0.074119	0.074233	0.074202
533	0.07319	0.073375	0.073342
534	0.072293	0.072458	0.072467
535	0.071399	0.071545	0.071594
536	0.070603	0.070736	0.070757
537	0.069806	0.069928	0.06992
538	0.068857	0.068977	0.069022
539	0.06789	0.068008	0.068117
540	0.066965	0.067121	0.067185
541	0.066052	0.066258	0.066245
542	0.065296	0.065472	0.065429
543	0.064631	0.064731	0.064686
544	0.063961	0.064028	0.063981
545	0.063286	0.063364	0.063315
546	0.062603	0.062688	0.062644
547	0.061909	0.061993	0.061966
548	0.061219	0.0613	0.061299
549	0.060544	0.060612	0.060668
550	0.059863	0.059926	0.060027
551	0.059143	0.059248	0.059301
552	0.058423	0.058569	0.058575
553	0.057749	0.057882	0.057897
554	0.057076	0.057194	0.05722
555	0.056431	0.056536	0.056546
556	0.05579	0.055884	0.055872
557	0.055199	0.055306	0.055269
558	0.054625	0.054754	0.054693
559	0.054051	0.054216	0.05414
560	0.053475	0.053686	0.053603
561	0.052857	0.053076	0.052997
562	0.052195	0.05238	0.052319
563	0.051535	0.051693	0.051652
564	0.050881	0.051018	0.051005
565	0.050207	0.05033	0.050342
566	0.04947	0.049596	0.049626
567	0.048731	0.048856	0.048902
568	0.047986	0.048074	0.048114
569	0.047242	0.047291	0.047327
570	0.046492	0.04659	0.046617
571	0.045742	0.04589	0.045907
572	0.045072	0.045176	0.045237
573	0.044414	0.044459	0.044573
574	0.043713	0.043774	0.043864
575	0.042999	0.043098	0.043142
576	0.042391	0.0425	0.042518
577	0.041844	0.041947	0.041953
578	0.041301	0.041419	0.041398
579	0.040761	0.040914	0.040853
580	0.040274	0.040442	0.040366
581	0.039872	0.04002	0.039965
582	0.039505	0.039641	0.039604
583	0.039232	0.039371	0.039343
584	0.038951	0.039102	0.039077
585	0.038636	0.038828	0.038782
586	0.038325	0.038553	0.038491
587	0.03812	0.038259	0.038279
588	0.037914	0.037965	0.038066
589	0.03764	0.037729	0.037783
590	0.03736	0.037498	0.037494
591	0.03703	0.037162	0.037141
592	0.036688	0.036803	0.036774
593	0.03631	0.036431	0.036431
594	0.035916	0.036054	0.036099
595	0.035573	0.035719	0.03575
596	0.035266	0.035413	0.03539
597	0.034957	0.035117	0.035055
598	0.034647	0.034831	0.034747
599	0.034329	0.034516	0.034437
600	0.033999	0.034149	0.034123
601	0.033685	0.033799	0.033805
602	0.033421	0.033498	0.033478
603	0.033162	0.033215	0.033174
604	0.032928	0.033038	0.033002
605	0.032697	0.032862	0.032834
606	0.032519	0.032714	0.032747
607	0.032342	0.032565	0.032661
608	0.032172	0.032342	0.032401
609	0.032003	0.032114	0.032128
610	0.031817	0.031907	0.031934
611	0.031626	0.031705	0.031757
612	0.031368	0.031485	0.031532
613	0.031083	0.031257	0.031288
614	0.030849	0.031019	0.031084
615	0.030648	0.030773	0.030908
616	0.0305	0.030606	0.030731
617	0.030403	0.030518	0.030553
618	0.030198	0.030335	0.03033
619	0.029834	0.030008	0.030037
620	0.029548	0.029742	0.02979
621	0.029446	0.029621	0.029651
622	0.029325	0.029493	0.029498
623	0.029127	0.029336	0.029291
624	0.028931	0.029174	0.029086
625	0.028759	0.028956	0.02891
626	0.028587	0.028739	0.028734
627	0.028359	0.028502	0.028516
628	0.02813	0.028265	0.028297
629	0.02798	0.028103	0.028125
630	0.027839	0.027949	0.02796
631	0.027736	0.027875	0.027867
632	0.027644	0.027821	0.027793
633	0.027406	0.027627	0.027583
634	0.027104	0.027372	0.027315
635	0.026915	0.027177	0.027126
636	0.026801	0.027022	0.02699
637	0.026622	0.026817	0.026816
638	0.02638	0.026563	0.026604
639	0.026176	0.026374	0.026435
640	0.026029	0.026277	0.02633
641	0.025904	0.026174	0.026211
642	0.02583	0.026056	0.026062
643	0.02573	0.025921	0.025898
644	0.025537	0.025727	0.025682
645	0.025341	0.025525	0.025468
646	0.02513	0.02527	0.025256
647	0.024913	0.025011	0.025041
648	0.024524	0.024665	0.024698
649	0.024136	0.024318	0.024355
650	0.023488	0.023643	0.023682
651	0.022824	0.022948	0.022989
652	0.021934	0.022071	0.022108
653	0.021004	0.021163	0.021194
654	0.020337	0.020466	0.020484
655	0.019751	0.019835	0.019839
656	0.019533	0.019606	0.019618
657	0.019492	0.019571	0.019601
658	0.019616	0.019701	0.019752
659	0.019856	0.019947	0.020021
660	0.020288	0.020384	0.020469
661	0.02091	0.021013	0.021096
662	0.021449	0.021541	0.021614
663	0.021871	0.021925	0.021978
664	0.022125	0.022187	0.022228
665	0.022038	0.022201	0.022248
666	0.021968	0.022188	0.022246
667	0.02195	0.022094	0.022179
668	0.021922	0.022004	0.022104
669	0.021837	0.021929	0.021991
670	0.021749	0.021852	0.021878
671	0.021639	0.021744	0.021766
672	0.021529	0.021637	0.021653
673	0.021445	0.021582	0.021611
674	0.021361	0.021527	0.02157
675	0.021321	0.021492	0.021579
676	0.021285	0.021459	0.021594
677	0.021188	0.021337	0.021461
678	0.02108	0.021198	0.021301
679	0.020987	0.021097	0.0212
680	0.020898	0.021008	0.021116
681	0.020817	0.020944	0.021031
682	0.020741	0.020892	0.020944
683	0.020621	0.02078	0.020833
684	0.020472	0.020628	0.020706
685	0.020386	0.02055	0.020611
686	0.020354	0.020534	0.020545
687	0.020319	0.020495	0.020483
688	0.02028	0.020426	0.020425
689	0.020216	0.020358	0.020374
690	0.020112	0.02029	0.020333
691	0.020012	0.020208	0.020276
692	0.019921	0.020095	0.020182
693	0.019848	0.020014	0.020101
694	0.019832	0.020035	0.020059
695	0.019805	0.020035	0.020007
696	0.019718	0.019934	0.019906
697	0.01963	0.019839	0.019808
698	0.019536	0.019784	0.019734
699	0.019446	0.019729	0.019662
700	0.019468	0.019668	0.019665
701	0.01949	0.019607	0.019668
702	0.019402	0.019607	0.019603
703	0.019309	0.019609	0.019536
704	0.01932	0.019515	0.019557
705	0.019343	0.01941	0.019589
706	0.019306	0.019394	0.019542
707	0.019257	0.019395	0.019479
708	0.019268	0.019389	0.019482
709	0.019296	0.019382	0.019506
710	0.019245	0.019338	0.019459
711	0.019159	0.019278	0.019382
712	0.019122	0.019253	0.019334
713	0.019112	0.019249	0.019302
714	0.019132	0.019266	0.019312
715	0.019174	0.019297	0.019352
716	0.019201	0.019343	0.019377
717	0.019213	0.019402	0.019387
718	0.019245	0.019474	0.019429
719	0.019301	0.019561	0.01951
720	0.019387	0.01964	0.019582
[LOG]
CHECKSUM 