[HEADER]
Format	J&M ASCII Table
Comment	
Date	02/03/2026 19:05:35
Order	Y (evenX)
TechType	UV
NumPoints	411
FirstX	310
LastX	720
XType	nm
YType	Absorbance
ZType	s
NumSubFile	3
Matrix	Z vs X
[LOGIN]
Name=pcbob
[INSTRUMENT]
Name=TIDAS E Base UV/VI
Detector=MMS - ASPEN 97,5 kHz
Diodearray=256 Pixel
Serial#=36584
Calibrated=2011-07-01
Range=183.81-729.88 [nm] (F0)

SWVersion=v3.18.2 (build 0)[LOGIN]
Name=pcbob
[CONFIG]
ChannelName=Channel 1
ChannelType=Normalized
[PARAMETER]
It=400,00
Aver=5
Norm=3
Range=310,0-720,0 nm
Scan=Time
ScanTime=5,00 s
[TRIGGER]
Sweep=0
Scan=0
[DIO]
DigOut=0x0000
DigIn=0x0000
[DATA]
	00:00:00,000	00:00:02,000	00:00:04,000
310	0.200256	0.199465	0.198782
311	0.197038	0.196227	0.195521
312	0.19387	0.193046	0.192315
313	0.190748	0.189934	0.189199
314	0.18769	0.186916	0.186207
315	0.184643	0.183887	0.183197
316	0.181633	0.180824	0.180131
317	0.178626	0.177769	0.177072
318	0.17567	0.174826	0.174117
319	0.172714	0.171882	0.171163
320	0.169831	0.168991	0.168285
321	0.166958	0.166106	0.165417
322	0.164032	0.16321	0.162524
323	0.161085	0.160309	0.15962
324	0.158198	0.157439	0.156761
325	0.155364	0.154596	0.153939
326	0.152515	0.15175	0.151099
327	0.149638	0.148901	0.148226
328	0.146757	0.146056	0.145364
329	0.143857	0.143232	0.142557
330	0.140957	0.140408	0.139751
331	0.138199	0.137584	0.136948
332	0.135441	0.134759	0.134145
333	0.132585	0.131948	0.131344
334	0.129709	0.12914	0.128543
335	0.126891	0.126324	0.125767
336	0.124105	0.123503	0.123003
337	0.121331	0.120731	0.120252
338	0.11857	0.118014	0.117515
339	0.115842	0.115341	0.114835
340	0.113193	0.112773	0.112294
341	0.110557	0.110205	0.109751
342	0.108014	0.107635	0.107202
343	0.105471	0.105066	0.104654
344	0.103025	0.102612	0.102255
345	0.100585	0.100164	0.099865
346	0.098103	0.097704	0.09739
347	0.095608	0.095241	0.094889
348	0.093144	0.092805	0.092449
349	0.090698	0.090387	0.090051
350	0.08831	0.08801	0.087684
351	0.086	0.085688	0.085359
352	0.083696	0.083378	0.083071
353	0.081411	0.081101	0.080892
354	0.079126	0.078824	0.078699
355	0.076845	0.076547	0.076337
356	0.074564	0.07427	0.073974
357	0.072298	0.072017	0.071724
358	0.070033	0.069765	0.069486
359	0.067855	0.067585	0.06735
360	0.065709	0.065432	0.065251
361	0.063584	0.063289	0.063173
362	0.061477	0.061156	0.061112
363	0.059328	0.058999	0.058951
364	0.057114	0.056804	0.056631
365	0.054924	0.054632	0.05436
366	0.052819	0.052546	0.052267
367	0.050718	0.050463	0.050178
368	0.04869	0.048446	0.048158
369	0.046663	0.046429	0.046138
370	0.044581	0.044331	0.044082
371	0.042491	0.042221	0.042022
372	0.040455	0.04017	0.040016
373	0.038442	0.038144	0.038035
374	0.036464	0.036168	0.036061
375	0.034519	0.034236	0.034093
376	0.032587	0.032294	0.032132
377	0.030678	0.030335	0.030183
378	0.028765	0.028388	0.028246
379	0.026831	0.026493	0.026366
380	0.024896	0.024598	0.024485
381	0.022955	0.022678	0.022545
382	0.021014	0.020759	0.020606
383	0.019285	0.019052	0.018892
384	0.017591	0.017383	0.017217
385	0.015883	0.015637	0.015516
386	0.014169	0.013857	0.013805
387	0.012505	0.012189	0.012182
388	0.010889	0.010627	0.010642
389	0.009291	0.009068	0.009088
390	0.007729	0.007518	0.007507
391	0.006169	0.005958	0.005931
392	0.004613	0.004354	0.004376
393	0.003059	0.002752	0.002821
394	0.001602	0.001337	0.001335
395	0.000145	-0.000078	-0.00015
396	-0.001092	-0.001366	-0.001388
397	-0.002289	-0.002632	-0.002581
398	-0.00347	-0.003816	-0.003725
399	-0.004642	-0.004963	-0.004847
400	-0.005893	-0.0062	-0.006091
401	-0.007219	-0.007521	-0.007448
402	-0.008555	-0.008838	-0.008791
403	-0.009911	-0.010148	-0.010103
404	-0.011227	-0.011422	-0.011375
405	-0.01236	-0.012536	-0.012464
406	-0.01349	-0.013649	-0.013553
407	-0.014497	-0.01469	-0.014659
408	-0.015503	-0.015731	-0.015765
409	-0.016692	-0.016963	-0.016987
410	-0.017914	-0.018228	-0.018229
411	-0.019136	-0.019463	-0.019443
412	-0.020359	-0.020684	-0.020645
413	-0.021571	-0.02187	-0.021802
414	-0.022771	-0.023023	-0.02292
415	-0.024024	-0.02425	-0.024161
416	-0.02537	-0.025605	-0.025619
417	-0.026704	-0.026963	-0.027047
418	-0.027997	-0.028332	-0.028362
419	-0.029281	-0.029688	-0.029667
420	-0.030371	-0.030705	-0.030738
421	-0.031461	-0.031722	-0.031808
422	-0.03257	-0.032874	-0.032885
423	-0.033683	-0.034046	-0.033962
424	-0.034759	-0.035124	-0.035031
425	-0.035819	-0.036164	-0.036096
426	-0.03673	-0.037051	-0.036976
427	-0.037519	-0.037814	-0.037707
428	-0.038188	-0.038473	-0.038355
429	-0.03867	-0.03897	-0.038877
430	-0.039194	-0.039518	-0.039445
431	-0.039858	-0.040234	-0.040166
432	-0.040531	-0.040952	-0.04089
433	-0.041333	-0.041693	-0.041635
434	-0.042134	-0.042433	-0.042381
435	-0.042846	-0.043225	-0.043134
436	-0.04355	-0.044021	-0.043889
437	-0.04424	-0.044731	-0.044582
438	-0.044924	-0.045413	-0.045257
439	-0.045654	-0.046087	-0.045952
440	-0.046415	-0.046756	-0.046662
441	-0.047088	-0.047401	-0.047317
442	-0.047649	-0.048016	-0.047904
443	-0.048198	-0.048599	-0.048478
444	-0.048714	-0.0491	-0.04902
445	-0.049221	-0.049597	-0.049553
446	-0.049664	-0.050077	-0.05002
447	-0.050108	-0.050556	-0.050486
448	-0.050548	-0.051008	-0.050875
449	-0.050988	-0.05146	-0.05126
450	-0.051435	-0.051905	-0.051704
451	-0.051883	-0.052349	-0.05216
452	-0.052302	-0.052764	-0.052586
453	-0.052707	-0.053164	-0.052996
454	-0.053103	-0.053562	-0.053412
455	-0.05349	-0.053955	-0.053833
456	-0.053863	-0.054325	-0.054226
457	-0.054209	-0.054649	-0.054566
458	-0.054542	-0.054967	-0.054892
459	-0.054823	-0.055259	-0.055161
460	-0.055106	-0.055553	-0.055431
461	-0.055418	-0.055892	-0.055763
462	-0.055731	-0.056232	-0.056095
463	-0.056039	-0.056556	-0.056434
464	-0.056346	-0.056879	-0.056774
465	-0.056585	-0.057106	-0.05698
466	-0.056799	-0.057297	-0.057138
467	-0.056954	-0.057442	-0.057257
468	-0.057066	-0.057552	-0.057347
469	-0.057165	-0.05765	-0.057433
470	-0.057245	-0.057733	-0.057513
471	-0.057331	-0.057832	-0.057611
472	-0.057431	-0.057974	-0.057755
473	-0.057542	-0.058115	-0.057898
474	-0.057718	-0.058254	-0.058035
475	-0.057895	-0.058392	-0.058172
476	-0.058081	-0.058579	-0.058371
477	-0.058267	-0.058767	-0.05857
478	-0.058372	-0.058932	-0.058701
479	-0.058461	-0.059093	-0.058819
480	-0.058623	-0.05924	-0.058978
481	-0.05882	-0.059381	-0.059157
482	-0.059183	-0.059686	-0.059497
483	-0.059692	-0.060133	-0.059977
484	-0.060139	-0.060571	-0.060425
485	-0.060491	-0.060995	-0.060824
486	-0.060716	-0.061256	-0.061067
487	-0.060542	-0.061002	-0.060825
488	-0.06035	-0.060744	-0.060575
489	-0.059999	-0.060455	-0.060252
490	-0.059647	-0.060165	-0.05993
491	-0.059395	-0.059923	-0.059713
492	-0.059149	-0.059684	-0.059502
493	-0.05899	-0.059535	-0.059339
494	-0.058853	-0.059408	-0.059186
495	-0.058691	-0.05924	-0.058992
496	-0.058517	-0.059051	-0.058775
497	-0.058424	-0.05896	-0.0587
498	-0.058409	-0.058963	-0.058757
499	-0.058365	-0.058937	-0.058753
500	-0.058273	-0.058864	-0.058645
501	-0.058184	-0.058777	-0.058542
502	-0.058105	-0.058649	-0.058452
503	-0.058022	-0.058519	-0.058359
504	-0.057891	-0.058375	-0.058237
505	-0.05776	-0.058231	-0.058114
506	-0.057623	-0.058112	-0.057995
507	-0.057485	-0.057994	-0.057875
508	-0.05736	-0.057937	-0.057757
509	-0.05724	-0.057896	-0.057639
510	-0.05711	-0.057782	-0.057496
511	-0.056974	-0.057631	-0.057341
512	-0.056849	-0.057467	-0.057203
513	-0.056732	-0.057291	-0.057083
514	-0.056584	-0.057122	-0.056932
515	-0.056387	-0.056961	-0.056732
516	-0.056202	-0.056806	-0.056556
517	-0.056052	-0.056668	-0.056449
518	-0.055898	-0.056519	-0.056331
519	-0.055709	-0.056278	-0.056113
520	-0.05552	-0.056038	-0.055895
521	-0.055376	-0.055931	-0.055703
522	-0.055233	-0.055828	-0.055513
523	-0.055028	-0.055617	-0.05532
524	-0.05481	-0.055384	-0.055127
525	-0.054667	-0.055249	-0.055001
526	-0.054556	-0.055157	-0.054903
527	-0.054423	-0.055008	-0.054749
528	-0.054273	-0.054812	-0.054551
529	-0.054091	-0.05463	-0.054378
530	-0.053866	-0.054464	-0.05424
531	-0.053668	-0.054303	-0.054092
532	-0.053534	-0.054155	-0.053921
533	-0.053403	-0.054005	-0.053752
534	-0.053286	-0.053847	-0.053594
535	-0.053168	-0.053688	-0.053436
536	-0.052981	-0.053532	-0.053327
537	-0.052793	-0.053376	-0.053217
538	-0.052629	-0.053209	-0.053044
539	-0.052466	-0.05304	-0.052863
540	-0.052299	-0.052807	-0.052649
541	-0.052131	-0.052555	-0.052424
542	-0.051873	-0.052319	-0.052165
543	-0.051563	-0.052093	-0.051887
544	-0.051312	-0.051895	-0.051662
545	-0.05112	-0.051725	-0.051492
546	-0.050945	-0.05154	-0.051317
547	-0.050798	-0.051331	-0.051135
548	-0.050631	-0.051109	-0.050946
549	-0.050403	-0.050846	-0.050735
550	-0.050167	-0.050589	-0.050513
551	-0.049861	-0.05038	-0.0502
552	-0.049556	-0.050171	-0.049886
553	-0.049329	-0.049896	-0.04962
554	-0.049104	-0.049619	-0.049355
555	-0.048849	-0.049405	-0.049145
556	-0.048589	-0.0492	-0.048944
557	-0.048431	-0.049032	-0.048759
558	-0.04831	-0.048878	-0.04858
559	-0.048129	-0.048697	-0.048387
560	-0.047908	-0.048499	-0.048184
561	-0.0477	-0.048301	-0.048001
562	-0.047503	-0.048103	-0.047839
563	-0.047334	-0.047933	-0.047692
564	-0.047212	-0.047815	-0.047573
565	-0.047134	-0.047731	-0.047491
566	-0.047194	-0.047756	-0.047532
567	-0.047273	-0.047798	-0.047589
568	-0.047493	-0.047983	-0.047773
569	-0.047713	-0.048168	-0.047956
570	-0.047809	-0.048271	-0.048087
571	-0.047905	-0.048373	-0.048217
572	-0.047949	-0.048377	-0.048227
573	-0.047986	-0.048366	-0.048218
574	-0.047981	-0.048354	-0.048212
575	-0.047963	-0.048341	-0.048207
576	-0.047925	-0.048323	-0.048187
577	-0.047875	-0.048303	-0.048158
578	-0.047842	-0.048269	-0.048109
579	-0.047825	-0.048219	-0.04804
580	-0.047734	-0.048108	-0.047923
581	-0.047529	-0.0479	-0.047734
582	-0.047263	-0.04764	-0.047488
583	-0.046837	-0.04724	-0.047094
584	-0.046409	-0.046834	-0.046687
585	-0.045965	-0.046394	-0.046208
586	-0.04552	-0.045952	-0.045732
587	-0.045051	-0.045471	-0.045302
588	-0.044582	-0.044991	-0.044871
589	-0.044129	-0.044567	-0.044428
590	-0.043677	-0.044148	-0.043985
591	-0.043264	-0.043725	-0.043555
592	-0.04286	-0.043301	-0.043128
593	-0.042559	-0.042989	-0.042811
594	-0.042301	-0.042724	-0.04254
595	-0.042023	-0.042452	-0.042253
596	-0.041729	-0.042176	-0.041954
597	-0.041395	-0.041835	-0.041625
598	-0.041017	-0.041423	-0.041261
599	-0.040698	-0.041077	-0.040939
600	-0.04048	-0.040844	-0.040687
601	-0.040253	-0.040606	-0.040437
602	-0.040001	-0.040355	-0.040189
603	-0.039722	-0.040086	-0.039925
604	-0.03929	-0.039708	-0.039566
605	-0.038856	-0.039323	-0.039202
606	-0.038359	-0.038785	-0.038679
607	-0.037863	-0.038246	-0.038157
608	-0.037526	-0.037903	-0.037797
609	-0.037202	-0.037576	-0.037449
610	-0.036828	-0.037204	-0.03706
611	-0.036443	-0.036823	-0.036663
612	-0.036104	-0.036502	-0.036322
613	-0.035783	-0.036205	-0.036005
614	-0.035429	-0.035857	-0.035664
615	-0.035053	-0.035477	-0.035309
616	-0.034659	-0.035076	-0.034923
617	-0.034246	-0.034655	-0.034506
618	-0.033844	-0.034266	-0.034099
619	-0.033458	-0.033926	-0.033708
620	-0.033098	-0.033587	-0.033337
621	-0.0328	-0.033251	-0.033012
622	-0.032476	-0.032898	-0.032676
623	-0.032041	-0.03247	-0.032291
624	-0.031615	-0.032055	-0.031915
625	-0.03127	-0.031766	-0.031608
626	-0.030924	-0.031477	-0.031301
627	-0.030613	-0.031118	-0.030903
628	-0.030302	-0.030758	-0.030504
629	-0.029917	-0.030417	-0.030165
630	-0.029523	-0.030078	-0.029833
631	-0.029151	-0.029675	-0.029477
632	-0.028785	-0.029257	-0.029115
633	-0.028433	-0.028891	-0.028744
634	-0.028088	-0.028549	-0.02837
635	-0.02778	-0.028281	-0.028068
636	-0.027498	-0.028063	-0.027813
637	-0.027244	-0.027798	-0.027558
638	-0.027018	-0.027485	-0.027302
639	-0.026741	-0.027192	-0.027021
640	-0.026388	-0.02693	-0.026705
641	-0.026058	-0.026639	-0.026393
642	-0.025776	-0.026285	-0.026088
643	-0.025503	-0.025958	-0.025797
644	-0.02526	-0.025729	-0.025561
645	-0.025022	-0.025498	-0.025324
646	-0.024812	-0.025258	-0.025085
647	-0.024608	-0.025026	-0.024854
648	-0.024587	-0.02504	-0.024852
649	-0.024566	-0.025054	-0.024851
650	-0.025207	-0.025658	-0.025473
651	-0.025887	-0.026297	-0.026134
652	-0.026953	-0.027345	-0.027167
653	-0.028085	-0.028463	-0.028265
654	-0.028969	-0.029297	-0.029157
655	-0.029774	-0.030042	-0.029986
656	-0.029855	-0.030117	-0.030064
657	-0.029585	-0.029869	-0.029779
658	-0.028927	-0.029235	-0.029112
659	-0.027996	-0.028331	-0.028176
660	-0.02672	-0.027071	-0.026902
661	-0.025101	-0.025458	-0.025292
662	-0.023613	-0.023989	-0.023827
663	-0.022309	-0.022726	-0.022568
664	-0.021251	-0.021698	-0.021538
665	-0.020693	-0.021148	-0.020973
666	-0.020176	-0.020636	-0.020448
667	-0.019787	-0.020244	-0.020044
668	-0.019427	-0.019889	-0.019677
669	-0.019222	-0.019731	-0.019503
670	-0.019014	-0.019565	-0.019324
671	-0.018777	-0.019306	-0.019076
672	-0.01854	-0.019048	-0.018829
673	-0.018332	-0.018803	-0.018602
674	-0.018124	-0.018558	-0.018376
675	-0.017896	-0.018326	-0.018165
676	-0.017666	-0.018095	-0.017955
677	-0.017451	-0.017898	-0.01772
678	-0.01724	-0.017707	-0.01748
679	-0.017051	-0.01751	-0.017283
680	-0.01687	-0.01731	-0.0171
681	-0.016712	-0.017148	-0.01695
682	-0.016564	-0.017004	-0.016816
683	-0.016416	-0.016829	-0.016664
684	-0.016266	-0.016633	-0.0165
685	-0.016057	-0.016436	-0.016289
686	-0.015796	-0.016238	-0.016038
687	-0.015578	-0.016055	-0.015833
688	-0.015414	-0.015892	-0.015682
689	-0.015228	-0.0157	-0.01551
690	-0.015006	-0.015462	-0.015304
691	-0.014775	-0.015212	-0.015077
692	-0.014522	-0.014935	-0.014802
693	-0.014302	-0.014681	-0.014564
694	-0.014185	-0.014498	-0.014442
695	-0.014043	-0.014321	-0.014291
696	-0.013783	-0.014169	-0.013996
697	-0.013536	-0.014012	-0.013718
698	-0.013397	-0.013808	-0.013595
699	-0.013251	-0.013603	-0.013467
700	-0.01289	-0.013393	-0.013168
701	-0.012528	-0.013182	-0.012869
702	-0.012375	-0.01298	-0.012666
703	-0.01223	-0.012779	-0.012467
704	-0.012018	-0.012506	-0.012294
705	-0.011799	-0.012224	-0.012125
706	-0.011631	-0.012032	-0.011903
707	-0.011474	-0.011857	-0.01167
708	-0.011228	-0.011629	-0.011441
709	-0.010955	-0.011386	-0.011213
710	-0.010755	-0.011161	-0.010985
711	-0.010587	-0.010943	-0.010756
712	-0.010385	-0.010744	-0.010558
713	-0.010164	-0.010557	-0.010378
714	-0.009911	-0.010324	-0.01014
715	-0.009635	-0.010058	-0.009859
716	-0.009383	-0.009789	-0.009599
717	-0.009155	-0.009516	-0.009359
718	-0.008936	-0.009299	-0.009148
719	-0.008729	-0.009147	-0.008973
720	-0.008496	-0.008972	-0.00876
[LOG]
CHECKSUMô5