[HEADER]
Format	J&M ASCII Table
Comment	
Date	02/03/2026 19:11:48
Order	Y (evenX)
TechType	UV
NumPoints	411
FirstX	310
LastX	720
XType	nm
YType	Absorbance
ZType	s
NumSubFile	3
Matrix	Z vs X
[LOGIN]
Name=pcbob
[INSTRUMENT]
Name=TIDAS E Base UV/VI
Detector=MMS - ASPEN 97,5 kHz
Diodearray=256 Pixel
Serial#=36584
Calibrated=2011-07-01
Range=183.81-729.88 [nm] (F0)

SWVersion=v3.18.2 (build 0)[LOGIN]
Name=pcbob
[CONFIG]
ChannelName=Channel 1
ChannelType=Normalized
[PARAMETER]
It=400,00
Aver=5
Norm=3
Range=310,0-720,0 nm
Scan=Time
ScanTime=5,00 s
[TRIGGER]
Sweep=0
Scan=0
[DIO]
DigOut=0x0000
DigIn=0x0000
[DATA]
	00:00:00,000	00:00:02,000	00:00:04,000
310	0.299953	0.299667	0.299274
311	0.295036	0.294752	0.294393
312	0.290212	0.289901	0.289596
313	0.285486	0.285171	0.284889
314	0.280895	0.280608	0.280307
315	0.276326	0.276069	0.275748
316	0.271826	0.27161	0.271264
317	0.267343	0.267159	0.266793
318	0.263115	0.262844	0.262518
319	0.258886	0.258528	0.258243
320	0.254715	0.254393	0.254092
321	0.250551	0.25028	0.249958
322	0.246456	0.246187	0.245847
323	0.242391	0.242103	0.241746
324	0.238361	0.23808	0.23772
325	0.234362	0.234112	0.23376
326	0.230392	0.230157	0.229818
327	0.226474	0.226225	0.225907
328	0.222578	0.222312	0.222017
329	0.218787	0.21848	0.218217
330	0.214996	0.214649	0.214418
331	0.211229	0.210886	0.210655
332	0.207461	0.207123	0.206893
333	0.20377	0.203451	0.203218
334	0.200094	0.199799	0.199561
335	0.196411	0.196162	0.19589
336	0.192725	0.192534	0.192211
337	0.189136	0.188954	0.188631
338	0.185657	0.185427	0.18516
339	0.18222	0.181956	0.181733
340	0.178884	0.178617	0.17841
341	0.175551	0.175284	0.175083
342	0.172248	0.171992	0.171729
343	0.168944	0.168699	0.168374
344	0.165704	0.165448	0.165154
345	0.162468	0.1622	0.161942
346	0.159249	0.15898	0.15873
347	0.156035	0.155767	0.155519
348	0.152818	0.152566	0.152338
349	0.149598	0.149373	0.149178
350	0.146441	0.146244	0.146021
351	0.143372	0.143202	0.142867
352	0.140337	0.140161	0.139774
353	0.137407	0.13712	0.136864
354	0.13447	0.134088	0.133947
355	0.131445	0.131163	0.130945
356	0.128421	0.128239	0.127942
357	0.125388	0.125223	0.124924
358	0.122355	0.122197	0.121904
359	0.119447	0.119244	0.119019
360	0.116585	0.116318	0.116183
361	0.113765	0.113503	0.113375
362	0.110977	0.110776	0.110588
363	0.108223	0.108058	0.10782
364	0.105523	0.105352	0.105082
365	0.102812	0.102639	0.102356
366	0.100066	0.099899	0.099675
367	0.097323	0.097163	0.096995
368	0.094665	0.094545	0.094331
369	0.092007	0.091927	0.091668
370	0.089336	0.089261	0.08901
371	0.086663	0.086589	0.086353
372	0.084078	0.083992	0.083772
373	0.081531	0.081426	0.081223
374	0.079051	0.07895	0.078763
375	0.076629	0.076553	0.076382
376	0.074228	0.07416	0.073976
377	0.071864	0.071773	0.071529
378	0.069488	0.069376	0.06909
379	0.067063	0.066942	0.066688
380	0.064637	0.064507	0.064285
381	0.062174	0.062026	0.061832
382	0.059712	0.059544	0.05938
383	0.057454	0.057292	0.057105
384	0.05523	0.055079	0.05486
385	0.052986	0.052865	0.052605
386	0.050732	0.050651	0.050346
387	0.048597	0.048519	0.048228
388	0.046573	0.046465	0.046243
389	0.044543	0.044406	0.044236
390	0.042501	0.042338	0.042188
391	0.040451	0.04027	0.04014
392	0.038362	0.038199	0.038093
393	0.036273	0.036127	0.036045
394	0.034218	0.03407	0.033954
395	0.032162	0.032012	0.031862
396	0.030419	0.030314	0.030174
397	0.028733	0.02868	0.028558
398	0.02719	0.027131	0.026987
399	0.025714	0.025623	0.025437
400	0.024079	0.023949	0.023781
401	0.022294	0.022119	0.022026
402	0.020491	0.020324	0.020243
403	0.018654	0.018593	0.018408
404	0.016862	0.016884	0.016626
405	0.015274	0.015272	0.015079
406	0.013687	0.01366	0.013532
407	0.012138	0.012093	0.012022
408	0.010589	0.010526	0.010511
409	0.008966	0.008999	0.008874
410	0.007332	0.00748	0.007215
411	0.00572	0.00587	0.00559
412	0.004118	0.004219	0.00398
413	0.002536	0.002605	0.002385
414	0.000971	0.001025	0.000804
415	-0.000646	-0.000616	-0.000807
416	-0.002355	-0.002362	-0.002468
417	-0.004063	-0.004104	-0.004143
418	-0.005767	-0.005828	-0.005872
419	-0.007464	-0.00754	-0.007588
420	-0.008948	-0.008945	-0.008998
421	-0.010433	-0.010351	-0.010408
422	-0.011913	-0.011872	-0.011904
423	-0.013392	-0.013409	-0.013412
424	-0.014772	-0.014761	-0.014773
425	-0.016113	-0.016038	-0.016076
426	-0.017312	-0.017247	-0.017313
427	-0.018398	-0.018399	-0.018497
428	-0.019416	-0.019434	-0.019554
429	-0.02033	-0.020286	-0.020414
430	-0.021244	-0.021158	-0.021287
431	-0.022156	-0.022096	-0.022202
432	-0.023071	-0.023035	-0.023122
433	-0.024024	-0.023987	-0.024091
434	-0.024978	-0.024938	-0.02506
435	-0.025962	-0.02596	-0.026019
436	-0.02695	-0.026988	-0.026977
437	-0.028001	-0.027987	-0.028015
438	-0.029072	-0.028976	-0.029079
439	-0.030021	-0.029915	-0.030033
440	-0.030889	-0.03082	-0.030913
441	-0.031762	-0.031715	-0.031792
442	-0.032642	-0.032598	-0.032672
443	-0.033493	-0.03344	-0.033506
444	-0.034268	-0.034176	-0.034227
445	-0.035017	-0.034897	-0.034935
446	-0.035581	-0.035504	-0.035561
447	-0.036145	-0.036112	-0.036187
448	-0.036729	-0.036712	-0.036756
449	-0.037314	-0.037312	-0.037322
450	-0.037923	-0.037905	-0.037933
451	-0.038538	-0.038498	-0.038555
452	-0.039127	-0.039078	-0.039143
453	-0.039703	-0.039653	-0.039713
454	-0.04029	-0.040237	-0.04027
455	-0.04089	-0.040831	-0.040812
456	-0.041442	-0.04138	-0.041338
457	-0.041909	-0.041844	-0.041833
458	-0.042367	-0.042298	-0.042319
459	-0.042787	-0.042712	-0.042763
460	-0.043208	-0.043129	-0.043208
461	-0.043651	-0.043595	-0.043649
462	-0.044094	-0.044061	-0.044091
463	-0.044577	-0.04448	-0.044535
464	-0.045064	-0.044892	-0.04498
465	-0.045418	-0.045247	-0.045321
466	-0.045723	-0.045581	-0.045625
467	-0.045962	-0.045846	-0.045868
468	-0.046154	-0.046061	-0.046066
469	-0.046339	-0.046241	-0.046245
470	-0.046516	-0.046376	-0.046398
471	-0.046694	-0.046538	-0.046582
472	-0.046875	-0.046769	-0.046847
473	-0.047068	-0.047005	-0.047108
474	-0.047345	-0.047272	-0.047347
475	-0.047621	-0.04754	-0.047586
476	-0.047866	-0.047749	-0.047854
477	-0.04811	-0.047957	-0.048124
478	-0.048347	-0.048193	-0.048326
479	-0.048582	-0.048435	-0.048515
480	-0.048832	-0.048709	-0.048745
481	-0.049088	-0.048998	-0.048995
482	-0.049522	-0.049454	-0.049429
483	-0.05011	-0.050054	-0.050024
484	-0.050613	-0.050554	-0.050549
485	-0.050981	-0.050898	-0.050965
486	-0.051234	-0.051123	-0.05123
487	-0.051124	-0.050978	-0.051024
488	-0.050988	-0.050812	-0.050807
489	-0.050603	-0.050451	-0.050474
490	-0.050219	-0.05009	-0.050141
491	-0.050063	-0.049896	-0.049911
492	-0.049919	-0.049711	-0.049687
493	-0.049743	-0.04957	-0.049531
494	-0.049558	-0.04944	-0.049392
495	-0.049411	-0.0493	-0.049239
496	-0.049284	-0.049154	-0.04908
497	-0.049276	-0.049112	-0.049054
498	-0.049382	-0.049167	-0.049154
499	-0.049422	-0.049196	-0.049204
500	-0.04935	-0.04918	-0.049173
501	-0.049284	-0.049156	-0.049128
502	-0.049236	-0.049106	-0.049038
503	-0.049181	-0.04905	-0.04895
504	-0.049064	-0.048933	-0.048874
505	-0.048947	-0.048816	-0.048799
506	-0.048838	-0.048731	-0.048684
507	-0.048729	-0.048649	-0.048567
508	-0.048631	-0.048533	-0.048446
509	-0.048535	-0.04841	-0.048325
510	-0.048419	-0.048287	-0.048229
511	-0.048291	-0.048164	-0.048146
512	-0.048157	-0.048021	-0.048018
513	-0.048018	-0.047859	-0.047849
514	-0.047857	-0.047705	-0.047688
515	-0.04766	-0.047567	-0.047538
516	-0.047484	-0.04743	-0.047391
517	-0.04737	-0.047302	-0.047252
518	-0.04725	-0.047162	-0.047107
519	-0.047084	-0.046939	-0.046917
520	-0.046918	-0.046715	-0.046727
521	-0.046793	-0.046649	-0.046627
522	-0.04667	-0.046587	-0.046529
523	-0.046552	-0.046419	-0.046361
524	-0.046435	-0.04623	-0.046178
525	-0.046315	-0.046134	-0.046094
526	-0.046193	-0.046079	-0.046054
527	-0.046095	-0.045985	-0.045965
528	-0.046016	-0.045862	-0.045837
529	-0.045898	-0.045707	-0.04569
530	-0.045727	-0.04551	-0.045516
531	-0.045556	-0.045332	-0.045347
532	-0.045385	-0.045199	-0.045189
533	-0.045209	-0.045063	-0.045025
534	-0.045009	-0.044911	-0.044829
535	-0.044811	-0.044757	-0.044634
536	-0.044657	-0.044512	-0.044492
537	-0.044503	-0.044267	-0.044349
538	-0.044318	-0.044067	-0.044174
539	-0.04413	-0.043873	-0.043994
540	-0.04395	-0.043703	-0.043785
541	-0.043772	-0.043541	-0.043566
542	-0.043557	-0.043335	-0.04334
543	-0.043321	-0.043101	-0.043109
544	-0.043122	-0.042906	-0.042925
545	-0.042962	-0.042749	-0.042788
546	-0.042777	-0.042577	-0.042615
547	-0.04255	-0.04238	-0.04238
548	-0.042351	-0.042197	-0.042172
549	-0.042238	-0.042064	-0.042043
550	-0.042105	-0.041916	-0.0419
551	-0.041824	-0.041661	-0.04164
552	-0.041543	-0.041406	-0.041379
553	-0.041334	-0.041176	-0.0412
554	-0.041126	-0.040947	-0.041022
555	-0.040928	-0.040757	-0.04075
556	-0.040732	-0.040575	-0.040463
557	-0.040568	-0.040408	-0.040321
558	-0.040417	-0.040247	-0.04023
559	-0.040179	-0.040016	-0.04001
560	-0.039885	-0.039739	-0.039707
561	-0.039642	-0.039488	-0.039461
562	-0.039452	-0.039264	-0.039277
563	-0.039281	-0.039073	-0.039108
564	-0.039141	-0.038942	-0.038966
565	-0.039041	-0.038856	-0.038878
566	-0.039064	-0.038913	-0.038958
567	-0.039107	-0.038981	-0.039047
568	-0.039293	-0.03914	-0.039201
569	-0.03948	-0.039299	-0.039354
570	-0.039642	-0.039449	-0.039477
571	-0.039804	-0.039599	-0.0396
572	-0.039835	-0.039623	-0.039651
573	-0.039847	-0.039628	-0.039691
574	-0.039871	-0.039676	-0.039728
575	-0.039901	-0.039738	-0.039763
576	-0.039894	-0.039745	-0.039773
577	-0.039866	-0.039718	-0.039768
578	-0.03984	-0.039704	-0.039757
579	-0.039816	-0.039702	-0.039742
580	-0.039729	-0.039636	-0.039655
581	-0.039546	-0.03947	-0.03946
582	-0.039319	-0.039254	-0.039224
583	-0.038979	-0.038906	-0.03888
584	-0.038615	-0.038532	-0.038512
585	-0.03813	-0.038018	-0.03802
586	-0.037647	-0.037509	-0.037531
587	-0.037224	-0.037092	-0.037131
588	-0.036801	-0.036675	-0.036731
589	-0.036338	-0.036196	-0.036254
590	-0.035873	-0.035712	-0.035771
591	-0.035424	-0.035286	-0.035346
592	-0.03498	-0.034872	-0.034933
593	-0.034671	-0.03456	-0.034607
594	-0.034419	-0.034291	-0.034317
595	-0.03414	-0.034022	-0.034021
596	-0.033841	-0.033755	-0.033722
597	-0.033531	-0.03343	-0.033408
598	-0.033208	-0.033041	-0.033079
599	-0.032922	-0.03274	-0.032793
600	-0.032698	-0.032594	-0.032584
601	-0.032481	-0.032421	-0.032372
602	-0.032286	-0.03217	-0.032152
603	-0.03207	-0.031905	-0.031918
604	-0.031724	-0.031555	-0.031606
605	-0.031374	-0.031203	-0.031289
606	-0.03093	-0.030775	-0.030824
607	-0.030486	-0.030348	-0.030359
608	-0.030132	-0.030005	-0.030004
609	-0.029786	-0.029669	-0.029657
610	-0.029511	-0.029376	-0.029372
611	-0.029253	-0.029092	-0.0291
612	-0.02895	-0.0288	-0.028792
613	-0.02863	-0.028504	-0.028469
614	-0.028329	-0.0282	-0.028169
615	-0.02804	-0.027892	-0.027883
616	-0.027703	-0.027528	-0.027535
617	-0.027319	-0.027112	-0.027124
618	-0.026931	-0.026723	-0.026742
619	-0.026539	-0.026376	-0.026401
620	-0.026165	-0.026037	-0.026057
621	-0.025837	-0.025715	-0.025703
622	-0.025491	-0.025372	-0.025337
623	-0.025068	-0.024939	-0.024923
624	-0.024658	-0.02452	-0.024519
625	-0.024363	-0.024228	-0.024211
626	-0.024067	-0.023936	-0.023903
627	-0.02369	-0.023619	-0.023573
628	-0.023312	-0.023302	-0.023243
629	-0.023023	-0.022896	-0.022886
630	-0.022744	-0.022479	-0.022525
631	-0.022424	-0.022138	-0.022195
632	-0.022092	-0.021816	-0.021872
633	-0.021772	-0.021521	-0.021562
634	-0.021457	-0.021238	-0.021259
635	-0.021208	-0.021025	-0.021034
636	-0.021002	-0.020859	-0.020862
637	-0.020814	-0.020674	-0.020653
638	-0.020644	-0.02047	-0.020407
639	-0.020452	-0.020262	-0.020183
640	-0.020228	-0.020049	-0.019991
641	-0.019961	-0.019784	-0.019754
642	-0.0196	-0.019407	-0.019416
643	-0.019276	-0.019068	-0.019108
644	-0.019083	-0.018863	-0.018911
645	-0.018894	-0.018665	-0.018717
646	-0.018732	-0.018511	-0.018549
647	-0.018574	-0.01836	-0.018387
648	-0.01854	-0.018334	-0.018366
649	-0.018506	-0.018307	-0.018346
650	-0.019011	-0.018817	-0.018855
651	-0.019549	-0.019359	-0.019397
652	-0.020449	-0.020276	-0.020319
653	-0.021411	-0.021259	-0.021307
654	-0.022184	-0.022029	-0.022058
655	-0.022899	-0.022733	-0.022735
656	-0.022927	-0.022779	-0.022773
657	-0.022624	-0.022508	-0.022502
658	-0.022015	-0.021897	-0.021892
659	-0.02119	-0.021046	-0.021042
660	-0.020048	-0.019908	-0.019899
661	-0.018588	-0.018481	-0.018463
662	-0.017252	-0.017153	-0.017137
663	-0.016092	-0.015966	-0.015967
664	-0.015138	-0.014996	-0.015004
665	-0.014603	-0.014468	-0.01446
666	-0.014118	-0.014	-0.013965
667	-0.013787	-0.013717	-0.01362
668	-0.013478	-0.013442	-0.013302
669	-0.013285	-0.013211	-0.013125
670	-0.013096	-0.012985	-0.012952
671	-0.012944	-0.012826	-0.012822
672	-0.012793	-0.012666	-0.012692
673	-0.012546	-0.012424	-0.012456
674	-0.012298	-0.012181	-0.012221
675	-0.01215	-0.012022	-0.012092
676	-0.012011	-0.01187	-0.011972
677	-0.011834	-0.011699	-0.011753
678	-0.011651	-0.011525	-0.011514
679	-0.011501	-0.011379	-0.011319
680	-0.011362	-0.011242	-0.011138
681	-0.011211	-0.01108	-0.01099
682	-0.011054	-0.010905	-0.010857
683	-0.010926	-0.010758	-0.010713
684	-0.010818	-0.010629	-0.010561
685	-0.010648	-0.010452	-0.010369
686	-0.010424	-0.010233	-0.010142
687	-0.010244	-0.010037	-0.00998
688	-0.010115	-0.00987	-0.009894
689	-0.009962	-0.009683	-0.009758
690	-0.00977	-0.009464	-0.009542
691	-0.009541	-0.009233	-0.009295
692	-0.009232	-0.008975	-0.00898
693	-0.00896	-0.008745	-0.00872
694	-0.008805	-0.008608	-0.008635
695	-0.008633	-0.008447	-0.008516
696	-0.008378	-0.008168	-0.008238
697	-0.008129	-0.007902	-0.007966
698	-0.007934	-0.00776	-0.007758
699	-0.007737	-0.007613	-0.007548
700	-0.007462	-0.007335	-0.007267
701	-0.007188	-0.007057	-0.006987
702	-0.007015	-0.006847	-0.006804
703	-0.006847	-0.006638	-0.006624
704	-0.006607	-0.006444	-0.006378
705	-0.006359	-0.006251	-0.006125
706	-0.006151	-0.006068	-0.005942
707	-0.005951	-0.005886	-0.005774
708	-0.005714	-0.005606	-0.005584
709	-0.005465	-0.005296	-0.005389
710	-0.005248	-0.005097	-0.005191
711	-0.005045	-0.004944	-0.004993
712	-0.004877	-0.004794	-0.004816
713	-0.004729	-0.004645	-0.004652
714	-0.004539	-0.004406	-0.004433
715	-0.00432	-0.004102	-0.004175
716	-0.004125	-0.003916	-0.003976
717	-0.003954	-0.00384	-0.003831
718	-0.003759	-0.003701	-0.003671
719	-0.003537	-0.00349	-0.003493
720	-0.00333	-0.003267	-0.003288
[LOG]
CHECKSUM¤