[HEADER]
Format	J&M ASCII Table
Comment	
Date	02/03/2026 19:41:00
Order	Y (evenX)
TechType	UV
NumPoints	411
FirstX	310
LastX	720
XType	nm
YType	Absorbance
ZType	s
NumSubFile	3
Matrix	Z vs X
[LOGIN]
Name=pcbob
[INSTRUMENT]
Name=TIDAS E Base UV/VI
Detector=MMS - ASPEN 97,5 kHz
Diodearray=256 Pixel
Serial#=36584
Calibrated=2011-07-01
Range=183.81-729.88 [nm] (F0)

SWVersion=v3.18.2 (build 0)[LOGIN]
Name=pcbob
[CONFIG]
ChannelName=Channel 1
ChannelType=Normalized
[PARAMETER]
It=400,00
Aver=5
Norm=3
Range=310,0-720,0 nm
Scan=Time
ScanTime=5,00 s
[TRIGGER]
Sweep=0
Scan=0
[DIO]
DigOut=0x0000
DigIn=0x0000
[DATA]
	00:00:00,000	00:00:02,000	00:00:04,000
310	1.987843	1.989866	1.986328
311	1.971247	1.973457	1.969524
312	1.954447	1.95663	1.952313
313	1.936767	1.938591	1.934888
314	1.917871	1.918873	1.917168
315	1.89924	1.899709	1.899297
316	1.881448	1.882286	1.880952
317	1.863526	1.864654	1.862503
318	1.843701	1.843936	1.842515
319	1.823875	1.823217	1.822527
320	1.802841	1.802334	1.801578
321	1.781652	1.78143	1.780506
322	1.761182	1.760961	1.759882
323	1.74101	1.740673	1.739442
324	1.720207	1.71985	1.718866
325	1.698846	1.698556	1.69817
326	1.677468	1.677203	1.676951
327	1.656057	1.655741	1.65478
328	1.634686	1.634442	1.632862
329	1.613495	1.613895	1.612121
330	1.592306	1.593347	1.591381
331	1.571733	1.571416	1.57056
332	1.551161	1.549485	1.54974
333	1.530022	1.529083	1.528656
334	1.508762	1.509005	1.507516
335	1.488993	1.489391	1.487638
336	1.470031	1.470028	1.468444
337	1.450388	1.45031	1.448961
338	1.429987	1.430197	1.429156
339	1.410175	1.41049	1.409805
340	1.391752	1.39174	1.391526
341	1.373379	1.373103	1.373188
342	1.355363	1.355268	1.354431
343	1.337347	1.337433	1.335674
344	1.319815	1.319473	1.318572
345	1.302309	1.301507	1.301561
346	1.284243	1.283446	1.283682
347	1.266013	1.265357	1.265547
348	1.248649	1.248394	1.247984
349	1.231866	1.232183	1.230805
350	1.215322	1.215842	1.214182
351	1.199103	1.199326	1.198313
352	1.182928	1.18283	1.182273
353	1.166883	1.166397	1.165728
354	1.150842	1.150009	1.149227
355	1.134846	1.134162	1.133258
356	1.11885	1.118315	1.117289
357	1.103053	1.102526	1.10197
358	1.087278	1.086743	1.08672
359	1.071679	1.071103	1.071494
360	1.056145	1.055516	1.056277
361	1.041021	1.040549	1.041108
362	1.026219	1.026071	1.025977
363	1.01151	1.011582	1.010978
364	0.996946	0.997077	0.996188
365	0.982444	0.982589	0.981571
366	0.968171	0.968159	0.967579
367	0.953921	0.953763	0.953592
368	0.940197	0.940095	0.93971
369	0.926472	0.926428	0.925829
370	0.912835	0.912867	0.912328
371	0.899209	0.899322	0.898883
372	0.885436	0.885477	0.88519
373	0.871599	0.871505	0.871392
374	0.858033	0.857993	0.857776
375	0.844705	0.844886	0.844319
376	0.83154	0.831767	0.831082
377	0.818663	0.818629	0.818232
378	0.805789	0.805517	0.805344
379	0.792924	0.792514	0.792298
380	0.780072	0.779526	0.779269
381	0.767765	0.76716	0.766964
382	0.755458	0.754793	0.75466
383	0.743188	0.742817	0.74242
384	0.730924	0.730909	0.730191
385	0.719117	0.719146	0.718497
386	0.707519	0.707449	0.707049
387	0.695964	0.695919	0.695634
388	0.684451	0.684545	0.68425
389	0.673084	0.673213	0.672924
390	0.661991	0.661961	0.661704
391	0.650881	0.650728	0.650496
392	0.63969	0.639579	0.639337
393	0.628508	0.62844	0.628186
394	0.618017	0.618012	0.617614
395	0.607526	0.607584	0.607043
396	0.597945	0.597926	0.597453
397	0.588529	0.588407	0.588041
398	0.579206	0.578936	0.578681
399	0.569928	0.569487	0.569345
400	0.56051	0.560066	0.559887
401	0.550962	0.55067	0.550315
402	0.541509	0.541324	0.540856
403	0.532235	0.532072	0.53161
404	0.523026	0.522906	0.52245
405	0.514105	0.514127	0.513667
406	0.505197	0.505354	0.504893
407	0.496973	0.496956	0.496554
408	0.488749	0.488558	0.488215
409	0.480098	0.479982	0.479569
410	0.471373	0.471375	0.47087
411	0.462872	0.462875	0.46239
412	0.454471	0.454423	0.454009
413	0.446183	0.446073	0.445777
414	0.437997	0.437817	0.437681
415	0.429916	0.429694	0.429634
416	0.422021	0.421803	0.421676
417	0.414107	0.41389	0.413711
418	0.40612	0.405887	0.405721
419	0.398158	0.397911	0.397757
420	0.39082	0.390588	0.390474
421	0.383482	0.383266	0.38319
422	0.376628	0.376441	0.376307
423	0.369841	0.369686	0.36948
424	0.363058	0.362889	0.362674
425	0.356277	0.356075	0.355878
426	0.349654	0.349413	0.349277
427	0.343158	0.342871	0.342835
428	0.336766	0.336467	0.336449
429	0.330535	0.330275	0.33015
430	0.324322	0.32411	0.323904
431	0.318173	0.318038	0.317831
432	0.312044	0.311979	0.31177
433	0.306149	0.3061	0.305871
434	0.300254	0.300221	0.299972
435	0.294829	0.294769	0.294579
436	0.289449	0.289358	0.289233
437	0.283998	0.283897	0.283781
438	0.278523	0.278421	0.278295
439	0.273152	0.273056	0.272967
440	0.26785	0.267766	0.267745
441	0.262803	0.262715	0.262723
442	0.258079	0.257967	0.257957
443	0.253431	0.253308	0.253264
444	0.248973	0.248874	0.248759
445	0.244521	0.244444	0.244273
446	0.240116	0.240036	0.239917
447	0.235711	0.235629	0.23556
448	0.231494	0.231432	0.231293
449	0.227282	0.227242	0.227029
450	0.223253	0.223145	0.222952
451	0.219267	0.219069	0.218919
452	0.21534	0.215147	0.215032
453	0.211444	0.211306	0.211221
454	0.207677	0.207548	0.207466
455	0.204036	0.203872	0.203767
456	0.200486	0.200311	0.200188
457	0.197106	0.196966	0.196835
458	0.193739	0.19363	0.193507
459	0.19043	0.19033	0.190284
460	0.187122	0.187033	0.187056
461	0.183832	0.183789	0.183747
462	0.180543	0.180544	0.180437
463	0.177553	0.177548	0.177421
464	0.1746	0.174584	0.174443
465	0.171805	0.171748	0.171655
466	0.169066	0.168959	0.168936
467	0.16642	0.1663	0.166286
468	0.163838	0.163735	0.163687
469	0.161253	0.161176	0.161102
470	0.158663	0.158627	0.158535
471	0.156099	0.15608	0.155967
472	0.153599	0.153538	0.153395
473	0.151103	0.151011	0.15085
474	0.148626	0.148579	0.148477
475	0.146149	0.146148	0.146105
476	0.143914	0.143914	0.143872
477	0.141683	0.141683	0.141641
478	0.139457	0.13946	0.139442
479	0.137232	0.137238	0.13725
480	0.135016	0.135008	0.135016
481	0.132804	0.132774	0.132762
482	0.130542	0.13053	0.130497
483	0.128237	0.128278	0.12822
484	0.126107	0.126167	0.126104
485	0.124252	0.124278	0.124241
486	0.122511	0.122502	0.122487
487	0.121129	0.121081	0.121077
488	0.119752	0.119673	0.119674
489	0.11842	0.118389	0.118339
490	0.117088	0.117105	0.117004
491	0.115698	0.115679	0.115592
492	0.114305	0.114246	0.114176
493	0.112792	0.112743	0.112734
494	0.11125	0.111222	0.111286
495	0.10979	0.109736	0.109802
496	0.108373	0.108269	0.108299
497	0.10699	0.106862	0.106863
498	0.105637	0.105514	0.105489
499	0.104293	0.104171	0.10415
500	0.102963	0.102839	0.102867
501	0.101662	0.10153	0.101583
502	0.100456	0.1003	0.100294
503	0.099246	0.099074	0.099017
504	0.097997	0.09789	0.097867
505	0.096749	0.096706	0.096717
506	0.095573	0.095477	0.095479
507	0.094402	0.094246	0.094236
508	0.093177	0.093055	0.093023
509	0.091938	0.091874	0.091818
510	0.090761	0.090717	0.09065
511	0.089616	0.089572	0.089499
512	0.08848	0.088444	0.088404
513	0.087354	0.087333	0.08736
514	0.086245	0.086244	0.08631
515	0.085163	0.08519	0.08525
516	0.084103	0.084152	0.084193
517	0.083111	0.08316	0.083144
518	0.082125	0.082172	0.082108
519	0.081185	0.081215	0.081186
520	0.080246	0.080258	0.080263
521	0.079301	0.079225	0.079278
522	0.078355	0.07819	0.07829
523	0.077364	0.077246	0.077301
524	0.076363	0.076322	0.076312
525	0.075409	0.075389	0.075334
526	0.074475	0.074453	0.074362
527	0.073535	0.073474	0.073431
528	0.072589	0.072463	0.072533
529	0.071685	0.071536	0.071661
530	0.070837	0.070721	0.070823
531	0.069988	0.069906	0.06998
532	0.069139	0.069089	0.069123
533	0.068295	0.068274	0.068273
534	0.067485	0.067474	0.067462
535	0.066674	0.066674	0.066652
536	0.065866	0.065882	0.065839
537	0.065058	0.065089	0.065026
538	0.064213	0.064225	0.06423
539	0.063363	0.063353	0.063435
540	0.062519	0.062476	0.062588
541	0.061676	0.061597	0.061725
542	0.060935	0.060862	0.060976
543	0.060252	0.060211	0.060293
544	0.05961	0.059591	0.059627
545	0.059008	0.059001	0.058978
546	0.058389	0.058385	0.058342
547	0.057741	0.057725	0.057729
548	0.057093	0.057071	0.057097
549	0.056446	0.056434	0.056405
550	0.055806	0.055801	0.055726
551	0.055209	0.055207	0.055139
552	0.054613	0.054613	0.054552
553	0.053961	0.053931	0.05392
554	0.053308	0.053248	0.053287
555	0.052684	0.052664	0.052673
556	0.052065	0.052096	0.052063
557	0.051519	0.051521	0.0515
558	0.051	0.050944	0.050954
559	0.050458	0.050391	0.050438
560	0.0499	0.049855	0.049942
561	0.049334	0.049284	0.049373
562	0.04876	0.048677	0.048727
563	0.048175	0.048086	0.048107
564	0.047572	0.047527	0.047536
565	0.04696	0.046944	0.046948
566	0.046319	0.046288	0.046308
567	0.045667	0.045622	0.045657
568	0.044925	0.044882	0.044929
569	0.044184	0.044142	0.044201
570	0.043563	0.043479	0.043554
571	0.042942	0.042817	0.042907
572	0.042307	0.042194	0.042268
573	0.04167	0.041576	0.04163
574	0.041026	0.040953	0.040979
575	0.040379	0.040328	0.040322
576	0.039793	0.039765	0.039755
577	0.039243	0.039239	0.03924
578	0.038747	0.038766	0.038772
579	0.038304	0.038344	0.038349
580	0.037878	0.03792	0.037928
581	0.037479	0.037494	0.037509
582	0.037117	0.03712	0.037134
583	0.036851	0.036884	0.036875
584	0.036585	0.036644	0.036612
585	0.036323	0.036383	0.036331
586	0.036062	0.036124	0.036054
587	0.035855	0.035903	0.035843
588	0.035649	0.035683	0.035632
589	0.035395	0.035452	0.035412
590	0.035138	0.035221	0.035191
591	0.034845	0.034897	0.034904
592	0.034545	0.034553	0.034603
593	0.034212	0.034209	0.034253
594	0.033864	0.033865	0.033882
595	0.033546	0.033547	0.033565
596	0.033249	0.033248	0.033286
597	0.032974	0.032965	0.033018
598	0.032723	0.032702	0.032762
599	0.032448	0.032432	0.032482
600	0.032129	0.032149	0.032163
601	0.031831	0.031864	0.031852
602	0.031592	0.03157	0.031568
603	0.031358	0.031295	0.031302
604	0.031156	0.031125	0.031137
605	0.030957	0.030957	0.030974
606	0.030871	0.030848	0.030843
607	0.030784	0.030739	0.030712
608	0.030568	0.030528	0.030501
609	0.030342	0.030308	0.030282
610	0.030171	0.030138	0.030131
611	0.030013	0.029978	0.029994
612	0.02981	0.029802	0.029793
613	0.029589	0.029621	0.029567
614	0.029376	0.029401	0.029348
615	0.029167	0.029157	0.029132
616	0.029014	0.028996	0.028993
617	0.028916	0.028918	0.028931
618	0.028748	0.028746	0.028779
619	0.028476	0.028433	0.028493
620	0.02825	0.028191	0.028268
621	0.028135	0.028118	0.028188
622	0.028005	0.028019	0.028074
623	0.027812	0.027818	0.027815
624	0.027621	0.027622	0.02757
625	0.027452	0.027471	0.027459
626	0.027283	0.027319	0.027348
627	0.027111	0.027118	0.027161
628	0.026939	0.026917	0.026974
629	0.026811	0.026798	0.026841
630	0.026689	0.02669	0.026715
631	0.02659	0.026599	0.026588
632	0.026498	0.026513	0.02646
633	0.02634	0.02631	0.026292
634	0.026153	0.026055	0.026107
635	0.025982	0.025899	0.025952
636	0.025821	0.025808	0.025817
637	0.025647	0.025662	0.025644
638	0.025461	0.02546	0.025433
639	0.025295	0.025287	0.025262
640	0.02516	0.025154	0.025147
641	0.025033	0.025028	0.025044
642	0.02492	0.024915	0.024968
643	0.024797	0.024791	0.02487
644	0.024641	0.024627	0.024692
645	0.024479	0.02446	0.024513
646	0.024281	0.024269	0.02432
647	0.024079	0.024074	0.024123
648	0.023754	0.023761	0.023825
649	0.02343	0.023448	0.023527
650	0.022836	0.022837	0.022879
651	0.022225	0.022207	0.022209
652	0.021369	0.02135	0.021378
653	0.020469	0.020454	0.020521
654	0.019838	0.019861	0.019884
655	0.019291	0.019363	0.019317
656	0.019088	0.019157	0.019102
657	0.019052	0.019093	0.019059
658	0.019192	0.019206	0.019193
659	0.019455	0.019443	0.019453
660	0.01987	0.019872	0.019876
661	0.020434	0.020492	0.020461
662	0.02094	0.021005	0.020981
663	0.021363	0.021366	0.021409
664	0.021625	0.021606	0.021671
665	0.021557	0.021599	0.021594
666	0.021493	0.021585	0.021538
667	0.021445	0.021553	0.021543
668	0.021397	0.021513	0.021536
669	0.021356	0.021431	0.02147
670	0.021312	0.021346	0.021399
671	0.021245	0.021226	0.021275
672	0.021177	0.021107	0.02115
673	0.021116	0.021111	0.0211
674	0.021055	0.021115	0.021049
675	0.021055	0.021052	0.02103
676	0.021059	0.020984	0.021014
677	0.020947	0.020901	0.020953
678	0.020812	0.020817	0.020884
679	0.020695	0.020704	0.020751
680	0.020585	0.020583	0.020598
681	0.020545	0.020523	0.020545
682	0.020537	0.020491	0.020537
683	0.020457	0.020417	0.020429
684	0.020329	0.020317	0.020256
685	0.020244	0.02023	0.020168
686	0.020196	0.020155	0.020155
687	0.020159	0.020132	0.020143
688	0.020136	0.020171	0.020133
689	0.020077	0.020139	0.020102
690	0.019963	0.019994	0.020036
691	0.019866	0.01987	0.019964
692	0.01981	0.019792	0.019881
693	0.019762	0.019731	0.019809
694	0.019741	0.019724	0.019775
695	0.01971	0.019702	0.019733
696	0.019631	0.019606	0.019654
697	0.019554	0.019515	0.019576
698	0.019493	0.019468	0.019513
699	0.019434	0.019423	0.019451
700	0.01942	0.019414	0.019428
701	0.019405	0.019405	0.019406
702	0.019374	0.019366	0.019393
703	0.019343	0.019327	0.019381
704	0.019303	0.019291	0.019308
705	0.019262	0.019255	0.019228
706	0.019247	0.019238	0.019237
707	0.019236	0.019226	0.019263
708	0.019297	0.019272	0.019293
709	0.019379	0.019337	0.019324
710	0.019311	0.019275	0.019238
711	0.019181	0.019159	0.019102
712	0.019115	0.019143	0.019092
713	0.019085	0.019184	0.019152
714	0.019137	0.019172	0.019199
715	0.019248	0.019124	0.019236
716	0.019298	0.019138	0.019257
717	0.019294	0.01921	0.019264
718	0.01932	0.019283	0.019297
719	0.019382	0.019357	0.019362
720	0.019451	0.019428	0.01944
[LOG]
CHECKSUM2‹