[HEADER]
Format	J&M ASCII Table
Comment	
Date	11/08/2026 09:51:33
Order	Y (evenX)
TechType	UV
NumPoints	411
FirstX	310
LastX	720
XType	nm
YType	Count
[LOGIN]
Name=pcbob
[INSTRUMENT]
Name=TIDAS E Base UV/VI
Detector=MMS - ASPEN 97,5 kHz
Diodearray=256 Pixel
Serial#=36584
Calibrated=2011-07-01
Range=183.81-729.88 [nm] (F0)

SWVersion=v3.18.2 (build 0)[LOGIN]
Name=pcbob
[CONFIG]
ChannelName=Dark
ChannelType=Dark
[PARAMETER]
It=360,00
Aver=5
Norm=0
Range=310,0-720,0 nm
Scan=Single
[TRIGGER]
Sweep=0
Scan=0
[DIO]
DigOut=0x0000
DigIn=0x0000
[DATA]
310	222.163086
311	221.870651
312	221.319778
313	220.961487
314	220.869659
315	221.088104
316	222.281906
317	223.330109
318	222.228027
319	221.125961
320	221.976227
321	223.07843
322	222.879517
323	222.144638
324	221.458496
325	220.815399
326	220.13974
327	219.404678
328	218.914093
329	219.557327
330	220.201385
331	221.763763
332	223.326126
333	222.84198
334	221.922836
335	221.95784
336	222.509384
337	222.321564
338	221.310257
339	220.709503
340	221.077286
341	221.321075
342	220.677353
343	220.03363
344	220.174332
345	220.358276
346	219.475403
347	218.279602
348	218.1306
349	218.682587
350	218.843597
351	218.475555
352	218.50061
353	219.696915
354	220.742645
355	220.006348
356	219.270065
357	219.949615
358	220.778046
359	220.326019
360	219.405396
361	219.309189
362	219.861649
363	220.057236
364	219.688873
365	219.399994
366	219.399994
367	219.424469
368	219.977173
369	220.529892
370	220.11734
371	219.564545
372	219.399994
373	219.399994
374	219.056854
375	218.411743
376	217.69989
377	216.870316
378	216.500885
379	218.068146
380	219.59584
381	219.411423
382	219.227005
383	218.963867
384	218.68721
385	219.421143
386	220.620224
387	222.295883
388	224.417709
389	224.481476
390	220.698502
391	217.600006
392	217.600006
393	217.612686
394	218.53569
395	219.458694
396	219.130905
397	218.576996
398	218.085846
399	217.624176
400	217.875046
401	218.798569
402	218.949005
403	217.655853
404	216.922104
405	218.677414
406	220.384491
407	219.552872
408	218.721268
409	217.57373
410	216.372269
411	216.63797
412	217.562347
413	217.902634
414	217.717728
415	217.364807
416	216.717484
417	216.199997
418	216.199997
419	216.178772
420	215.623703
421	215.068634
422	214.83783
423	214.652771
424	215.327774
425	216.345795
426	216.389862
427	215.649323
428	215.491272
429	216.231979
430	216.692062
431	216.229034
432	215.806808
433	215.899429
434	215.99205
435	216.508194
436	217.064072
437	216.35994
438	215.24794
439	215.021393
440	215.392136
441	216.33313
442	218.001831
443	218.807785
444	217.41687
445	216.443695
446	218.391418
447	220.339127
448	218.512741
449	216.564621
450	216.727966
451	217.377502
452	216.440659
453	214.677246
454	214.453125
455	215.752808
456	216.890945
457	217.726639
458	218.309784
459	217.845398
460	217.377213
461	216.819824
462	216.262436
463	215.952469
464	215.673706
465	216.283722
466	217.21315
467	217.437195
468	217.158295
469	216.718506
470	216.067581
471	216.019196
472	217.507401
473	218.848923
474	219.221054
475	219.593201
476	218.595047
477	217.571381
478	216.625
479	215.694168
480	215.782089
481	216.340729
482	215.70166
483	214.025314
484	213.940643
485	216.362686
486	217.862564
487	216.464859
488	215.30629
489	216.424744
490	217.543213
491	219.01593
492	220.507614
493	219.150528
494	217.098907
495	217.568527
496	219.340836
497	220.728806
498	221.755173
499	221.567337
500	219.327393
501	217.899078
502	219.20607
503	220.28688
504	218.979538
505	217.67218
506	218.129517
507	218.689972
508	218.875092
509	218.968521
510	218.628128
511	218.067352
512	216.577042
513	214.239807
514	213.769501
515	216.294434
516	218.199997
517	218.199997
518	218.129715
519	217.474731
520	216.819748
521	218.070877
522	219.381256
523	218.508057
524	217.197296
525	217.844284
526	219.342773
527	219.684433
528	219.12233
529	218.56015
530	217.997894
531	217.73703
532	218.205734
533	218.644684
534	218.92598
535	219.219421
536	219.969818
537	220.720215
538	219.458389
539	217.957169
540	218.458313
541	219.584595
542	218.99263
543	217.396576
544	216.882278
545	217.445786
546	217.590652
547	217.026993
548	217.055786
549	218.935333
550	220.438797
551	219.028702
552	217.618591
553	217.414398
554	217.226318
555	218.494461
556	219.999557
557	220.123734
558	219.74733
559	219.370865
560	218.994339
561	218.481049
562	217.821899
563	217.433899
564	217.528091
565	217.733795
566	218.299164
567	218.821518
568	219.01004
569	219.198547
570	219.012863
571	218.824295
572	218.38913
573	217.917511
574	219.00444
575	220.608551
576	220.54454
577	219.506271
578	219.241913
579	219.714035
580	219.66481
581	218.814697
582	218.147659
583	217.958694
584	217.648499
585	216.703247
586	215.892441
587	217.972702
588	220.052963
589	218.881393
590	217.462494
591	217.354248
592	217.543503
593	218.263992
594	219.210632
595	219.54425
596	219.449554
597	218.632339
598	217.021927
599	216.761856
600	218.846756
601	220.303299
602	219.924088
603	219.889557
604	221.881195
605	223.775726
606	223.111588
607	222.447464
608	220.373062
609	218.190125
610	217.566071
611	217.281219
612	218.422195
613	220.131927
614	220.857895
615	220.952911
616	220.520477
617	219.569916
618	218.961914
619	218.866821
620	218.686874
621	218.306335
622	218.055679
623	218.341202
624	218.662369
625	219.328827
626	219.995285
627	218.865128
628	217.722153
629	218.876511
630	220.305771
631	220.675705
632	220.771027
633	220.335358
634	219.667801
635	219.514252
636	219.705063
637	219.464325
638	218.796234
639	218.633118
640	219.206009
641	220.136902
642	221.856293
643	222.949432
644	221.802689
645	220.751968
646	220.369568
647	219.967896
648	219.011475
649	218.055054
650	218
651	218
652	219.549988
653	221.368744
654	220.996368
655	219.942963
656	219.729233
657	219.920853
658	219.887497
659	219.695801
660	219.743912
661	220.031586
662	219.285324
663	217.078934
664	215.631653
665	215.727631
666	216.106873
667	217.355057
668	218.368713
669	218.17659
670	217.945633
671	217.272919
672	216.600204
673	217.465057
674	218.330383
675	218.488449
676	218.584641
677	218.114807
678	217.537399
679	217.766815
680	218.248215
681	218.465942
682	218.562271
683	219.127563
684	219.994873
685	219.526581
686	217.887619
687	217.442169
688	218.406708
689	218.331436
690	216.594406
691	216.003174
692	217.934113
693	219.144089
694	218.081573
695	217.315186
696	217.991638
697	218.415115
698	216.578125
699	214.858902
700	216.696808
701	218.534714
702	219.440033
703	220.311005
704	219.530685
705	218.562454
706	218.158142
707	217.867538
708	216.609726
709	215.059036
710	215.009583
711	215.591385
712	215.675552
713	215.481522
714	215.850235
715	216.626724
716	216.596588
717	215.819717
718	215.176666
719	214.690872
720	214.595016
[LOG]
CHECKSUM/ü