[HEADER]
Format	J&M ASCII Table
Comment	
Date	11/08/2026 09:51:49
Order	Y (evenX)
TechType	UV
NumPoints	411
FirstX	310
LastX	720
XType	nm
YType	Count
[LOGIN]
Name=pcbob
[INSTRUMENT]
Name=TIDAS E Base UV/VI
Detector=MMS - ASPEN 97,5 kHz
Diodearray=256 Pixel
Serial#=36584
Calibrated=2011-07-01
Range=183.81-729.88 [nm] (F0)

SWVersion=v3.18.2 (build 0)[LOGIN]
Name=pcbob
[CONFIG]
ChannelName=Refer
ChannelType=Reference
[PARAMETER]
It=360,00
Aver=5
Norm=0
Range=310,0-720,0 nm
Scan=Single
[TRIGGER]
Sweep=0
Scan=0
[DIO]
DigOut=0x0000
DigIn=0x0000
[DATA]
310	37145.222656
311	38046.347656
312	38954.824219
313	39823.355469
314	40636.609375
315	41391.3125
316	41961.949219
317	42511.039062
318	42741.832031
319	42972.625
320	42822.058594
321	42622.285156
322	42134.730469
323	41528.636719
324	40755.703125
325	39835.433594
326	38843.097656
327	37719.285156
328	36588.054687
329	35422.410156
330	34256.8125
331	33139.714844
332	32022.619141
333	30978.720703
334	29950.380859
335	29009.693359
336	28116.458984
337	27293.103516
338	26547.582031
339	25840.763672
340	25225.253906
341	24624.919922
342	24133.205078
343	23641.490234
344	23250.220703
345	22864.486328
346	22548.056641
347	22251.955078
348	22007.128906
349	21796.640625
350	21623.087891
351	21499.519531
352	21395.068359
353	21347.583984
354	21306.882812
355	21346.458984
356	21386.035156
357	21499.744141
358	21621.248047
359	21797.021484
360	21992.65625
361	22241.691406
362	22532.744141
363	22856.681641
364	23232.59375
365	23610.386719
366	23995.007812
367	24375.484375
368	24666.484375
369	24957.484375
370	25161.480469
371	25352.837891
372	25531.986328
373	25705.960937
374	25884.017578
375	26065.664062
376	26224.615234
377	26343.523437
378	26428.751953
379	26372.238281
380	26312.507812
381	26113.621094
382	25914.734375
383	25691.8125
384	25464.763672
385	25203.707031
386	24926.996094
387	24573.929687
388	24149.376953
389	23692.771484
390	23176.257812
391	22663.851562
392	22170.035156
393	21678.978516
394	21386.203125
395	21093.425781
396	20824.371094
397	20559.605469
398	20260.878906
399	19946.205078
400	19683.044922
401	19468.511719
402	19303.833984
403	19232.25
404	19155.289062
405	19054.404297
406	18952.732422
407	18809.601562
408	18666.470703
409	18607.3125
410	18562.488281
411	18618.265625
412	18719.208984
413	18838.369141
414	18973.908203
415	19106.199219
416	19232.796875
417	19382.90625
418	19626.714844
419	19877.417969
420	20301.488281
421	20725.560547
422	21114.595703
423	21498.6875
424	21751.304687
425	21951.484375
426	22113.751953
427	22245.476562
428	22416.207031
429	22647.119141
430	22876.464844
431	23100.662109
432	23323.333984
433	23526.742187
434	23730.150391
435	24034.8125
436	24348.976562
437	24766.027344
438	25216.380859
439	25774.226562
440	26404.580078
441	27006.771484
442	27573.023437
443	28069.888672
444	28390.076172
445	28686.517578
446	28816.921875
447	28947.326172
448	28983.123047
449	29015.871094
450	29060.390625
451	29107.621094
452	29205.625
453	29330.085937
454	29527.337891
455	29796.648437
456	30032.101562
457	30204.162109
458	30331.271484
459	30271.921875
460	30213.173828
461	30168.490234
462	30123.806641
463	30070.861328
464	30016.873047
465	29692.671875
466	29271.361328
467	28681.529297
468	27971.542969
469	27342.353516
470	26819.195312
471	26368.023437
472	26100.425781
473	25851.699219
474	25727.683594
475	25603.667969
476	25520.365234
477	25437.820312
478	25418.730469
479	25412.400391
480	25584.25
481	25838.431641
482	26459.220703
483	27397.509766
484	28206.199219
485	28810.779297
486	29161.554687
487	28714.853516
488	28210.796875
489	27160.564453
490	26110.332031
491	25547.441406
492	25010.623047
493	24656.705078
494	24347.376953
495	24163.585937
496	24044.654297
497	24001.517578
498	24029.697266
499	24062.734375
500	24103.988281
501	24134.326172
502	24127.884766
503	24121.224609
504	24112.259766
505	24103.294922
506	24124.333984
507	24147.125
508	24191.023437
509	24240.076172
510	24296.701172
511	24357.171875
512	24415.498047
513	24471.871094
514	24517.013672
515	24544.132812
516	24567.195312
517	24577.765625
518	24586.447266
519	24579.429687
520	24572.410156
521	24552.320312
522	24531.822266
523	24545.013672
524	24564.955078
525	24616.492187
526	24681.769531
527	24754.210937
528	24832.25
529	24917.654297
530	25012.958984
531	25126.853516
532	25285.744141
533	25447.412109
534	25623.789062
535	25800.109375
536	25974.294922
537	26148.480469
538	26345.183594
539	26544.564453
540	26748.642578
541	26954.1875
542	27146.914062
543	27332.150391
544	27511.208984
545	27684.111328
546	27857.486328
547	28031.662109
548	28206.191406
549	28381.835937
550	28558.636719
551	28744.392578
552	28930.150391
553	29147.246094
554	29364.759766
555	29597.054687
556	29831.755859
557	30083.09375
558	30340.462891
559	30606.873047
560	30879.099609
561	31182.402344
562	31518.847656
563	31914.357422
564	32414.900391
565	32990.519531
566	33808.332031
567	34658.523437
568	35760.023437
569	36861.527344
570	37989.234375
571	39117.140625
572	40127.960937
573	41121.472656
574	42055.109375
575	42968.882812
576	43803.226562
577	44591.183594
578	45260.753906
579	45817.667969
580	46129.265625
581	46063.996094
582	45828.511719
583	45148.5625
584	44438.65625
585	43571.765625
586	42703.28125
587	41800.445312
588	40897.613281
589	40032.261719
590	39169.757812
591	38502.976562
592	37880.621094
593	37338.5
594	36830.53125
595	36194.410156
596	35468.75
597	34685.167969
598	33837.996094
599	33049.226562
600	32361.873047
601	31695.898437
602	31092.376953
603	30486.396484
604	29865.957031
605	29246.964844
606	28666.138672
607	28085.3125
608	27615.675781
609	27154.599609
610	26763.871094
611	26388.453125
612	25990.382812
613	25583.275391
614	25135.492187
615	24661.623047
616	24189.630859
617	23719.478516
618	23279.029297
619	22883.050781
620	22507.503906
621	22180.242187
622	21856.501953
623	21547.285156
624	21238.056641
625	20928.722656
626	20619.388672
627	20317.308594
628	20015.279297
629	19735.953125
630	19459.345703
631	19204.443359
632	18955.167969
633	18722.216797
634	18496.394531
635	18285.142578
636	18083.652344
637	17885.667969
638	17691.158203
639	17494.091797
640	17293.296875
641	17098.082031
642	16915.15625
643	16737.601562
644	16579.255859
645	16427.890625
646	16325.120117
647	16228.632812
648	16312.988281
649	16397.34375
650	17024.150391
651	17684.083984
652	18857.050781
653	20118.970703
654	21111.804687
655	22021
656	22070.683594
657	21705.464844
658	20797.425781
659	19507.332031
660	18167.71875
661	16778.636719
662	15589.074219
663	14681.282227
664	13930.464844
665	13498.765625
666	13128.067383
667	12944.486328
668	12776.017578
669	12685.241211
670	12595.897461
671	12522.860352
672	12449.823242
673	12377.231445
674	12304.639648
675	12223.616211
676	12141.855469
677	12058.769531
678	11975.431641
679	11892.138672
680	11808.858398
681	11716.584961
682	11620.168945
683	11517.626953
684	11411.139648
685	11298
686	11179.030273
687	11049.202148
688	10906.547852
689	10756.84668
690	10595.881836
691	10429.133789
692	10249.65332
693	10065.708984
694	9867.694336
695	9666.916992
696	9452.676758
697	9237.492187
698	9013.863281
699	8789.735352
700	8550.516602
701	8311.298828
702	8061.430176
703	7811.169922
704	7554.451172
705	7296.997559
706	7024.044434
707	6747.966797
708	6462.483398
709	6174.151855
710	5874.386719
711	5569.814453
712	5259.61084
713	4946.259766
714	4635.292969
715	4326.054687
716	4020.875244
717	3719.453369
718	3428.677246
719	3150.412354
720	2880.79248
[LOG]
CHECKSUMj¤