[HEADER]
Format	J&M ASCII Table
Comment	
Date	11/08/2026 10:51:52
Order	Y (evenX)
TechType	UV
NumPoints	411
FirstX	310
LastX	720
XType	nm
YType	Absorbance
ZType	s
NumSubFile	3
Matrix	Z vs X
[LOGIN]
Name=pcbob
[INSTRUMENT]
Name=TIDAS E Base UV/VI
Detector=MMS - ASPEN 97,5 kHz
Diodearray=256 Pixel
Serial#=36584
Calibrated=2011-07-01
Range=183.81-729.88 [nm] (F0)

SWVersion=v3.18.2 (build 0)[LOGIN]
Name=pcbob
[CONFIG]
ChannelName=Channel 1
ChannelType=Normalized
[PARAMETER]
It=360,00
Aver=5
Norm=3
Range=310,0-720,0 nm
Scan=Time
ScanTime=5,00 s
[TRIGGER]
Sweep=0
Scan=0
[DIO]
DigOut=0x0000
DigIn=0x0000
[DATA]
	00:00:00,000	00:00:01,800	00:00:03,600
310	-0.016665	-0.016686	-0.016677
311	-0.016977	-0.016997	-0.016989
312	-0.017262	-0.017274	-0.017281
313	-0.017531	-0.017536	-0.017558
314	-0.017777	-0.01778	-0.017813
315	-0.018008	-0.018006	-0.018046
316	-0.018191	-0.018179	-0.018207
317	-0.018374	-0.018353	-0.018369
318	-0.018578	-0.018537	-0.018557
319	-0.018782	-0.018721	-0.018745
320	-0.019007	-0.018971	-0.019003
321	-0.019235	-0.01923	-0.019271
322	-0.019505	-0.019516	-0.01955
323	-0.019791	-0.019813	-0.019835
324	-0.020059	-0.020073	-0.020085
325	-0.020311	-0.020301	-0.020306
326	-0.020573	-0.020553	-0.020556
327	-0.020853	-0.020848	-0.020861
328	-0.021113	-0.021111	-0.021132
329	-0.021278	-0.021225	-0.021251
330	-0.021442	-0.021338	-0.021369
331	-0.021597	-0.021532	-0.021557
332	-0.021752	-0.021725	-0.021744
333	-0.021897	-0.021887	-0.021895
334	-0.02204	-0.022042	-0.022038
335	-0.022201	-0.022209	-0.022213
336	-0.022371	-0.022384	-0.022407
337	-0.022554	-0.02256	-0.022594
338	-0.022751	-0.022739	-0.022775
339	-0.022973	-0.022937	-0.022969
340	-0.023253	-0.023183	-0.023192
341	-0.023521	-0.023425	-0.023414
342	-0.02371	-0.023651	-0.02363
343	-0.0239	-0.023877	-0.023846
344	-0.024155	-0.024131	-0.024099
345	-0.024415	-0.024387	-0.024355
346	-0.024726	-0.024684	-0.024688
347	-0.025053	-0.024993	-0.025045
348	-0.025299	-0.025254	-0.025298
349	-0.025491	-0.025482	-0.025481
350	-0.025667	-0.025672	-0.025642
351	-0.025821	-0.02581	-0.025771
352	-0.025991	-0.025962	-0.025919
353	-0.026208	-0.026152	-0.026123
354	-0.026422	-0.026343	-0.026328
355	-0.026599	-0.026538	-0.026541
356	-0.026777	-0.026733	-0.026754
357	-0.027026	-0.027003	-0.027005
358	-0.027283	-0.027281	-0.027261
359	-0.027517	-0.027516	-0.027504
360	-0.027743	-0.027735	-0.027744
361	-0.027931	-0.027907	-0.027929
362	-0.028091	-0.028042	-0.02807
363	-0.028292	-0.028227	-0.028248
364	-0.028558	-0.028491	-0.028483
365	-0.028814	-0.028747	-0.028724
366	-0.029029	-0.028974	-0.028986
367	-0.029243	-0.029199	-0.029245
368	-0.029437	-0.029385	-0.029411
369	-0.029632	-0.029571	-0.029577
370	-0.029797	-0.02972	-0.029741
371	-0.029957	-0.029863	-0.029905
372	-0.030094	-0.030001	-0.030047
373	-0.030222	-0.030136	-0.030179
374	-0.030389	-0.030322	-0.030358
375	-0.030591	-0.030553	-0.030579
376	-0.030765	-0.030741	-0.030759
377	-0.030891	-0.030852	-0.03087
378	-0.031024	-0.030972	-0.03099
379	-0.031183	-0.031131	-0.031147
380	-0.031342	-0.03129	-0.031305
381	-0.03149	-0.031451	-0.031466
382	-0.031639	-0.031612	-0.031628
383	-0.031778	-0.031741	-0.031766
384	-0.031914	-0.031864	-0.031899
385	-0.032072	-0.032042	-0.03206
386	-0.03224	-0.032244	-0.032234
387	-0.032434	-0.032456	-0.032448
388	-0.032651	-0.032678	-0.032698
389	-0.032856	-0.032873	-0.032909
390	-0.033035	-0.033016	-0.033047
391	-0.03323	-0.033182	-0.033211
392	-0.033493	-0.033455	-0.033486
393	-0.033755	-0.033725	-0.033758
394	-0.033882	-0.033875	-0.033886
395	-0.03401	-0.034025	-0.034013
396	-0.034187	-0.034186	-0.034201
397	-0.034373	-0.034349	-0.0344
398	-0.034595	-0.034578	-0.034608
399	-0.034835	-0.034837	-0.03482
400	-0.035031	-0.035028	-0.035001
401	-0.035185	-0.035154	-0.035154
402	-0.035325	-0.03529	-0.035293
403	-0.035436	-0.035445	-0.03541
404	-0.035569	-0.035612	-0.035549
405	-0.035803	-0.035831	-0.035785
406	-0.036036	-0.036048	-0.036019
407	-0.036192	-0.036175	-0.036161
408	-0.036349	-0.036302	-0.036304
409	-0.03654	-0.036509	-0.036505
410	-0.036738	-0.036731	-0.036717
411	-0.036945	-0.036925	-0.036897
412	-0.037156	-0.037106	-0.037063
413	-0.03739	-0.037327	-0.037287
414	-0.037644	-0.037584	-0.037563
415	-0.037914	-0.037856	-0.037848
416	-0.03821	-0.038154	-0.038146
417	-0.038475	-0.038426	-0.038418
418	-0.038617	-0.038594	-0.038585
419	-0.038759	-0.038759	-0.038752
420	-0.038885	-0.038881	-0.038892
421	-0.039011	-0.039003	-0.039032
422	-0.039224	-0.039181	-0.039209
423	-0.039449	-0.039365	-0.039392
424	-0.039629	-0.039551	-0.039556
425	-0.03979	-0.039736	-0.039713
426	-0.039993	-0.039926	-0.039919
427	-0.040228	-0.040119	-0.040165
428	-0.040406	-0.040294	-0.040355
429	-0.040496	-0.040441	-0.04046
430	-0.040613	-0.040596	-0.040585
431	-0.040818	-0.040773	-0.040777
432	-0.041018	-0.040948	-0.040965
433	-0.041134	-0.041087	-0.041103
434	-0.04125	-0.041225	-0.041242
435	-0.041377	-0.041324	-0.041362
436	-0.041504	-0.041418	-0.04148
437	-0.041687	-0.041626	-0.041682
438	-0.041887	-0.04187	-0.04191
439	-0.042078	-0.04207	-0.04207
440	-0.042262	-0.042242	-0.042184
441	-0.042404	-0.042384	-0.042298
442	-0.042492	-0.042486	-0.042413
443	-0.042607	-0.042615	-0.042557
444	-0.042792	-0.042809	-0.042774
445	-0.042985	-0.043006	-0.042993
446	-0.043236	-0.043223	-0.043215
447	-0.043486	-0.043441	-0.043438
448	-0.043721	-0.043682	-0.043666
449	-0.043956	-0.043924	-0.043895
450	-0.044157	-0.044116	-0.044121
451	-0.04435	-0.044296	-0.044347
452	-0.044531	-0.044465	-0.044517
453	-0.044705	-0.04463	-0.044657
454	-0.044852	-0.044779	-0.044799
455	-0.044973	-0.044913	-0.044941
456	-0.045095	-0.045039	-0.045065
457	-0.045219	-0.045153	-0.045154
458	-0.045346	-0.04527	-0.045255
459	-0.045483	-0.045405	-0.045403
460	-0.045618	-0.045538	-0.045549
461	-0.045704	-0.045623	-0.045642
462	-0.04579	-0.045707	-0.045735
463	-0.045883	-0.045823	-0.045852
464	-0.045977	-0.045942	-0.045973
465	-0.046126	-0.046093	-0.046118
466	-0.046295	-0.046255	-0.046272
467	-0.046507	-0.046468	-0.046477
468	-0.04675	-0.046716	-0.046719
469	-0.047011	-0.046986	-0.046972
470	-0.047297	-0.047286	-0.047237
471	-0.047546	-0.047542	-0.047475
472	-0.047704	-0.047684	-0.047642
473	-0.047853	-0.047822	-0.047803
474	-0.047946	-0.047932	-0.047933
475	-0.04804	-0.048043	-0.048063
476	-0.048233	-0.048201	-0.048198
477	-0.048427	-0.04836	-0.048333
478	-0.048585	-0.048501	-0.048481
479	-0.048736	-0.048639	-0.048632
480	-0.04881	-0.04875	-0.04875
481	-0.048848	-0.048847	-0.048851
482	-0.048841	-0.048836	-0.048843
483	-0.048795	-0.048729	-0.04874
484	-0.04872	-0.04863	-0.048636
485	-0.048601	-0.048543	-0.04853
486	-0.048569	-0.048527	-0.048515
487	-0.048808	-0.048735	-0.048786
488	-0.049058	-0.048956	-0.049059
489	-0.049398	-0.049297	-0.049358
490	-0.049739	-0.049637	-0.049657
491	-0.049972	-0.049895	-0.049914
492	-0.050199	-0.050148	-0.050169
493	-0.050413	-0.050349	-0.050373
494	-0.050624	-0.050539	-0.050564
495	-0.05074	-0.050628	-0.050657
496	-0.050805	-0.050665	-0.050701
497	-0.050832	-0.050697	-0.050728
498	-0.05082	-0.050725	-0.050741
499	-0.05085	-0.050759	-0.050777
500	-0.050949	-0.050802	-0.050854
501	-0.051029	-0.050854	-0.050924
502	-0.051048	-0.050933	-0.050975
503	-0.051072	-0.051008	-0.051026
504	-0.051145	-0.051048	-0.05109
505	-0.051218	-0.051089	-0.051155
506	-0.05131	-0.051234	-0.051238
507	-0.051403	-0.051386	-0.051322
508	-0.051501	-0.051474	-0.051428
509	-0.051599	-0.051547	-0.05154
510	-0.051664	-0.051592	-0.051625
511	-0.051714	-0.051624	-0.051697
512	-0.051795	-0.051708	-0.05177
513	-0.051904	-0.05184	-0.051844
514	-0.052005	-0.051957	-0.051923
515	-0.052092	-0.052048	-0.052008
516	-0.052177	-0.052136	-0.052099
517	-0.052255	-0.052215	-0.052204
518	-0.052335	-0.052293	-0.052306
519	-0.05242	-0.052372	-0.052392
520	-0.052506	-0.05245	-0.052478
521	-0.052629	-0.052582	-0.052583
522	-0.052752	-0.052716	-0.052689
523	-0.052824	-0.052795	-0.052767
524	-0.052884	-0.052863	-0.05284
525	-0.052946	-0.052921	-0.052916
526	-0.053008	-0.052975	-0.052993
527	-0.05302	-0.052984	-0.052994
528	-0.052992	-0.052957	-0.052938
529	-0.052982	-0.052945	-0.052918
530	-0.052995	-0.052951	-0.052947
531	-0.053003	-0.052957	-0.052965
532	-0.052999	-0.052965	-0.052958
533	-0.052995	-0.052967	-0.052949
534	-0.052995	-0.052942	-0.052924
535	-0.052996	-0.052918	-0.052901
536	-0.053036	-0.052949	-0.052963
537	-0.053076	-0.05298	-0.053026
538	-0.053041	-0.052947	-0.053006
539	-0.052997	-0.052906	-0.052976
540	-0.052896	-0.052846	-0.052902
541	-0.052777	-0.05278	-0.052814
542	-0.052695	-0.05271	-0.052735
543	-0.052635	-0.052638	-0.052661
544	-0.052614	-0.052599	-0.052618
545	-0.052632	-0.052594	-0.052604
546	-0.05262	-0.05257	-0.052574
547	-0.052559	-0.052514	-0.052516
548	-0.052505	-0.052462	-0.052467
549	-0.052477	-0.052425	-0.052449
550	-0.052448	-0.052393	-0.052428
551	-0.052412	-0.05239	-0.052378
552	-0.052376	-0.052387	-0.052329
553	-0.052373	-0.052367	-0.052311
554	-0.05237	-0.052346	-0.052293
555	-0.052361	-0.052333	-0.052295
556	-0.052352	-0.052322	-0.052299
557	-0.052326	-0.052325	-0.052305
558	-0.052293	-0.052333	-0.052311
559	-0.052318	-0.052363	-0.052318
560	-0.05238	-0.052409	-0.052326
561	-0.052406	-0.0524	-0.052334
562	-0.052395	-0.052334	-0.052341
563	-0.052366	-0.052293	-0.05233
564	-0.052307	-0.052294	-0.052288
565	-0.052236	-0.052258	-0.052223
566	-0.052124	-0.052104	-0.052086
567	-0.052001	-0.051945	-0.051942
568	-0.051782	-0.051749	-0.051731
569	-0.051563	-0.051552	-0.051521
570	-0.051423	-0.051404	-0.051381
571	-0.051284	-0.051256	-0.051241
572	-0.051135	-0.051121	-0.051105
573	-0.050984	-0.050987	-0.050969
574	-0.050848	-0.05085	-0.050828
575	-0.050719	-0.050711	-0.050686
576	-0.050596	-0.050568	-0.050558
577	-0.050479	-0.050423	-0.05044
578	-0.050382	-0.050308	-0.05034
579	-0.050305	-0.050222	-0.050258
580	-0.050239	-0.050164	-0.050198
581	-0.050189	-0.050149	-0.05017
582	-0.050177	-0.050159	-0.05017
583	-0.050268	-0.050233	-0.05024
584	-0.050361	-0.050316	-0.050321
585	-0.050464	-0.050448	-0.050453
586	-0.050566	-0.050577	-0.050583
587	-0.050646	-0.050621	-0.050637
588	-0.050727	-0.050665	-0.050691
589	-0.050828	-0.050782	-0.0508
590	-0.050931	-0.050905	-0.050913
591	-0.050986	-0.050976	-0.050986
592	-0.05103	-0.051034	-0.051049
593	-0.051026	-0.051016	-0.051045
594	-0.051001	-0.050966	-0.051011
595	-0.051001	-0.050968	-0.051011
596	-0.051019	-0.051007	-0.051034
597	-0.051048	-0.051042	-0.051063
598	-0.051091	-0.05107	-0.051098
599	-0.051114	-0.051093	-0.051117
600	-0.051103	-0.051106	-0.051108
601	-0.051107	-0.051123	-0.051105
602	-0.051157	-0.051149	-0.051119
603	-0.051209	-0.051177	-0.05114
604	-0.051276	-0.051216	-0.051199
605	-0.051343	-0.051258	-0.051259
606	-0.051409	-0.051369	-0.051327
607	-0.051474	-0.051479	-0.051394
608	-0.05154	-0.051533	-0.051481
609	-0.051605	-0.051582	-0.05157
610	-0.051658	-0.051623	-0.051634
611	-0.051708	-0.051662	-0.051694
612	-0.051766	-0.05172	-0.051741
613	-0.051826	-0.051787	-0.051782
614	-0.051891	-0.051906	-0.051855
615	-0.051957	-0.052057	-0.051947
616	-0.052031	-0.052124	-0.052005
617	-0.052112	-0.052108	-0.052029
618	-0.052209	-0.052157	-0.052112
619	-0.05233	-0.052302	-0.052283
620	-0.052428	-0.052406	-0.052408
621	-0.052474	-0.052411	-0.052422
622	-0.05252	-0.052434	-0.052443
623	-0.052569	-0.052528	-0.052497
624	-0.052626	-0.052625	-0.052557
625	-0.052758	-0.052743	-0.052692
626	-0.05289	-0.052861	-0.052827
627	-0.052933	-0.052875	-0.052901
628	-0.052974	-0.052889	-0.052975
629	-0.053042	-0.052971	-0.053004
630	-0.053113	-0.053062	-0.053028
631	-0.053161	-0.053089	-0.053089
632	-0.053202	-0.053101	-0.05316
633	-0.053265	-0.053186	-0.053227
634	-0.053338	-0.053304	-0.053291
635	-0.053431	-0.053395	-0.053375
636	-0.053537	-0.053468	-0.05347
637	-0.053589	-0.053484	-0.053486
638	-0.053586	-0.053443	-0.053424
639	-0.053611	-0.053469	-0.053434
640	-0.053678	-0.053593	-0.053547
641	-0.053715	-0.053667	-0.05363
642	-0.053687	-0.05363	-0.053644
643	-0.053654	-0.053597	-0.053644
644	-0.053605	-0.053578	-0.05359
645	-0.053557	-0.05355	-0.053532
646	-0.053522	-0.053455	-0.053444
647	-0.053484	-0.053363	-0.053358
648	-0.053404	-0.053333	-0.053319
649	-0.053325	-0.053303	-0.05328
650	-0.052907	-0.052846	-0.052897
651	-0.052468	-0.052362	-0.052493
652	-0.051797	-0.051701	-0.051778
653	-0.051085	-0.051009	-0.051008
654	-0.050618	-0.050561	-0.050545
655	-0.050227	-0.050189	-0.050177
656	-0.050083	-0.050031	-0.050059
657	-0.050059	-0.049975	-0.050062
658	-0.050272	-0.050193	-0.050249
659	-0.050651	-0.050603	-0.050564
660	-0.051057	-0.05107	-0.050987
661	-0.051488	-0.051593	-0.051517
662	-0.051978	-0.052089	-0.052022
663	-0.052551	-0.052546	-0.052493
664	-0.05298	-0.05292	-0.052874
665	-0.053117	-0.053125	-0.053072
666	-0.053253	-0.053298	-0.053243
667	-0.053384	-0.053375	-0.053333
668	-0.053472	-0.053415	-0.053397
669	-0.053343	-0.053268	-0.053322
670	-0.053229	-0.05314	-0.053257
671	-0.053288	-0.053238	-0.053287
672	-0.053348	-0.053335	-0.053317
673	-0.053233	-0.053238	-0.053256
674	-0.053118	-0.053141	-0.053194
675	-0.05318	-0.053191	-0.053234
676	-0.053258	-0.053254	-0.053282
677	-0.053208	-0.053196	-0.053193
678	-0.053134	-0.053116	-0.053079
679	-0.053089	-0.053081	-0.053024
680	-0.053053	-0.053061	-0.052988
681	-0.053092	-0.05309	-0.053039
682	-0.053165	-0.053141	-0.053131
683	-0.053172	-0.053153	-0.053156
684	-0.053136	-0.053139	-0.053136
685	-0.053156	-0.053141	-0.053167
686	-0.053225	-0.053157	-0.053242
687	-0.05323	-0.053155	-0.053251
688	-0.053162	-0.053133	-0.053183
689	-0.053151	-0.053133	-0.053157
690	-0.053232	-0.053169	-0.0532
691	-0.053252	-0.053168	-0.053172
692	-0.053137	-0.053088	-0.052986
693	-0.053028	-0.053018	-0.052855
694	-0.052938	-0.052981	-0.052898
695	-0.052911	-0.052979	-0.052968
696	-0.053191	-0.053149	-0.053166
697	-0.053441	-0.053297	-0.053343
698	-0.05341	-0.053242	-0.053331
699	-0.053377	-0.053187	-0.053317
700	-0.053226	-0.053107	-0.0532
701	-0.053076	-0.053027	-0.053084
702	-0.053237	-0.053213	-0.053251
703	-0.05341	-0.053407	-0.053429
704	-0.053423	-0.053437	-0.053407
705	-0.053418	-0.053448	-0.053362
706	-0.053492	-0.053492	-0.053366
707	-0.053581	-0.053544	-0.05338
708	-0.053516	-0.053483	-0.053412
709	-0.053405	-0.053388	-0.053449
710	-0.053553	-0.053531	-0.05364
711	-0.05381	-0.053773	-0.053895
712	-0.053976	-0.053992	-0.054064
713	-0.054091	-0.054196	-0.054184
714	-0.054067	-0.054159	-0.05414
715	-0.053942	-0.053947	-0.053978
716	-0.053969	-0.054028	-0.054091
717	-0.054136	-0.054381	-0.054459
718	-0.054278	-0.054494	-0.054607
719	-0.054389	-0.054325	-0.054496
720	-0.054703	-0.054511	-0.054749
[LOG]
CHECKSUMm×