[HEADER]
Format	J&M ASCII Table
Comment	
Date	11/08/2026 10:50:21
Order	Y (evenX)
TechType	UV
NumPoints	411
FirstX	310
LastX	720
XType	nm
YType	Absorbance
ZType	s
NumSubFile	3
Matrix	Z vs X
[LOGIN]
Name=pcbob
[INSTRUMENT]
Name=TIDAS E Base UV/VI
Detector=MMS - ASPEN 97,5 kHz
Diodearray=256 Pixel
Serial#=36584
Calibrated=2011-07-01
Range=183.81-729.88 [nm] (F0)

SWVersion=v3.18.2 (build 0)[LOGIN]
Name=pcbob
[CONFIG]
ChannelName=Channel 1
ChannelType=Normalized
[PARAMETER]
It=360,00
Aver=5
Norm=3
Range=310,0-720,0 nm
Scan=Time
ScanTime=5,00 s
[TRIGGER]
Sweep=0
Scan=0
[DIO]
DigOut=0x0000
DigIn=0x0000
[DATA]
	00:00:00,000	00:00:01,800	00:00:03,600
310	-0.012418	-0.012407	-0.012417
311	-0.012871	-0.012864	-0.01287
312	-0.013295	-0.013308	-0.013309
313	-0.01368	-0.013706	-0.013713
314	-0.014012	-0.014039	-0.014068
315	-0.014346	-0.014363	-0.014411
316	-0.014689	-0.014656	-0.014719
317	-0.015032	-0.014952	-0.015031
318	-0.015383	-0.015295	-0.015389
319	-0.015733	-0.015637	-0.015748
320	-0.016068	-0.016013	-0.016104
321	-0.016401	-0.016394	-0.016459
322	-0.0168	-0.016801	-0.016863
323	-0.017228	-0.017218	-0.017288
324	-0.017623	-0.01761	-0.017673
325	-0.017989	-0.017979	-0.018023
326	-0.018351	-0.018358	-0.018383
327	-0.018707	-0.018757	-0.018762
328	-0.019048	-0.019128	-0.019117
329	-0.019325	-0.019371	-0.019362
330	-0.019602	-0.019614	-0.019606
331	-0.019895	-0.019892	-0.0199
332	-0.020189	-0.020171	-0.020194
333	-0.02044	-0.020418	-0.020451
334	-0.020681	-0.020659	-0.020701
335	-0.020959	-0.02094	-0.020998
336	-0.021256	-0.021244	-0.02132
337	-0.02156	-0.021538	-0.021618
338	-0.021872	-0.021822	-0.021889
339	-0.022189	-0.022128	-0.022183
340	-0.022518	-0.022484	-0.022533
341	-0.022846	-0.022833	-0.022877
342	-0.023161	-0.023127	-0.023171
343	-0.023475	-0.023421	-0.023466
344	-0.023778	-0.023733	-0.023765
345	-0.024081	-0.024046	-0.024063
346	-0.024446	-0.024393	-0.024399
347	-0.02483	-0.024751	-0.024745
348	-0.02511	-0.025062	-0.025061
349	-0.025322	-0.02534	-0.025356
350	-0.025536	-0.025561	-0.025597
351	-0.025754	-0.025703	-0.025763
352	-0.02598	-0.025883	-0.02594
353	-0.026231	-0.02617	-0.026151
354	-0.026479	-0.026453	-0.026366
355	-0.026706	-0.026683	-0.026612
356	-0.026933	-0.026913	-0.026858
357	-0.027222	-0.027163	-0.027123
358	-0.027517	-0.027416	-0.027389
359	-0.02778	-0.027664	-0.027668
360	-0.02803	-0.02791	-0.02795
361	-0.028225	-0.028139	-0.028184
362	-0.028376	-0.028355	-0.02838
363	-0.02859	-0.028596	-0.028607
364	-0.028904	-0.028878	-0.028883
365	-0.029191	-0.029142	-0.029144
366	-0.029378	-0.029342	-0.029355
367	-0.029565	-0.029544	-0.029566
368	-0.02975	-0.029758	-0.029764
369	-0.029935	-0.029973	-0.029962
370	-0.030135	-0.030134	-0.030138
371	-0.030337	-0.030288	-0.030311
372	-0.030519	-0.030463	-0.030465
373	-0.030693	-0.030647	-0.030611
374	-0.030879	-0.030851	-0.030815
375	-0.031076	-0.031072	-0.031068
376	-0.031251	-0.031264	-0.031291
377	-0.031389	-0.031403	-0.031461
378	-0.031543	-0.031549	-0.031626
379	-0.031764	-0.03172	-0.031772
380	-0.031983	-0.031892	-0.031919
381	-0.032134	-0.032078	-0.032083
382	-0.032284	-0.032263	-0.032248
383	-0.032419	-0.032406	-0.032404
384	-0.032551	-0.03254	-0.032559
385	-0.032725	-0.032695	-0.03272
386	-0.03292	-0.03286	-0.032883
387	-0.033145	-0.03308	-0.033094
388	-0.033399	-0.033353	-0.033351
389	-0.03362	-0.033585	-0.033568
390	-0.033778	-0.033741	-0.033711
391	-0.033954	-0.033916	-0.033883
392	-0.034214	-0.034183	-0.034179
393	-0.034473	-0.034448	-0.034473
394	-0.034618	-0.034645	-0.034621
395	-0.034762	-0.034842	-0.034769
396	-0.034954	-0.034978	-0.034948
397	-0.035155	-0.035104	-0.035133
398	-0.035416	-0.035325	-0.035347
399	-0.035705	-0.035591	-0.035577
400	-0.0359	-0.03581	-0.035755
401	-0.036007	-0.035984	-0.035884
402	-0.03612	-0.03614	-0.036033
403	-0.036245	-0.036261	-0.036218
404	-0.036398	-0.036403	-0.036419
405	-0.036673	-0.036637	-0.036692
406	-0.036947	-0.036871	-0.036963
407	-0.037159	-0.037087	-0.03713
408	-0.037372	-0.037303	-0.037297
409	-0.037536	-0.037517	-0.037496
410	-0.037692	-0.03773	-0.037699
411	-0.037885	-0.037929	-0.037901
412	-0.038095	-0.03812	-0.038103
413	-0.038326	-0.038337	-0.038308
414	-0.038577	-0.038576	-0.038517
415	-0.038843	-0.038819	-0.038754
416	-0.039136	-0.039069	-0.039042
417	-0.039402	-0.039303	-0.039308
418	-0.039556	-0.03948	-0.03949
419	-0.039711	-0.039655	-0.039671
420	-0.039865	-0.039803	-0.039817
421	-0.040019	-0.039951	-0.039962
422	-0.040198	-0.040157	-0.040133
423	-0.040382	-0.040372	-0.040307
424	-0.040571	-0.04058	-0.040545
425	-0.040764	-0.040784	-0.040808
426	-0.04096	-0.040994	-0.041028
427	-0.04116	-0.04121	-0.041214
428	-0.041341	-0.041392	-0.041376
429	-0.041493	-0.041521	-0.041501
430	-0.041652	-0.041657	-0.04163
431	-0.04183	-0.041813	-0.041774
432	-0.042006	-0.04197	-0.04192
433	-0.042158	-0.042143	-0.042097
434	-0.04231	-0.042315	-0.042275
435	-0.042465	-0.04247	-0.042408
436	-0.04262	-0.042624	-0.042537
437	-0.042812	-0.042799	-0.042744
438	-0.043015	-0.04298	-0.042978
439	-0.043208	-0.043158	-0.043163
440	-0.043396	-0.043334	-0.043315
441	-0.04353	-0.043484	-0.043452
442	-0.043597	-0.043599	-0.043567
443	-0.043704	-0.043736	-0.043699
444	-0.043912	-0.04393	-0.043872
445	-0.044119	-0.044126	-0.044051
446	-0.044318	-0.044339	-0.044273
447	-0.044518	-0.044553	-0.044496
448	-0.044727	-0.044745	-0.044715
449	-0.044936	-0.044936	-0.044934
450	-0.045121	-0.045125	-0.045152
451	-0.045301	-0.045312	-0.045369
452	-0.045466	-0.045485	-0.045529
453	-0.045624	-0.045649	-0.045659
454	-0.045777	-0.045795	-0.045788
455	-0.045926	-0.045922	-0.045916
456	-0.046059	-0.046051	-0.046041
457	-0.046161	-0.046183	-0.046162
458	-0.04628	-0.046322	-0.046288
459	-0.046467	-0.046488	-0.046435
460	-0.046649	-0.04665	-0.04658
461	-0.046715	-0.046747	-0.046669
462	-0.04678	-0.046844	-0.046757
463	-0.046885	-0.046922	-0.046838
464	-0.046995	-0.046997	-0.046917
465	-0.047175	-0.047158	-0.047093
466	-0.047379	-0.04735	-0.047302
467	-0.047593	-0.047582	-0.047534
468	-0.047813	-0.047844	-0.047781
469	-0.048062	-0.048114	-0.048041
470	-0.048349	-0.048394	-0.048316
471	-0.048598	-0.048637	-0.048558
472	-0.048752	-0.048783	-0.048717
473	-0.048903	-0.048923	-0.04887
474	-0.049034	-0.04902	-0.04898
475	-0.049165	-0.049117	-0.049089
476	-0.049286	-0.049247	-0.049196
477	-0.049407	-0.049378	-0.049303
478	-0.04957	-0.049526	-0.049461
479	-0.049742	-0.049679	-0.049631
480	-0.049856	-0.049783	-0.049733
481	-0.049943	-0.049864	-0.049804
482	-0.049901	-0.049852	-0.049809
483	-0.049749	-0.049758	-0.049757
484	-0.049621	-0.049665	-0.049681
485	-0.049531	-0.049574	-0.049568
486	-0.049511	-0.049546	-0.049523
487	-0.049713	-0.049717	-0.049697
488	-0.049926	-0.049904	-0.049889
489	-0.050246	-0.050247	-0.050245
490	-0.050565	-0.050591	-0.050602
491	-0.050836	-0.050845	-0.050826
492	-0.051104	-0.051095	-0.051042
493	-0.051317	-0.05129	-0.051238
494	-0.051517	-0.051472	-0.051428
495	-0.051626	-0.051586	-0.051542
496	-0.051689	-0.051665	-0.051618
497	-0.051714	-0.051705	-0.051659
498	-0.051705	-0.051709	-0.051668
499	-0.051748	-0.051745	-0.051695
500	-0.051879	-0.051835	-0.051754
501	-0.051976	-0.051916	-0.05181
502	-0.051956	-0.05197	-0.051859
503	-0.051949	-0.052024	-0.051911
504	-0.052067	-0.052085	-0.052002
505	-0.052185	-0.052147	-0.052094
506	-0.05226	-0.052233	-0.052186
507	-0.052333	-0.05232	-0.052278
508	-0.052409	-0.052434	-0.052379
509	-0.052486	-0.052554	-0.052483
510	-0.052548	-0.052613	-0.052559
511	-0.052602	-0.052642	-0.05262
512	-0.052693	-0.052723	-0.052691
513	-0.052818	-0.052851	-0.052769
514	-0.052924	-0.052949	-0.05284
515	-0.053	-0.053	-0.052901
516	-0.053075	-0.053063	-0.05297
517	-0.053152	-0.053166	-0.053066
518	-0.05323	-0.053264	-0.053161
519	-0.053327	-0.053327	-0.053248
520	-0.053423	-0.05339	-0.053336
521	-0.053505	-0.05354	-0.053439
522	-0.053586	-0.053693	-0.053542
523	-0.053659	-0.053755	-0.053612
524	-0.053729	-0.053799	-0.053675
525	-0.053803	-0.05383	-0.053715
526	-0.053879	-0.053855	-0.053746
527	-0.05389	-0.053859	-0.053765
528	-0.053851	-0.053847	-0.053774
529	-0.053837	-0.053842	-0.053788
530	-0.053857	-0.053846	-0.053808
531	-0.053865	-0.053849	-0.053815
532	-0.053844	-0.053846	-0.053791
533	-0.053826	-0.053845	-0.05377
534	-0.053827	-0.053855	-0.053757
535	-0.053829	-0.053865	-0.053746
536	-0.053871	-0.053896	-0.053798
537	-0.053912	-0.053927	-0.053849
538	-0.053897	-0.053908	-0.053827
539	-0.053875	-0.053882	-0.053797
540	-0.053791	-0.053786	-0.053697
541	-0.053687	-0.053669	-0.053576
542	-0.0536	-0.053604	-0.053524
543	-0.053523	-0.053569	-0.053513
544	-0.0535	-0.05356	-0.053498
545	-0.053531	-0.053576	-0.053479
546	-0.053532	-0.053571	-0.053458
547	-0.053481	-0.053529	-0.053432
548	-0.053437	-0.053492	-0.053405
549	-0.053412	-0.053469	-0.053373
550	-0.053387	-0.053448	-0.053341
551	-0.053366	-0.053437	-0.053316
552	-0.053344	-0.053426	-0.053291
553	-0.053359	-0.053427	-0.05331
554	-0.053375	-0.053429	-0.05333
555	-0.053344	-0.053415	-0.053292
556	-0.053306	-0.053398	-0.053245
557	-0.053311	-0.053392	-0.053269
558	-0.053331	-0.05339	-0.053319
559	-0.05336	-0.053396	-0.053335
560	-0.053395	-0.053408	-0.053328
561	-0.05339	-0.053408	-0.053321
562	-0.053341	-0.053396	-0.053315
563	-0.0533	-0.053358	-0.053287
564	-0.05327	-0.053275	-0.053222
565	-0.053211	-0.05318	-0.053148
566	-0.05306	-0.053047	-0.053048
567	-0.052908	-0.05291	-0.052934
568	-0.052746	-0.052752	-0.052704
569	-0.052584	-0.052593	-0.052474
570	-0.052425	-0.052435	-0.052334
571	-0.052265	-0.052277	-0.052194
572	-0.052124	-0.052135	-0.052054
573	-0.051986	-0.051995	-0.051915
574	-0.051851	-0.051851	-0.051778
575	-0.051718	-0.051705	-0.051643
576	-0.051579	-0.051579	-0.05153
577	-0.051437	-0.051465	-0.051431
578	-0.051342	-0.051373	-0.051347
579	-0.051291	-0.051304	-0.051277
580	-0.051249	-0.051257	-0.051228
581	-0.051221	-0.051245	-0.051212
582	-0.051221	-0.051252	-0.051218
583	-0.051298	-0.051304	-0.05128
584	-0.05138	-0.051367	-0.051351
585	-0.05149	-0.051487	-0.051463
586	-0.051597	-0.051603	-0.051572
587	-0.051637	-0.051652	-0.051603
588	-0.051677	-0.051701	-0.051634
589	-0.051779	-0.051809	-0.051744
590	-0.051885	-0.051922	-0.05186
591	-0.051963	-0.051989	-0.051922
592	-0.052033	-0.052046	-0.051972
593	-0.052029	-0.052033	-0.051948
594	-0.051994	-0.05199	-0.051893
595	-0.051973	-0.051977	-0.051882
596	-0.051962	-0.051985	-0.051903
597	-0.051993	-0.052013	-0.051951
598	-0.05207	-0.052064	-0.05203
599	-0.052113	-0.052084	-0.052057
600	-0.052097	-0.052051	-0.051997
601	-0.052089	-0.052038	-0.051966
602	-0.052107	-0.052085	-0.052022
603	-0.052132	-0.052135	-0.052079
604	-0.052196	-0.0522	-0.052143
605	-0.052261	-0.052266	-0.052207
606	-0.052346	-0.05236	-0.052278
607	-0.052432	-0.052453	-0.052348
608	-0.052498	-0.052502	-0.052404
609	-0.052562	-0.052548	-0.052458
610	-0.05261	-0.052616	-0.052537
611	-0.052656	-0.052689	-0.052622
612	-0.052736	-0.052761	-0.052673
613	-0.052831	-0.052833	-0.052711
614	-0.052923	-0.052919	-0.052793
615	-0.053013	-0.053014	-0.052903
616	-0.053053	-0.05307	-0.05297
617	-0.053044	-0.053087	-0.052994
618	-0.053115	-0.05316	-0.053084
619	-0.053307	-0.053317	-0.053274
620	-0.053439	-0.053433	-0.053397
621	-0.05343	-0.053448	-0.053361
622	-0.053439	-0.053469	-0.053347
623	-0.053526	-0.053513	-0.053431
624	-0.053614	-0.053564	-0.053514
625	-0.053722	-0.053678	-0.053592
626	-0.05383	-0.053792	-0.05367
627	-0.053893	-0.053855	-0.053738
628	-0.053956	-0.053917	-0.053805
629	-0.053951	-0.053922	-0.05385
630	-0.053938	-0.05392	-0.053891
631	-0.053955	-0.053966	-0.053908
632	-0.053979	-0.054026	-0.053919
633	-0.054064	-0.054089	-0.05399
634	-0.054174	-0.054154	-0.054087
635	-0.054243	-0.054226	-0.05418
636	-0.054286	-0.054303	-0.05427
637	-0.0543	-0.054354	-0.054316
638	-0.054286	-0.05438	-0.054317
639	-0.054305	-0.054406	-0.054331
640	-0.054371	-0.054431	-0.054363
641	-0.054438	-0.054463	-0.054403
642	-0.054507	-0.054513	-0.054461
643	-0.054555	-0.054552	-0.054492
644	-0.054528	-0.054554	-0.054429
645	-0.054495	-0.054541	-0.054367
646	-0.054422	-0.054423	-0.054309
647	-0.054349	-0.054307	-0.05425
648	-0.054272	-0.054237	-0.054171
649	-0.054195	-0.054166	-0.054092
650	-0.053784	-0.05373	-0.053681
651	-0.053354	-0.053271	-0.05325
652	-0.052687	-0.052639	-0.052621
653	-0.05198	-0.051977	-0.051958
654	-0.051522	-0.051548	-0.051517
655	-0.051141	-0.051192	-0.051145
656	-0.051009	-0.051061	-0.05101
657	-0.050998	-0.051038	-0.05099
658	-0.051196	-0.051211	-0.051191
659	-0.051543	-0.051521	-0.051547
660	-0.051949	-0.051908	-0.051956
661	-0.052414	-0.052371	-0.05242
662	-0.052884	-0.052845	-0.052895
663	-0.053362	-0.053333	-0.05339
664	-0.053744	-0.053727	-0.053755
665	-0.053931	-0.053927	-0.053859
666	-0.054086	-0.054096	-0.053966
667	-0.054145	-0.054169	-0.054081
668	-0.054183	-0.054222	-0.054162
669	-0.054112	-0.054168	-0.05407
670	-0.054051	-0.05412	-0.053984
671	-0.054106	-0.054128	-0.053971
672	-0.054161	-0.054137	-0.053958
673	-0.054033	-0.054063	-0.053922
674	-0.053905	-0.053988	-0.053885
675	-0.053957	-0.054006	-0.053931
676	-0.054025	-0.054032	-0.053983
677	-0.053986	-0.053963	-0.053936
678	-0.053927	-0.053876	-0.053871
679	-0.053861	-0.053836	-0.053824
680	-0.053793	-0.053812	-0.053784
681	-0.053795	-0.053839	-0.053802
682	-0.05383	-0.05389	-0.053846
683	-0.053875	-0.05393	-0.053868
684	-0.053927	-0.053963	-0.053874
685	-0.053957	-0.053996	-0.053877
686	-0.053967	-0.054031	-0.053877
687	-0.053977	-0.054022	-0.05389
688	-0.053987	-0.053964	-0.053918
689	-0.054004	-0.053932	-0.05393
690	-0.054036	-0.053941	-0.053914
691	-0.054016	-0.053923	-0.053867
692	-0.053886	-0.053846	-0.053753
693	-0.053779	-0.053767	-0.053667
694	-0.053746	-0.053684	-0.053673
695	-0.053747	-0.05365	-0.053704
696	-0.053919	-0.053856	-0.053855
697	-0.054072	-0.054044	-0.053991
698	-0.054058	-0.05408	-0.053991
699	-0.054041	-0.054111	-0.053991
700	-0.053937	-0.054	-0.053957
701	-0.053833	-0.053889	-0.053923
702	-0.053959	-0.054026	-0.053999
703	-0.054094	-0.054171	-0.05408
704	-0.054051	-0.054105	-0.054049
705	-0.053989	-0.054015	-0.054007
706	-0.054127	-0.054108	-0.05408
707	-0.054306	-0.054237	-0.054176
708	-0.05429	-0.054188	-0.054158
709	-0.054214	-0.054084	-0.054106
710	-0.054385	-0.054246	-0.054247
711	-0.05466	-0.05452	-0.054469
712	-0.054774	-0.054702	-0.054674
713	-0.054798	-0.054832	-0.054869
714	-0.054748	-0.054733	-0.054784
715	-0.054646	-0.054468	-0.054497
716	-0.05471	-0.054562	-0.054472
717	-0.054928	-0.054987	-0.054691
718	-0.055005	-0.055122	-0.054867
719	-0.054918	-0.054914	-0.054995
720	-0.055113	-0.055142	-0.055332
[LOG]
CHECKSUMò<