[HEADER]
Format	J&M ASCII Table
Comment	
Date	11/08/2026 09:55:58
Order	Y (evenX)
TechType	UV
NumPoints	411
FirstX	310
LastX	720
XType	nm
YType	Absorbance
ZType	s
NumSubFile	3
Matrix	Z vs X
[LOGIN]
Name=pcbob
[INSTRUMENT]
Name=TIDAS E Base UV/VI
Detector=MMS - ASPEN 97,5 kHz
Diodearray=256 Pixel
Serial#=36584
Calibrated=2011-07-01
Range=183.81-729.88 [nm] (F0)

SWVersion=v3.18.2 (build 0)[LOGIN]
Name=pcbob
[CONFIG]
ChannelName=Channel 1
ChannelType=Normalized
[PARAMETER]
It=360,00
Aver=5
Norm=3
Range=310,0-720,0 nm
Scan=Time
ScanTime=5,00 s
[TRIGGER]
Sweep=0
Scan=0
[DIO]
DigOut=0x0000
DigIn=0x0000
[DATA]
	00:00:00,000	00:00:01,800	00:00:03,600
310	-0.002782	-0.002709	-0.002682
311	-0.002761	-0.002696	-0.002688
312	-0.002729	-0.002657	-0.002695
313	-0.002698	-0.002616	-0.002677
314	-0.002669	-0.002572	-0.002623
315	-0.002629	-0.002524	-0.002563
316	-0.002553	-0.002468	-0.002484
317	-0.002479	-0.002411	-0.002406
318	-0.002426	-0.002342	-0.002351
319	-0.002373	-0.002273	-0.002297
320	-0.002339	-0.002264	-0.002274
321	-0.002307	-0.002264	-0.002255
322	-0.002281	-0.002255	-0.002247
323	-0.002257	-0.002243	-0.002243
324	-0.002215	-0.002209	-0.00219
325	-0.002159	-0.002156	-0.002094
326	-0.002125	-0.00212	-0.002045
327	-0.002135	-0.002115	-0.002082
328	-0.002119	-0.002092	-0.002093
329	-0.001984	-0.001992	-0.001987
330	-0.001849	-0.001892	-0.00188
331	-0.001841	-0.001845	-0.001826
332	-0.001832	-0.001798	-0.001772
333	-0.00179	-0.001747	-0.001769
334	-0.001742	-0.001697	-0.001778
335	-0.001695	-0.00165	-0.001755
336	-0.001649	-0.001607	-0.001715
337	-0.001605	-0.001555	-0.001647
338	-0.001565	-0.001495	-0.001548
339	-0.001541	-0.001462	-0.001484
340	-0.001558	-0.001493	-0.001498
341	-0.001568	-0.001517	-0.00151
342	-0.001527	-0.001488	-0.001508
343	-0.001486	-0.001459	-0.001505
344	-0.001544	-0.001511	-0.001501
345	-0.001607	-0.001567	-0.001497
346	-0.001626	-0.001578	-0.001502
347	-0.001631	-0.001576	-0.001509
348	-0.001618	-0.00156	-0.001524
349	-0.001591	-0.001535	-0.001544
350	-0.001555	-0.001502	-0.001523
351	-0.001507	-0.001461	-0.001447
352	-0.001479	-0.001442	-0.0014
353	-0.001512	-0.001488	-0.001443
354	-0.001542	-0.001527	-0.001482
355	-0.001537	-0.001483	-0.001491
356	-0.001533	-0.001439	-0.001499
357	-0.001579	-0.001491	-0.001514
358	-0.001632	-0.001553	-0.001529
359	-0.001663	-0.001586	-0.001558
360	-0.001686	-0.001608	-0.001591
361	-0.00169	-0.00164	-0.001622
362	-0.001679	-0.001679	-0.001651
363	-0.001699	-0.001727	-0.001698
364	-0.001769	-0.001792	-0.001775
365	-0.001847	-0.001846	-0.001841
366	-0.001954	-0.001862	-0.001871
367	-0.002055	-0.001879	-0.001902
368	-0.002038	-0.001902	-0.001963
369	-0.00202	-0.001925	-0.002024
370	-0.002022	-0.00196	-0.002022
371	-0.002028	-0.001998	-0.002012
372	-0.002062	-0.002012	-0.002024
373	-0.002108	-0.002017	-0.002046
374	-0.002144	-0.002025	-0.002065
375	-0.002171	-0.002036	-0.002081
376	-0.002178	-0.002054	-0.002086
377	-0.002151	-0.002087	-0.002071
378	-0.002146	-0.002125	-0.002078
379	-0.002228	-0.002184	-0.002183
380	-0.002307	-0.002241	-0.002284
381	-0.002294	-0.002223	-0.002265
382	-0.002281	-0.002205	-0.002245
383	-0.002288	-0.00223	-0.002262
384	-0.002299	-0.002262	-0.002285
385	-0.002325	-0.002295	-0.002296
386	-0.002357	-0.002328	-0.0023
387	-0.002403	-0.002374	-0.002338
388	-0.002464	-0.002433	-0.002408
389	-0.002514	-0.002471	-0.002463
390	-0.002544	-0.002471	-0.002494
391	-0.002585	-0.002482	-0.002528
392	-0.002673	-0.002548	-0.002572
393	-0.00276	-0.002612	-0.002617
394	-0.002783	-0.002649	-0.002664
395	-0.002806	-0.002685	-0.002712
396	-0.002807	-0.00271	-0.002734
397	-0.002804	-0.002733	-0.002752
398	-0.002849	-0.002767	-0.002787
399	-0.002915	-0.002806	-0.002831
400	-0.002951	-0.002829	-0.002857
401	-0.002956	-0.002836	-0.002868
402	-0.002955	-0.002845	-0.002868
403	-0.002941	-0.00286	-0.002848
404	-0.002949	-0.002896	-0.002854
405	-0.00305	-0.003031	-0.002978
406	-0.003151	-0.003163	-0.0031
407	-0.003173	-0.003121	-0.003094
408	-0.003195	-0.003079	-0.003088
409	-0.003192	-0.003079	-0.003101
410	-0.003184	-0.003087	-0.003117
411	-0.003185	-0.0031	-0.00315
412	-0.003189	-0.003115	-0.00319
413	-0.00323	-0.003153	-0.003218
414	-0.003303	-0.003213	-0.003235
415	-0.003379	-0.003279	-0.003262
416	-0.003458	-0.003357	-0.003304
417	-0.003534	-0.003424	-0.00335
418	-0.003597	-0.003448	-0.003405
419	-0.003657	-0.003471	-0.003458
420	-0.003631	-0.00345	-0.003435
421	-0.003604	-0.003429	-0.003413
422	-0.00361	-0.003424	-0.00343
423	-0.00362	-0.00342	-0.003453
424	-0.003676	-0.003517	-0.0035
425	-0.003749	-0.003655	-0.003558
426	-0.003825	-0.003752	-0.003644
427	-0.0039	-0.003818	-0.003753
428	-0.003958	-0.003846	-0.003824
429	-0.003988	-0.003816	-0.003836
430	-0.004011	-0.003803	-0.003849
431	-0.004011	-0.003847	-0.003861
432	-0.004011	-0.003889	-0.003876
433	-0.004031	-0.00391	-0.00391
434	-0.00405	-0.003931	-0.003944
435	-0.004049	-0.003947	-0.003968
436	-0.004046	-0.003964	-0.003991
437	-0.004109	-0.004016	-0.004043
438	-0.004193	-0.004079	-0.004104
439	-0.004216	-0.004103	-0.004109
440	-0.004197	-0.004099	-0.004076
441	-0.004208	-0.004097	-0.004074
442	-0.004256	-0.004097	-0.004111
443	-0.004299	-0.004118	-0.004155
444	-0.004328	-0.004194	-0.004217
445	-0.004363	-0.004267	-0.004279
446	-0.004442	-0.004324	-0.004337
447	-0.004522	-0.00438	-0.004395
448	-0.004593	-0.00446	-0.004469
449	-0.004663	-0.00454	-0.004544
450	-0.00473	-0.004621	-0.004614
451	-0.004797	-0.004703	-0.004684
452	-0.00483	-0.004748	-0.004723
453	-0.004847	-0.004774	-0.004747
454	-0.004848	-0.004773	-0.00475
455	-0.004833	-0.004745	-0.004732
456	-0.004829	-0.004724	-0.004699
457	-0.004841	-0.004716	-0.004634
458	-0.004853	-0.004712	-0.004593
459	-0.004865	-0.004728	-0.004649
460	-0.004876	-0.004742	-0.004704
461	-0.004868	-0.004708	-0.004715
462	-0.004859	-0.004674	-0.004726
463	-0.004849	-0.004696	-0.004746
464	-0.004839	-0.004726	-0.004768
465	-0.00489	-0.004792	-0.004819
466	-0.004962	-0.004871	-0.004881
467	-0.005053	-0.00494	-0.004937
468	-0.005156	-0.005002	-0.004989
469	-0.005242	-0.005067	-0.005043
470	-0.005307	-0.005138	-0.005099
471	-0.005365	-0.005204	-0.005158
472	-0.005407	-0.005259	-0.005223
473	-0.005442	-0.005303	-0.00528
474	-0.005442	-0.005277	-0.005279
475	-0.005442	-0.005251	-0.005277
476	-0.005468	-0.005301	-0.005311
477	-0.005495	-0.005353	-0.005345
478	-0.005558	-0.005394	-0.005385
479	-0.005629	-0.005433	-0.005426
480	-0.005616	-0.00542	-0.005424
481	-0.005564	-0.005384	-0.005404
482	-0.005477	-0.00533	-0.005352
483	-0.005361	-0.00526	-0.005274
484	-0.005279	-0.005196	-0.005206
485	-0.005251	-0.005144	-0.005154
486	-0.005255	-0.005122	-0.005134
487	-0.005358	-0.005198	-0.005208
488	-0.005456	-0.005275	-0.005285
489	-0.005511	-0.00537	-0.005379
490	-0.005565	-0.005464	-0.005474
491	-0.005681	-0.005556	-0.005566
492	-0.0058	-0.005647	-0.005657
493	-0.005869	-0.005708	-0.005704
494	-0.005927	-0.005762	-0.00574
495	-0.005915	-0.005755	-0.005744
496	-0.005868	-0.005717	-0.005732
497	-0.005839	-0.005682	-0.005696
498	-0.005827	-0.00565	-0.005636
499	-0.005834	-0.00565	-0.005607
500	-0.005872	-0.005704	-0.005629
501	-0.005899	-0.005739	-0.005645
502	-0.005889	-0.005712	-0.005641
503	-0.005879	-0.005688	-0.005637
504	-0.005869	-0.005692	-0.005626
505	-0.00586	-0.005696	-0.005615
506	-0.005867	-0.005736	-0.005661
507	-0.005875	-0.005779	-0.00571
508	-0.005921	-0.005818	-0.005764
509	-0.005977	-0.005856	-0.005818
510	-0.005978	-0.00588	-0.00585
511	-0.005952	-0.005896	-0.00587
512	-0.005999	-0.005929	-0.005912
513	-0.006113	-0.005976	-0.005974
514	-0.006195	-0.006008	-0.006025
515	-0.006226	-0.006016	-0.006059
516	-0.006245	-0.00604	-0.006083
517	-0.006231	-0.006112	-0.006076
518	-0.006223	-0.006178	-0.006073
519	-0.006262	-0.006192	-0.006111
520	-0.006301	-0.006205	-0.006148
521	-0.006352	-0.006237	-0.006172
522	-0.006403	-0.00627	-0.006195
523	-0.006436	-0.006274	-0.006231
524	-0.006465	-0.006272	-0.00627
525	-0.006463	-0.006282	-0.006283
526	-0.006448	-0.006296	-0.006284
527	-0.006449	-0.006291	-0.006259
528	-0.006465	-0.006272	-0.006212
529	-0.006446	-0.006246	-0.006192
530	-0.00638	-0.006213	-0.006208
531	-0.006334	-0.006183	-0.006213
532	-0.006337	-0.006162	-0.006187
533	-0.00633	-0.006143	-0.006155
534	-0.00627	-0.00613	-0.006095
535	-0.006213	-0.006119	-0.006036
536	-0.00625	-0.006132	-0.006045
537	-0.006287	-0.006146	-0.006054
538	-0.006276	-0.00614	-0.006087
539	-0.006259	-0.006132	-0.006122
540	-0.006243	-0.006089	-0.006111
541	-0.006227	-0.006035	-0.006085
542	-0.006205	-0.006014	-0.006038
543	-0.00618	-0.006012	-0.005978
544	-0.006166	-0.005996	-0.005931
545	-0.006164	-0.005968	-0.005897
546	-0.006154	-0.005947	-0.005874
547	-0.00613	-0.005939	-0.00587
548	-0.006108	-0.005933	-0.00587
549	-0.006089	-0.005934	-0.005885
550	-0.006071	-0.005932	-0.005898
551	-0.00606	-0.005915	-0.005893
552	-0.006049	-0.005898	-0.005889
553	-0.006097	-0.005913	-0.005898
554	-0.006146	-0.005929	-0.005907
555	-0.00611	-0.005908	-0.005896
556	-0.006061	-0.00588	-0.005882
557	-0.006041	-0.005859	-0.00585
558	-0.006031	-0.00584	-0.005811
559	-0.006061	-0.005872	-0.005846
560	-0.006116	-0.005937	-0.005928
561	-0.006126	-0.005956	-0.005958
562	-0.006086	-0.005924	-0.005932
563	-0.006041	-0.005892	-0.005899
564	-0.005986	-0.005858	-0.005852
565	-0.005927	-0.005812	-0.005797
566	-0.005855	-0.005729	-0.005712
567	-0.005786	-0.005649	-0.005629
568	-0.005737	-0.005595	-0.005556
569	-0.005688	-0.005541	-0.005483
570	-0.005635	-0.005482	-0.005466
571	-0.005583	-0.005423	-0.00545
572	-0.005566	-0.005406	-0.005401
573	-0.005554	-0.005396	-0.005347
574	-0.00547	-0.005304	-0.005281
575	-0.005361	-0.005184	-0.005212
576	-0.005296	-0.005122	-0.005165
577	-0.005258	-0.005094	-0.005131
578	-0.005246	-0.005095	-0.005117
579	-0.00526	-0.005124	-0.005123
580	-0.005263	-0.00513	-0.005113
581	-0.005249	-0.005103	-0.005078
582	-0.005242	-0.005085	-0.005062
583	-0.005257	-0.00509	-0.005091
584	-0.005275	-0.005104	-0.005123
585	-0.005307	-0.00516	-0.00517
586	-0.005338	-0.005214	-0.005214
587	-0.005331	-0.005216	-0.005174
588	-0.005324	-0.005218	-0.005135
589	-0.005344	-0.00522	-0.00516
590	-0.005366	-0.005223	-0.005189
591	-0.005415	-0.005275	-0.005221
592	-0.00547	-0.005338	-0.005254
593	-0.005473	-0.005329	-0.00527
594	-0.005455	-0.00529	-0.005279
595	-0.005437	-0.005285	-0.005276
596	-0.005421	-0.005304	-0.005264
597	-0.005429	-0.005319	-0.005274
598	-0.005465	-0.005329	-0.005308
599	-0.005472	-0.005324	-0.005316
600	-0.005432	-0.005294	-0.005277
601	-0.005414	-0.005269	-0.005243
602	-0.005463	-0.005258	-0.005225
603	-0.005507	-0.005259	-0.005217
604	-0.005529	-0.00533	-0.005267
605	-0.005548	-0.005397	-0.005315
606	-0.005495	-0.005382	-0.005319
607	-0.005442	-0.005366	-0.005322
608	-0.005512	-0.005385	-0.005343
609	-0.00559	-0.005407	-0.005366
610	-0.005563	-0.005385	-0.005376
611	-0.005512	-0.005353	-0.005384
612	-0.00553	-0.005383	-0.005411
613	-0.005576	-0.005438	-0.005446
614	-0.005611	-0.005463	-0.005462
615	-0.005639	-0.00547	-0.005467
616	-0.005635	-0.00547	-0.005464
617	-0.0056	-0.005462	-0.005453
618	-0.005635	-0.005519	-0.005504
619	-0.005775	-0.005672	-0.005648
620	-0.005854	-0.005757	-0.005731
621	-0.005789	-0.005683	-0.005671
622	-0.005752	-0.005632	-0.005632
623	-0.005833	-0.005679	-0.005681
624	-0.005912	-0.005727	-0.005729
625	-0.005977	-0.005792	-0.005775
626	-0.006041	-0.005858	-0.005821
627	-0.006064	-0.005881	-0.005835
628	-0.006088	-0.005903	-0.005849
629	-0.006019	-0.005851	-0.005798
630	-0.005939	-0.005789	-0.00574
631	-0.005979	-0.005851	-0.005784
632	-0.00605	-0.005944	-0.005855
633	-0.006075	-0.005965	-0.005926
634	-0.006081	-0.005956	-0.005998
635	-0.006097	-0.00592	-0.006018
636	-0.006122	-0.005866	-0.006003
637	-0.006133	-0.005862	-0.005994
638	-0.00613	-0.005907	-0.00599
639	-0.006146	-0.005956	-0.006013
640	-0.006189	-0.006011	-0.006076
641	-0.006213	-0.006048	-0.00611
642	-0.006195	-0.006045	-0.006084
643	-0.006176	-0.006042	-0.00606
644	-0.006156	-0.006037	-0.006043
645	-0.006139	-0.00603	-0.006025
646	-0.00615	-0.006005	-0.006
647	-0.00616	-0.00598	-0.005975
648	-0.006138	-0.005965	-0.005949
649	-0.006117	-0.005949	-0.005924
650	-0.005951	-0.005816	-0.005782
651	-0.005776	-0.005675	-0.005632
652	-0.005513	-0.005397	-0.005373
653	-0.005234	-0.005096	-0.005095
654	-0.005102	-0.004956	-0.004975
655	-0.005016	-0.004867	-0.004903
656	-0.00493	-0.004843	-0.004855
657	-0.004844	-0.00485	-0.004817
658	-0.004907	-0.004907	-0.004882
659	-0.005075	-0.004999	-0.005021
660	-0.00524	-0.005154	-0.005179
661	-0.005403	-0.005371	-0.005357
662	-0.00558	-0.005559	-0.005515
663	-0.005777	-0.005707	-0.005645
664	-0.005907	-0.00581	-0.005746
665	-0.0059	-0.005821	-0.005786
666	-0.005898	-0.005833	-0.00582
667	-0.005915	-0.005848	-0.005835
668	-0.005923	-0.005856	-0.00584
669	-0.005887	-0.005823	-0.005794
670	-0.005859	-0.005797	-0.00576
671	-0.00593	-0.005861	-0.005866
672	-0.006	-0.005924	-0.005973
673	-0.005982	-0.005879	-0.005854
674	-0.005963	-0.005833	-0.005735
675	-0.005999	-0.005825	-0.00581
676	-0.006039	-0.00582	-0.005903
677	-0.00599	-0.005792	-0.005825
678	-0.005925	-0.00576	-0.005714
679	-0.005923	-0.005767	-0.005755
680	-0.00594	-0.005786	-0.005844
681	-0.006023	-0.005884	-0.005923
682	-0.006136	-0.006017	-0.005996
683	-0.006133	-0.006026	-0.006004
684	-0.006057	-0.005956	-0.005969
685	-0.006043	-0.005926	-0.005931
686	-0.006085	-0.005934	-0.00589
687	-0.006042	-0.005891	-0.005846
688	-0.005901	-0.005789	-0.005796
689	-0.005843	-0.00574	-0.005788
690	-0.00592	-0.005776	-0.005844
691	-0.00597	-0.005814	-0.005858
692	-0.005961	-0.005855	-0.005778
693	-0.00592	-0.005857	-0.005714
694	-0.005781	-0.005738	-0.005701
695	-0.00568	-0.005662	-0.005711
696	-0.005765	-0.005801	-0.005829
697	-0.005842	-0.005924	-0.005926
698	-0.005838	-0.005908	-0.00584
699	-0.005834	-0.005891	-0.005756
700	-0.005791	-0.005795	-0.005726
701	-0.005748	-0.005699	-0.005696
702	-0.005888	-0.005855	-0.005809
703	-0.006034	-0.006021	-0.005927
704	-0.00603	-0.005952	-0.005963
705	-0.006009	-0.005856	-0.005989
706	-0.005936	-0.005843	-0.005924
707	-0.005854	-0.005847	-0.005841
708	-0.005946	-0.00587	-0.005875
709	-0.006091	-0.0059	-0.005944
710	-0.006244	-0.006005	-0.005999
711	-0.006401	-0.006142	-0.006048
712	-0.006355	-0.006154	-0.006073
713	-0.006194	-0.006097	-0.006086
714	-0.006065	-0.005992	-0.006074
715	-0.005958	-0.005851	-0.006044
716	-0.005922	-0.005842	-0.005971
717	-0.005951	-0.005954	-0.005859
718	-0.005868	-0.005777	-0.00566
719	-0.005653	-0.005259	-0.00536
720	-0.005585	-0.005115	-0.005321
[LOG]
CHECKSUMÓZ