[HEADER]
Format	J&M ASCII Table
Comment	
Date	11/08/2026 09:57:43
Order	Y (evenX)
TechType	UV
NumPoints	411
FirstX	310
LastX	720
XType	nm
YType	Absorbance
ZType	s
NumSubFile	3
Matrix	Z vs X
[LOGIN]
Name=pcbob
[INSTRUMENT]
Name=TIDAS E Base UV/VI
Detector=MMS - ASPEN 97,5 kHz
Diodearray=256 Pixel
Serial#=36584
Calibrated=2011-07-01
Range=183.81-729.88 [nm] (F0)

SWVersion=v3.18.2 (build 0)[LOGIN]
Name=pcbob
[CONFIG]
ChannelName=Channel 1
ChannelType=Normalized
[PARAMETER]
It=360,00
Aver=5
Norm=3
Range=310,0-720,0 nm
Scan=Time
ScanTime=5,00 s
[TRIGGER]
Sweep=0
Scan=0
[DIO]
DigOut=0x0000
DigIn=0x0000
[DATA]
	00:00:00,000	00:00:01,800	00:00:03,600
310	-0.00328	-0.003231	-0.003217
311	-0.003284	-0.003236	-0.003227
312	-0.003278	-0.003234	-0.003229
313	-0.00327	-0.00323	-0.003229
314	-0.003258	-0.003222	-0.003224
315	-0.003232	-0.0032	-0.003201
316	-0.003163	-0.003136	-0.00312
317	-0.003095	-0.003073	-0.003043
318	-0.00305	-0.003031	-0.003008
319	-0.003005	-0.00299	-0.002973
320	-0.002976	-0.002948	-0.002932
321	-0.00295	-0.002906	-0.00289
322	-0.002928	-0.00288	-0.002877
323	-0.002908	-0.00286	-0.002876
324	-0.002868	-0.002831	-0.002847
325	-0.002809	-0.002795	-0.002793
326	-0.002763	-0.002764	-0.00276
327	-0.002738	-0.002744	-0.002767
328	-0.002707	-0.002709	-0.00275
329	-0.002643	-0.002606	-0.002628
330	-0.002578	-0.002503	-0.002505
331	-0.002517	-0.002471	-0.002487
332	-0.002455	-0.002439	-0.002469
333	-0.002423	-0.002417	-0.002462
334	-0.002398	-0.002398	-0.002457
335	-0.002364	-0.002357	-0.002419
336	-0.002326	-0.002303	-0.002361
337	-0.002285	-0.002253	-0.002291
338	-0.002241	-0.002207	-0.002205
339	-0.00221	-0.002184	-0.002153
340	-0.002209	-0.002217	-0.002184
341	-0.002208	-0.00224	-0.002211
342	-0.00221	-0.002195	-0.002214
343	-0.002212	-0.002149	-0.002216
344	-0.002251	-0.002186	-0.002235
345	-0.002292	-0.002227	-0.002255
346	-0.002278	-0.002236	-0.002266
347	-0.002247	-0.002235	-0.002275
348	-0.002281	-0.002243	-0.002287
349	-0.002358	-0.002255	-0.002302
350	-0.002352	-0.002236	-0.002283
351	-0.002234	-0.002175	-0.002218
352	-0.002165	-0.002141	-0.002187
353	-0.002245	-0.002189	-0.002259
354	-0.002319	-0.002234	-0.002325
355	-0.002333	-0.002246	-0.002311
356	-0.002348	-0.002259	-0.002298
357	-0.002427	-0.00234	-0.002378
358	-0.002513	-0.002428	-0.002468
359	-0.00255	-0.002507	-0.002535
360	-0.002569	-0.002583	-0.002594
361	-0.002581	-0.00262	-0.002621
362	-0.002588	-0.002627	-0.002622
363	-0.002633	-0.002655	-0.002645
364	-0.002737	-0.002716	-0.002701
365	-0.002837	-0.002786	-0.002762
366	-0.002922	-0.002887	-0.00284
367	-0.003005	-0.002986	-0.002917
368	-0.003057	-0.00302	-0.00298
369	-0.00311	-0.003053	-0.003043
370	-0.003147	-0.003062	-0.003068
371	-0.003181	-0.003067	-0.003087
372	-0.003197	-0.003097	-0.003123
373	-0.003205	-0.003136	-0.003165
374	-0.003241	-0.003196	-0.003219
375	-0.003302	-0.003272	-0.003284
376	-0.00336	-0.00332	-0.003333
377	-0.003413	-0.003318	-0.003358
378	-0.003465	-0.003335	-0.003388
379	-0.003516	-0.003437	-0.003445
380	-0.003566	-0.003537	-0.003501
381	-0.003571	-0.003522	-0.003528
382	-0.003575	-0.003508	-0.003555
383	-0.003647	-0.003554	-0.003613
384	-0.00373	-0.00361	-0.003676
385	-0.003768	-0.003665	-0.003735
386	-0.003784	-0.00372	-0.003792
387	-0.003829	-0.003787	-0.003859
388	-0.003901	-0.003865	-0.003934
389	-0.003971	-0.003926	-0.003993
390	-0.004038	-0.003957	-0.004021
391	-0.004098	-0.003993	-0.004046
392	-0.00413	-0.004054	-0.004065
393	-0.004163	-0.004115	-0.004084
394	-0.00423	-0.004159	-0.004203
395	-0.004297	-0.004203	-0.004322
396	-0.004354	-0.004262	-0.004381
397	-0.00441	-0.004324	-0.004429
398	-0.004481	-0.004419	-0.004476
399	-0.004559	-0.00453	-0.004522
400	-0.004602	-0.004583	-0.004532
401	-0.004614	-0.004582	-0.004508
402	-0.004625	-0.004576	-0.004508
403	-0.004634	-0.004557	-0.004552
404	-0.004659	-0.004564	-0.004608
405	-0.004759	-0.004682	-0.00472
406	-0.004858	-0.004799	-0.004831
407	-0.004906	-0.004838	-0.00487
408	-0.004954	-0.004877	-0.004909
409	-0.005006	-0.00494	-0.004965
410	-0.005058	-0.005007	-0.005024
411	-0.005092	-0.00505	-0.005041
412	-0.005118	-0.005083	-0.005039
413	-0.005143	-0.005104	-0.005067
414	-0.005167	-0.005116	-0.005121
415	-0.005235	-0.005175	-0.005189
416	-0.00538	-0.005316	-0.005283
417	-0.0055	-0.005437	-0.005376
418	-0.00552	-0.005479	-0.005469
419	-0.00554	-0.00552	-0.005557
420	-0.005539	-0.005545	-0.005526
421	-0.005537	-0.005571	-0.005495
422	-0.005609	-0.005583	-0.005542
423	-0.005691	-0.005593	-0.005599
424	-0.005756	-0.005688	-0.005686
425	-0.005814	-0.005817	-0.005785
426	-0.005907	-0.005929	-0.005894
427	-0.006027	-0.006026	-0.006013
428	-0.006103	-0.006102	-0.006094
429	-0.006112	-0.006147	-0.006116
430	-0.006125	-0.00618	-0.006138
431	-0.006157	-0.006174	-0.006159
432	-0.006192	-0.006174	-0.006184
433	-0.006261	-0.006261	-0.006255
434	-0.00633	-0.006347	-0.006326
435	-0.0064	-0.006351	-0.006395
436	-0.00647	-0.006348	-0.006464
437	-0.00654	-0.006417	-0.006511
438	-0.00661	-0.00651	-0.006551
439	-0.006639	-0.006543	-0.006582
440	-0.006639	-0.006535	-0.006606
441	-0.006635	-0.006536	-0.006611
442	-0.006627	-0.006548	-0.006592
443	-0.006649	-0.006584	-0.006599
444	-0.006748	-0.006681	-0.006676
445	-0.006848	-0.006778	-0.006759
446	-0.00695	-0.006873	-0.006885
447	-0.007053	-0.006967	-0.00701
448	-0.007141	-0.007074	-0.007117
449	-0.007228	-0.007181	-0.007222
450	-0.007324	-0.007269	-0.007308
451	-0.007421	-0.007352	-0.007388
452	-0.007474	-0.007381	-0.007431
453	-0.007505	-0.007381	-0.007454
454	-0.007511	-0.007392	-0.007452
455	-0.007491	-0.007415	-0.007425
456	-0.007481	-0.007431	-0.007407
457	-0.007489	-0.007434	-0.007404
458	-0.007509	-0.007446	-0.007416
459	-0.007583	-0.007496	-0.007487
460	-0.007652	-0.007542	-0.007554
461	-0.007609	-0.007506	-0.007542
462	-0.007566	-0.007469	-0.007529
463	-0.007589	-0.007477	-0.007549
464	-0.00762	-0.00749	-0.007573
465	-0.00769	-0.007572	-0.007648
466	-0.007775	-0.007678	-0.007742
467	-0.007893	-0.007783	-0.00784
468	-0.008035	-0.007886	-0.007941
469	-0.008167	-0.008013	-0.008051
470	-0.008285	-0.008168	-0.008173
471	-0.008376	-0.00829	-0.008279
472	-0.008396	-0.008324	-0.008342
473	-0.008415	-0.008353	-0.008402
474	-0.008427	-0.008347	-0.008439
475	-0.00844	-0.00834	-0.008476
476	-0.0085	-0.008432	-0.008477
477	-0.008562	-0.008526	-0.008478
478	-0.008602	-0.00857	-0.008546
479	-0.008639	-0.008603	-0.008628
480	-0.008645	-0.008592	-0.008638
481	-0.008638	-0.00856	-0.008615
482	-0.008572	-0.008476	-0.008533
483	-0.008457	-0.008347	-0.008399
484	-0.008348	-0.008248	-0.008288
485	-0.008248	-0.008197	-0.008214
486	-0.008194	-0.008176	-0.008175
487	-0.008282	-0.00825	-0.008245
488	-0.008377	-0.008331	-0.008324
489	-0.008534	-0.008472	-0.008496
490	-0.008691	-0.008614	-0.008668
491	-0.00883	-0.008771	-0.008798
492	-0.008968	-0.00893	-0.008925
493	-0.009045	-0.008987	-0.009007
494	-0.009108	-0.00902	-0.009078
495	-0.00913	-0.009044	-0.00908
496	-0.00913	-0.009064	-0.009047
497	-0.009108	-0.009063	-0.00902
498	-0.009066	-0.009045	-0.009
499	-0.009058	-0.009039	-0.009005
500	-0.009107	-0.009057	-0.009054
501	-0.009149	-0.009075	-0.009095
502	-0.009168	-0.009096	-0.009111
503	-0.009187	-0.009117	-0.009128
504	-0.009212	-0.00914	-0.009161
505	-0.009237	-0.009163	-0.009194
506	-0.009274	-0.009212	-0.009247
507	-0.009311	-0.009263	-0.009301
508	-0.009364	-0.00928	-0.009328
509	-0.00942	-0.009289	-0.009349
510	-0.009446	-0.009327	-0.009373
511	-0.009455	-0.009379	-0.009399
512	-0.009503	-0.009445	-0.009454
513	-0.009585	-0.009522	-0.009536
514	-0.009648	-0.009566	-0.009593
515	-0.009679	-0.009558	-0.009608
516	-0.009708	-0.009562	-0.009626
517	-0.009728	-0.009606	-0.009649
518	-0.009751	-0.009651	-0.009676
519	-0.009801	-0.009701	-0.009736
520	-0.009851	-0.00975	-0.009795
521	-0.009851	-0.009761	-0.009808
522	-0.009849	-0.009771	-0.009819
523	-0.009865	-0.009806	-0.009821
524	-0.009885	-0.009847	-0.009821
525	-0.009922	-0.00987	-0.009851
526	-0.009967	-0.009884	-0.009893
527	-0.009943	-0.009864	-0.009883
528	-0.009866	-0.009818	-0.009833
529	-0.009809	-0.009769	-0.009787
530	-0.00978	-0.009718	-0.009747
531	-0.009761	-0.009692	-0.009715
532	-0.009767	-0.009726	-0.0097
533	-0.009764	-0.009741	-0.009686
534	-0.009716	-0.009653	-0.009674
535	-0.00967	-0.009568	-0.009662
536	-0.00969	-0.009589	-0.009618
537	-0.009711	-0.00961	-0.009575
538	-0.009711	-0.009613	-0.009615
539	-0.00971	-0.009613	-0.009665
540	-0.009678	-0.009578	-0.00966
541	-0.009638	-0.00953	-0.009638
542	-0.009599	-0.009496	-0.009583
543	-0.009561	-0.009468	-0.00951
544	-0.009547	-0.009457	-0.009472
545	-0.009557	-0.00946	-0.00947
546	-0.009555	-0.00946	-0.00947
547	-0.009532	-0.009453	-0.009473
548	-0.009512	-0.009446	-0.009467
549	-0.009501	-0.009437	-0.009431
550	-0.009496	-0.00943	-0.009405
551	-0.009528	-0.009434	-0.009452
552	-0.00956	-0.009437	-0.009498
553	-0.009535	-0.00947	-0.009492
554	-0.009508	-0.009503	-0.009485
555	-0.009497	-0.009476	-0.009452
556	-0.009489	-0.00944	-0.009414
557	-0.009467	-0.009418	-0.009413
558	-0.00944	-0.009403	-0.009425
559	-0.00946	-0.009409	-0.009459
560	-0.00951	-0.009431	-0.009506
561	-0.00951	-0.009427	-0.009513
562	-0.009456	-0.009396	-0.009479
563	-0.009425	-0.009374	-0.009447
564	-0.009434	-0.009368	-0.009419
565	-0.009402	-0.009336	-0.00937
566	-0.009234	-0.009217	-0.009253
567	-0.009077	-0.009103	-0.009134
568	-0.009006	-0.009021	-0.009006
569	-0.008936	-0.00894	-0.008878
570	-0.00887	-0.008834	-0.008833
571	-0.008805	-0.008728	-0.008788
572	-0.008723	-0.00863	-0.008667
573	-0.008638	-0.008532	-0.008535
574	-0.008519	-0.008434	-0.008435
575	-0.008389	-0.008336	-0.008346
576	-0.0083	-0.008254	-0.008269
577	-0.008235	-0.00818	-0.008198
578	-0.008197	-0.008126	-0.008153
579	-0.008184	-0.008091	-0.008133
580	-0.008173	-0.008071	-0.00812
581	-0.008164	-0.008075	-0.008119
582	-0.008173	-0.008091	-0.008126
583	-0.008225	-0.008138	-0.008158
584	-0.008274	-0.008183	-0.008193
585	-0.008312	-0.008225	-0.008248
586	-0.008348	-0.008266	-0.008302
587	-0.008338	-0.008288	-0.008332
588	-0.008329	-0.00831	-0.008362
589	-0.008389	-0.00837	-0.008386
590	-0.008455	-0.008433	-0.00841
591	-0.008527	-0.008501	-0.008453
592	-0.008602	-0.00857	-0.008501
593	-0.008585	-0.008561	-0.008508
594	-0.00853	-0.008519	-0.008497
595	-0.008527	-0.008494	-0.008498
596	-0.008561	-0.008479	-0.008506
597	-0.0086	-0.008505	-0.008522
598	-0.008645	-0.008574	-0.008546
599	-0.008657	-0.008602	-0.008556
600	-0.008611	-0.00856	-0.008542
601	-0.008585	-0.00853	-0.008534
602	-0.008619	-0.008537	-0.008548
603	-0.008655	-0.008549	-0.008569
604	-0.008702	-0.00859	-0.008634
605	-0.008745	-0.008631	-0.008697
606	-0.00872	-0.008661	-0.008699
607	-0.008695	-0.008691	-0.008702
608	-0.008764	-0.008718	-0.008743
609	-0.008841	-0.008746	-0.008787
610	-0.008833	-0.008769	-0.00878
611	-0.008808	-0.008791	-0.008763
612	-0.008845	-0.008831	-0.008811
613	-0.008906	-0.008878	-0.008885
614	-0.008939	-0.008907	-0.008936
615	-0.008953	-0.008924	-0.008973
616	-0.008975	-0.00895	-0.008988
617	-0.009005	-0.008986	-0.008982
618	-0.009056	-0.009056	-0.009032
619	-0.009141	-0.009176	-0.009167
620	-0.009189	-0.009237	-0.009241
621	-0.00915	-0.009158	-0.009173
622	-0.009131	-0.009102	-0.009125
623	-0.009197	-0.009137	-0.009163
624	-0.009265	-0.00918	-0.00921
625	-0.009343	-0.009288	-0.009338
626	-0.009422	-0.009397	-0.009467
627	-0.00945	-0.009439	-0.009458
628	-0.009477	-0.00948	-0.009447
629	-0.009463	-0.009434	-0.009414
630	-0.009445	-0.009378	-0.009378
631	-0.009467	-0.009404	-0.009419
632	-0.009501	-0.009451	-0.009479
633	-0.009537	-0.009493	-0.009536
634	-0.009576	-0.009533	-0.009592
635	-0.009583	-0.00957	-0.009604
636	-0.00957	-0.009603	-0.009586
637	-0.009593	-0.009622	-0.009571
638	-0.009651	-0.009626	-0.009558
639	-0.009694	-0.009655	-0.00957
640	-0.009714	-0.009722	-0.009616
641	-0.009719	-0.00975	-0.009648
642	-0.009691	-0.009693	-0.009646
643	-0.009672	-0.009652	-0.009644
644	-0.009688	-0.009667	-0.009647
645	-0.009694	-0.009673	-0.009641
646	-0.009629	-0.009608	-0.009569
647	-0.009566	-0.009545	-0.009499
648	-0.009545	-0.009529	-0.009518
649	-0.009523	-0.009513	-0.009537
650	-0.009251	-0.009217	-0.009242
651	-0.008963	-0.008904	-0.008928
652	-0.008584	-0.008566	-0.008568
653	-0.008189	-0.008223	-0.0082
654	-0.007981	-0.008007	-0.008007
655	-0.007829	-0.00783	-0.007867
656	-0.007772	-0.007754	-0.007805
657	-0.007761	-0.007728	-0.007779
658	-0.007842	-0.007817	-0.007868
659	-0.007988	-0.007989	-0.008039
660	-0.008208	-0.008221	-0.008257
661	-0.008501	-0.008512	-0.008522
662	-0.008786	-0.00879	-0.008801
663	-0.009061	-0.009048	-0.0091
664	-0.009268	-0.00925	-0.009294
665	-0.009335	-0.009339	-0.009277
666	-0.009378	-0.009401	-0.009281
667	-0.009345	-0.009385	-0.009352
668	-0.009321	-0.009371	-0.009412
669	-0.009343	-0.009366	-0.009418
670	-0.009368	-0.009367	-0.009424
671	-0.009442	-0.009424	-0.009443
672	-0.009516	-0.009482	-0.009461
673	-0.009478	-0.009421	-0.009404
674	-0.009441	-0.00936	-0.009346
675	-0.009468	-0.009391	-0.009398
676	-0.009501	-0.009429	-0.009461
677	-0.009469	-0.009347	-0.009413
678	-0.009425	-0.009241	-0.009345
679	-0.009385	-0.009294	-0.009331
680	-0.009347	-0.009396	-0.009334
681	-0.009409	-0.009518	-0.00939
682	-0.009518	-0.009649	-0.00947
683	-0.009555	-0.009621	-0.009527
684	-0.009547	-0.009491	-0.009568
685	-0.009498	-0.009421	-0.009547
686	-0.009415	-0.009403	-0.009472
687	-0.009349	-0.009357	-0.00939
688	-0.009305	-0.009279	-0.009301
689	-0.009308	-0.009275	-0.00929
690	-0.009386	-0.009392	-0.009403
691	-0.009443	-0.009454	-0.009484
692	-0.009455	-0.009398	-0.009496
693	-0.00945	-0.009346	-0.009486
694	-0.009391	-0.009311	-0.009403
695	-0.009346	-0.009298	-0.009344
696	-0.00937	-0.009395	-0.009407
697	-0.009386	-0.009471	-0.009465
698	-0.009342	-0.009364	-0.009474
699	-0.009299	-0.009259	-0.009478
700	-0.009286	-0.009211	-0.009327
701	-0.009274	-0.009163	-0.009177
702	-0.009456	-0.00932	-0.009396
703	-0.009645	-0.009484	-0.00963
704	-0.009536	-0.009424	-0.009586
705	-0.009394	-0.009337	-0.009511
706	-0.009381	-0.009327	-0.009453
707	-0.009394	-0.009332	-0.009397
708	-0.009398	-0.009342	-0.009457
709	-0.009398	-0.009353	-0.009552
710	-0.009519	-0.009518	-0.009697
711	-0.00969	-0.009747	-0.009863
712	-0.009704	-0.009774	-0.009844
713	-0.00963	-0.009688	-0.009721
714	-0.009595	-0.009581	-0.009554
715	-0.009587	-0.009459	-0.009353
716	-0.009602	-0.009478	-0.009401
717	-0.00964	-0.009627	-0.009678
718	-0.009536	-0.009573	-0.009742
719	-0.009265	-0.009279	-0.009556
720	-0.009237	-0.009231	-0.009526
[LOG]
CHECKSUMã`