[HEADER]
Format	J&M ASCII Table
Comment	
Date	11/08/2026 10:53:26
Order	Y (evenX)
TechType	UV
NumPoints	411
FirstX	310
LastX	720
XType	nm
YType	Absorbance
ZType	s
NumSubFile	3
Matrix	Z vs X
[LOGIN]
Name=pcbob
[INSTRUMENT]
Name=TIDAS E Base UV/VI
Detector=MMS - ASPEN 97,5 kHz
Diodearray=256 Pixel
Serial#=36584
Calibrated=2011-07-01
Range=183.81-729.88 [nm] (F0)

SWVersion=v3.18.2 (build 0)[LOGIN]
Name=pcbob
[CONFIG]
ChannelName=Channel 1
ChannelType=Normalized
[PARAMETER]
It=360,00
Aver=5
Norm=3
Range=310,0-720,0 nm
Scan=Time
ScanTime=5,00 s
[TRIGGER]
Sweep=0
Scan=0
[DIO]
DigOut=0x0000
DigIn=0x0000
[DATA]
	00:00:00,000	00:00:01,800	00:00:03,600
310	-0.015903	-0.015834	-0.015848
311	-0.016194	-0.016139	-0.016159
312	-0.016432	-0.016391	-0.016427
313	-0.016671	-0.01664	-0.016676
314	-0.01691	-0.016886	-0.0169
315	-0.017129	-0.017103	-0.017111
316	-0.017291	-0.017229	-0.01728
317	-0.017453	-0.01736	-0.017448
318	-0.017643	-0.017566	-0.017622
319	-0.017833	-0.017771	-0.017796
320	-0.018052	-0.017993	-0.018034
321	-0.018275	-0.018217	-0.01828
322	-0.018552	-0.018501	-0.018555
323	-0.018851	-0.01881	-0.018841
324	-0.019124	-0.019093	-0.01911
325	-0.019374	-0.019353	-0.019363
326	-0.019636	-0.019613	-0.019627
327	-0.01992	-0.019874	-0.019912
328	-0.020175	-0.020113	-0.020161
329	-0.020291	-0.020244	-0.020245
330	-0.020408	-0.020376	-0.02033
331	-0.020575	-0.020545	-0.020514
332	-0.020742	-0.020713	-0.020698
333	-0.020898	-0.020867	-0.02087
334	-0.021051	-0.021018	-0.021039
335	-0.021228	-0.021172	-0.021199
336	-0.021417	-0.021327	-0.021352
337	-0.021605	-0.021522	-0.021523
338	-0.02179	-0.021761	-0.021713
339	-0.021995	-0.021989	-0.021927
340	-0.022248	-0.02219	-0.022197
341	-0.022496	-0.022396	-0.022458
342	-0.022711	-0.022638	-0.022661
343	-0.022926	-0.022879	-0.022864
344	-0.023182	-0.023131	-0.023137
345	-0.023441	-0.023384	-0.023415
346	-0.023748	-0.023687	-0.023721
347	-0.024069	-0.024004	-0.024035
348	-0.024324	-0.024267	-0.02427
349	-0.024535	-0.024495	-0.024453
350	-0.024717	-0.024683	-0.024622
351	-0.024859	-0.024818	-0.024772
352	-0.025008	-0.02497	-0.024936
353	-0.025179	-0.025172	-0.025144
354	-0.025352	-0.025374	-0.02535
355	-0.025553	-0.025565	-0.025523
356	-0.025754	-0.025755	-0.025696
357	-0.026011	-0.025988	-0.025955
358	-0.026274	-0.026225	-0.026224
359	-0.026541	-0.026467	-0.026477
360	-0.026808	-0.026711	-0.026725
361	-0.026981	-0.026907	-0.026897
362	-0.02708	-0.027066	-0.02701
363	-0.027269	-0.027275	-0.027201
364	-0.027599	-0.027567	-0.027513
365	-0.027911	-0.027844	-0.027816
366	-0.028161	-0.028068	-0.028087
367	-0.028407	-0.028291	-0.028353
368	-0.028562	-0.028465	-0.028497
369	-0.028717	-0.02864	-0.028641
370	-0.028886	-0.028826	-0.02882
371	-0.029057	-0.029013	-0.029005
372	-0.029228	-0.029167	-0.029155
373	-0.029399	-0.029307	-0.02929
374	-0.029573	-0.029478	-0.029459
375	-0.029748	-0.029677	-0.029658
376	-0.029906	-0.029856	-0.029829
377	-0.030037	-0.030002	-0.029949
378	-0.030179	-0.030152	-0.030087
379	-0.030372	-0.030317	-0.030299
380	-0.030564	-0.030481	-0.030509
381	-0.030702	-0.03061	-0.030666
382	-0.030841	-0.030739	-0.030823
383	-0.030977	-0.030908	-0.030918
384	-0.031113	-0.031084	-0.031002
385	-0.031262	-0.031256	-0.031174
386	-0.031417	-0.031426	-0.031386
387	-0.031638	-0.031644	-0.031639
388	-0.031922	-0.031906	-0.031931
389	-0.032163	-0.032126	-0.032158
390	-0.03232	-0.032265	-0.032264
391	-0.0325	-0.032433	-0.032407
392	-0.032776	-0.032729	-0.032721
393	-0.033051	-0.033024	-0.033032
394	-0.033227	-0.033179	-0.033192
395	-0.033403	-0.033333	-0.033352
396	-0.033579	-0.033504	-0.033524
397	-0.033756	-0.033678	-0.033698
398	-0.033959	-0.033914	-0.033917
399	-0.034174	-0.034179	-0.034158
400	-0.034342	-0.034365	-0.034331
401	-0.034464	-0.034478	-0.03444
402	-0.034596	-0.034604	-0.034562
403	-0.034747	-0.034753	-0.034709
404	-0.034916	-0.034912	-0.034869
405	-0.035167	-0.035116	-0.035088
406	-0.035415	-0.035318	-0.035306
407	-0.035559	-0.035461	-0.035461
408	-0.035703	-0.035605	-0.035616
409	-0.035909	-0.03587	-0.035816
410	-0.036125	-0.036155	-0.036024
411	-0.036321	-0.036354	-0.036258
412	-0.036509	-0.036513	-0.036503
413	-0.036748	-0.036724	-0.03675
414	-0.037035	-0.036982	-0.036999
415	-0.037302	-0.037247	-0.037259
416	-0.037535	-0.037525	-0.037537
417	-0.037769	-0.037779	-0.037797
418	-0.038004	-0.037939	-0.037987
419	-0.038236	-0.038101	-0.038175
420	-0.038392	-0.038277	-0.038309
421	-0.038548	-0.038454	-0.038444
422	-0.038705	-0.038622	-0.03864
423	-0.038863	-0.03879	-0.038845
424	-0.039054	-0.038974	-0.039035
425	-0.03926	-0.039166	-0.039219
426	-0.039457	-0.039357	-0.039398
427	-0.039648	-0.039548	-0.039573
428	-0.039811	-0.039727	-0.03974
429	-0.039931	-0.039885	-0.039897
430	-0.040072	-0.040045	-0.040054
431	-0.040278	-0.040209	-0.040213
432	-0.040479	-0.040371	-0.040372
433	-0.04061	-0.040514	-0.040528
434	-0.04074	-0.040656	-0.040684
435	-0.040876	-0.04077	-0.040813
436	-0.041013	-0.040881	-0.040939
437	-0.041196	-0.04108	-0.041124
438	-0.041394	-0.041308	-0.041329
439	-0.04157	-0.041498	-0.041513
440	-0.04173	-0.041663	-0.041681
441	-0.041877	-0.041805	-0.041831
442	-0.042006	-0.041916	-0.041955
443	-0.042157	-0.042055	-0.042103
444	-0.042365	-0.042262	-0.042309
445	-0.042579	-0.042479	-0.042521
446	-0.04283	-0.042763	-0.042766
447	-0.043081	-0.043048	-0.043011
448	-0.043288	-0.043246	-0.043224
449	-0.043493	-0.043441	-0.043435
450	-0.043728	-0.043683	-0.043676
451	-0.04397	-0.043936	-0.043925
452	-0.04416	-0.044117	-0.044125
453	-0.044323	-0.044259	-0.044301
454	-0.044486	-0.044411	-0.044454
455	-0.044648	-0.044571	-0.044585
456	-0.044792	-0.044731	-0.044719
457	-0.044901	-0.044889	-0.044857
458	-0.045015	-0.045039	-0.044997
459	-0.045152	-0.045152	-0.045146
460	-0.045288	-0.045265	-0.045292
461	-0.045388	-0.045371	-0.045379
462	-0.045488	-0.045476	-0.045466
463	-0.045592	-0.045559	-0.045555
464	-0.045698	-0.04564	-0.045645
465	-0.045845	-0.045804	-0.045789
466	-0.046006	-0.045998	-0.045952
467	-0.046223	-0.046219	-0.046173
468	-0.046479	-0.04646	-0.046436
469	-0.046748	-0.04671	-0.046701
470	-0.047032	-0.046972	-0.04697
471	-0.047286	-0.04722	-0.047221
472	-0.047462	-0.047433	-0.047425
473	-0.047625	-0.047629	-0.047617
474	-0.047705	-0.047718	-0.047723
475	-0.047785	-0.047806	-0.04783
476	-0.047993	-0.047964	-0.047976
477	-0.048204	-0.048124	-0.048123
478	-0.048363	-0.04831	-0.048301
479	-0.048511	-0.0485	-0.048484
480	-0.048634	-0.048622	-0.048593
481	-0.048745	-0.048711	-0.048667
482	-0.048749	-0.048692	-0.048645
483	-0.04866	-0.04858	-0.048539
484	-0.048576	-0.048492	-0.048457
485	-0.0485	-0.048442	-0.048411
486	-0.048487	-0.048457	-0.048433
487	-0.048671	-0.048675	-0.04867
488	-0.048874	-0.048901	-0.04892
489	-0.049249	-0.049205	-0.04928
490	-0.049624	-0.049508	-0.049639
491	-0.049895	-0.0498	-0.049884
492	-0.050161	-0.05009	-0.050122
493	-0.050357	-0.050304	-0.0503
494	-0.050536	-0.050499	-0.050462
495	-0.050638	-0.050602	-0.050566
496	-0.050701	-0.050659	-0.05064
497	-0.050745	-0.050689	-0.050691
498	-0.050773	-0.050694	-0.050721
499	-0.05081	-0.050724	-0.050761
500	-0.050863	-0.050796	-0.05082
501	-0.05091	-0.050869	-0.050878
502	-0.050941	-0.050941	-0.050936
503	-0.05098	-0.051011	-0.050994
504	-0.051104	-0.051047	-0.051055
505	-0.051228	-0.051082	-0.051116
506	-0.051286	-0.051218	-0.051218
507	-0.051341	-0.051359	-0.051321
508	-0.051453	-0.051444	-0.051427
509	-0.05158	-0.051515	-0.051533
510	-0.051674	-0.051588	-0.051589
511	-0.051753	-0.051661	-0.051621
512	-0.051839	-0.05176	-0.051703
513	-0.051931	-0.051881	-0.051833
514	-0.052018	-0.051989	-0.051954
515	-0.052098	-0.052072	-0.052063
516	-0.052184	-0.052152	-0.052159
517	-0.052292	-0.052219	-0.052215
518	-0.052397	-0.052294	-0.05228
519	-0.052481	-0.052442	-0.052416
520	-0.052566	-0.052589	-0.052552
521	-0.052701	-0.052705	-0.052683
522	-0.052838	-0.05282	-0.052814
523	-0.052919	-0.052884	-0.052907
524	-0.052988	-0.052939	-0.052993
525	-0.053062	-0.052995	-0.053068
526	-0.053139	-0.053051	-0.053138
527	-0.053175	-0.053081	-0.053154
528	-0.05318	-0.053089	-0.053128
529	-0.053185	-0.053091	-0.053111
530	-0.053191	-0.053083	-0.05311
531	-0.053194	-0.053073	-0.053104
532	-0.053193	-0.053057	-0.053091
533	-0.053188	-0.053049	-0.053081
534	-0.053169	-0.053082	-0.053087
535	-0.05315	-0.053114	-0.053094
536	-0.053175	-0.053141	-0.053129
537	-0.0532	-0.053168	-0.053164
538	-0.053194	-0.053084	-0.053123
539	-0.053183	-0.052987	-0.053074
540	-0.053095	-0.052929	-0.053003
541	-0.052984	-0.052883	-0.052926
542	-0.052888	-0.052806	-0.052843
543	-0.0528	-0.052711	-0.052755
544	-0.052756	-0.052671	-0.05271
545	-0.052756	-0.052686	-0.052708
546	-0.052739	-0.052683	-0.052691
547	-0.052692	-0.05265	-0.052648
548	-0.052648	-0.052613	-0.05261
549	-0.052611	-0.052568	-0.052583
550	-0.052572	-0.052523	-0.052554
551	-0.052515	-0.052485	-0.052501
552	-0.052457	-0.052446	-0.052449
553	-0.052458	-0.052445	-0.052438
554	-0.052461	-0.052445	-0.052429
555	-0.05246	-0.052419	-0.052415
556	-0.052458	-0.052389	-0.0524
557	-0.052479	-0.052387	-0.052412
558	-0.052507	-0.052396	-0.052434
559	-0.052524	-0.052409	-0.052448
560	-0.052534	-0.052426	-0.052459
561	-0.052533	-0.052439	-0.052464
562	-0.052521	-0.052449	-0.052464
563	-0.0525	-0.052442	-0.052442
564	-0.052464	-0.052405	-0.052378
565	-0.052403	-0.052344	-0.052304
566	-0.052263	-0.052202	-0.052192
567	-0.052112	-0.052051	-0.052068
568	-0.051873	-0.051822	-0.051853
569	-0.051634	-0.051592	-0.051638
570	-0.051523	-0.051439	-0.051478
571	-0.051413	-0.051286	-0.051319
572	-0.051265	-0.05116	-0.051187
573	-0.051111	-0.051038	-0.05106
574	-0.050935	-0.050892	-0.050902
575	-0.050751	-0.050738	-0.050734
576	-0.050628	-0.050609	-0.0506
577	-0.05054	-0.050494	-0.050484
578	-0.050446	-0.050399	-0.050394
579	-0.050346	-0.050322	-0.050329
580	-0.050283	-0.050269	-0.050276
581	-0.050279	-0.050253	-0.050245
582	-0.0503	-0.050262	-0.050249
583	-0.050388	-0.050337	-0.050345
584	-0.050484	-0.050421	-0.050443
585	-0.05062	-0.050553	-0.05056
586	-0.050753	-0.050683	-0.050674
587	-0.050811	-0.050749	-0.050756
588	-0.050868	-0.050815	-0.050838
589	-0.050968	-0.050907	-0.050931
590	-0.051071	-0.051002	-0.051026
591	-0.051122	-0.051085	-0.051083
592	-0.051161	-0.051167	-0.051131
593	-0.051158	-0.051151	-0.05113
594	-0.051137	-0.051095	-0.051106
595	-0.051132	-0.051073	-0.051092
596	-0.051137	-0.051077	-0.051085
597	-0.051167	-0.051097	-0.051105
598	-0.051224	-0.051136	-0.051157
599	-0.05125	-0.051157	-0.051178
600	-0.051223	-0.051149	-0.051145
601	-0.051211	-0.051157	-0.051133
602	-0.05124	-0.051214	-0.05118
603	-0.051277	-0.05127	-0.051227
604	-0.051356	-0.051321	-0.051278
605	-0.051435	-0.051374	-0.051331
606	-0.051498	-0.051484	-0.051433
607	-0.05156	-0.051595	-0.051535
608	-0.05165	-0.051614	-0.051593
609	-0.051743	-0.051626	-0.051647
610	-0.051793	-0.051692	-0.051726
611	-0.051834	-0.051771	-0.05181
612	-0.051906	-0.051852	-0.051869
613	-0.05199	-0.051936	-0.051919
614	-0.052064	-0.05201	-0.051996
615	-0.052133	-0.052079	-0.052091
616	-0.052176	-0.052142	-0.052148
617	-0.052196	-0.052199	-0.052166
618	-0.052299	-0.052298	-0.052247
619	-0.052529	-0.052458	-0.052419
620	-0.052692	-0.052573	-0.052558
621	-0.052698	-0.052581	-0.052617
622	-0.05271	-0.052602	-0.05267
623	-0.052747	-0.052676	-0.052699
624	-0.052795	-0.052757	-0.052736
625	-0.052951	-0.0529	-0.052843
626	-0.053107	-0.053043	-0.05295
627	-0.053138	-0.053119	-0.053046
628	-0.053168	-0.053194	-0.053141
629	-0.053244	-0.053207	-0.053197
630	-0.053325	-0.053214	-0.053248
631	-0.053407	-0.053267	-0.053311
632	-0.05349	-0.053333	-0.053377
633	-0.053566	-0.053435	-0.053478
634	-0.053639	-0.053554	-0.053593
635	-0.053694	-0.053655	-0.053661
636	-0.053739	-0.053746	-0.053699
637	-0.053766	-0.053772	-0.053706
638	-0.053775	-0.053734	-0.053682
639	-0.053821	-0.053729	-0.053731
640	-0.05392	-0.053774	-0.053888
641	-0.053995	-0.053826	-0.053995
642	-0.05402	-0.053895	-0.053989
643	-0.054022	-0.053939	-0.053967
644	-0.053938	-0.053895	-0.053886
645	-0.053858	-0.053847	-0.053809
646	-0.053802	-0.053774	-0.053765
647	-0.053745	-0.053703	-0.053721
648	-0.053689	-0.053663	-0.053665
649	-0.053632	-0.053622	-0.053609
650	-0.053156	-0.053147	-0.053142
651	-0.052655	-0.052646	-0.052649
652	-0.051961	-0.051931	-0.051943
653	-0.051233	-0.051178	-0.051199
654	-0.050754	-0.050685	-0.050727
655	-0.050351	-0.050272	-0.05034
656	-0.050227	-0.050146	-0.050221
657	-0.050236	-0.050159	-0.050232
658	-0.050439	-0.050386	-0.050454
659	-0.050778	-0.050763	-0.050827
660	-0.051228	-0.051216	-0.051268
661	-0.051789	-0.051745	-0.051779
662	-0.052319	-0.052262	-0.052282
663	-0.052805	-0.052763	-0.052774
664	-0.053201	-0.053168	-0.053164
665	-0.053412	-0.053378	-0.053346
666	-0.053585	-0.053553	-0.053497
667	-0.053643	-0.053625	-0.053554
668	-0.053687	-0.053677	-0.053588
669	-0.053665	-0.053628	-0.053509
670	-0.05364	-0.053583	-0.05344
671	-0.053593	-0.053576	-0.05348
672	-0.053545	-0.05357	-0.05352
673	-0.053485	-0.05348	-0.053509
674	-0.053426	-0.05339	-0.053497
675	-0.053455	-0.053417	-0.053452
676	-0.053492	-0.053454	-0.053405
677	-0.053445	-0.053383	-0.053385
678	-0.053382	-0.053292	-0.05337
679	-0.053334	-0.053263	-0.053381
680	-0.05329	-0.053253	-0.053401
681	-0.053343	-0.053291	-0.053402
682	-0.053441	-0.05335	-0.053396
683	-0.053497	-0.053402	-0.053365
684	-0.053525	-0.053449	-0.053317
685	-0.053524	-0.053481	-0.053353
686	-0.053498	-0.0535	-0.05346
687	-0.053479	-0.053477	-0.053475
688	-0.053472	-0.053405	-0.053382
689	-0.053474	-0.053367	-0.053359
690	-0.05349	-0.053381	-0.053447
691	-0.053468	-0.053372	-0.053484
692	-0.053365	-0.05331	-0.053406
693	-0.053284	-0.053247	-0.053344
694	-0.053274	-0.05318	-0.053332
695	-0.053298	-0.053166	-0.053347
696	-0.053479	-0.053413	-0.053494
697	-0.053634	-0.053628	-0.053627
698	-0.053545	-0.053565	-0.05364
699	-0.053461	-0.053502	-0.053648
700	-0.053487	-0.053454	-0.053537
701	-0.053514	-0.053406	-0.053426
702	-0.053552	-0.053516	-0.05354
703	-0.053591	-0.053632	-0.053662
704	-0.053665	-0.053642	-0.05371
705	-0.053743	-0.05364	-0.05375
706	-0.053805	-0.053689	-0.053819
707	-0.053864	-0.053749	-0.053894
708	-0.053844	-0.053744	-0.053861
709	-0.053801	-0.05372	-0.053795
710	-0.053914	-0.053893	-0.054001
711	-0.054092	-0.054148	-0.054321
712	-0.054244	-0.054392	-0.054482
713	-0.054383	-0.054628	-0.054554
714	-0.054398	-0.054521	-0.054428
715	-0.054322	-0.054164	-0.054158
716	-0.054396	-0.054171	-0.054165
717	-0.054608	-0.054515	-0.054429
718	-0.054737	-0.054703	-0.054666
719	-0.05477	-0.054709	-0.054871
720	-0.055093	-0.055037	-0.055228
[LOG]
CHECKSUM#²