[HEADER]
Format	J&M ASCII Table
Comment	
Date	11/08/2026 09:55:33
Order	Y (evenX)
TechType	UV
NumPoints	411
FirstX	310
LastX	720
XType	nm
YType	Absorbance
ZType	s
NumSubFile	3
Matrix	Z vs X
[LOGIN]
Name=pcbob
[INSTRUMENT]
Name=TIDAS E Base UV/VI
Detector=MMS - ASPEN 97,5 kHz
Diodearray=256 Pixel
Serial#=36584
Calibrated=2011-07-01
Range=183.81-729.88 [nm] (F0)

SWVersion=v3.18.2 (build 0)[LOGIN]
Name=pcbob
[CONFIG]
ChannelName=Channel 1
ChannelType=Normalized
[PARAMETER]
It=360,00
Aver=5
Norm=3
Range=310,0-720,0 nm
Scan=Time
ScanTime=5,00 s
[TRIGGER]
Sweep=0
Scan=0
[DIO]
DigOut=0x0000
DigIn=0x0000
[DATA]
	00:00:00,000	00:00:01,800	00:00:03,600
310	4.309775	4.117123	4.06963
311	4.193921	5.738819	4.140046
312	4.356119	8.434907	4.212132
313	4.453946	9.097602	4.243678
314	4.462697	6.946448	4.219121
315	4.464337	5.22964	4.258639
316	4.443627	4.878262	4.49959
317	4.42289	4.545677	4.713821
318	4.401746	4.490651	4.533433
319	4.380602	4.435626	4.353045
320	6.664936	6.695281	4.737385
321	9.246758	9.253612	5.194595
322	8.377822	10	5.013128
323	6.087424	10	4.568572
324	4.837533	8.588485	4.333558
325	4.506522	5.930447	4.28359
326	4.373217	4.247057	4.269266
327	4.600594	4.341757	4.319963
328	5.212413	4.390158	4.336893
329	7.607266	4.223825	4.197204
330	9.998049	4.060055	4.057736
331	7.79316	6.790696	4.168498
332	5.588271	9.521338	4.27926
333	7.020361	7.988574	4.206759
334	9.225497	5.549616	4.095307
335	8.408694	6.275496	4.200002
336	5.955902	8.714728	4.421714
337	4.499672	8.753726	4.376215
338	4.153407	6.119364	4.033097
339	3.893821	4.224907	3.801546
340	3.838722	4.075963	3.833191
341	3.784829	3.947968	3.855894
342	3.739577	3.969907	3.814597
343	3.694325	3.991846	3.7733
344	3.750387	3.970996	3.91544
345	3.812034	3.947786	4.067692
346	3.821589	3.887836	3.928125
347	3.815863	3.817109	3.702957
348	3.887162	3.856571	3.629336
349	4.010038	3.969819	3.657193
350	4.011842	3.963164	3.727392
351	3.849811	3.794259	3.854886
352	3.788708	3.685777	3.950101
353	4.028327	3.75733	3.949136
354	4.24934	3.829205	3.949665
355	4.250145	3.904894	3.967859
356	4.25095	3.980582	3.986053
357	4.451945	4.026296	4.047598
358	4.673992	4.068858	4.113702
359	4.431991	3.959101	4.11702
360	4.020167	3.793602	4.097359
361	5.426296	3.846818	4.069407
362	8.262776	4.072119	4.03493
363	8.900799	4.102689	3.997861
364	6.064464	3.825516	3.956698
365	3.860384	3.638099	3.992393
366	3.954423	3.776924	4.307456
367	4.165767	3.909829	4.718528
368	6.908885	3.914951	7.201751
369	9.652003	3.920072	9.684975
370	7.667487	6.365919	7.690812
371	4.996075	9.166389	5.046113
372	4.243381	8.320356	6.116639
373	4.303895	5.928832	8.761784
374	4.303216	4.677607	8.558094
375	4.248681	4.429941	5.847188
376	4.144705	4.189663	4.075116
377	3.953501	3.962418	3.959429
378	3.831393	3.790862	3.976862
379	4.000084	3.853684	4.554561
380	4.166028	3.916706	5.109203
381	4.213035	3.988419	4.665958
382	4.260042	4.060132	4.222713
383	4.186392	4.121785	4.091651
384	4.092035	4.181712	4.014167
385	4.292837	4.387462	4.14813
386	4.629486	4.660327	4.379412
387	6.032929	6.032929	5.803622
388	8.435091	8.435091	8.344635
389	9.003185	9.05159	9.0315
390	6.143225	6.330507	6.252777
391	3.828398	4.121338	4.006829
392	3.98125	4.229471	4.172613
393	4.130804	4.332222	4.333867
394	4.043585	4.048419	4.169888
395	3.956367	3.764616	4.005908
396	3.924733	3.989709	4.383195
397	3.903147	4.306805	4.858336
398	3.902551	4.292878	4.678409
399	3.911811	4.123497	4.190851
400	3.98536	4.265451	5.390172
401	4.119597	4.701303	8.181901
402	4.164057	4.848471	9.094732
403	4.040869	4.456569	6.499019
404	3.926071	4.156761	4.345471
405	3.848604	4.266726	4.159352
406	3.773596	4.373063	3.975124
407	3.828014	4.288402	3.890462
408	3.882431	4.203741	3.8058
409	3.889472	4.002172	3.880129
410	3.888425	3.780647	3.981598
411	3.799594	3.748445	3.934953
412	3.671353	3.80124	3.821812
413	3.638188	3.887034	3.784
414	3.690513	4.002499	3.813922
415	3.760798	4.148612	3.866248
416	3.862555	4.34843	3.957834
417	3.941478	4.456905	4.055813
418	3.929404	4.201358	4.17927
419	3.917524	3.953547	4.290443
420	3.910511	3.900307	4.092672
421	3.903497	3.847066	3.894901
422	3.909529	3.886672	3.919808
423	3.917402	3.93938	3.976136
424	3.875743	3.969757	3.916525
425	3.814327	3.991226	3.810672
426	3.843179	5.538609	3.764872
427	3.944749	8.315264	3.767451
428	4.04386	8.903732	3.807095
429	4.139174	6.116018	3.903927
430	4.171658	3.971943	3.962841
431	3.99745	3.945165	3.897021
432	3.844146	3.917762	3.83631
433	3.954629	3.882466	3.840065
434	4.065112	3.847169	3.843819
435	6.583955	3.946913	4.242918
436	9.328786	4.059329	4.679113
437	7.874519	4.021303	4.449484
438	5.061036	3.934581	4.004333
439	3.995341	3.898631	3.896971
440	4.108654	3.89693	4.017471
441	4.309152	4.053333	4.097409
442	4.620918	4.41151	4.125583
443	4.767445	4.601711	4.147196
444	4.493221	4.364197	4.152105
445	4.247932	4.495471	4.159302
446	4.204957	7.205393	4.182487
447	4.161983	9.915315	4.205672
448	4.475189	7.376586	4.500386
449	4.799886	4.668546	4.803858
450	4.614898	4.075365	4.531234
451	4.312551	3.969154	4.125958
452	4.030242	3.863219	3.91046
453	3.758376	3.757428	3.793847
454	3.651401	3.710336	3.737816
455	3.707655	3.721351	3.741757
456	3.769855	3.764421	3.80822
457	3.843185	3.867511	3.99175
458	3.927251	3.95041	4.136056
459	4.05585	3.949559	4.117657
460	4.198147	3.958804	4.100701
461	4.661998	4.205029	4.117611
462	5.125849	4.451253	4.134521
463	5.177122	6.756646	4.171679
464	5.176342	9.321832	4.21139
465	4.769523	7.887456	4.151736
466	4.21678	5.015693	4.056371
467	3.988488	3.798961	3.928635
468	3.99153	3.762269	3.77782
469	4.050147	3.782413	3.749117
470	4.181696	3.877147	3.880666
471	4.244275	3.94787	3.966312
472	4.130967	3.957361	3.934898
473	4.028184	3.971733	3.907338
474	3.99495	4.018361	3.905245
475	3.961715	4.064989	3.903152
476	4.047379	4.016619	4.039243
477	4.135258	3.96648	4.177907
478	4.015502	3.970467	4.023313
479	3.853995	3.985337	3.809748
480	3.786565	3.940501	3.745193
481	3.762607	3.868076	3.749492
482	3.81339	3.912124	3.754977
483	3.928904	4.057045	3.76149
484	3.971266	4.094794	3.837814
485	3.898422	3.963756	4.024084
486	3.843921	3.862727	4.137836
487	3.847054	3.855988	4.023731
488	3.868486	3.859792	3.933372
489	4.064173	3.964001	4.069142
490	4.259861	4.068211	4.204912
491	4.142154	4.103378	4.141924
492	4.00768	4.134851	4.068303
493	3.891273	4.076756	3.944199
494	3.77927	3.996824	3.807789
495	4.059938	4.125591	3.858992
496	4.543492	4.362188	4.007132
497	4.647393	4.392494	4.079208
498	4.394083	4.228701	4.079718
499	4.172934	4.092785	4.044906
500	4.00614	4.003986	3.950396
501	3.867135	3.98324	3.894866
502	3.821782	4.191851	3.970708
503	3.782188	4.372087	4.034533
504	3.803392	4.252737	3.97148
505	3.824595	4.133387	3.908427
506	3.796612	3.96481	3.932758
507	3.765755	3.793357	3.962195
508	3.760404	3.776724	3.898438
509	3.761284	3.797909	3.811915
510	3.744325	3.813039	3.822204
511	3.718304	3.825093	3.88167
512	3.72579	3.792301	3.891176
513	3.763805	3.718651	3.855165
514	3.912899	3.697921	3.84235
515	4.240202	3.762094	3.866747
516	5.119719	3.816114	3.89954
517	7.698195	3.838894	3.958163
518	9.682458	3.84913	3.992803
519	6.723064	3.755009	3.827913
520	3.763671	3.660889	3.663023
521	4.04306	4.034109	3.874258
522	4.423139	4.421859	4.097186
523	4.369482	4.241817	3.942464
524	4.228912	3.948001	3.712069
525	4.285344	3.859746	3.820588
526	4.427457	3.860897	4.076511
527	4.325307	3.843608	4.064056
528	4.032324	3.811913	3.841929
529	3.875891	3.854613	3.726855
530	3.903018	3.997319	3.755684
531	3.936292	4.060906	3.776885
532	3.984447	3.932987	3.779618
533	4.04286	3.885545	3.880841
534	4.155596	4.264369	4.503742
535	4.264165	4.630773	5.097958
536	4.215889	4.52964	4.612455
537	4.167614	4.428507	4.126952
538	4.002669	4.066378	3.908147
539	3.823844	3.673197	3.721072
540	4.048613	3.748449	4.196653
541	4.399379	3.969941	4.879109
542	4.426273	3.981492	4.723748
543	4.263906	3.870357	4.078789
544	4.209907	3.821238	3.79349
545	4.263879	3.833908	3.866537
546	4.27977	3.829063	3.890556
547	4.231206	3.794574	3.831595
548	4.85593	3.857767	3.7945
549	7.583894	4.226103	3.825711
550	9.688673	4.552652	3.861999
551	6.965347	4.555459	3.937617
552	4.242022	4.558267	4.013234
553	4.188082	4.295148	3.990519
554	4.169804	4.028477	3.96649
555	6.526703	4.469852	3.926882
556	9.27011	5.026447	3.884739
557	8.232409	6.840899	3.996003
558	5.824075	9.111317	4.162875
559	4.797523	10	4.303651
560	4.659685	10	4.427643
561	4.510563	8.714031	4.351899
562	4.349407	6.05645	4.063118
563	4.216153	4.288293	3.877278
564	4.13252	4.101854	3.874501
565	4.061774	3.970857	3.930325
566	4.032599	4.018715	4.175189
567	4.020679	4.061133	4.374323
568	4.142692	4.061327	4.218523
569	4.264705	4.061522	4.062722
570	4.299823	4.242259	4.116485
571	4.334268	4.424395	4.171872
572	4.452917	4.360996	4.253948
573	4.584013	4.261303	4.33997
574	4.623714	4.231189	4.368441
575	4.63309	4.224163	4.377816
576	4.670313	4.216878	4.348945
577	4.723802	4.209443	4.297735
578	4.637184	4.208537	4.275485
579	4.417234	4.213845	4.280793
580	4.316556	4.155181	4.227709
581	4.399105	3.998244	4.084922
582	4.444311	3.905998	4.024197
583	4.392007	3.982672	4.177752
584	4.320765	4.068478	4.292985
585	4.150304	4.202128	4.207452
586	4.002553	4.325723	4.127927
587	4.343203	4.233085	4.177611
588	4.683852	4.140446	4.227295
589	4.43458	4.043583	4.106382
590	4.140443	3.946399	3.972494
591	4.091092	3.937911	3.975586
592	4.097305	3.949555	4.009772
593	4.285573	3.979335	4.100564
594	4.55134	4.016835	4.215452
595	4.655477	4.050587	4.20845
596	4.646682	4.08172	4.116282
597	4.489466	4.147756	4.093332
598	4.169311	4.252108	4.14637
599	3.967095	4.32502	4.153355
600	3.969692	4.343333	4.080364
601	4.081831	5.039089	4.063853
602	4.513999	7.713991	4.212353
603	4.836992	9.589896	4.301062
604	4.51823	6.769095	4.038305
605	4.311521	4.0652	3.790054
606	7.057625	4.442018	3.92405
607	9.80373	4.818835	4.058047
608	7.349728	4.348179	3.92042
609	4.495455	3.81229	3.761886
610	4.006447	3.755926	3.839262
611	4.032115	3.803907	3.967972
612	6.063035	4.017097	4.038469
613	8.893863	4.296192	4.085745
614	10	4.31308	4.048215
615	10	4.161802	3.956296
616	8.511123	3.987122	3.849167
617	5.559669	3.789454	3.727097
618	3.775015	3.678522	3.661057
619	3.737271	3.697449	3.678903
620	3.721175	3.703506	3.695132
621	3.756244	3.679146	3.70754
622	3.811196	3.661829	3.720349
623	3.948227	3.673592	3.734813
624	4.06329	3.697062	3.753231
625	3.965526	3.83395	3.80995
626	3.867763	3.970838	3.86667
627	3.951393	3.832598	3.758706
628	4.036315	3.692396	3.649568
629	4.14856	4.234572	3.737888
630	4.264074	4.858403	3.849837
631	4.186742	4.662467	3.911519
632	4.059416	4.254014	3.96017
633	3.869795	4.061051	3.903551
634	3.652971	3.962191	3.800961
635	3.597149	3.898927	3.828299
636	3.649193	3.859512	3.942685
637	3.672701	3.829795	3.944019
638	3.667949	3.809684	3.8334
639	3.794547	3.842928	3.830051
640	4.112585	3.953934	3.983047
641	5.176724	4.021186	4.969928
642	7.884157	3.992071	7.793441
643	9.346309	3.939575	9.364693
644	6.354664	3.803461	6.457186
645	3.746546	3.689164	3.912064
646	3.8082	3.726737	3.889546
647	3.868524	3.766203	3.872085
648	3.890564	3.860211	4.000216
649	3.912603	3.954218	4.128347
650	3.929684	3.936147	3.936407
651	3.946462	3.91123	3.724918
652	4.096221	3.988455	3.945073
653	4.269039	4.083389	4.240068
654	4.214162	4.339932	6.38849
655	4.088512	4.646708	9.113004
656	3.952669	4.547189	8.006073
657	3.811904	4.251545	5.049648
658	3.783816	4.098736	3.882377
659	3.835034	4.046458	3.974362
660	4.03823	3.991987	4.117395
661	4.393259	3.935323	4.311428
662	4.410645	3.831396	4.275145
663	3.951195	3.660722	3.913599
664	3.626883	3.529253	3.65812
665	3.5773	3.477488	3.618268
666	3.526423	3.457723	3.573487
667	3.471574	3.536118	3.513589
668	3.418722	3.595403	3.469755
669	3.376143	3.556452	3.508508
670	3.340709	3.531268	3.542148
671	3.38655	3.66268	3.517629
672	3.432391	3.794092	3.49311
673	3.420975	3.753531	3.635227
674	3.409541	3.712917	3.777396
675	3.555794	3.640078	3.695886
676	3.715841	3.56442	3.594807
677	3.617153	3.610976	3.599591
678	3.469303	3.680753	3.624488
679	3.515608	3.740868	3.571269
680	3.622548	3.797965	3.493654
681	3.691385	3.706508	3.517806
682	3.742676	3.54664	3.588823
683	3.788719	3.446631	3.657019
684	3.831382	3.38517	3.723397
685	3.721741	3.378906	3.699517
686	3.4786	3.421024	3.596522
687	3.356608	3.427824	3.503309
688	3.377733	3.392902	3.42165
689	3.451792	3.376232	3.368895
690	3.61045	3.388731	3.362331
691	3.867974	3.466909	3.37922
692	4.343126	3.689662	3.447733
693	4.646255	3.91996	3.516583
694	4.407154	4.17404	3.586495
695	4.164075	4.846863	3.689259
696	3.901621	7.559964	3.952089
697	3.652078	9.675041	4.149523
698	3.517916	6.446344	3.762589
699	3.388891	3.327212	3.39162
700	3.415033	3.517775	3.50293
701	3.441175	3.708338	3.614241
702	3.532601	3.603667	6.596496
703	3.626432	3.488123	9.684491
704	3.568358	3.462962	7.182633
705	3.492997	3.448087	4.044649
706	3.779687	3.495637	3.503815
707	4.139371	3.555773	3.486602
708	3.905535	3.573717	3.407012
709	3.49198	3.578885	3.308534
710	3.495054	3.633941	3.365987
711	3.673318	3.709976	3.489009
712	3.720228	3.601933	3.534152
713	3.693704	3.390982	3.535755
714	3.580502	5.187054	3.403658
715	3.404488	8.437479	3.174677
716	3.402593	8.239994	3.122886
717	3.561882	4.850722	3.235122
718	3.552259	2.991735	3.201282
719	3.34412	2.93122	2.995764
720	3.171851	2.848723	2.840767
[LOG]
CHECKSUM‘š