[HEADER]
Format	J&M ASCII Table
Comment	
Date	11/08/2026 10:23:06
Order	Y (evenX)
TechType	UV
NumPoints	411
FirstX	310
LastX	720
XType	nm
YType	Absorbance
ZType	s
NumSubFile	3
Matrix	Z vs X
[LOGIN]
Name=pcbob
[INSTRUMENT]
Name=TIDAS E Base UV/VI
Detector=MMS - ASPEN 97,5 kHz
Diodearray=256 Pixel
Serial#=36584
Calibrated=2011-07-01
Range=183.81-729.88 [nm] (F0)

SWVersion=v3.18.2 (build 0)[LOGIN]
Name=pcbob
[CONFIG]
ChannelName=Channel 1
ChannelType=Normalized
[PARAMETER]
It=360,00
Aver=5
Norm=3
Range=310,0-720,0 nm
Scan=Time
ScanTime=5,00 s
[TRIGGER]
Sweep=0
Scan=0
[DIO]
DigOut=0x0000
DigIn=0x0000
[DATA]
	00:00:00,000	00:00:01,800	00:00:03,600
310	0.101636	0.101635	0.101553
311	0.10014	0.100121	0.100045
312	0.098723	0.098681	0.098625
313	0.097332	0.097285	0.09723
314	0.095977	0.095948	0.095868
315	0.094647	0.094628	0.094533
316	0.093393	0.093359	0.093284
317	0.092141	0.092092	0.092037
318	0.090917	0.090856	0.090821
319	0.089694	0.089621	0.089604
320	0.088479	0.088447	0.088399
321	0.087266	0.087282	0.087196
322	0.08604	0.086073	0.085976
323	0.084809	0.084847	0.08475
324	0.083636	0.083674	0.083579
325	0.082514	0.082547	0.082456
326	0.081381	0.0814	0.081329
327	0.080225	0.080215	0.080192
328	0.079105	0.079074	0.07909
329	0.078156	0.078142	0.078152
330	0.077207	0.07721	0.077213
331	0.076192	0.076204	0.076162
332	0.075177	0.075198	0.075111
333	0.07421	0.074185	0.074107
334	0.073255	0.073171	0.073112
335	0.072305	0.072204	0.072182
336	0.071359	0.071264	0.071288
337	0.070408	0.070344	0.070372
338	0.069451	0.069447	0.069431
339	0.068476	0.068514	0.068466
340	0.06746	0.067495	0.067442
341	0.066456	0.066488	0.066429
342	0.065546	0.065564	0.065498
343	0.064635	0.06464	0.064567
344	0.063684	0.063696	0.063636
345	0.062731	0.062751	0.062704
346	0.061738	0.061747	0.061717
347	0.060732	0.060725	0.060714
348	0.059754	0.059742	0.05975
349	0.058795	0.058784	0.058813
350	0.057911	0.057905	0.057935
351	0.05713	0.057133	0.057135
352	0.056324	0.056328	0.056313
353	0.055441	0.055424	0.055424
354	0.054561	0.054523	0.054538
355	0.053702	0.053661	0.053691
356	0.052844	0.052799	0.052843
357	0.051955	0.051932	0.051965
358	0.051063	0.051065	0.051083
359	0.05018	0.05018	0.050157
360	0.049301	0.049289	0.049215
361	0.048477	0.048466	0.048381
362	0.047694	0.047696	0.047632
363	0.046859	0.046871	0.046818
364	0.045939	0.04596	0.045903
365	0.045048	0.045077	0.045015
366	0.044261	0.044293	0.044231
367	0.043475	0.04351	0.043447
368	0.042726	0.042742	0.042686
369	0.041977	0.041975	0.041925
370	0.041214	0.041246	0.041146
371	0.040449	0.040523	0.040364
372	0.03972	0.039788	0.039651
373	0.039006	0.039048	0.038967
374	0.038251	0.038275	0.038236
375	0.037459	0.037473	0.037464
376	0.036713	0.036703	0.036724
377	0.036047	0.035992	0.036041
378	0.035367	0.035284	0.035346
379	0.034624	0.03459	0.034605
380	0.033883	0.033897	0.033865
381	0.03322	0.033205	0.033194
382	0.032557	0.032514	0.032522
383	0.031828	0.031793	0.031796
384	0.031087	0.031067	0.03106
385	0.030353	0.030359	0.030334
386	0.029621	0.029659	0.029613
387	0.028911	0.028949	0.028902
388	0.028219	0.028229	0.028201
389	0.027525	0.027503	0.027495
390	0.026827	0.026766	0.026778
391	0.026111	0.026026	0.026052
392	0.025316	0.025276	0.025286
393	0.024522	0.024526	0.024521
394	0.023889	0.023893	0.023846
395	0.023255	0.02326	0.02317
396	0.022568	0.022592	0.022485
397	0.021871	0.021917	0.021797
398	0.021111	0.021141	0.021032
399	0.020322	0.020316	0.020231
400	0.01963	0.01963	0.019568
401	0.01903	0.019072	0.019034
402	0.018456	0.018516	0.018504
403	0.017932	0.017961	0.017982
404	0.017371	0.017375	0.017415
405	0.016647	0.016649	0.016647
406	0.015926	0.015926	0.015883
407	0.015312	0.015294	0.015254
408	0.014699	0.014663	0.014624
409	0.014048	0.014002	0.014009
410	0.013392	0.013337	0.013397
411	0.012751	0.012709	0.012754
412	0.012118	0.012098	0.012096
413	0.011475	0.011467	0.011449
414	0.010824	0.010818	0.010811
415	0.010191	0.010176	0.01018
416	0.009591	0.009549	0.009563
417	0.008984	0.008924	0.008943
418	0.008347	0.008309	0.008311
419	0.007709	0.007693	0.00768
420	0.007025	0.007052	0.007068
421	0.006341	0.006412	0.006456
422	0.005802	0.005843	0.005882
423	0.005283	0.005283	0.005314
424	0.004718	0.004723	0.004749
425	0.004135	0.004164	0.004186
426	0.003532	0.003564	0.003572
427	0.002912	0.002929	0.002918
428	0.002284	0.002302	0.002276
429	0.001643	0.001685	0.001654
430	0.001021	0.001082	0.001054
431	0.000464	0.000526	0.000522
432	-0.000088	-0.000027	-0.000011
433	-0.000576	-0.000543	-0.00057
434	-0.001065	-0.001059	-0.001128
435	-0.001605	-0.001576	-0.001647
436	-0.002151	-0.002094	-0.002162
437	-0.002698	-0.002653	-0.002707
438	-0.003247	-0.003227	-0.003261
439	-0.00375	-0.003739	-0.003774
440	-0.004223	-0.004211	-0.004259
441	-0.004712	-0.0047	-0.004745
442	-0.005221	-0.00521	-0.005235
443	-0.005736	-0.005721	-0.005732
444	-0.006266	-0.006233	-0.006252
445	-0.006805	-0.006753	-0.006778
446	-0.007399	-0.007332	-0.007346
447	-0.007993	-0.00791	-0.007914
448	-0.008525	-0.00847	-0.008495
449	-0.009055	-0.009029	-0.009077
450	-0.009562	-0.009573	-0.009588
451	-0.010064	-0.010115	-0.010082
452	-0.010551	-0.010591	-0.010567
453	-0.01103	-0.011034	-0.011047
454	-0.011477	-0.011451	-0.011487
455	-0.011894	-0.011842	-0.011889
456	-0.012323	-0.012263	-0.012301
457	-0.012776	-0.012739	-0.012734
458	-0.013228	-0.0132	-0.013175
459	-0.013674	-0.013602	-0.01365
460	-0.014117	-0.014005	-0.01412
461	-0.014482	-0.014432	-0.014498
462	-0.014847	-0.01486	-0.014876
463	-0.015215	-0.015241	-0.015226
464	-0.015582	-0.015617	-0.015572
465	-0.016047	-0.016068	-0.016014
466	-0.016546	-0.016546	-0.016492
467	-0.016999	-0.016985	-0.016944
468	-0.017419	-0.017395	-0.017378
469	-0.017899	-0.017864	-0.017864
470	-0.018456	-0.018412	-0.018418
471	-0.018982	-0.01893	-0.018938
472	-0.019428	-0.019373	-0.019375
473	-0.019863	-0.019811	-0.01981
474	-0.02023	-0.020216	-0.020233
475	-0.020596	-0.020621	-0.020657
476	-0.02104	-0.021073	-0.021072
477	-0.021485	-0.021526	-0.021487
478	-0.021985	-0.021978	-0.021988
479	-0.022495	-0.022429	-0.022506
480	-0.02294	-0.022891	-0.022962
481	-0.023355	-0.023356	-0.02339
482	-0.023715	-0.023718	-0.023744
483	-0.024028	-0.023989	-0.024033
484	-0.024286	-0.024229	-0.024284
485	-0.024457	-0.024421	-0.024472
486	-0.024682	-0.024667	-0.024705
487	-0.025081	-0.025083	-0.025083
488	-0.02549	-0.025504	-0.025471
489	-0.026	-0.025975	-0.025968
490	-0.026511	-0.026447	-0.026464
491	-0.026899	-0.026858	-0.02688
492	-0.027281	-0.027266	-0.027291
493	-0.027682	-0.027678	-0.027713
494	-0.028089	-0.028091	-0.028137
495	-0.028448	-0.028449	-0.028484
496	-0.028781	-0.028779	-0.02879
497	-0.029072	-0.029081	-0.029086
498	-0.029324	-0.029357	-0.029371
499	-0.029609	-0.029646	-0.029668
500	-0.029947	-0.029956	-0.029982
501	-0.030284	-0.030262	-0.03029
502	-0.030615	-0.030555	-0.03057
503	-0.03094	-0.03085	-0.030852
504	-0.031215	-0.031163	-0.031146
505	-0.031489	-0.031476	-0.031441
506	-0.031835	-0.031828	-0.031788
507	-0.032186	-0.032182	-0.032139
508	-0.032498	-0.032481	-0.032458
509	-0.032802	-0.032768	-0.032769
510	-0.033076	-0.033063	-0.033069
511	-0.033335	-0.033362	-0.033362
512	-0.033643	-0.033672	-0.033668
513	-0.033995	-0.033992	-0.033986
514	-0.034318	-0.034312	-0.034292
515	-0.034593	-0.034633	-0.034576
516	-0.034869	-0.034938	-0.034861
517	-0.035147	-0.035192	-0.035147
518	-0.035432	-0.035446	-0.035435
519	-0.035769	-0.035707	-0.035741
520	-0.036106	-0.035968	-0.036048
521	-0.036403	-0.036304	-0.036321
522	-0.036698	-0.036642	-0.036592
523	-0.036991	-0.036945	-0.036898
524	-0.037283	-0.03724	-0.037212
525	-0.037571	-0.03752	-0.037506
526	-0.037857	-0.037794	-0.037792
527	-0.038117	-0.038038	-0.038064
528	-0.038358	-0.038258	-0.038324
529	-0.038602	-0.038496	-0.038581
530	-0.038851	-0.038757	-0.038833
531	-0.039098	-0.039026	-0.039084
532	-0.039339	-0.039313	-0.039331
533	-0.039574	-0.039589	-0.039571
534	-0.039783	-0.03981	-0.039778
535	-0.039992	-0.040031	-0.039986
536	-0.040235	-0.040248	-0.04023
537	-0.040477	-0.040465	-0.040474
538	-0.040747	-0.040709	-0.040731
539	-0.041019	-0.040957	-0.04099
540	-0.041246	-0.041175	-0.041195
541	-0.04146	-0.041385	-0.041384
542	-0.041656	-0.041578	-0.041576
543	-0.041843	-0.041761	-0.04177
544	-0.042011	-0.041945	-0.041953
545	-0.042162	-0.04213	-0.042126
546	-0.042332	-0.042313	-0.042305
547	-0.042532	-0.042492	-0.042495
548	-0.042737	-0.04268	-0.04269
549	-0.042956	-0.042896	-0.042902
550	-0.043169	-0.043109	-0.043113
551	-0.043338	-0.043303	-0.043321
552	-0.043508	-0.043497	-0.043529
553	-0.043736	-0.043688	-0.043735
554	-0.043965	-0.043879	-0.043941
555	-0.044175	-0.044065	-0.044121
556	-0.044383	-0.04425	-0.044297
557	-0.044587	-0.044477	-0.044511
558	-0.044789	-0.04472	-0.04474
559	-0.045017	-0.044963	-0.044979
560	-0.045261	-0.045206	-0.045225
561	-0.045495	-0.045434	-0.045453
562	-0.04572	-0.045648	-0.045664
563	-0.045954	-0.045873	-0.045887
564	-0.046207	-0.046119	-0.046132
565	-0.04644	-0.046349	-0.046362
566	-0.04661	-0.046531	-0.046546
567	-0.046783	-0.046716	-0.04673
568	-0.046973	-0.04693	-0.046907
569	-0.047163	-0.047144	-0.047085
570	-0.047347	-0.04733	-0.047281
571	-0.047531	-0.047515	-0.047478
572	-0.047713	-0.047672	-0.047657
573	-0.047894	-0.047825	-0.047833
574	-0.048065	-0.048005	-0.047997
575	-0.048232	-0.048194	-0.048158
576	-0.048398	-0.04838	-0.048354
577	-0.048563	-0.048565	-0.048572
578	-0.048763	-0.048756	-0.048775
579	-0.048997	-0.048951	-0.048966
580	-0.0492	-0.049136	-0.049146
581	-0.049356	-0.049304	-0.049308
582	-0.049536	-0.049494	-0.049491
583	-0.049776	-0.049744	-0.04973
584	-0.050019	-0.049993	-0.049967
585	-0.050273	-0.050237	-0.050202
586	-0.050522	-0.050476	-0.050434
587	-0.050678	-0.050623	-0.05061
588	-0.050833	-0.050769	-0.050786
589	-0.051001	-0.050964	-0.050952
590	-0.05117	-0.051163	-0.051117
591	-0.051361	-0.05136	-0.051334
592	-0.051558	-0.051558	-0.051563
593	-0.051741	-0.051718	-0.05172
594	-0.051919	-0.051861	-0.051847
595	-0.052104	-0.052037	-0.052029
596	-0.052295	-0.052236	-0.052251
597	-0.052507	-0.052461	-0.052484
598	-0.052742	-0.052716	-0.05273
599	-0.052932	-0.052917	-0.052918
600	-0.053044	-0.053027	-0.053005
601	-0.053139	-0.053117	-0.053085
602	-0.05318	-0.053146	-0.053144
603	-0.053216	-0.05317	-0.053193
604	-0.053221	-0.053155	-0.053182
605	-0.053226	-0.053141	-0.053172
606	-0.05319	-0.053148	-0.053167
607	-0.053154	-0.053156	-0.053162
608	-0.053165	-0.05316	-0.053177
609	-0.053181	-0.053163	-0.053192
610	-0.053262	-0.05325	-0.053251
611	-0.053358	-0.053356	-0.053319
612	-0.053452	-0.05342	-0.053406
613	-0.053545	-0.053468	-0.053499
614	-0.053683	-0.053631	-0.05365
615	-0.053849	-0.053866	-0.053839
616	-0.054012	-0.054026	-0.053992
617	-0.054171	-0.054113	-0.05411
618	-0.054378	-0.054277	-0.054302
619	-0.054657	-0.05456	-0.054604
620	-0.054906	-0.054801	-0.054853
621	-0.055084	-0.054944	-0.054977
622	-0.055254	-0.055103	-0.055114
623	-0.055392	-0.05533	-0.055306
624	-0.055544	-0.055557	-0.055506
625	-0.055833	-0.055803	-0.055783
626	-0.056122	-0.056048	-0.056059
627	-0.0563	-0.056243	-0.056235
628	-0.056477	-0.056437	-0.056409
629	-0.056616	-0.056567	-0.056554
630	-0.056749	-0.056689	-0.056696
631	-0.056945	-0.056889	-0.056909
632	-0.057157	-0.05711	-0.057139
633	-0.057352	-0.057301	-0.057322
634	-0.057541	-0.057479	-0.057485
635	-0.057716	-0.057672	-0.05765
636	-0.057882	-0.057876	-0.057818
637	-0.058041	-0.058041	-0.057977
638	-0.058192	-0.058167	-0.058127
639	-0.058365	-0.058313	-0.058297
640	-0.058572	-0.058488	-0.058495
641	-0.058761	-0.058674	-0.058688
642	-0.058911	-0.058885	-0.058871
643	-0.059062	-0.059076	-0.059056
644	-0.059222	-0.059194	-0.059246
645	-0.059375	-0.059312	-0.059427
646	-0.059493	-0.05944	-0.059549
647	-0.059615	-0.059572	-0.059674
648	-0.0599	-0.059818	-0.059897
649	-0.060185	-0.060063	-0.06012
650	-0.060404	-0.060338	-0.060335
651	-0.060619	-0.060614	-0.060551
652	-0.06056	-0.060564	-0.060542
653	-0.060454	-0.060458	-0.060496
654	-0.060442	-0.060414	-0.060428
655	-0.060459	-0.060389	-0.060354
656	-0.060511	-0.060456	-0.060402
657	-0.060579	-0.060568	-0.06051
658	-0.060761	-0.060751	-0.060696
659	-0.061023	-0.060985	-0.060938
660	-0.061335	-0.061282	-0.06122
661	-0.061696	-0.06164	-0.061543
662	-0.061956	-0.061902	-0.06179
663	-0.062073	-0.062026	-0.06193
664	-0.062158	-0.062108	-0.062042
665	-0.062178	-0.062104	-0.062098
666	-0.062198	-0.062097	-0.062138
667	-0.062222	-0.062083	-0.062127
668	-0.062241	-0.062086	-0.062133
669	-0.062234	-0.062182	-0.062226
670	-0.062245	-0.062282	-0.062324
671	-0.062457	-0.062436	-0.062484
672	-0.062669	-0.06259	-0.062645
673	-0.062778	-0.062682	-0.062689
674	-0.062888	-0.062773	-0.062734
675	-0.063144	-0.063057	-0.063047
676	-0.063413	-0.063359	-0.063384
677	-0.063551	-0.063506	-0.063532
678	-0.063663	-0.063624	-0.063645
679	-0.063864	-0.063836	-0.063848
680	-0.064093	-0.064076	-0.064079
681	-0.0644	-0.064383	-0.064426
682	-0.064744	-0.064721	-0.064825
683	-0.06507	-0.06502	-0.065125
684	-0.065383	-0.065296	-0.065361
685	-0.065673	-0.065562	-0.065585
686	-0.065942	-0.06582	-0.065798
687	-0.066191	-0.066089	-0.066042
688	-0.066417	-0.06637	-0.066322
689	-0.066639	-0.066608	-0.066603
690	-0.066852	-0.066776	-0.066884
691	-0.067111	-0.067015	-0.067161
692	-0.06747	-0.067408	-0.067429
693	-0.067788	-0.067755	-0.067677
694	-0.067977	-0.067962	-0.067864
695	-0.068196	-0.068195	-0.068089
696	-0.068566	-0.068557	-0.068503
697	-0.068923	-0.068913	-0.068901
698	-0.069166	-0.069217	-0.069159
699	-0.069408	-0.069516	-0.069417
700	-0.069621	-0.069703	-0.069639
701	-0.069835	-0.069889	-0.069861
702	-0.070211	-0.070213	-0.070252
703	-0.070593	-0.070541	-0.070648
704	-0.070873	-0.070841	-0.070874
705	-0.071142	-0.071137	-0.071081
706	-0.071403	-0.071403	-0.071299
707	-0.071663	-0.071663	-0.071518
708	-0.071917	-0.071904	-0.071717
709	-0.072171	-0.07214	-0.07191
710	-0.072445	-0.072371	-0.072212
711	-0.072729	-0.0726	-0.072558
712	-0.073067	-0.072913	-0.072903
713	-0.073434	-0.073271	-0.073247
714	-0.073462	-0.073366	-0.073334
715	-0.073243	-0.073271	-0.073237
716	-0.073362	-0.073324	-0.073324
717	-0.073796	-0.073515	-0.073582
718	-0.073933	-0.073619	-0.073671
719	-0.073722	-0.073619	-0.073562
720	-0.073832	-0.073857	-0.073834
[LOG]
CHECKSUM·¤