[HEADER]
Format	J&M ASCII Table
Comment	
Date	11/08/2026 10:31:29
Order	Y (evenX)
TechType	UV
NumPoints	411
FirstX	310
LastX	720
XType	nm
YType	Absorbance
ZType	s
NumSubFile	3
Matrix	Z vs X
[LOGIN]
Name=pcbob
[INSTRUMENT]
Name=TIDAS E Base UV/VI
Detector=MMS - ASPEN 97,5 kHz
Diodearray=256 Pixel
Serial#=36584
Calibrated=2011-07-01
Range=183.81-729.88 [nm] (F0)

SWVersion=v3.18.2 (build 0)[LOGIN]
Name=pcbob
[CONFIG]
ChannelName=Channel 1
ChannelType=Normalized
[PARAMETER]
It=360,00
Aver=5
Norm=3
Range=310,0-720,0 nm
Scan=Time
ScanTime=5,00 s
[TRIGGER]
Sweep=0
Scan=0
[DIO]
DigOut=0x0000
DigIn=0x0000
[DATA]
	00:00:00,000	00:00:01,800	00:00:03,600
310	0.127275	0.12728	0.127228
311	0.125429	0.125441	0.125396
312	0.123614	0.123626	0.123621
313	0.121904	0.121905	0.121918
314	0.120338	0.120313	0.120314
315	0.118785	0.118746	0.118733
316	0.117273	0.117255	0.117225
317	0.115765	0.115767	0.115718
318	0.114312	0.11431	0.114246
319	0.112858	0.112853	0.112774
320	0.111434	0.111434	0.111394
321	0.110015	0.110021	0.110026
322	0.108614	0.108626	0.108628
323	0.107222	0.107238	0.107219
324	0.105874	0.105895	0.10587
325	0.104565	0.10459	0.104574
326	0.103261	0.103281	0.103272
327	0.101966	0.101964	0.101959
328	0.100694	0.100678	0.100675
329	0.099529	0.099542	0.099523
330	0.098364	0.098405	0.09837
331	0.097154	0.097175	0.097151
332	0.095944	0.095944	0.095932
333	0.094759	0.094791	0.094786
334	0.093579	0.093655	0.093656
335	0.092435	0.092501	0.092481
336	0.091311	0.091339	0.091281
337	0.090176	0.090171	0.09011
338	0.089029	0.088998	0.088971
339	0.087884	0.087845	0.087829
340	0.086745	0.086738	0.08668
341	0.085609	0.085629	0.085541
342	0.084493	0.084499	0.084467
343	0.083378	0.08337	0.083393
344	0.0822	0.082215	0.082194
345	0.081018	0.081058	0.080987
346	0.079864	0.079907	0.079882
347	0.078717	0.078756	0.078806
348	0.077629	0.077639	0.077709
349	0.07658	0.076544	0.076597
350	0.075529	0.075475	0.07552
351	0.074477	0.074443	0.074492
352	0.073406	0.073391	0.073433
353	0.072281	0.072282	0.072279
354	0.071156	0.07117	0.071131
355	0.070028	0.07003	0.070046
356	0.068899	0.068891	0.068961
357	0.067838	0.067833	0.067869
358	0.066785	0.066784	0.066777
359	0.065715	0.065674	0.065714
360	0.064641	0.064542	0.064662
361	0.063637	0.063554	0.063664
362	0.06269	0.062677	0.062708
363	0.061693	0.061726	0.061708
364	0.060617	0.060658	0.060638
365	0.059557	0.059597	0.059579
366	0.058551	0.05856	0.05856
367	0.05755	0.057529	0.057546
368	0.056643	0.056606	0.056643
369	0.055736	0.055683	0.05574
370	0.054774	0.054767	0.05479
371	0.053803	0.053852	0.053834
372	0.052853	0.052914	0.052875
373	0.051911	0.051966	0.051915
374	0.050937	0.050991	0.050929
375	0.049936	0.049991	0.049919
376	0.048969	0.049031	0.048961
377	0.048065	0.048143	0.048094
378	0.047156	0.047248	0.047211
379	0.046227	0.046323	0.046262
380	0.0453	0.045398	0.045314
381	0.044422	0.04449	0.044442
382	0.043544	0.043582	0.043569
383	0.042678	0.042746	0.042713
384	0.041814	0.041922	0.04186
385	0.040946	0.041052	0.041
386	0.040076	0.04016	0.040138
387	0.039188	0.039254	0.039244
388	0.038283	0.038335	0.038319
389	0.037383	0.03743	0.037411
390	0.036492	0.03655	0.036532
391	0.035602	0.035661	0.035641
392	0.034713	0.034731	0.034691
393	0.033825	0.033804	0.033743
394	0.03299	0.03301	0.032946
395	0.032155	0.032216	0.03215
396	0.031274	0.03129	0.031247
397	0.030384	0.03034	0.030326
398	0.029432	0.0294	0.029378
399	0.028451	0.028466	0.028418
400	0.027585	0.027622	0.027555
401	0.026828	0.026862	0.026784
402	0.026072	0.026109	0.02604
403	0.025321	0.025367	0.025346
404	0.024552	0.024603	0.024614
405	0.023701	0.023743	0.02371
406	0.022851	0.022884	0.022807
407	0.022028	0.022034	0.021979
408	0.021204	0.021184	0.021151
409	0.020393	0.020384	0.020364
410	0.019584	0.019593	0.019584
411	0.01881	0.018855	0.018806
412	0.018052	0.018142	0.018028
413	0.017253	0.017356	0.017246
414	0.016418	0.016504	0.016461
415	0.015612	0.015707	0.015702
416	0.014859	0.015007	0.014987
417	0.014104	0.014291	0.01426
418	0.013343	0.013507	0.013485
419	0.012581	0.012723	0.01271
420	0.011824	0.011911	0.011916
421	0.011067	0.011099	0.011123
422	0.010346	0.01041	0.010448
423	0.009631	0.009738	0.009791
424	0.008939	0.009042	0.009081
425	0.008255	0.008337	0.008349
426	0.007519	0.007587	0.007605
427	0.006742	0.006802	0.006853
428	0.005967	0.006012	0.00607
429	0.005197	0.005217	0.005239
430	0.004425	0.004433	0.004423
431	0.003648	0.003691	0.003655
432	0.002877	0.002954	0.002892
433	0.002192	0.002286	0.002208
434	0.001506	0.001618	0.001524
435	0.000834	0.000947	0.000899
436	0.000164	0.000275	0.00028
437	-0.000525	-0.000431	-0.000433
438	-0.001219	-0.001149	-0.001176
439	-0.001851	-0.001781	-0.00181
440	-0.002442	-0.002357	-0.002371
441	-0.003026	-0.002942	-0.002948
442	-0.003601	-0.003541	-0.003543
443	-0.004194	-0.00415	-0.004145
444	-0.004833	-0.004784	-0.004762
445	-0.005475	-0.005423	-0.005389
446	-0.006139	-0.006096	-0.006076
447	-0.006802	-0.006769	-0.006763
448	-0.00743	-0.007383	-0.00741
449	-0.008057	-0.007995	-0.008056
450	-0.008731	-0.008653	-0.008725
451	-0.009416	-0.009322	-0.009399
452	-0.010035	-0.009953	-0.010007
453	-0.01062	-0.010564	-0.01058
454	-0.011183	-0.011117	-0.011114
455	-0.011725	-0.011613	-0.011608
456	-0.012279	-0.012153	-0.012136
457	-0.012858	-0.012776	-0.012727
458	-0.013434	-0.013386	-0.013317
459	-0.013998	-0.013941	-0.013903
460	-0.01456	-0.014496	-0.014488
461	-0.015088	-0.015034	-0.015023
462	-0.015617	-0.015571	-0.015558
463	-0.016154	-0.016086	-0.016093
464	-0.016692	-0.016599	-0.016629
465	-0.01726	-0.017168	-0.017179
466	-0.017838	-0.017759	-0.017734
467	-0.018438	-0.018376	-0.018352
468	-0.019054	-0.019012	-0.019017
469	-0.019699	-0.019659	-0.019676
470	-0.020385	-0.02032	-0.020327
471	-0.021032	-0.020954	-0.020955
472	-0.021585	-0.021518	-0.021522
473	-0.022129	-0.022071	-0.02208
474	-0.022616	-0.022559	-0.022585
475	-0.023104	-0.023046	-0.023091
476	-0.023615	-0.02356	-0.023572
477	-0.024126	-0.024073	-0.024053
478	-0.024666	-0.024626	-0.024584
479	-0.025213	-0.025186	-0.025125
480	-0.025738	-0.025692	-0.025643
481	-0.026253	-0.026171	-0.026152
482	-0.026643	-0.026544	-0.026548
483	-0.026926	-0.026823	-0.026847
484	-0.027177	-0.027079	-0.027106
485	-0.027376	-0.027297	-0.027302
486	-0.027651	-0.027593	-0.027576
487	-0.028168	-0.028133	-0.028093
488	-0.028695	-0.028678	-0.028618
489	-0.029326	-0.029273	-0.029221
490	-0.029956	-0.029867	-0.029824
491	-0.030521	-0.030478	-0.030431
492	-0.031083	-0.031089	-0.031038
493	-0.031591	-0.031584	-0.031545
494	-0.032086	-0.03205	-0.032027
495	-0.032559	-0.032487	-0.03249
496	-0.03302	-0.032911	-0.032943
497	-0.033439	-0.033309	-0.033362
498	-0.033817	-0.033683	-0.033749
499	-0.034212	-0.034088	-0.034145
500	-0.034634	-0.034542	-0.034558
501	-0.035047	-0.034975	-0.034965
502	-0.035427	-0.035332	-0.03535
503	-0.035812	-0.035696	-0.035737
504	-0.036243	-0.036127	-0.036143
505	-0.036674	-0.036558	-0.036549
506	-0.037093	-0.036956	-0.036973
507	-0.037512	-0.037351	-0.037398
508	-0.037941	-0.037779	-0.037831
509	-0.038372	-0.038214	-0.038266
510	-0.038761	-0.038639	-0.038663
511	-0.039127	-0.03906	-0.039041
512	-0.03952	-0.039455	-0.039417
513	-0.039935	-0.039829	-0.039792
514	-0.040305	-0.040175	-0.040154
515	-0.040602	-0.040478	-0.040495
516	-0.040902	-0.040791	-0.040822
517	-0.041215	-0.041135	-0.041107
518	-0.041529	-0.041477	-0.041403
519	-0.041859	-0.041806	-0.041785
520	-0.042188	-0.042134	-0.042167
521	-0.042563	-0.042487	-0.042503
522	-0.042939	-0.04284	-0.042837
523	-0.043242	-0.043164	-0.043168
524	-0.043531	-0.043481	-0.043499
525	-0.043863	-0.043793	-0.043841
526	-0.044213	-0.044103	-0.044186
527	-0.04451	-0.044397	-0.044479
528	-0.044766	-0.044677	-0.044731
529	-0.045043	-0.044958	-0.044997
530	-0.045349	-0.045241	-0.045282
531	-0.045649	-0.045526	-0.045571
532	-0.045935	-0.045819	-0.045868
533	-0.046221	-0.046109	-0.046158
534	-0.046505	-0.046385	-0.046415
535	-0.046789	-0.046662	-0.046675
536	-0.04711	-0.046978	-0.047005
537	-0.047431	-0.047295	-0.047335
538	-0.047763	-0.047599	-0.047634
539	-0.048096	-0.047901	-0.047929
540	-0.048345	-0.048166	-0.048206
541	-0.048567	-0.048418	-0.048478
542	-0.04878	-0.048661	-0.048706
543	-0.048986	-0.048897	-0.048908
544	-0.049228	-0.049161	-0.049149
545	-0.049507	-0.049454	-0.049428
546	-0.049772	-0.049729	-0.049698
547	-0.050015	-0.049975	-0.049952
548	-0.050269	-0.050221	-0.050211
549	-0.050554	-0.050467	-0.050485
550	-0.050832	-0.050716	-0.050754
551	-0.051052	-0.050994	-0.050983
552	-0.051273	-0.051272	-0.051211
553	-0.051529	-0.051511	-0.051492
554	-0.051786	-0.051749	-0.051774
555	-0.052028	-0.05195	-0.051968
556	-0.052268	-0.052146	-0.052147
557	-0.052505	-0.052399	-0.052415
558	-0.052741	-0.052673	-0.052714
559	-0.053017	-0.052942	-0.052978
560	-0.053318	-0.053207	-0.05322
561	-0.053584	-0.053464	-0.053477
562	-0.053814	-0.053713	-0.053752
563	-0.054049	-0.053963	-0.054015
564	-0.054292	-0.054215	-0.054257
565	-0.054521	-0.054449	-0.054488
566	-0.054705	-0.054625	-0.054681
567	-0.05489	-0.0548	-0.054869
568	-0.055082	-0.054965	-0.055014
569	-0.055274	-0.055129	-0.055158
570	-0.055437	-0.055312	-0.055338
571	-0.0556	-0.055496	-0.055518
572	-0.055772	-0.055676	-0.055701
573	-0.055946	-0.055856	-0.055885
574	-0.056117	-0.056029	-0.056067
575	-0.056286	-0.056199	-0.056248
576	-0.056442	-0.056369	-0.056409
577	-0.056591	-0.056538	-0.056558
578	-0.056784	-0.05672	-0.056743
579	-0.057021	-0.056914	-0.056961
580	-0.057246	-0.057113	-0.057171
581	-0.057454	-0.057321	-0.057365
582	-0.057678	-0.057559	-0.057585
583	-0.057949	-0.057878	-0.057869
584	-0.058226	-0.058193	-0.05816
585	-0.058537	-0.05849	-0.058488
586	-0.058845	-0.058784	-0.058813
587	-0.059103	-0.059027	-0.059063
588	-0.05936	-0.05927	-0.059312
589	-0.059647	-0.059572	-0.05959
590	-0.059936	-0.059878	-0.05987
591	-0.060173	-0.060125	-0.060123
592	-0.060398	-0.060358	-0.060369
593	-0.060626	-0.060576	-0.060584
594	-0.060856	-0.060789	-0.060786
595	-0.061118	-0.061043	-0.061041
596	-0.061402	-0.061325	-0.061334
597	-0.061713	-0.061634	-0.061641
598	-0.062056	-0.061972	-0.061963
599	-0.062334	-0.062249	-0.062232
600	-0.062501	-0.062419	-0.06241
601	-0.062643	-0.062548	-0.062548
602	-0.06271	-0.062557	-0.062569
603	-0.062761	-0.062568	-0.06259
604	-0.062721	-0.06259	-0.062607
605	-0.062682	-0.062609	-0.062624
606	-0.062681	-0.062577	-0.062624
607	-0.062679	-0.062544	-0.062625
608	-0.062716	-0.062552	-0.062622
609	-0.062756	-0.062563	-0.062619
610	-0.062805	-0.062663	-0.062692
611	-0.062856	-0.062782	-0.062782
612	-0.063002	-0.062914	-0.06292
613	-0.063185	-0.06305	-0.063077
614	-0.063328	-0.063203	-0.063246
615	-0.063444	-0.063368	-0.063421
616	-0.063613	-0.063545	-0.063593
617	-0.063831	-0.063734	-0.06376
618	-0.064071	-0.063977	-0.063977
619	-0.064341	-0.064301	-0.06427
620	-0.064598	-0.064567	-0.064533
621	-0.06482	-0.064697	-0.064729
622	-0.06503	-0.064842	-0.064926
623	-0.06519	-0.065049	-0.065126
624	-0.065359	-0.065265	-0.065331
625	-0.065619	-0.065562	-0.065585
626	-0.065878	-0.06586	-0.065839
627	-0.066114	-0.066076	-0.066074
628	-0.066349	-0.066292	-0.066308
629	-0.066547	-0.066445	-0.066464
630	-0.066739	-0.066592	-0.066611
631	-0.066913	-0.066766	-0.066802
632	-0.067082	-0.066948	-0.067004
633	-0.06731	-0.067177	-0.067219
634	-0.067564	-0.067428	-0.06744
635	-0.06779	-0.067669	-0.067675
636	-0.067997	-0.067904	-0.06792
637	-0.06821	-0.068122	-0.068135
638	-0.06843	-0.068323	-0.068319
639	-0.06862	-0.068519	-0.068504
640	-0.068768	-0.068709	-0.06869
641	-0.06893	-0.068889	-0.068868
642	-0.069124	-0.069047	-0.06903
643	-0.069329	-0.069224	-0.069209
644	-0.069571	-0.069472	-0.069445
645	-0.069804	-0.069711	-0.069678
646	-0.069975	-0.069892	-0.06988
647	-0.07015	-0.070076	-0.070086
648	-0.070437	-0.070336	-0.070367
649	-0.070724	-0.070595	-0.070648
650	-0.070959	-0.070847	-0.070929
651	-0.071191	-0.071097	-0.071209
652	-0.07107	-0.071	-0.071085
653	-0.070888	-0.070842	-0.070891
654	-0.0708	-0.070744	-0.070744
655	-0.070741	-0.070665	-0.070612
656	-0.070823	-0.070718	-0.070688
657	-0.070972	-0.070835	-0.070862
658	-0.071194	-0.07108	-0.071096
659	-0.071467	-0.071416	-0.071372
660	-0.07187	-0.071828	-0.071786
661	-0.072404	-0.072316	-0.072338
662	-0.072818	-0.072706	-0.072758
663	-0.073063	-0.072958	-0.072992
664	-0.073199	-0.073121	-0.073134
665	-0.073113	-0.073102	-0.073089
666	-0.073076	-0.073102	-0.073075
667	-0.073187	-0.073158	-0.073158
668	-0.073297	-0.07322	-0.073253
669	-0.073402	-0.073314	-0.073402
670	-0.073521	-0.073424	-0.073559
671	-0.07379	-0.073712	-0.073788
672	-0.074059	-0.074	-0.074018
673	-0.074178	-0.074104	-0.074111
674	-0.074296	-0.074208	-0.074203
675	-0.074566	-0.07449	-0.074489
676	-0.074849	-0.074787	-0.074792
677	-0.075023	-0.074965	-0.074958
678	-0.075176	-0.07512	-0.075099
679	-0.075438	-0.075379	-0.075347
680	-0.075735	-0.075669	-0.075629
681	-0.076063	-0.076045	-0.076009
682	-0.076406	-0.076459	-0.076436
683	-0.07675	-0.076796	-0.076809
684	-0.077095	-0.077084	-0.077149
685	-0.077444	-0.077417	-0.07747
686	-0.077794	-0.077789	-0.077774
687	-0.078132	-0.078094	-0.07807
688	-0.078455	-0.07832	-0.078357
689	-0.078775	-0.078596	-0.078639
690	-0.079088	-0.07895	-0.078915
691	-0.079394	-0.079293	-0.079228
692	-0.079682	-0.07961	-0.079627
693	-0.079989	-0.079937	-0.080006
694	-0.080356	-0.080296	-0.080327
695	-0.080723	-0.080648	-0.080646
696	-0.081094	-0.080968	-0.080959
697	-0.081462	-0.081295	-0.081288
698	-0.081818	-0.081686	-0.081761
699	-0.082172	-0.082075	-0.082229
700	-0.082478	-0.082412	-0.08252
701	-0.082784	-0.082748	-0.08281
702	-0.083143	-0.083155	-0.083204
703	-0.083505	-0.083564	-0.083602
704	-0.083795	-0.083861	-0.083818
705	-0.084077	-0.084146	-0.084013
706	-0.084418	-0.084451	-0.084375
707	-0.084771	-0.08476	-0.084772
708	-0.085036	-0.084979	-0.084995
709	-0.085275	-0.085171	-0.085166
710	-0.085568	-0.085491	-0.08551
711	-0.085885	-0.085865	-0.085928
712	-0.086304	-0.086313	-0.086317
713	-0.08678	-0.086803	-0.08669
714	-0.08692	-0.086974	-0.086882
715	-0.086816	-0.086914	-0.086942
716	-0.086925	-0.087059	-0.087108
717	-0.08723	-0.087393	-0.087372
718	-0.087434	-0.087621	-0.087548
719	-0.087519	-0.087724	-0.087622
720	-0.087807	-0.088008	-0.08789
[LOG]
CHECKSUMüƒ