[HEADER]
Format	J&M ASCII Table
Comment	
Date	11/08/2026 10:29:52
Order	Y (evenX)
TechType	UV
NumPoints	411
FirstX	310
LastX	720
XType	nm
YType	Absorbance
ZType	s
NumSubFile	3
Matrix	Z vs X
[LOGIN]
Name=pcbob
[INSTRUMENT]
Name=TIDAS E Base UV/VI
Detector=MMS - ASPEN 97,5 kHz
Diodearray=256 Pixel
Serial#=36584
Calibrated=2011-07-01
Range=183.81-729.88 [nm] (F0)

SWVersion=v3.18.2 (build 0)[LOGIN]
Name=pcbob
[CONFIG]
ChannelName=Channel 1
ChannelType=Normalized
[PARAMETER]
It=360,00
Aver=5
Norm=3
Range=310,0-720,0 nm
Scan=Time
ScanTime=5,00 s
[TRIGGER]
Sweep=0
Scan=0
[DIO]
DigOut=0x0000
DigIn=0x0000
[DATA]
	00:00:00,000	00:00:01,800	00:00:03,600
310	0.126552	0.126589	0.126584
311	0.124712	0.124762	0.124735
312	0.122936	0.122971	0.1229
313	0.121232	0.12126	0.121185
314	0.119626	0.11966	0.119636
315	0.118048	0.118076	0.11809
316	0.116559	0.116544	0.116556
317	0.11507	0.115017	0.115026
318	0.113598	0.113578	0.113558
319	0.112125	0.11214	0.112091
320	0.110709	0.110724	0.110681
321	0.1093	0.109312	0.10928
322	0.107875	0.107898	0.107865
323	0.106442	0.106484	0.106444
324	0.10507	0.105113	0.105078
325	0.103751	0.10378	0.10376
326	0.102424	0.102436	0.102431
327	0.101081	0.101071	0.101082
328	0.099771	0.099745	0.099764
329	0.098616	0.098597	0.098591
330	0.097461	0.097449	0.097417
331	0.09621	0.096219	0.096199
332	0.094959	0.094989	0.09498
333	0.093763	0.093806	0.093817
334	0.092578	0.092632	0.092664
335	0.091426	0.091478	0.091493
336	0.090291	0.090335	0.090312
337	0.089137	0.089162	0.089118
338	0.08796	0.087956	0.087909
339	0.086769	0.086766	0.086726
340	0.085544	0.085614	0.085604
341	0.084335	0.084459	0.084479
342	0.083231	0.083284	0.083333
343	0.082127	0.082108	0.082187
344	0.080963	0.080968	0.080989
345	0.079795	0.079829	0.079789
346	0.078619	0.078692	0.07866
347	0.07744	0.077555	0.077552
348	0.076328	0.076431	0.076431
349	0.07526	0.075316	0.075301
350	0.074197	0.074249	0.074201
351	0.073141	0.073248	0.073142
352	0.072079	0.072222	0.072094
353	0.071003	0.071124	0.071075
354	0.06993	0.070027	0.070053
355	0.068881	0.068934	0.068986
356	0.067832	0.067841	0.067919
357	0.066718	0.066727	0.066776
358	0.065598	0.065611	0.065625
359	0.064536	0.064552	0.064552
360	0.063496	0.063513	0.063507
361	0.062526	0.062553	0.062536
362	0.061612	0.061655	0.061624
363	0.060629	0.060687	0.060666
364	0.059538	0.059611	0.059637
365	0.058466	0.058547	0.058604
366	0.057463	0.05753	0.057555
367	0.056466	0.056519	0.056515
368	0.055592	0.055648	0.055644
369	0.054718	0.054777	0.054773
370	0.053793	0.053881	0.053857
371	0.052861	0.052982	0.052935
372	0.05194	0.05203	0.052009
373	0.051024	0.051055	0.051082
374	0.050058	0.050073	0.050112
375	0.049049	0.049085	0.049104
376	0.048101	0.048161	0.048154
377	0.047258	0.047351	0.047306
378	0.046406	0.046517	0.046449
379	0.04552	0.045576	0.045556
380	0.044634	0.044638	0.044663
381	0.043796	0.043782	0.043811
382	0.042957	0.042926	0.042959
383	0.0421	0.042091	0.042102
384	0.041241	0.041259	0.041244
385	0.040402	0.04042	0.040388
386	0.039573	0.039579	0.039532
387	0.038703	0.03871	0.038663
388	0.037794	0.037816	0.03778
389	0.036893	0.036938	0.036908
390	0.036008	0.036089	0.036056
391	0.035121	0.035227	0.035201
392	0.03423	0.034302	0.03434
393	0.03334	0.033379	0.033478
394	0.032545	0.032593	0.032646
395	0.03175	0.031806	0.031813
396	0.030897	0.030938	0.030973
397	0.030034	0.030055	0.030132
398	0.029113	0.029142	0.029227
399	0.028165	0.028215	0.028293
400	0.027325	0.027404	0.027451
401	0.026589	0.026704	0.026697
402	0.025875	0.026002	0.025964
403	0.025201	0.025295	0.025273
404	0.024492	0.024561	0.024549
405	0.023625	0.023705	0.023683
406	0.022759	0.022851	0.022817
407	0.021951	0.022044	0.021982
408	0.021144	0.021236	0.021148
409	0.020389	0.020437	0.020385
410	0.019643	0.019639	0.019634
411	0.018894	0.018916	0.018909
412	0.018144	0.018227	0.018195
413	0.017391	0.0175	0.017464
414	0.016633	0.016739	0.016716
415	0.015887	0.015994	0.015975
416	0.015162	0.015277	0.015242
417	0.014436	0.014544	0.014509
418	0.013705	0.013754	0.013771
419	0.01297	0.012964	0.013031
420	0.012137	0.01221	0.01225
421	0.011303	0.011456	0.011468
422	0.010641	0.01081	0.010772
423	0.010004	0.010179	0.010087
424	0.009341	0.009482	0.009386
425	0.008668	0.008759	0.008679
426	0.007943	0.008002	0.007978
427	0.007177	0.007219	0.007281
428	0.006423	0.006454	0.006555
429	0.005689	0.005718	0.005783
430	0.004952	0.004982	0.005027
431	0.004207	0.004251	0.004321
432	0.003472	0.003527	0.003619
433	0.002861	0.002889	0.002954
434	0.002249	0.002251	0.00229
435	0.001604	0.001613	0.001645
436	0.000956	0.000975	0.001001
437	0.000271	0.00028	0.000323
438	-0.000427	-0.000434	-0.000365
439	-0.001057	-0.00105	-0.000985
440	-0.001644	-0.001602	-0.001557
441	-0.002233	-0.002167	-0.002129
442	-0.002827	-0.002751	-0.002699
443	-0.003423	-0.003342	-0.00329
444	-0.004025	-0.003952	-0.003932
445	-0.004634	-0.004566	-0.004571
446	-0.0053	-0.005219	-0.005184
447	-0.005965	-0.005871	-0.005798
448	-0.006585	-0.006499	-0.006438
449	-0.007203	-0.007127	-0.007078
450	-0.007826	-0.007748	-0.007736
451	-0.00845	-0.008367	-0.008398
452	-0.009028	-0.008962	-0.008975
453	-0.009582	-0.009545	-0.009507
454	-0.010111	-0.010078	-0.010026
455	-0.010615	-0.01056	-0.010531
456	-0.011127	-0.011062	-0.011042
457	-0.011656	-0.011599	-0.011563
458	-0.012195	-0.012143	-0.012094
459	-0.012773	-0.012716	-0.012673
460	-0.013349	-0.013287	-0.013248
461	-0.013872	-0.013805	-0.01377
462	-0.014394	-0.014323	-0.014291
463	-0.0149	-0.014827	-0.014788
464	-0.015404	-0.015329	-0.015281
465	-0.015945	-0.015899	-0.015832
466	-0.0165	-0.016493	-0.016404
467	-0.017058	-0.017058	-0.016964
468	-0.017618	-0.017603	-0.017515
469	-0.01821	-0.018196	-0.018107
470	-0.018842	-0.018853	-0.018753
471	-0.019466	-0.01948	-0.01937
472	-0.020068	-0.020033	-0.01991
473	-0.020648	-0.020573	-0.020446
474	-0.021084	-0.021022	-0.020953
475	-0.021519	-0.021471	-0.02146
476	-0.022014	-0.021994	-0.021973
477	-0.02251	-0.022518	-0.022487
478	-0.023073	-0.023052	-0.023
479	-0.02365	-0.023589	-0.023512
480	-0.024181	-0.024096	-0.02403
481	-0.024691	-0.02459	-0.02455
482	-0.025102	-0.02499	-0.024962
483	-0.02543	-0.025307	-0.025282
484	-0.025709	-0.025581	-0.025564
485	-0.025913	-0.025786	-0.025787
486	-0.026178	-0.02606	-0.026068
487	-0.026637	-0.026551	-0.026535
488	-0.02711	-0.027052	-0.027014
489	-0.027716	-0.027646	-0.02761
490	-0.028321	-0.02824	-0.028206
491	-0.028829	-0.02877	-0.02872
492	-0.029331	-0.029297	-0.029229
493	-0.02982	-0.029769	-0.02972
494	-0.030306	-0.030228	-0.030206
495	-0.030752	-0.030653	-0.030623
496	-0.031178	-0.031059	-0.031004
497	-0.031553	-0.031451	-0.031399
498	-0.031879	-0.031827	-0.031805
499	-0.032244	-0.032213	-0.032215
500	-0.032674	-0.032614	-0.032629
501	-0.033089	-0.033009	-0.033025
502	-0.033454	-0.033388	-0.033358
503	-0.033823	-0.033769	-0.033698
504	-0.034232	-0.034168	-0.03412
505	-0.03464	-0.034568	-0.034543
506	-0.035015	-0.034923	-0.034904
507	-0.035388	-0.035276	-0.035262
508	-0.0358	-0.03571	-0.035662
509	-0.036221	-0.036164	-0.036073
510	-0.036592	-0.036558	-0.036449
511	-0.036939	-0.036923	-0.036808
512	-0.037308	-0.037288	-0.037184
513	-0.037699	-0.037651	-0.037576
514	-0.038062	-0.038007	-0.037928
515	-0.038379	-0.03835	-0.038218
516	-0.038697	-0.038677	-0.03851
517	-0.039018	-0.038954	-0.038805
518	-0.039341	-0.039237	-0.039109
519	-0.039681	-0.039571	-0.039482
520	-0.040021	-0.039905	-0.039855
521	-0.040324	-0.040214	-0.040195
522	-0.040626	-0.040522	-0.040533
523	-0.040972	-0.040876	-0.040857
524	-0.041326	-0.041239	-0.041178
525	-0.041657	-0.041583	-0.041492
526	-0.041979	-0.041919	-0.041802
527	-0.042282	-0.042221	-0.042122
528	-0.04257	-0.042497	-0.042449
529	-0.042849	-0.042775	-0.042739
530	-0.043118	-0.043054	-0.042979
531	-0.043388	-0.043329	-0.043228
532	-0.043661	-0.043592	-0.0435
533	-0.043937	-0.043859	-0.043773
534	-0.044229	-0.044149	-0.044045
535	-0.044521	-0.044439	-0.044318
536	-0.044813	-0.044714	-0.044628
537	-0.045104	-0.044989	-0.044937
538	-0.045403	-0.045303	-0.045251
539	-0.045703	-0.045622	-0.045564
540	-0.045958	-0.045898	-0.045815
541	-0.046199	-0.046161	-0.046046
542	-0.046417	-0.046373	-0.046289
543	-0.046623	-0.046553	-0.046539
544	-0.046869	-0.046779	-0.046792
545	-0.047155	-0.047049	-0.047049
546	-0.047431	-0.04733	-0.047301
547	-0.047693	-0.047627	-0.047542
548	-0.047944	-0.047915	-0.047785
549	-0.048162	-0.048171	-0.048029
550	-0.048381	-0.048419	-0.048272
551	-0.048608	-0.048602	-0.0485
552	-0.048835	-0.048785	-0.048728
553	-0.049109	-0.049048	-0.048973
554	-0.049382	-0.049313	-0.049218
555	-0.049608	-0.04955	-0.049462
556	-0.049825	-0.049782	-0.049707
557	-0.050069	-0.050022	-0.049961
558	-0.050323	-0.050264	-0.050219
559	-0.050585	-0.050541	-0.050494
560	-0.050852	-0.05084	-0.050778
561	-0.051125	-0.051105	-0.051043
562	-0.051403	-0.051333	-0.051286
563	-0.051666	-0.051568	-0.051534
564	-0.051904	-0.051818	-0.051788
565	-0.052141	-0.052064	-0.05204
566	-0.052376	-0.052298	-0.052282
567	-0.052602	-0.052522	-0.052515
568	-0.052765	-0.05267	-0.052673
569	-0.052928	-0.052818	-0.052832
570	-0.053135	-0.053051	-0.05305
571	-0.053342	-0.053286	-0.053268
572	-0.053553	-0.053472	-0.053456
573	-0.053765	-0.053651	-0.053639
574	-0.053985	-0.053847	-0.053839
575	-0.054209	-0.054049	-0.054045
576	-0.054387	-0.054252	-0.054243
577	-0.054538	-0.054456	-0.054436
578	-0.05471	-0.054656	-0.054632
579	-0.054902	-0.05485	-0.054829
580	-0.055101	-0.055054	-0.055034
581	-0.055312	-0.055271	-0.055252
582	-0.055546	-0.055502	-0.055484
583	-0.055843	-0.055772	-0.055754
584	-0.056142	-0.056046	-0.056028
585	-0.056455	-0.056336	-0.056327
586	-0.056765	-0.056624	-0.056621
587	-0.056994	-0.05686	-0.056826
588	-0.057223	-0.057096	-0.057031
589	-0.057464	-0.057345	-0.057303
590	-0.057705	-0.057596	-0.057579
591	-0.05795	-0.057837	-0.057809
592	-0.058195	-0.058076	-0.058028
593	-0.0584	-0.058304	-0.058246
594	-0.058588	-0.058528	-0.058464
595	-0.058814	-0.058772	-0.0587
596	-0.059066	-0.059032	-0.05895
597	-0.059358	-0.05932	-0.059243
598	-0.059694	-0.059639	-0.059584
599	-0.059949	-0.059888	-0.059844
600	-0.060064	-0.060016	-0.059964
601	-0.060157	-0.060115	-0.060056
602	-0.060187	-0.060133	-0.060066
603	-0.06021	-0.060147	-0.060075
604	-0.060194	-0.060136	-0.060082
605	-0.060178	-0.060126	-0.060087
606	-0.060165	-0.060099	-0.060054
607	-0.060152	-0.060072	-0.060021
608	-0.060156	-0.060088	-0.060001
609	-0.060161	-0.060108	-0.059981
610	-0.060243	-0.060183	-0.060091
611	-0.060342	-0.06027	-0.06023
612	-0.060458	-0.060377	-0.060348
613	-0.060581	-0.060492	-0.060458
614	-0.060737	-0.060655	-0.060627
615	-0.060913	-0.060849	-0.060833
616	-0.061093	-0.061046	-0.061029
617	-0.061276	-0.061247	-0.061214
618	-0.061489	-0.061477	-0.061419
619	-0.061744	-0.061753	-0.061655
620	-0.061986	-0.06199	-0.061874
621	-0.062195	-0.062134	-0.062054
622	-0.062408	-0.0623	-0.062245
623	-0.062633	-0.062556	-0.062477
624	-0.06286	-0.062809	-0.062715
625	-0.063108	-0.063042	-0.063
626	-0.063355	-0.063275	-0.063286
627	-0.063568	-0.063519	-0.063516
628	-0.063781	-0.063763	-0.063746
629	-0.063951	-0.063916	-0.063879
630	-0.064116	-0.064058	-0.064001
631	-0.064321	-0.064259	-0.064196
632	-0.064537	-0.064474	-0.064411
633	-0.064762	-0.06469	-0.064628
634	-0.06499	-0.064905	-0.064847
635	-0.065202	-0.065114	-0.065046
636	-0.065403	-0.065318	-0.065232
637	-0.065612	-0.065508	-0.065436
638	-0.065828	-0.065683	-0.065659
639	-0.066022	-0.065862	-0.065855
640	-0.066184	-0.066047	-0.066013
641	-0.066358	-0.066225	-0.066182
642	-0.066559	-0.066391	-0.066375
643	-0.066762	-0.066577	-0.06657
644	-0.066967	-0.066833	-0.066772
645	-0.067168	-0.067079	-0.066973
646	-0.067327	-0.067258	-0.067166
647	-0.067492	-0.067441	-0.067363
648	-0.067812	-0.067759	-0.06768
649	-0.068132	-0.068078	-0.067996
650	-0.068382	-0.068362	-0.068262
651	-0.068628	-0.068643	-0.068525
652	-0.068621	-0.068602	-0.068557
653	-0.06857	-0.068505	-0.068549
654	-0.068508	-0.068462	-0.068501
655	-0.068442	-0.068436	-0.06844
656	-0.068527	-0.068497	-0.068484
657	-0.068684	-0.0686	-0.068579
658	-0.068894	-0.068799	-0.068787
659	-0.069142	-0.069066	-0.069075
660	-0.069494	-0.069414	-0.069438
661	-0.069949	-0.069843	-0.069876
662	-0.070268	-0.070172	-0.070189
663	-0.070395	-0.07036	-0.070326
664	-0.070476	-0.070477	-0.070388
665	-0.070464	-0.070452	-0.070299
666	-0.070478	-0.070447	-0.070256
667	-0.070569	-0.070504	-0.070358
668	-0.07066	-0.070558	-0.070456
669	-0.070752	-0.070597	-0.070542
670	-0.070853	-0.070651	-0.07064
671	-0.071049	-0.070876	-0.070883
672	-0.071244	-0.071102	-0.071126
673	-0.071358	-0.071278	-0.071279
674	-0.071472	-0.071455	-0.071433
675	-0.071766	-0.071703	-0.071687
676	-0.072076	-0.071957	-0.07195
677	-0.072278	-0.072162	-0.072164
678	-0.07246	-0.072358	-0.072368
679	-0.072702	-0.072645	-0.072577
680	-0.072964	-0.07296	-0.072787
681	-0.073302	-0.073321	-0.073158
682	-0.073675	-0.073703	-0.073603
683	-0.074012	-0.074051	-0.073977
684	-0.074324	-0.074377	-0.074305
685	-0.074631	-0.074693	-0.074621
686	-0.074932	-0.075	-0.074928
687	-0.075251	-0.075287	-0.075223
688	-0.075594	-0.075549	-0.075504
689	-0.075924	-0.075826	-0.075789
690	-0.076237	-0.076126	-0.076083
691	-0.076562	-0.076453	-0.076399
692	-0.076916	-0.076836	-0.076763
693	-0.077266	-0.077202	-0.07712
694	-0.077605	-0.077514	-0.077448
695	-0.077947	-0.077839	-0.077782
696	-0.078309	-0.07822	-0.07814
697	-0.078677	-0.078595	-0.078499
698	-0.079103	-0.078912	-0.078873
699	-0.079524	-0.07923	-0.079245
700	-0.079801	-0.079571	-0.079535
701	-0.080079	-0.079911	-0.079826
702	-0.080446	-0.080246	-0.080212
703	-0.080817	-0.08058	-0.080602
704	-0.081015	-0.080815	-0.080826
705	-0.081194	-0.081038	-0.081031
706	-0.081546	-0.081422	-0.081394
707	-0.081932	-0.081839	-0.08179
708	-0.082169	-0.082071	-0.082029
709	-0.08236	-0.082247	-0.082219
710	-0.082674	-0.082543	-0.082545
711	-0.08304	-0.082889	-0.082929
712	-0.083356	-0.083256	-0.083274
713	-0.083643	-0.083634	-0.083598
714	-0.083772	-0.083813	-0.083697
715	-0.083786	-0.083846	-0.083635
716	-0.083938	-0.08399	-0.083767
717	-0.084217	-0.084235	-0.084079
718	-0.084358	-0.084385	-0.084254
719	-0.084336	-0.084421	-0.084267
720	-0.084561	-0.084708	-0.084545
[LOG]
CHECKSUMûÕ