[HEADER]
Format	J&M ASCII Table
Comment	
Date	11/08/2026 10:16:07
Order	Y (evenX)
TechType	UV
NumPoints	411
FirstX	310
LastX	720
XType	nm
YType	Absorbance
ZType	s
NumSubFile	3
Matrix	Z vs X
[LOGIN]
Name=pcbob
[INSTRUMENT]
Name=TIDAS E Base UV/VI
Detector=MMS - ASPEN 97,5 kHz
Diodearray=256 Pixel
Serial#=36584
Calibrated=2011-07-01
Range=183.81-729.88 [nm] (F0)

SWVersion=v3.18.2 (build 0)[LOGIN]
Name=pcbob
[CONFIG]
ChannelName=Channel 1
ChannelType=Normalized
[PARAMETER]
It=360,00
Aver=5
Norm=3
Range=310,0-720,0 nm
Scan=Time
ScanTime=5,00 s
[TRIGGER]
Sweep=0
Scan=0
[DIO]
DigOut=0x0000
DigIn=0x0000
[DATA]
	00:00:00,000	00:00:01,800	00:00:03,600
310	0.073189	0.073226	0.073178
311	0.072181	0.072214	0.072169
312	0.071199	0.07125	0.071191
313	0.070268	0.070315	0.070246
314	0.069407	0.069419	0.069346
315	0.068552	0.068538	0.068465
316	0.067715	0.067705	0.067644
317	0.066879	0.066876	0.066827
318	0.066061	0.066114	0.066048
319	0.065242	0.065353	0.065268
320	0.064434	0.064529	0.064448
321	0.063626	0.063697	0.063622
322	0.062825	0.06286	0.062802
323	0.062026	0.062021	0.061984
324	0.06125	0.06124	0.0612
325	0.060494	0.06051	0.060445
326	0.059733	0.059764	0.059686
327	0.05896	0.058988	0.058918
328	0.058216	0.05823	0.058178
329	0.057604	0.057558	0.057563
330	0.056992	0.056885	0.056949
331	0.056277	0.056221	0.056224
332	0.055562	0.055556	0.055498
333	0.054891	0.054899	0.05484
334	0.054229	0.054244	0.054197
335	0.053598	0.05359	0.053569
336	0.052982	0.052938	0.052949
337	0.052313	0.052284	0.052301
338	0.051583	0.051629	0.05162
339	0.050883	0.050966	0.050948
340	0.050252	0.050287	0.050295
341	0.049613	0.049607	0.049637
342	0.048921	0.048923	0.048943
343	0.048228	0.04824	0.048249
344	0.047563	0.047585	0.047597
345	0.046899	0.04693	0.046946
346	0.046183	0.046249	0.046223
347	0.045451	0.04556	0.045478
348	0.044787	0.044873	0.044797
349	0.044168	0.044186	0.044158
350	0.043552	0.043555	0.043539
351	0.04294	0.043002	0.042947
352	0.042326	0.042433	0.042345
353	0.041711	0.041816	0.041715
354	0.041098	0.041201	0.041091
355	0.040512	0.040619	0.040536
356	0.039925	0.040036	0.03998
357	0.039281	0.039388	0.039357
358	0.038631	0.038733	0.038726
359	0.038031	0.038114	0.038098
360	0.03745	0.037508	0.037471
361	0.036867	0.036937	0.036887
362	0.036282	0.036394	0.036339
363	0.035699	0.035828	0.035781
364	0.03512	0.035229	0.035208
365	0.034546	0.034639	0.034636
366	0.033992	0.034086	0.034069
367	0.033439	0.033534	0.033505
368	0.032929	0.032988	0.032999
369	0.032419	0.032443	0.032494
370	0.031926	0.031984	0.032007
371	0.031434	0.031538	0.031523
372	0.030945	0.031071	0.031034
373	0.030456	0.030595	0.030541
374	0.029936	0.030078	0.030006
375	0.029389	0.029526	0.029433
376	0.028883	0.028996	0.028911
377	0.028453	0.028505	0.028479
378	0.028006	0.028019	0.028033
379	0.027495	0.027558	0.027531
380	0.026985	0.027097	0.02703
381	0.026544	0.026629	0.026568
382	0.026103	0.026161	0.026106
383	0.025661	0.025712	0.025679
384	0.025218	0.025266	0.025258
385	0.024728	0.024759	0.024746
386	0.024215	0.024223	0.024191
387	0.023727	0.023724	0.023685
388	0.023261	0.02326	0.023224
389	0.022785	0.022789	0.02276
390	0.022288	0.022303	0.02229
391	0.021784	0.021808	0.021806
392	0.021246	0.021271	0.021255
393	0.02071	0.020735	0.020705
394	0.020276	0.020318	0.020246
395	0.019843	0.019901	0.019786
396	0.01936	0.019397	0.019339
397	0.018868	0.018877	0.018893
398	0.018305	0.01835	0.018344
399	0.017709	0.017819	0.017746
400	0.017218	0.017351	0.017253
401	0.016826	0.016944	0.01686
402	0.016445	0.016526	0.01649
403	0.016084	0.01609	0.016167
404	0.015695	0.015645	0.015799
405	0.015178	0.015163	0.015231
406	0.014661	0.01468	0.014667
407	0.014198	0.014214	0.014245
408	0.013734	0.013749	0.013824
409	0.013262	0.013311	0.013376
410	0.01279	0.012878	0.012923
411	0.012365	0.012449	0.012498
412	0.011961	0.012021	0.012085
413	0.011549	0.011585	0.011655
414	0.011129	0.011143	0.011211
415	0.010708	0.010691	0.010751
416	0.010285	0.010219	0.010266
417	0.009856	0.009757	0.009805
418	0.0094	0.009333	0.009441
419	0.008944	0.00891	0.009071
420	0.008501	0.008509	0.008558
421	0.008058	0.008108	0.008045
422	0.007646	0.007722	0.007691
423	0.007237	0.007337	0.007359
424	0.006844	0.006951	0.00695
425	0.006456	0.006564	0.006511
426	0.006057	0.006155	0.006084
427	0.005647	0.005728	0.005665
428	0.005222	0.005307	0.005255
429	0.004773	0.004893	0.004859
430	0.004347	0.004479	0.004465
431	0.003992	0.004066	0.004074
432	0.003636	0.003655	0.003684
433	0.003254	0.003277	0.00329
434	0.002873	0.002898	0.002896
435	0.002539	0.002584	0.002597
436	0.002209	0.002275	0.002306
437	0.001798	0.001871	0.001902
438	0.001361	0.001436	0.001462
439	0.000996	0.001085	0.00109
440	0.00068	0.000792	0.000764
441	0.00036	0.000471	0.000428
442	0.000035	0.000118	0.00008
443	-0.000292	-0.000233	-0.000267
444	-0.000624	-0.000575	-0.000607
445	-0.000961	-0.000921	-0.000949
446	-0.001335	-0.001295	-0.001301
447	-0.00171	-0.001668	-0.001654
448	-0.002069	-0.002022	-0.002014
449	-0.002428	-0.002375	-0.002374
450	-0.00278	-0.002744	-0.002744
451	-0.00313	-0.003117	-0.003117
452	-0.003478	-0.003456	-0.003453
453	-0.003825	-0.003776	-0.00377
454	-0.004135	-0.004067	-0.004084
455	-0.004408	-0.004328	-0.004397
456	-0.004661	-0.00459	-0.004665
457	-0.004874	-0.004857	-0.004851
458	-0.005112	-0.005128	-0.005065
459	-0.005454	-0.005419	-0.005393
460	-0.005791	-0.005707	-0.00572
461	-0.005998	-0.005937	-0.005987
462	-0.006204	-0.006168	-0.006254
463	-0.006477	-0.006435	-0.006484
464	-0.006759	-0.006707	-0.006708
465	-0.00706	-0.00701	-0.007003
466	-0.007368	-0.007325	-0.007322
467	-0.00767	-0.007623	-0.00763
468	-0.007966	-0.007909	-0.007928
469	-0.008286	-0.008232	-0.008235
470	-0.008639	-0.008603	-0.008554
471	-0.008975	-0.008946	-0.008866
472	-0.009269	-0.009219	-0.00916
473	-0.009559	-0.009486	-0.009453
474	-0.009816	-0.009711	-0.009735
475	-0.010073	-0.009937	-0.010016
476	-0.01037	-0.010268	-0.010296
477	-0.010667	-0.010601	-0.010577
478	-0.011011	-0.010938	-0.010909
479	-0.011364	-0.011276	-0.011251
480	-0.011687	-0.011606	-0.011584
481	-0.011996	-0.011933	-0.011913
482	-0.012277	-0.012221	-0.012188
483	-0.012534	-0.012477	-0.012417
484	-0.012747	-0.012689	-0.012614
485	-0.012893	-0.012831	-0.01276
486	-0.013068	-0.013	-0.012933
487	-0.013335	-0.013251	-0.013193
488	-0.013605	-0.013504	-0.013458
489	-0.013899	-0.013774	-0.013775
490	-0.014194	-0.014043	-0.014093
491	-0.014484	-0.014383	-0.014372
492	-0.014774	-0.014727	-0.014649
493	-0.015006	-0.014972	-0.014897
494	-0.015225	-0.015193	-0.015137
495	-0.015459	-0.01541	-0.015371
496	-0.015701	-0.015627	-0.015602
497	-0.015888	-0.01583	-0.015796
498	-0.016022	-0.016021	-0.015955
499	-0.016204	-0.016225	-0.016141
500	-0.016467	-0.016451	-0.016375
501	-0.01671	-0.016666	-0.016602
502	-0.016887	-0.01685	-0.016809
503	-0.01707	-0.017038	-0.017015
504	-0.017312	-0.017266	-0.017222
505	-0.017555	-0.017493	-0.017429
506	-0.017784	-0.017733	-0.017666
507	-0.018013	-0.017973	-0.017904
508	-0.018228	-0.018187	-0.018158
509	-0.018439	-0.018396	-0.018416
510	-0.018656	-0.018614	-0.018626
511	-0.018876	-0.018837	-0.018811
512	-0.019094	-0.019053	-0.019033
513	-0.019311	-0.019262	-0.01929
514	-0.019525	-0.019473	-0.019521
515	-0.019731	-0.019686	-0.01971
516	-0.019938	-0.01989	-0.019893
517	-0.020146	-0.02007	-0.020055
518	-0.020353	-0.020252	-0.020223
519	-0.020552	-0.02046	-0.020437
520	-0.020752	-0.020668	-0.02065
521	-0.02098	-0.020892	-0.020897
522	-0.021208	-0.021118	-0.021144
523	-0.021408	-0.021362	-0.021351
524	-0.021602	-0.02161	-0.02155
525	-0.02181	-0.021816	-0.021748
526	-0.022023	-0.022004	-0.021944
527	-0.022197	-0.022155	-0.022112
528	-0.022339	-0.022275	-0.022257
529	-0.022493	-0.022426	-0.022418
530	-0.022662	-0.02262	-0.022599
531	-0.022857	-0.022816	-0.022799
532	-0.023112	-0.023019	-0.023046
533	-0.023358	-0.023224	-0.023283
534	-0.02356	-0.023441	-0.023458
535	-0.023762	-0.023658	-0.023636
536	-0.023951	-0.023877	-0.02387
537	-0.024141	-0.024097	-0.024105
538	-0.024327	-0.02428	-0.024275
539	-0.024513	-0.024459	-0.024439
540	-0.024653	-0.024609	-0.024593
541	-0.024778	-0.02475	-0.024744
542	-0.024922	-0.024891	-0.024888
543	-0.025078	-0.025031	-0.025028
544	-0.02526	-0.025188	-0.025183
545	-0.02547	-0.02536	-0.025353
546	-0.025664	-0.025537	-0.025529
547	-0.025834	-0.025723	-0.025716
548	-0.025989	-0.025894	-0.02589
549	-0.0261	-0.02602	-0.026019
550	-0.026212	-0.026147	-0.026151
551	-0.026337	-0.026286	-0.026295
552	-0.026462	-0.026425	-0.026439
553	-0.026618	-0.026583	-0.02659
554	-0.026774	-0.02674	-0.026741
555	-0.026944	-0.026889	-0.026902
556	-0.027117	-0.027036	-0.027065
557	-0.027266	-0.027189	-0.027191
558	-0.027408	-0.027344	-0.027304
559	-0.027608	-0.027529	-0.02749
560	-0.027844	-0.027732	-0.027723
561	-0.028045	-0.027927	-0.027927
562	-0.028207	-0.028111	-0.028102
563	-0.02838	-0.028307	-0.028283
564	-0.028571	-0.028524	-0.028478
565	-0.028763	-0.028731	-0.028673
566	-0.028954	-0.0289	-0.028872
567	-0.029147	-0.029071	-0.029072
568	-0.029347	-0.029243	-0.02928
569	-0.029546	-0.029414	-0.029487
570	-0.02972	-0.029615	-0.029657
571	-0.029893	-0.029815	-0.029827
572	-0.030086	-0.030002	-0.030012
573	-0.030283	-0.030186	-0.030199
574	-0.030448	-0.030368	-0.030368
575	-0.030602	-0.030549	-0.030531
576	-0.03076	-0.030715	-0.030694
577	-0.030922	-0.030873	-0.030857
578	-0.031102	-0.031035	-0.03104
579	-0.031301	-0.0312	-0.031243
580	-0.031469	-0.031363	-0.03143
581	-0.031593	-0.031525	-0.031593
582	-0.031725	-0.03168	-0.031741
583	-0.031881	-0.03182	-0.031852
584	-0.032038	-0.031961	-0.03197
585	-0.032201	-0.032102	-0.032125
586	-0.03236	-0.032241	-0.032278
587	-0.032443	-0.032345	-0.032382
588	-0.032526	-0.032449	-0.032485
589	-0.032643	-0.032572	-0.032613
590	-0.032762	-0.032697	-0.032743
591	-0.032894	-0.03285	-0.032851
592	-0.033029	-0.033009	-0.032954
593	-0.033155	-0.033121	-0.033082
594	-0.033276	-0.033211	-0.03322
595	-0.033416	-0.033332	-0.033354
596	-0.033569	-0.033474	-0.033485
597	-0.033732	-0.033635	-0.033632
598	-0.033905	-0.033817	-0.033797
599	-0.034036	-0.033953	-0.03393
600	-0.034096	-0.034007	-0.034009
601	-0.034144	-0.03405	-0.034067
602	-0.034159	-0.034058	-0.034067
603	-0.034169	-0.034069	-0.034067
604	-0.034158	-0.034087	-0.034076
605	-0.034146	-0.034102	-0.034084
606	-0.034107	-0.034037	-0.034055
607	-0.034067	-0.033971	-0.034026
608	-0.034036	-0.033964	-0.033986
609	-0.034006	-0.033962	-0.033945
610	-0.034043	-0.033993	-0.033968
611	-0.034095	-0.034032	-0.034005
612	-0.034198	-0.034115	-0.034107
613	-0.034321	-0.034216	-0.034234
614	-0.034404	-0.034303	-0.03432
615	-0.034459	-0.03438	-0.034379
616	-0.034569	-0.034488	-0.034478
617	-0.034731	-0.034626	-0.034618
618	-0.034889	-0.034769	-0.034768
619	-0.035042	-0.03492	-0.034934
620	-0.035189	-0.035062	-0.035086
621	-0.035323	-0.035183	-0.035204
622	-0.035459	-0.035322	-0.035331
623	-0.0356	-0.035532	-0.03549
624	-0.035742	-0.035731	-0.035647
625	-0.035876	-0.03583	-0.03578
626	-0.03601	-0.035928	-0.035913
627	-0.036104	-0.036049	-0.036069
628	-0.036197	-0.03617	-0.036226
629	-0.036301	-0.036271	-0.036281
630	-0.036405	-0.03637	-0.036324
631	-0.036481	-0.036473	-0.03644
632	-0.036549	-0.036576	-0.036575
633	-0.036715	-0.036686	-0.036695
634	-0.036924	-0.036798	-0.036807
635	-0.037065	-0.036921	-0.036936
636	-0.03716	-0.03705	-0.037075
637	-0.037298	-0.037188	-0.037229
638	-0.037478	-0.037334	-0.037395
639	-0.037618	-0.037458	-0.037532
640	-0.0377	-0.037547	-0.037627
641	-0.037775	-0.037648	-0.037721
642	-0.037834	-0.037776	-0.037813
643	-0.037911	-0.037892	-0.037899
644	-0.038055	-0.037971	-0.037967
645	-0.038197	-0.038056	-0.038044
646	-0.038333	-0.038183	-0.038195
647	-0.03847	-0.038314	-0.038348
648	-0.03868	-0.038541	-0.038567
649	-0.038889	-0.038767	-0.038787
650	-0.039202	-0.039079	-0.039072
651	-0.039522	-0.039397	-0.039361
652	-0.039662	-0.039547	-0.039534
653	-0.03977	-0.039667	-0.039686
654	-0.039836	-0.039767	-0.039775
655	-0.039889	-0.039861	-0.039844
656	-0.039972	-0.039933	-0.039915
657	-0.040071	-0.039994	-0.039986
658	-0.040188	-0.040099	-0.040101
659	-0.04032	-0.040234	-0.040246
660	-0.040407	-0.040348	-0.040334
661	-0.040449	-0.040439	-0.040366
662	-0.040439	-0.04045	-0.040357
663	-0.040356	-0.040347	-0.040293
664	-0.040291	-0.040273	-0.040239
665	-0.040264	-0.040259	-0.040207
666	-0.040259	-0.040246	-0.040193
667	-0.040326	-0.040236	-0.040236
668	-0.040374	-0.04024	-0.040266
669	-0.040323	-0.040315	-0.040236
670	-0.040294	-0.040395	-0.040225
671	-0.040514	-0.040535	-0.040441
672	-0.040733	-0.040676	-0.040657
673	-0.04083	-0.040707	-0.040753
674	-0.040926	-0.040739	-0.040849
675	-0.041133	-0.040976	-0.041055
676	-0.041349	-0.041232	-0.041271
677	-0.041439	-0.041308	-0.041309
678	-0.041504	-0.041351	-0.041314
679	-0.041647	-0.041522	-0.041515
680	-0.041814	-0.041733	-0.041777
681	-0.042094	-0.04202	-0.042062
682	-0.042426	-0.042341	-0.042358
683	-0.042718	-0.042625	-0.042595
684	-0.042984	-0.042883	-0.042794
685	-0.043228	-0.04309	-0.043036
686	-0.043452	-0.043252	-0.043316
687	-0.043662	-0.043461	-0.043553
688	-0.043854	-0.043724	-0.043741
689	-0.044032	-0.043973	-0.043917
690	-0.044187	-0.044198	-0.044073
691	-0.044337	-0.044369	-0.044223
692	-0.044478	-0.044421	-0.044358
693	-0.044624	-0.044521	-0.044503
694	-0.044791	-0.044775	-0.044678
695	-0.044995	-0.045044	-0.044898
696	-0.045381	-0.045386	-0.045331
697	-0.045746	-0.045705	-0.045729
698	-0.045917	-0.045806	-0.045813
699	-0.046086	-0.045908	-0.045903
700	-0.046194	-0.046025	-0.046119
701	-0.046302	-0.046142	-0.046336
702	-0.046582	-0.046478	-0.046569
703	-0.046868	-0.046822	-0.046803
704	-0.047066	-0.046988	-0.046985
705	-0.047255	-0.047133	-0.04716
706	-0.047403	-0.047298	-0.047378
707	-0.047543	-0.047467	-0.047605
708	-0.047668	-0.047653	-0.047695
709	-0.047788	-0.047844	-0.047745
710	-0.048119	-0.04813	-0.048115
711	-0.048537	-0.048456	-0.04862
712	-0.048788	-0.048725	-0.048806
713	-0.048946	-0.048961	-0.048815
714	-0.048963	-0.048904	-0.048777
715	-0.048879	-0.048634	-0.048706
716	-0.048956	-0.048684	-0.04887
717	-0.049183	-0.049031	-0.049252
718	-0.049267	-0.049147	-0.049392
719	-0.049183	-0.048992	-0.049246
720	-0.049338	-0.049174	-0.049347
[LOG]
CHECKSUMTo