[HEADER]
Format	J&M ASCII Table
Comment	
Date	04/03/2026 18:30:51
Order	Y (evenX)
TechType	UV
NumPoints	411
FirstX	310
LastX	720
XType	nm
YType	Absorbance
ZType	s
NumSubFile	3
Matrix	Z vs X
[LOGIN]
Name=pcbob
[INSTRUMENT]
Name=TIDAS E Base UV/VI
Detector=MMS - ASPEN 97,5 kHz
Diodearray=256 Pixel
Serial#=36584
Calibrated=2011-07-01
Range=183.81-729.88 [nm] (F0)

SWVersion=v3.18.2 (build 0)[LOGIN]
Name=pcbob
[CONFIG]
ChannelName=Channel 1
ChannelType=Normalized
[PARAMETER]
It=400,00
Aver=5
Norm=3
Range=310,0-720,0 nm
Scan=Time
ScanTime=5,00 s
[TRIGGER]
Sweep=0
Scan=0
[DIO]
DigOut=0x0000
DigIn=0x0000
[DATA]
	00:00:00,000	00:00:02,000	00:00:04,000
310	-0.000347	-0.000323	-0.000291
311	-0.00037	-0.000339	-0.000318
312	-0.000425	-0.000363	-0.000373
313	-0.000459	-0.000376	-0.000401
314	-0.000467	-0.000375	-0.000394
315	-0.000467	-0.000376	-0.00039
316	-0.000444	-0.000383	-0.000397
317	-0.000424	-0.00039	-0.000403
318	-0.000426	-0.000411	-0.000401
319	-0.000428	-0.000433	-0.000398
320	-0.000437	-0.000462	-0.000416
321	-0.000446	-0.000492	-0.000436
322	-0.000479	-0.00051	-0.000491
323	-0.00052	-0.000524	-0.000561
324	-0.000568	-0.000532	-0.000592
325	-0.000623	-0.000536	-0.00059
326	-0.000643	-0.00053	-0.000574
327	-0.000601	-0.000506	-0.000533
328	-0.000564	-0.000487	-0.000499
329	-0.000548	-0.000489	-0.000494
330	-0.000533	-0.000492	-0.000489
331	-0.000565	-0.00052	-0.000516
332	-0.000597	-0.000549	-0.000543
333	-0.000605	-0.00056	-0.000558
334	-0.000608	-0.000568	-0.00057
335	-0.00061	-0.000563	-0.000586
336	-0.000612	-0.000552	-0.000604
337	-0.000621	-0.000568	-0.000644
338	-0.000638	-0.000616	-0.000711
339	-0.000646	-0.000651	-0.000749
340	-0.000632	-0.000655	-0.000721
341	-0.000622	-0.000654	-0.000696
342	-0.000638	-0.000622	-0.000697
343	-0.000654	-0.00059	-0.000699
344	-0.00067	-0.000627	-0.000655
345	-0.000686	-0.000667	-0.000609
346	-0.000722	-0.000718	-0.000656
347	-0.000763	-0.000772	-0.00073
348	-0.000766	-0.000776	-0.000755
349	-0.000743	-0.000747	-0.000745
350	-0.000752	-0.000723	-0.000732
351	-0.000803	-0.000706	-0.000712
352	-0.000835	-0.000695	-0.000696
353	-0.000809	-0.000702	-0.00069
354	-0.000787	-0.000712	-0.000687
355	-0.000822	-0.000742	-0.000722
356	-0.000857	-0.000772	-0.000757
357	-0.00089	-0.000818	-0.000834
358	-0.000924	-0.000866	-0.000916
359	-0.000884	-0.000867	-0.000922
360	-0.000817	-0.000853	-0.0009
361	-0.000836	-0.000843	-0.000899
362	-0.000922	-0.000839	-0.000916
363	-0.000988	-0.000878	-0.000939
364	-0.001025	-0.000986	-0.000969
365	-0.001051	-0.001064	-0.00099
366	-0.001043	-0.001031	-0.000979
367	-0.001035	-0.001	-0.000969
368	-0.001011	-0.001005	-0.000968
369	-0.000988	-0.001011	-0.000967
370	-0.001009	-0.000996	-0.001007
371	-0.001036	-0.000979	-0.001052
372	-0.001071	-0.001016	-0.001069
373	-0.001108	-0.001076	-0.001072
374	-0.001115	-0.001108	-0.00109
375	-0.001095	-0.001116	-0.001119
376	-0.001096	-0.001123	-0.001144
377	-0.001136	-0.001129	-0.001162
378	-0.001166	-0.00112	-0.001166
379	-0.001154	-0.001046	-0.001106
380	-0.001143	-0.000975	-0.001048
381	-0.001145	-0.001035	-0.001069
382	-0.001147	-0.001094	-0.001091
383	-0.001131	-0.001099	-0.001079
384	-0.001113	-0.001095	-0.001063
385	-0.001136	-0.001147	-0.001112
386	-0.001177	-0.001224	-0.001191
387	-0.001211	-0.001262	-0.001249
388	-0.001239	-0.001262	-0.001287
389	-0.001264	-0.001264	-0.001298
390	-0.00128	-0.001269	-0.001259
391	-0.001297	-0.001279	-0.001233
392	-0.001317	-0.001311	-0.001269
393	-0.001337	-0.001343	-0.001305
394	-0.001315	-0.001349	-0.001329
395	-0.001293	-0.001356	-0.001353
396	-0.001295	-0.001345	-0.001372
397	-0.001302	-0.001331	-0.00139
398	-0.001307	-0.001319	-0.001356
399	-0.001313	-0.001309	-0.001296
400	-0.001311	-0.001308	-0.001282
401	-0.001303	-0.001316	-0.00131
402	-0.001328	-0.001348	-0.001336
403	-0.001415	-0.001424	-0.001361
404	-0.001473	-0.001479	-0.001386
405	-0.001398	-0.001439	-0.001415
406	-0.001324	-0.0014	-0.001443
407	-0.001354	-0.00146	-0.001417
408	-0.001383	-0.00152	-0.001391
409	-0.001388	-0.001447	-0.001372
410	-0.001388	-0.001353	-0.001355
411	-0.001421	-0.001388	-0.001422
412	-0.00147	-0.001481	-0.001526
413	-0.001543	-0.001576	-0.001597
414	-0.001638	-0.001675	-0.001636
415	-0.001653	-0.001707	-0.001622
416	-0.001526	-0.001623	-0.001515
417	-0.001437	-0.001562	-0.001439
418	-0.001502	-0.001589	-0.001484
419	-0.001566	-0.001615	-0.001532
420	-0.001586	-0.001631	-0.001634
421	-0.001605	-0.001647	-0.001737
422	-0.001616	-0.001701	-0.001721
423	-0.001625	-0.001759	-0.001688
424	-0.00165	-0.001741	-0.00166
425	-0.00168	-0.001693	-0.001633
426	-0.001689	-0.001664	-0.00165
427	-0.00168	-0.00165	-0.001703
428	-0.001719	-0.001692	-0.001767
429	-0.001832	-0.00182	-0.001847
430	-0.001909	-0.001912	-0.001898
431	-0.001864	-0.001882	-0.001853
432	-0.001825	-0.001855	-0.001811
433	-0.001849	-0.001865	-0.001789
434	-0.001873	-0.001875	-0.001768
435	-0.001912	-0.00188	-0.001771
436	-0.001952	-0.001884	-0.001777
437	-0.001972	-0.001902	-0.001877
438	-0.001987	-0.001925	-0.002009
439	-0.001982	-0.00195	-0.002058
440	-0.001965	-0.001977	-0.002052
441	-0.001974	-0.002001	-0.002036
442	-0.002016	-0.00202	-0.002009
443	-0.002021	-0.002014	-0.001973
444	-0.001931	-0.001943	-0.001917
445	-0.001858	-0.001889	-0.001874
446	-0.001909	-0.001949	-0.001922
447	-0.001961	-0.002009	-0.00197
448	-0.00203	-0.002076	-0.002022
449	-0.0021	-0.002144	-0.002073
450	-0.002119	-0.002166	-0.00208
451	-0.002125	-0.002179	-0.002077
452	-0.002109	-0.002163	-0.002073
453	-0.002081	-0.002133	-0.002069
454	-0.002089	-0.002134	-0.002079
455	-0.002134	-0.002167	-0.002102
456	-0.00216	-0.00218	-0.002127
457	-0.002149	-0.002153	-0.002152
458	-0.002137	-0.002136	-0.002167
459	-0.002123	-0.002156	-0.002138
460	-0.00211	-0.002175	-0.002111
461	-0.002115	-0.002141	-0.002147
462	-0.002119	-0.002107	-0.002182
463	-0.002158	-0.002169	-0.00221
464	-0.002202	-0.002244	-0.002236
465	-0.002225	-0.002282	-0.002251
466	-0.002242	-0.002307	-0.002261
467	-0.002293	-0.002335	-0.002326
468	-0.00237	-0.002365	-0.002429
469	-0.002423	-0.002406	-0.00248
470	-0.002445	-0.002463	-0.002463
471	-0.002452	-0.00248	-0.002444
472	-0.002422	-0.002395	-0.002415
473	-0.002397	-0.002332	-0.002397
474	-0.002412	-0.002406	-0.002444
475	-0.002427	-0.002481	-0.002491
476	-0.002406	-0.002415	-0.002441
477	-0.002384	-0.002347	-0.002389
478	-0.002386	-0.002359	-0.002373
479	-0.002393	-0.002386	-0.002363
480	-0.002378	-0.002419	-0.002372
481	-0.002355	-0.002454	-0.002389
482	-0.002312	-0.002418	-0.002365
483	-0.002254	-0.002322	-0.002305
484	-0.002218	-0.002252	-0.002262
485	-0.002219	-0.002223	-0.002247
486	-0.002224	-0.002216	-0.002249
487	-0.002247	-0.002276	-0.002303
488	-0.002267	-0.002333	-0.002355
489	-0.002262	-0.002359	-0.00238
490	-0.002257	-0.002386	-0.002406
491	-0.002349	-0.002415	-0.002419
492	-0.002445	-0.002444	-0.002432
493	-0.002509	-0.002541	-0.002558
494	-0.002565	-0.002654	-0.002713
495	-0.002561	-0.002674	-0.002724
496	-0.002526	-0.002644	-0.002661
497	-0.0025	-0.002597	-0.00259
498	-0.002482	-0.002532	-0.002514
499	-0.002463	-0.002514	-0.002483
500	-0.002442	-0.002572	-0.00253
501	-0.002432	-0.002618	-0.002567
502	-0.002464	-0.002623	-0.002574
503	-0.002493	-0.002629	-0.002583
504	-0.002502	-0.00265	-0.002616
505	-0.002511	-0.00267	-0.002649
506	-0.002584	-0.002617	-0.002612
507	-0.002661	-0.002559	-0.002571
508	-0.002608	-0.002562	-0.002568
509	-0.002524	-0.00258	-0.002574
510	-0.002542	-0.002634	-0.002621
511	-0.002612	-0.002706	-0.002689
512	-0.002623	-0.002716	-0.002708
513	-0.00258	-0.002668	-0.002683
514	-0.002571	-0.002657	-0.002678
515	-0.002617	-0.002708	-0.002705
516	-0.002646	-0.002734	-0.002719
517	-0.002622	-0.002688	-0.002688
518	-0.002605	-0.00265	-0.002666
519	-0.002639	-0.002687	-0.002709
520	-0.002674	-0.002723	-0.002753
521	-0.002655	-0.002727	-0.002739
522	-0.002635	-0.00273	-0.002723
523	-0.002678	-0.002742	-0.002747
524	-0.002733	-0.002756	-0.00278
525	-0.00271	-0.002745	-0.002784
526	-0.002651	-0.002723	-0.002776
527	-0.002657	-0.00273	-0.002777
528	-0.002712	-0.002757	-0.002784
529	-0.002754	-0.002787	-0.002774
530	-0.002776	-0.002821	-0.002742
531	-0.002798	-0.002847	-0.00274
532	-0.00282	-0.002855	-0.002812
533	-0.002834	-0.002856	-0.00286
534	-0.002801	-0.002817	-0.002783
535	-0.002768	-0.002778	-0.002709
536	-0.002721	-0.002763	-0.002716
537	-0.002674	-0.002748	-0.002723
538	-0.002676	-0.002732	-0.002726
539	-0.002683	-0.002715	-0.002729
540	-0.002683	-0.002727	-0.002708
541	-0.00268	-0.002747	-0.002681
542	-0.002651	-0.002743	-0.002668
543	-0.002606	-0.002726	-0.002663
544	-0.002601	-0.002711	-0.00267
545	-0.002637	-0.002698	-0.002687
546	-0.002646	-0.002689	-0.002695
547	-0.00261	-0.002688	-0.002685
548	-0.002583	-0.002674	-0.00267
549	-0.002588	-0.002622	-0.002633
550	-0.002592	-0.002581	-0.002604
551	-0.00259	-0.002633	-0.002637
552	-0.002589	-0.002685	-0.002669
553	-0.002579	-0.002666	-0.002639
554	-0.002569	-0.002646	-0.002607
555	-0.002613	-0.00265	-0.002653
556	-0.002666	-0.002658	-0.002712
557	-0.002675	-0.002672	-0.002737
558	-0.002669	-0.002687	-0.002749
559	-0.002661	-0.002684	-0.002715
560	-0.002651	-0.002669	-0.00265
561	-0.002646	-0.002695	-0.002647
562	-0.002647	-0.002764	-0.002712
563	-0.002642	-0.002778	-0.002733
564	-0.002629	-0.002696	-0.002676
565	-0.002614	-0.002625	-0.002629
566	-0.002593	-0.002589	-0.002608
567	-0.002563	-0.002548	-0.002579
568	-0.002465	-0.002467	-0.002481
569	-0.002367	-0.002386	-0.002383
570	-0.002345	-0.00233	-0.002365
571	-0.002323	-0.002275	-0.002348
572	-0.0023	-0.00229	-0.002347
573	-0.002277	-0.002317	-0.002347
574	-0.002242	-0.002291	-0.002295
575	-0.002204	-0.002249	-0.002226
576	-0.002181	-0.002213	-0.002192
577	-0.002166	-0.00218	-0.00218
578	-0.002145	-0.002171	-0.002177
579	-0.002118	-0.002185	-0.002181
580	-0.002111	-0.0022	-0.002194
581	-0.002137	-0.002216	-0.002219
582	-0.002162	-0.002223	-0.002237
583	-0.002187	-0.002205	-0.002239
584	-0.002217	-0.002202	-0.00225
585	-0.002277	-0.002273	-0.002307
586	-0.002333	-0.00234	-0.00236
587	-0.002296	-0.002316	-0.002335
588	-0.002259	-0.002291	-0.002311
589	-0.002295	-0.002364	-0.002344
590	-0.002337	-0.002445	-0.002381
591	-0.002355	-0.002443	-0.002374
592	-0.002369	-0.002421	-0.002357
593	-0.002359	-0.002406	-0.002369
594	-0.00234	-0.002394	-0.002392
595	-0.00234	-0.00238	-0.002399
596	-0.002355	-0.002365	-0.002394
597	-0.002348	-0.002363	-0.002382
598	-0.002318	-0.002375	-0.002362
599	-0.002299	-0.002377	-0.002346
600	-0.002301	-0.002361	-0.002338
601	-0.002305	-0.002357	-0.002341
602	-0.002311	-0.002392	-0.002376
603	-0.002323	-0.002419	-0.002408
604	-0.002364	-0.002396	-0.002417
605	-0.002402	-0.002373	-0.002425
606	-0.002354	-0.002353	-0.002385
607	-0.002307	-0.002333	-0.002346
608	-0.00232	-0.002327	-0.002314
609	-0.002338	-0.002322	-0.002283
610	-0.002322	-0.002327	-0.002336
611	-0.002298	-0.002334	-0.002408
612	-0.002352	-0.002401	-0.00246
613	-0.002437	-0.002493	-0.002502
614	-0.002476	-0.002517	-0.002508
615	-0.002487	-0.002498	-0.002489
616	-0.002487	-0.002482	-0.002474
617	-0.002476	-0.002468	-0.002463
618	-0.002485	-0.002469	-0.002469
619	-0.002524	-0.002491	-0.002499
620	-0.002553	-0.002511	-0.002524
621	-0.002558	-0.002524	-0.002536
622	-0.002555	-0.002534	-0.002543
623	-0.002518	-0.002535	-0.002533
624	-0.002491	-0.002539	-0.002532
625	-0.002557	-0.002572	-0.002605
626	-0.002624	-0.002605	-0.002679
627	-0.002619	-0.002628	-0.002685
628	-0.002615	-0.00265	-0.00269
629	-0.002612	-0.00262	-0.002604
630	-0.002609	-0.002584	-0.002506
631	-0.002633	-0.00262	-0.002568
632	-0.002665	-0.002674	-0.002671
633	-0.002615	-0.002636	-0.002611
634	-0.00253	-0.002557	-0.002479
635	-0.002473	-0.002524	-0.00244
636	-0.002436	-0.002522	-0.002464
637	-0.002444	-0.002531	-0.002497
638	-0.0025	-0.002551	-0.002541
639	-0.002509	-0.002569	-0.002559
640	-0.002452	-0.002587	-0.002542
641	-0.002425	-0.002585	-0.002534
642	-0.002462	-0.002537	-0.002544
643	-0.0025	-0.002508	-0.002564
644	-0.002542	-0.002548	-0.002614
645	-0.002577	-0.00258	-0.002651
646	-0.002567	-0.002555	-0.002587
647	-0.002557	-0.002531	-0.002527
648	-0.002535	-0.00255	-0.002567
649	-0.002514	-0.002568	-0.002606
650	-0.002505	-0.002518	-0.002554
651	-0.002496	-0.002463	-0.002495
652	-0.002413	-0.002395	-0.00243
653	-0.002317	-0.002325	-0.002364
654	-0.002223	-0.002266	-0.002269
655	-0.002128	-0.002212	-0.002165
656	-0.002127	-0.002198	-0.002163
657	-0.00217	-0.002204	-0.002212
658	-0.00219	-0.002202	-0.002222
659	-0.002193	-0.002192	-0.002206
660	-0.002246	-0.002239	-0.002243
661	-0.002348	-0.002341	-0.002332
662	-0.002416	-0.002421	-0.002414
663	-0.002435	-0.002469	-0.002486
664	-0.002471	-0.002524	-0.002542
665	-0.002542	-0.002592	-0.002567
666	-0.002592	-0.002637	-0.00259
667	-0.002579	-0.00261	-0.002608
668	-0.00256	-0.002579	-0.002616
669	-0.002508	-0.002519	-0.002574
670	-0.002463	-0.002469	-0.002539
671	-0.002497	-0.002523	-0.002588
672	-0.002532	-0.002577	-0.002637
673	-0.002548	-0.00255	-0.002618
674	-0.002565	-0.002523	-0.002598
675	-0.002568	-0.002552	-0.002599
676	-0.00257	-0.002586	-0.002601
677	-0.002607	-0.002611	-0.00264
678	-0.002651	-0.002635	-0.002686
679	-0.00264	-0.00262	-0.002646
680	-0.002612	-0.002592	-0.002579
681	-0.002605	-0.00255	-0.002562
682	-0.002606	-0.002502	-0.002568
683	-0.002546	-0.002474	-0.002551
684	-0.002446	-0.002458	-0.002517
685	-0.002447	-0.00248	-0.002524
686	-0.002539	-0.002537	-0.002565
687	-0.002587	-0.002565	-0.002595
688	-0.002585	-0.002561	-0.002611
689	-0.002565	-0.002572	-0.002622
690	-0.002516	-0.002608	-0.002625
691	-0.002495	-0.002622	-0.002625
692	-0.002538	-0.002587	-0.002615
693	-0.002566	-0.002554	-0.0026
694	-0.002549	-0.002532	-0.002573
695	-0.002542	-0.002524	-0.002568
696	-0.002585	-0.002588	-0.002672
697	-0.002626	-0.002649	-0.002761
698	-0.002651	-0.002689	-0.002709
699	-0.002672	-0.002725	-0.002657
700	-0.002594	-0.002663	-0.002615
701	-0.002516	-0.002601	-0.002573
702	-0.002544	-0.002565	-0.0026
703	-0.002576	-0.00253	-0.00263
704	-0.002542	-0.00254	-0.002596
705	-0.002501	-0.002555	-0.002554
706	-0.002523	-0.002606	-0.002587
707	-0.002557	-0.002664	-0.002635
708	-0.002554	-0.002637	-0.002627
709	-0.00254	-0.002584	-0.002602
710	-0.002508	-0.002538	-0.002552
711	-0.002469	-0.002497	-0.002492
712	-0.002446	-0.002507	-0.002485
713	-0.002434	-0.002547	-0.002506
714	-0.002478	-0.00257	-0.002569
715	-0.002565	-0.002579	-0.002661
716	-0.002571	-0.002577	-0.002674
717	-0.002502	-0.002562	-0.002614
718	-0.002474	-0.002534	-0.002566
719	-0.002493	-0.002491	-0.002531
720	-0.002483	-0.002471	-0.002497
[LOG]
CHECKSUM²¶