[HEADER]
Format	J&M ASCII Table
Comment	
Date	04/03/2026 18:32:53
Order	Y (evenX)
TechType	UV
NumPoints	411
FirstX	310
LastX	720
XType	nm
YType	Absorbance
ZType	s
NumSubFile	3
Matrix	Z vs X
[LOGIN]
Name=pcbob
[INSTRUMENT]
Name=TIDAS E Base UV/VI
Detector=MMS - ASPEN 97,5 kHz
Diodearray=256 Pixel
Serial#=36584
Calibrated=2011-07-01
Range=183.81-729.88 [nm] (F0)

SWVersion=v3.18.2 (build 0)[LOGIN]
Name=pcbob
[CONFIG]
ChannelName=Channel 1
ChannelType=Normalized
[PARAMETER]
It=400,00
Aver=5
Norm=3
Range=310,0-720,0 nm
Scan=Time
ScanTime=5,00 s
[TRIGGER]
Sweep=0
Scan=0
[DIO]
DigOut=0x0000
DigIn=0x0000
[DATA]
	00:00:00,000	00:00:02,000	00:00:04,000
310	-0.000496	-0.000449	-0.000407
311	-0.000528	-0.000483	-0.000461
312	-0.000559	-0.00053	-0.000536
313	-0.000597	-0.000573	-0.000576
314	-0.000642	-0.000611	-0.000566
315	-0.000674	-0.000636	-0.00056
316	-0.00066	-0.000626	-0.00057
317	-0.000648	-0.000616	-0.000582
318	-0.000658	-0.000605	-0.000619
319	-0.000668	-0.000594	-0.000655
320	-0.000708	-0.000643	-0.000683
321	-0.000753	-0.0007	-0.000709
322	-0.000795	-0.000769	-0.000749
323	-0.000835	-0.000842	-0.000794
324	-0.000873	-0.000874	-0.000827
325	-0.000908	-0.000871	-0.000851
326	-0.000922	-0.00086	-0.000861
327	-0.0009	-0.000835	-0.000846
328	-0.000877	-0.000813	-0.000831
329	-0.000856	-0.000804	-0.000816
330	-0.000834	-0.000795	-0.000801
331	-0.000846	-0.000846	-0.000839
332	-0.000858	-0.000896	-0.000876
333	-0.000895	-0.000911	-0.000887
334	-0.000938	-0.000919	-0.000892
335	-0.000973	-0.000952	-0.000915
336	-0.001004	-0.000999	-0.000947
337	-0.001037	-0.001044	-0.001001
338	-0.001071	-0.001086	-0.001078
339	-0.001109	-0.001115	-0.001129
340	-0.001151	-0.001114	-0.001118
341	-0.001186	-0.001113	-0.00111
342	-0.001166	-0.001118	-0.001121
343	-0.001146	-0.001123	-0.001131
344	-0.001189	-0.001153	-0.001152
345	-0.001236	-0.001184	-0.001172
346	-0.001284	-0.001232	-0.001209
347	-0.001333	-0.001285	-0.001251
348	-0.001364	-0.001303	-0.00129
349	-0.001381	-0.001297	-0.001326
350	-0.001397	-0.001301	-0.001352
351	-0.00141	-0.001318	-0.001362
352	-0.001421	-0.001328	-0.001367
353	-0.001427	-0.001318	-0.001357
354	-0.001436	-0.001313	-0.001349
355	-0.001476	-0.001373	-0.001359
356	-0.001515	-0.001433	-0.001368
357	-0.001543	-0.001455	-0.001433
358	-0.00157	-0.001473	-0.001504
359	-0.001535	-0.001446	-0.00151
360	-0.001477	-0.001402	-0.001493
361	-0.001472	-0.001417	-0.001506
362	-0.00151	-0.001477	-0.001543
363	-0.001573	-0.001535	-0.001579
364	-0.001678	-0.001592	-0.001614
365	-0.001745	-0.001634	-0.00164
366	-0.00167	-0.001627	-0.001635
367	-0.0016	-0.001621	-0.001628
368	-0.001636	-0.001629	-0.001589
369	-0.001672	-0.001636	-0.00155
370	-0.001691	-0.001648	-0.001601
371	-0.001707	-0.00166	-0.001666
372	-0.001728	-0.001678	-0.001706
373	-0.001751	-0.0017	-0.001735
374	-0.001769	-0.001721	-0.001764
375	-0.001784	-0.001741	-0.001792
376	-0.001812	-0.001773	-0.001811
377	-0.001865	-0.001824	-0.001812
378	-0.001894	-0.001857	-0.001804
379	-0.00182	-0.001815	-0.001751
380	-0.001749	-0.001773	-0.0017
381	-0.001804	-0.001751	-0.001714
382	-0.001859	-0.001729	-0.001728
383	-0.001832	-0.001732	-0.001747
384	-0.001791	-0.001739	-0.001767
385	-0.001814	-0.001784	-0.00183
386	-0.001866	-0.001847	-0.001912
387	-0.001932	-0.001889	-0.001949
388	-0.00201	-0.00191	-0.001943
389	-0.002046	-0.001932	-0.001944
390	-0.002004	-0.001956	-0.001958
391	-0.001973	-0.001974	-0.001972
392	-0.00199	-0.001966	-0.001987
393	-0.002007	-0.001959	-0.002001
394	-0.002027	-0.001975	-0.001959
395	-0.002047	-0.001992	-0.001917
396	-0.002028	-0.002035	-0.001946
397	-0.002003	-0.002083	-0.001987
398	-0.001971	-0.00204	-0.002016
399	-0.001937	-0.001956	-0.00204
400	-0.001953	-0.001955	-0.002038
401	-0.002014	-0.002034	-0.002011
402	-0.002064	-0.002104	-0.002017
403	-0.002091	-0.00216	-0.002087
404	-0.002117	-0.002196	-0.002138
405	-0.002136	-0.00214	-0.002102
406	-0.002153	-0.002084	-0.002067
407	-0.00211	-0.002067	-0.002105
408	-0.002066	-0.00205	-0.002144
409	-0.002053	-0.00204	-0.002087
410	-0.002044	-0.002031	-0.002013
411	-0.002102	-0.002075	-0.002056
412	-0.002189	-0.002141	-0.002153
413	-0.002262	-0.002207	-0.002205
414	-0.002321	-0.002273	-0.002218
415	-0.002327	-0.002283	-0.002215
416	-0.002239	-0.002195	-0.002186
417	-0.002177	-0.002134	-0.00217
418	-0.002217	-0.00218	-0.002207
419	-0.002257	-0.002225	-0.002243
420	-0.002287	-0.002229	-0.002241
421	-0.002318	-0.002232	-0.002239
422	-0.002368	-0.002325	-0.002347
423	-0.002421	-0.002429	-0.00247
424	-0.0024	-0.002414	-0.002455
425	-0.00235	-0.00235	-0.002386
426	-0.002347	-0.002331	-0.002353
427	-0.002383	-0.002346	-0.002347
428	-0.002441	-0.002382	-0.002373
429	-0.002533	-0.002449	-0.002445
430	-0.002603	-0.002507	-0.002504
431	-0.002601	-0.00253	-0.002518
432	-0.002593	-0.00255	-0.002528
433	-0.002499	-0.002524	-0.00249
434	-0.002405	-0.002498	-0.002452
435	-0.002462	-0.002517	-0.002479
436	-0.002533	-0.00254	-0.002512
437	-0.002585	-0.002554	-0.002527
438	-0.00263	-0.002566	-0.002537
439	-0.002645	-0.002571	-0.002558
440	-0.002638	-0.002573	-0.002586
441	-0.002641	-0.002583	-0.002584
442	-0.002656	-0.002603	-0.002544
443	-0.00265	-0.002613	-0.002513
444	-0.002591	-0.002599	-0.002506
445	-0.002546	-0.00259	-0.00251
446	-0.002605	-0.002614	-0.002591
447	-0.002664	-0.002639	-0.002672
448	-0.002705	-0.002695	-0.00271
449	-0.002746	-0.002752	-0.002747
450	-0.002763	-0.00277	-0.002737
451	-0.002775	-0.00278	-0.002717
452	-0.002765	-0.002755	-0.002702
453	-0.002744	-0.002712	-0.002689
454	-0.002759	-0.002726	-0.002718
455	-0.00281	-0.002795	-0.002789
456	-0.002841	-0.002833	-0.002823
457	-0.002832	-0.002812	-0.002787
458	-0.002821	-0.00279	-0.002759
459	-0.002801	-0.00276	-0.002762
460	-0.002782	-0.002733	-0.002764
461	-0.002788	-0.002758	-0.002747
462	-0.002794	-0.002784	-0.00273
463	-0.002825	-0.002787	-0.002758
464	-0.002858	-0.002788	-0.002791
465	-0.002875	-0.002799	-0.002853
466	-0.002886	-0.002814	-0.002925
467	-0.00292	-0.00285	-0.002963
468	-0.002971	-0.002899	-0.002978
469	-0.003025	-0.002972	-0.003013
470	-0.003084	-0.003078	-0.003076
471	-0.003114	-0.003127	-0.003108
472	-0.003072	-0.003031	-0.003064
473	-0.003036	-0.002953	-0.003031
474	-0.003033	-0.002992	-0.003068
475	-0.003031	-0.00303	-0.003105
476	-0.003012	-0.003005	-0.003029
477	-0.002992	-0.002978	-0.002952
478	-0.003015	-0.002968	-0.002952
479	-0.003047	-0.00296	-0.002968
480	-0.00307	-0.002979	-0.002986
481	-0.003089	-0.00301	-0.003006
482	-0.003037	-0.002974	-0.002997
483	-0.002924	-0.00288	-0.002964
484	-0.002855	-0.002828	-0.002941
485	-0.002857	-0.002843	-0.002931
486	-0.002872	-0.002863	-0.002935
487	-0.00293	-0.002902	-0.002983
488	-0.002983	-0.00294	-0.003027
489	-0.002993	-0.002971	-0.003032
490	-0.003003	-0.003002	-0.003037
491	-0.003029	-0.003038	-0.003041
492	-0.003056	-0.003075	-0.003046
493	-0.003171	-0.003162	-0.00312
494	-0.003306	-0.003261	-0.003212
495	-0.003284	-0.003242	-0.003196
496	-0.003182	-0.003161	-0.003125
497	-0.003136	-0.003092	-0.00308
498	-0.003143	-0.003034	-0.003061
499	-0.003148	-0.003021	-0.003079
500	-0.003149	-0.003085	-0.00316
501	-0.003158	-0.003131	-0.003218
502	-0.003193	-0.003116	-0.003201
503	-0.003226	-0.003104	-0.003185
504	-0.003234	-0.003124	-0.003193
505	-0.003242	-0.003144	-0.003201
506	-0.003219	-0.003137	-0.003186
507	-0.003193	-0.003128	-0.00317
508	-0.003175	-0.003135	-0.003185
509	-0.00316	-0.003146	-0.003208
510	-0.003163	-0.003172	-0.003222
511	-0.003176	-0.003206	-0.003233
512	-0.003169	-0.003192	-0.003238
513	-0.003142	-0.003132	-0.003239
514	-0.003175	-0.00313	-0.003261
515	-0.003303	-0.003219	-0.003315
516	-0.003386	-0.003284	-0.003343
517	-0.003329	-0.003276	-0.003294
518	-0.003275	-0.003267	-0.003252
519	-0.003235	-0.003248	-0.003272
520	-0.003195	-0.003229	-0.003292
521	-0.003253	-0.003254	-0.003331
522	-0.003314	-0.00328	-0.003371
523	-0.0033	-0.003276	-0.003331
524	-0.003271	-0.003266	-0.003275
525	-0.003258	-0.003275	-0.003286
526	-0.00325	-0.003293	-0.003327
527	-0.003298	-0.003307	-0.003349
528	-0.00339	-0.003319	-0.003356
529	-0.003407	-0.003331	-0.003355
530	-0.003325	-0.003344	-0.003342
531	-0.003286	-0.003351	-0.003341
532	-0.003353	-0.003347	-0.003365
533	-0.00341	-0.003339	-0.003384
534	-0.003407	-0.003307	-0.003371
535	-0.003404	-0.003275	-0.003357
536	-0.003374	-0.00328	-0.003308
537	-0.003344	-0.003285	-0.003259
538	-0.003318	-0.003267	-0.00329
539	-0.003292	-0.003246	-0.00333
540	-0.00325	-0.003226	-0.003311
541	-0.003203	-0.003206	-0.003274
542	-0.003178	-0.003204	-0.003254
543	-0.003166	-0.003212	-0.003243
544	-0.003169	-0.003208	-0.003216
545	-0.003189	-0.003193	-0.003173
546	-0.003184	-0.003186	-0.00315
547	-0.00314	-0.003193	-0.003163
548	-0.003111	-0.003187	-0.003168
549	-0.00313	-0.00314	-0.003149
550	-0.003148	-0.003102	-0.003132
551	-0.00315	-0.003133	-0.003138
552	-0.003152	-0.003163	-0.003144
553	-0.003119	-0.00312	-0.003127
554	-0.003085	-0.003075	-0.003111
555	-0.00313	-0.003104	-0.00312
556	-0.003188	-0.003146	-0.003133
557	-0.003202	-0.00317	-0.003162
558	-0.003199	-0.003188	-0.003197
559	-0.003184	-0.003171	-0.003204
560	-0.003161	-0.003131	-0.003195
561	-0.003179	-0.003143	-0.003198
562	-0.00324	-0.003209	-0.003214
563	-0.003257	-0.003228	-0.003208
564	-0.003193	-0.003165	-0.003162
565	-0.003134	-0.003116	-0.003124
566	-0.00309	-0.003115	-0.003114
567	-0.003046	-0.003104	-0.003096
568	-0.003006	-0.003013	-0.003028
569	-0.002966	-0.002923	-0.00296
570	-0.002923	-0.002874	-0.00293
571	-0.002879	-0.002825	-0.0029
572	-0.002924	-0.002822	-0.002886
573	-0.002982	-0.002826	-0.002874
574	-0.00293	-0.002801	-0.002836
575	-0.002842	-0.002765	-0.002788
576	-0.002807	-0.00277	-0.002752
577	-0.002804	-0.002797	-0.002724
578	-0.002791	-0.002765	-0.002701
579	-0.002767	-0.002677	-0.002684
580	-0.002764	-0.002644	-0.002692
581	-0.002795	-0.002693	-0.002739
582	-0.002822	-0.002732	-0.002768
583	-0.002839	-0.002748	-0.002754
584	-0.00286	-0.002767	-0.002754
585	-0.002902	-0.002805	-0.002826
586	-0.002939	-0.00284	-0.002892
587	-0.002895	-0.002817	-0.002845
588	-0.002851	-0.002794	-0.002798
589	-0.002876	-0.00283	-0.002882
590	-0.002906	-0.002871	-0.002976
591	-0.002925	-0.002884	-0.002978
592	-0.002941	-0.00289	-0.002958
593	-0.00294	-0.002887	-0.002941
594	-0.00293	-0.00288	-0.002927
595	-0.002923	-0.002871	-0.002915
596	-0.002918	-0.00286	-0.002905
597	-0.002913	-0.002853	-0.002896
598	-0.002908	-0.002849	-0.002889
599	-0.002897	-0.002837	-0.00287
600	-0.002874	-0.002811	-0.002829
601	-0.002855	-0.002791	-0.00281
602	-0.002845	-0.002793	-0.002855
603	-0.002844	-0.002798	-0.002891
604	-0.002892	-0.002829	-0.002876
605	-0.002936	-0.002856	-0.002859
606	-0.002866	-0.0028	-0.002799
607	-0.002797	-0.002744	-0.002739
608	-0.002817	-0.002787	-0.002774
609	-0.002844	-0.002837	-0.002815
610	-0.00285	-0.002829	-0.00285
611	-0.002851	-0.002809	-0.002883
612	-0.002901	-0.002855	-0.002927
613	-0.00297	-0.002929	-0.002975
614	-0.003	-0.002962	-0.003002
615	-0.003005	-0.002971	-0.003014
616	-0.002988	-0.002965	-0.003012
617	-0.002949	-0.002944	-0.002995
618	-0.002945	-0.002949	-0.003007
619	-0.002994	-0.00299	-0.003062
620	-0.003041	-0.00302	-0.003101
621	-0.003081	-0.003025	-0.003102
622	-0.003104	-0.003024	-0.003096
623	-0.003057	-0.003	-0.003063
624	-0.00302	-0.002986	-0.003039
625	-0.00309	-0.003075	-0.003109
626	-0.00316	-0.003163	-0.003178
627	-0.003174	-0.003159	-0.003165
628	-0.003187	-0.003155	-0.003152
629	-0.003122	-0.003109	-0.003119
630	-0.003048	-0.003059	-0.003083
631	-0.003072	-0.003076	-0.003084
632	-0.003122	-0.003111	-0.003094
633	-0.003076	-0.003058	-0.003068
634	-0.002988	-0.002968	-0.003027
635	-0.002954	-0.002926	-0.002997
636	-0.002956	-0.002916	-0.002976
637	-0.002982	-0.00293	-0.002987
638	-0.003032	-0.002967	-0.003031
639	-0.00306	-0.002991	-0.003043
640	-0.003057	-0.002996	-0.003009
641	-0.003043	-0.003011	-0.002991
642	-0.003005	-0.003048	-0.003007
643	-0.002974	-0.003077	-0.00303
644	-0.002965	-0.003078	-0.003077
645	-0.002961	-0.003074	-0.003115
646	-0.002985	-0.003036	-0.003086
647	-0.003008	-0.003	-0.003058
648	-0.002974	-0.002989	-0.003044
649	-0.00294	-0.002978	-0.00303
650	-0.002927	-0.00295	-0.003028
651	-0.002914	-0.00292	-0.003026
652	-0.002914	-0.002905	-0.002978
653	-0.002916	-0.002893	-0.002923
654	-0.00283	-0.002824	-0.002819
655	-0.002717	-0.002739	-0.002701
656	-0.002715	-0.002716	-0.002697
657	-0.002765	-0.002724	-0.002747
658	-0.002792	-0.002731	-0.002757
659	-0.002803	-0.002737	-0.002739
660	-0.002831	-0.002785	-0.002769
661	-0.002875	-0.002875	-0.002847
662	-0.002916	-0.002951	-0.002919
663	-0.002954	-0.003006	-0.002982
664	-0.003014	-0.003058	-0.003045
665	-0.003118	-0.003104	-0.003106
666	-0.003186	-0.003138	-0.003156
667	-0.003148	-0.00314	-0.003172
668	-0.003109	-0.003134	-0.003174
669	-0.003067	-0.003097	-0.003106
670	-0.003032	-0.003064	-0.003047
671	-0.003078	-0.003082	-0.003101
672	-0.003124	-0.003099	-0.003154
673	-0.003135	-0.003093	-0.003126
674	-0.003145	-0.003086	-0.003098
675	-0.003105	-0.003082	-0.003086
676	-0.00306	-0.003079	-0.003075
677	-0.003068	-0.003079	-0.003088
678	-0.003086	-0.003079	-0.003106
679	-0.003069	-0.003081	-0.003119
680	-0.003042	-0.003084	-0.003132
681	-0.003038	-0.003083	-0.00313
682	-0.003046	-0.00308	-0.003123
683	-0.003026	-0.003058	-0.003087
684	-0.002988	-0.003023	-0.003032
685	-0.002998	-0.002989	-0.003013
686	-0.003051	-0.002957	-0.003026
687	-0.003105	-0.002976	-0.003058
688	-0.003162	-0.003055	-0.003115
689	-0.003173	-0.003113	-0.003148
690	-0.003113	-0.003138	-0.003143
691	-0.003074	-0.003134	-0.003133
692	-0.003082	-0.003066	-0.003114
693	-0.003089	-0.003013	-0.003098
694	-0.003091	-0.003005	-0.003092
695	-0.003103	-0.003027	-0.003108
696	-0.00317	-0.003204	-0.003231
697	-0.003228	-0.003362	-0.00334
698	-0.003197	-0.003354	-0.003322
699	-0.003166	-0.003343	-0.003302
700	-0.00313	-0.003228	-0.003204
701	-0.003094	-0.003113	-0.003107
702	-0.00312	-0.003138	-0.003123
703	-0.003147	-0.003168	-0.003143
704	-0.003097	-0.003142	-0.003136
705	-0.003038	-0.003108	-0.003126
706	-0.003081	-0.003104	-0.003122
707	-0.003145	-0.003106	-0.003118
708	-0.003172	-0.003102	-0.003077
709	-0.003187	-0.003096	-0.003024
710	-0.003161	-0.003057	-0.003007
711	-0.003118	-0.003003	-0.003006
712	-0.003076	-0.003007	-0.003015
713	-0.003033	-0.003044	-0.003031
714	-0.003018	-0.003078	-0.003067
715	-0.003022	-0.003112	-0.003119
716	-0.003037	-0.003104	-0.003133
717	-0.003063	-0.003057	-0.003111
718	-0.003048	-0.003039	-0.003081
719	-0.002986	-0.003053	-0.003041
720	-0.002957	-0.003056	-0.003023
[LOG]
CHECKSUMÐ