[HEADER]
Format	J&M ASCII Table
Comment	
Date	04/03/2026 19:09:37
Order	Y (evenX)
TechType	UV
NumPoints	411
FirstX	310
LastX	720
XType	nm
YType	Absorbance
ZType	s
NumSubFile	3
Matrix	Z vs X
[LOGIN]
Name=pcbob
[INSTRUMENT]
Name=TIDAS E Base UV/VI
Detector=MMS - ASPEN 97,5 kHz
Diodearray=256 Pixel
Serial#=36584
Calibrated=2011-07-01
Range=183.81-729.88 [nm] (F0)

SWVersion=v3.18.2 (build 0)[LOGIN]
Name=pcbob
[CONFIG]
ChannelName=Channel 1
ChannelType=Normalized
[PARAMETER]
It=400,00
Aver=5
Norm=3
Range=310,0-720,0 nm
Scan=Time
ScanTime=5,00 s
[TRIGGER]
Sweep=0
Scan=0
[DIO]
DigOut=0x0000
DigIn=0x0000
[DATA]
	00:00:00,000	00:00:02,000	00:00:04,000
310	0.25501	0.254639	0.254454
311	0.250778	0.250396	0.250201
312	0.246583	0.246256	0.245991
313	0.242456	0.242192	0.241877
314	0.238424	0.238236	0.237895
315	0.234446	0.2343	0.233946
316	0.230636	0.23043	0.230102
317	0.226825	0.226565	0.226263
318	0.222999	0.222786	0.222476
319	0.219173	0.219007	0.21869
320	0.215471	0.215304	0.215015
321	0.211785	0.211611	0.211354
322	0.208202	0.207974	0.207731
323	0.204662	0.204358	0.204125
324	0.201105	0.200799	0.20056
325	0.197535	0.197289	0.197033
326	0.194055	0.193845	0.19357
327	0.190742	0.190521	0.190222
328	0.187413	0.187181	0.186873
329	0.184006	0.183761	0.183517
330	0.180599	0.180342	0.180161
331	0.17726	0.176984	0.176739
332	0.173922	0.173627	0.173317
333	0.170671	0.17039	0.170086
334	0.16744	0.167177	0.166895
335	0.164274	0.164008	0.163758
336	0.161144	0.160861	0.160651
337	0.157987	0.157729	0.157534
338	0.1548	0.154614	0.154407
339	0.151647	0.151514	0.151283
340	0.148573	0.148451	0.148164
341	0.145519	0.145395	0.145066
342	0.142613	0.142391	0.142125
343	0.139706	0.139388	0.139183
344	0.13676	0.136488	0.136235
345	0.133812	0.133593	0.133287
346	0.130835	0.13065	0.130372
347	0.12785	0.127692	0.127467
348	0.124934	0.124765	0.124584
349	0.122066	0.121857	0.121714
350	0.119239	0.119001	0.118831
351	0.116466	0.116213	0.115931
352	0.113672	0.113416	0.113049
353	0.110814	0.110591	0.110222
354	0.107961	0.107768	0.107398
355	0.105157	0.10496	0.104622
356	0.102354	0.102152	0.101845
357	0.099662	0.099415	0.099201
358	0.096982	0.096685	0.096571
359	0.094372	0.094102	0.093955
360	0.091789	0.091573	0.091344
361	0.089258	0.089049	0.088803
362	0.086769	0.08653	0.086318
363	0.084225	0.083968	0.083766
364	0.081597	0.081337	0.081108
365	0.079002	0.078758	0.078505
366	0.076525	0.076365	0.076102
367	0.074053	0.073973	0.073698
368	0.071679	0.071608	0.071289
369	0.069306	0.069242	0.06888
370	0.066998	0.066871	0.066553
371	0.0647	0.064499	0.064239
372	0.062357	0.062155	0.061911
373	0.059995	0.059822	0.059579
374	0.057638	0.057484	0.057253
375	0.055285	0.055142	0.054933
376	0.052969	0.052808	0.05262
377	0.050718	0.05049	0.050321
378	0.0485	0.048228	0.048072
379	0.046418	0.0462	0.046029
380	0.044334	0.044169	0.043983
381	0.042215	0.041987	0.041849
382	0.040097	0.039805	0.039715
383	0.03804	0.037788	0.037685
384	0.035995	0.035799	0.035673
385	0.033986	0.033803	0.033668
386	0.031995	0.031803	0.031665
387	0.030037	0.029848	0.029697
388	0.02811	0.027935	0.027762
389	0.026235	0.026051	0.025893
390	0.024459	0.024224	0.024147
391	0.02267	0.022403	0.022379
392	0.020821	0.020609	0.020512
393	0.018972	0.018815	0.018645
394	0.017104	0.016995	0.016864
395	0.015236	0.015176	0.015083
396	0.013656	0.013596	0.013464
397	0.012127	0.012059	0.011874
398	0.010704	0.010619	0.010412
399	0.00933	0.009224	0.009009
400	0.007786	0.007692	0.007455
401	0.006083	0.006031	0.005757
402	0.004377	0.004328	0.004076
403	0.002668	0.00255	0.002426
404	0.001027	0.000854	0.000819
405	-0.000312	-0.000477	-0.000602
406	-0.001651	-0.001808	-0.002022
407	-0.003008	-0.003142	-0.003357
408	-0.004364	-0.004476	-0.004692
409	-0.005801	-0.005922	-0.006078
410	-0.007252	-0.007388	-0.007474
411	-0.008766	-0.008894	-0.008979
412	-0.010309	-0.010418	-0.010535
413	-0.011806	-0.011897	-0.012009
414	-0.013263	-0.013336	-0.013409
415	-0.014738	-0.014805	-0.014863
416	-0.016248	-0.016328	-0.016412
417	-0.017778	-0.017867	-0.01797
418	-0.019389	-0.019466	-0.019568
419	-0.020984	-0.02105	-0.02115
420	-0.022152	-0.02224	-0.02233
421	-0.02332	-0.02343	-0.023509
422	-0.024613	-0.024704	-0.02479
423	-0.025924	-0.02599	-0.026085
424	-0.027164	-0.027251	-0.027325
425	-0.028376	-0.028502	-0.028542
426	-0.029461	-0.029591	-0.029622
427	-0.030444	-0.030551	-0.030591
428	-0.031333	-0.031404	-0.031458
429	-0.032078	-0.032094	-0.032166
430	-0.032828	-0.032817	-0.032901
431	-0.033599	-0.033647	-0.033723
432	-0.034381	-0.034482	-0.034553
433	-0.035307	-0.035388	-0.035482
434	-0.036233	-0.036293	-0.036411
435	-0.037119	-0.037144	-0.037253
436	-0.038001	-0.037991	-0.038088
437	-0.038827	-0.03884	-0.038895
438	-0.039635	-0.03969	-0.039693
439	-0.040422	-0.040473	-0.040448
440	-0.041194	-0.04121	-0.041174
441	-0.041922	-0.041928	-0.041915
442	-0.042594	-0.042622	-0.042676
443	-0.043219	-0.043276	-0.04336
444	-0.043723	-0.043826	-0.043846
445	-0.04424	-0.044377	-0.044351
446	-0.04484	-0.044933	-0.044981
447	-0.04544	-0.045489	-0.045611
448	-0.045976	-0.046	-0.046104
449	-0.046509	-0.04651	-0.046592
450	-0.046963	-0.046954	-0.047017
451	-0.047397	-0.047384	-0.047428
452	-0.047767	-0.047751	-0.047814
453	-0.048104	-0.048086	-0.048186
454	-0.048524	-0.048514	-0.048616
455	-0.049026	-0.049033	-0.049103
456	-0.049473	-0.049483	-0.04954
457	-0.049817	-0.049801	-0.049882
458	-0.050158	-0.050116	-0.050222
459	-0.050486	-0.050414	-0.050557
460	-0.050812	-0.050714	-0.05089
461	-0.051095	-0.051034	-0.05118
462	-0.051378	-0.051355	-0.05147
463	-0.051686	-0.051697	-0.05177
464	-0.051997	-0.052041	-0.052071
465	-0.052218	-0.052263	-0.052274
466	-0.052406	-0.052441	-0.052442
467	-0.052528	-0.052534	-0.052569
468	-0.052603	-0.052566	-0.052667
469	-0.052691	-0.052634	-0.052762
470	-0.052795	-0.052749	-0.052852
471	-0.052885	-0.052848	-0.052929
472	-0.05294	-0.052908	-0.052974
473	-0.053002	-0.05297	-0.053028
474	-0.053117	-0.053042	-0.053148
475	-0.053232	-0.053114	-0.053267
476	-0.053392	-0.053297	-0.053415
477	-0.053553	-0.053483	-0.053564
478	-0.053636	-0.053599	-0.05365
479	-0.053703	-0.053701	-0.053724
480	-0.053824	-0.053815	-0.053859
481	-0.05397	-0.053935	-0.054023
482	-0.054202	-0.054191	-0.054259
483	-0.054509	-0.054564	-0.054557
484	-0.054842	-0.054918	-0.054871
485	-0.055219	-0.055243	-0.055208
486	-0.055463	-0.055452	-0.055431
487	-0.055288	-0.055298	-0.055298
488	-0.05509	-0.055118	-0.055137
489	-0.054668	-0.054699	-0.054704
490	-0.054245	-0.054279	-0.054271
491	-0.053936	-0.053937	-0.053953
492	-0.053633	-0.0536	-0.05364
493	-0.053486	-0.053475	-0.053506
494	-0.053377	-0.053402	-0.053417
495	-0.053152	-0.053164	-0.053184
496	-0.052866	-0.052842	-0.052877
497	-0.052629	-0.052597	-0.052634
498	-0.052437	-0.052425	-0.05245
499	-0.052299	-0.052273	-0.052304
500	-0.052253	-0.052155	-0.052221
501	-0.052174	-0.052029	-0.052128
502	-0.051988	-0.051875	-0.052002
503	-0.0518	-0.05172	-0.051868
504	-0.051595	-0.051552	-0.051643
505	-0.051391	-0.051384	-0.051419
506	-0.05117	-0.051168	-0.05122
507	-0.050949	-0.050948	-0.051022
508	-0.050786	-0.050799	-0.050843
509	-0.050637	-0.050668	-0.050668
510	-0.050468	-0.050506	-0.050504
511	-0.050289	-0.050329	-0.050343
512	-0.050101	-0.050113	-0.050134
513	-0.049904	-0.049861	-0.049881
514	-0.049705	-0.049658	-0.049676
515	-0.049504	-0.049532	-0.04955
516	-0.049296	-0.049373	-0.049398
517	-0.049064	-0.04911	-0.049167
518	-0.048834	-0.048851	-0.048928
519	-0.04861	-0.048628	-0.048634
520	-0.048386	-0.048404	-0.048339
521	-0.048135	-0.0481	-0.048104
522	-0.047882	-0.047793	-0.04787
523	-0.047626	-0.04756	-0.047624
524	-0.047368	-0.047343	-0.047375
525	-0.047111	-0.047108	-0.047144
526	-0.046854	-0.046865	-0.046923
527	-0.046634	-0.046644	-0.046722
528	-0.046442	-0.04644	-0.046538
529	-0.046234	-0.046243	-0.046316
530	-0.046006	-0.046056	-0.046043
531	-0.045802	-0.04587	-0.045807
532	-0.045655	-0.045688	-0.045662
533	-0.045515	-0.045514	-0.045516
534	-0.045416	-0.045377	-0.04537
535	-0.045313	-0.045239	-0.045223
536	-0.045043	-0.045068	-0.045087
537	-0.044774	-0.044897	-0.044951
538	-0.044605	-0.044653	-0.044678
539	-0.044448	-0.044401	-0.04439
540	-0.044164	-0.04409	-0.044104
541	-0.043841	-0.04376	-0.043819
542	-0.043555	-0.043461	-0.043533
543	-0.043291	-0.043181	-0.043247
544	-0.043011	-0.042917	-0.042973
545	-0.042714	-0.042671	-0.042711
546	-0.042412	-0.042402	-0.04243
547	-0.0421	-0.042096	-0.042115
548	-0.041791	-0.041782	-0.041801
549	-0.041486	-0.041438	-0.041489
550	-0.041181	-0.041105	-0.04118
551	-0.040873	-0.040853	-0.040893
552	-0.040565	-0.040602	-0.040606
553	-0.040378	-0.040367	-0.040401
554	-0.040192	-0.040133	-0.040198
555	-0.040002	-0.039924	-0.039988
556	-0.039811	-0.039718	-0.039777
557	-0.039557	-0.039462	-0.039498
558	-0.039281	-0.039188	-0.039193
559	-0.039042	-0.038977	-0.038961
560	-0.038829	-0.038806	-0.038776
561	-0.038653	-0.038645	-0.038621
562	-0.038519	-0.038493	-0.038498
563	-0.038348	-0.038317	-0.038318
564	-0.038112	-0.038099	-0.038036
565	-0.037937	-0.037939	-0.037833
566	-0.03796	-0.037967	-0.037883
567	-0.037989	-0.037996	-0.037936
568	-0.038063	-0.038026	-0.038
569	-0.038137	-0.038057	-0.038065
570	-0.038134	-0.038093	-0.038087
571	-0.038131	-0.038128	-0.038109
572	-0.038143	-0.038126	-0.038127
573	-0.038158	-0.038118	-0.038145
574	-0.038106	-0.038062	-0.038078
575	-0.038033	-0.03799	-0.037983
576	-0.037964	-0.037945	-0.037924
577	-0.037897	-0.037917	-0.037885
578	-0.037808	-0.037821	-0.037807
579	-0.037698	-0.037661	-0.037691
580	-0.037557	-0.037502	-0.037544
581	-0.037369	-0.037345	-0.037348
582	-0.037114	-0.037111	-0.037094
583	-0.036685	-0.036676	-0.036684
584	-0.036267	-0.036256	-0.036283
585	-0.035909	-0.035914	-0.035928
586	-0.035545	-0.035564	-0.035567
587	-0.035056	-0.03506	-0.035065
588	-0.034567	-0.034556	-0.034563
589	-0.034149	-0.034135	-0.034164
590	-0.033737	-0.03372	-0.033773
591	-0.03335	-0.033323	-0.033372
592	-0.032969	-0.032929	-0.032969
593	-0.032691	-0.032631	-0.032658
594	-0.032456	-0.032373	-0.032388
595	-0.03213	-0.032063	-0.032075
596	-0.03174	-0.031716	-0.031731
597	-0.031368	-0.031358	-0.031373
598	-0.031015	-0.03099	-0.030998
599	-0.030665	-0.030627	-0.030631
600	-0.03032	-0.030274	-0.030276
601	-0.03	-0.029947	-0.029944
602	-0.02975	-0.029695	-0.029682
603	-0.029482	-0.029428	-0.029407
604	-0.029118	-0.029073	-0.029063
605	-0.028751	-0.028715	-0.028716
606	-0.028307	-0.028281	-0.028287
607	-0.027863	-0.027846	-0.027859
608	-0.027495	-0.027454	-0.027471
609	-0.027133	-0.027066	-0.027087
610	-0.026805	-0.026761	-0.026767
611	-0.026484	-0.026475	-0.02646
612	-0.02622	-0.026207	-0.026212
613	-0.025979	-0.025948	-0.025987
614	-0.025662	-0.025617	-0.025652
615	-0.025297	-0.025239	-0.025247
616	-0.024952	-0.024885	-0.024883
617	-0.024626	-0.024553	-0.024558
618	-0.024284	-0.02423	-0.024228
619	-0.023918	-0.023918	-0.023889
620	-0.02358	-0.023609	-0.023574
621	-0.023308	-0.023304	-0.023317
622	-0.023023	-0.022988	-0.023036
623	-0.022684	-0.022624	-0.022657
624	-0.022345	-0.022264	-0.022283
625	-0.022013	-0.021953	-0.02195
626	-0.021681	-0.021642	-0.021617
627	-0.02137	-0.021356	-0.021315
628	-0.021059	-0.021071	-0.021014
629	-0.02073	-0.020716	-0.020698
630	-0.020398	-0.020352	-0.02038
631	-0.020071	-0.020048	-0.020054
632	-0.019744	-0.019759	-0.019725
633	-0.019347	-0.019367	-0.019346
634	-0.018919	-0.01893	-0.018944
635	-0.018561	-0.018593	-0.018603
636	-0.018249	-0.018322	-0.018304
637	-0.017979	-0.018033	-0.018003
638	-0.01775	-0.017726	-0.017699
639	-0.017517	-0.017467	-0.017445
640	-0.017279	-0.017279	-0.017265
641	-0.01704	-0.017071	-0.01706
642	-0.016798	-0.016819	-0.016802
643	-0.016551	-0.016559	-0.016538
644	-0.016288	-0.01627	-0.016254
645	-0.016029	-0.015988	-0.015979
646	-0.015802	-0.015751	-0.015766
647	-0.015584	-0.015523	-0.015562
648	-0.015603	-0.015554	-0.01558
649	-0.015623	-0.015584	-0.015598
650	-0.016225	-0.016217	-0.016195
651	-0.016862	-0.016887	-0.016829
652	-0.017704	-0.017684	-0.017664
653	-0.018581	-0.018502	-0.018535
654	-0.019188	-0.019095	-0.019123
655	-0.01971	-0.019617	-0.019624
656	-0.019767	-0.019689	-0.019694
657	-0.019601	-0.019544	-0.019556
658	-0.019046	-0.018999	-0.019021
659	-0.018218	-0.018171	-0.018205
660	-0.017188	-0.017169	-0.017181
661	-0.015956	-0.015993	-0.015948
662	-0.014786	-0.014852	-0.014786
663	-0.013706	-0.013761	-0.013724
664	-0.012801	-0.012846	-0.012837
665	-0.012256	-0.012288	-0.012306
666	-0.011762	-0.011782	-0.011821
667	-0.011428	-0.011434	-0.011479
668	-0.011106	-0.011105	-0.011143
669	-0.010848	-0.010867	-0.010845
670	-0.010596	-0.010634	-0.010557
671	-0.010417	-0.010443	-0.01039
672	-0.010238	-0.010253	-0.010223
673	-0.009991	-0.009963	-0.009919
674	-0.009744	-0.009673	-0.009614
675	-0.009474	-0.009435	-0.009411
676	-0.009203	-0.009202	-0.009216
677	-0.009056	-0.009081	-0.009097
678	-0.008932	-0.008982	-0.008993
679	-0.00877	-0.008811	-0.008845
680	-0.008597	-0.008618	-0.008684
681	-0.008436	-0.008455	-0.008541
682	-0.008281	-0.008305	-0.008405
683	-0.008115	-0.008139	-0.008204
684	-0.007941	-0.007962	-0.007959
685	-0.007801	-0.007807	-0.007773
686	-0.007691	-0.00767	-0.007638
687	-0.007567	-0.007534	-0.007502
688	-0.007428	-0.007399	-0.007365
689	-0.007283	-0.007252	-0.007228
690	-0.007131	-0.007084	-0.007093
691	-0.006951	-0.006904	-0.006929
692	-0.006712	-0.006694	-0.006699
693	-0.006492	-0.006486	-0.00647
694	-0.006334	-0.006283	-0.006242
695	-0.006179	-0.006095	-0.006038
696	-0.006034	-0.005974	-0.005953
697	-0.005882	-0.005843	-0.005855
698	-0.005678	-0.00561	-0.00564
699	-0.005471	-0.005377	-0.005424
700	-0.005186	-0.005133	-0.005151
701	-0.004901	-0.004889	-0.004879
702	-0.004751	-0.004773	-0.004762
703	-0.004606	-0.004661	-0.004651
704	-0.004413	-0.004423	-0.004428
705	-0.004214	-0.004169	-0.004193
706	-0.004	-0.004022	-0.003965
707	-0.003783	-0.003896	-0.003738
708	-0.003601	-0.003665	-0.003573
709	-0.00343	-0.003403	-0.003427
710	-0.003222	-0.003137	-0.003196
711	-0.002999	-0.002869	-0.002929
712	-0.00278	-0.002646	-0.00271
713	-0.002563	-0.002447	-0.002519
714	-0.002404	-0.002278	-0.002338
715	-0.002288	-0.002132	-0.002163
716	-0.002083	-0.001929	-0.001982
717	-0.001797	-0.001674	-0.001797
718	-0.001533	-0.001457	-0.001572
719	-0.001297	-0.001286	-0.001301
720	-0.001085	-0.001098	-0.00106
[LOG]
CHECKSUMè‰