[HEADER]
Format	J&M ASCII Table
Comment	
Date	04/03/2026 18:38:11
Order	Y (evenX)
TechType	UV
NumPoints	411
FirstX	310
LastX	720
XType	nm
YType	Absorbance
ZType	s
NumSubFile	3
Matrix	Z vs X
[LOGIN]
Name=pcbob
[INSTRUMENT]
Name=TIDAS E Base UV/VI
Detector=MMS - ASPEN 97,5 kHz
Diodearray=256 Pixel
Serial#=36584
Calibrated=2011-07-01
Range=183.81-729.88 [nm] (F0)

SWVersion=v3.18.2 (build 0)[LOGIN]
Name=pcbob
[CONFIG]
ChannelName=Channel 1
ChannelType=Normalized
[PARAMETER]
It=400,00
Aver=5
Norm=3
Range=310,0-720,0 nm
Scan=Time
ScanTime=5,00 s
[TRIGGER]
Sweep=0
Scan=0
[DIO]
DigOut=0x0000
DigIn=0x0000
[DATA]
	00:00:00,000	00:00:02,000	00:00:04,000
310	0.270743	0.270481	0.270143
311	0.266467	0.266206	0.26584
312	0.262214	0.261944	0.261587
313	0.258037	0.257782	0.25744
314	0.253966	0.253759	0.25344
315	0.249934	0.24975	0.249456
316	0.246027	0.245784	0.24552
317	0.242126	0.241829	0.241594
318	0.238327	0.238024	0.237812
319	0.234528	0.234219	0.23403
320	0.230765	0.230463	0.230249
321	0.227007	0.226712	0.226468
322	0.223293	0.222976	0.222736
323	0.219596	0.219245	0.219023
324	0.21594	0.215594	0.215377
325	0.21232	0.212014	0.211789
326	0.208736	0.208453	0.208246
327	0.205216	0.204926	0.204782
328	0.201697	0.201402	0.201308
329	0.198185	0.19789	0.197787
330	0.194673	0.194379	0.194267
331	0.191298	0.191025	0.190853
332	0.187923	0.187672	0.187439
333	0.18455	0.1843	0.18409
334	0.181177	0.180925	0.180753
335	0.177846	0.177605	0.177413
336	0.174537	0.174315	0.17407
337	0.17123	0.171012	0.170758
338	0.167925	0.167695	0.16748
339	0.164655	0.164428	0.164228
340	0.161464	0.161281	0.161039
341	0.158295	0.158144	0.157869
342	0.155278	0.15508	0.154841
343	0.15226	0.152017	0.151814
344	0.149253	0.149025	0.148793
345	0.146246	0.146036	0.145773
346	0.143203	0.14297	0.142715
347	0.14015	0.139882	0.139646
348	0.137158	0.13687	0.136622
349	0.134206	0.133908	0.133629
350	0.13127	0.130986	0.130716
351	0.128354	0.128119	0.127912
352	0.12544	0.125242	0.125076
353	0.122531	0.122337	0.122145
354	0.119629	0.119432	0.119216
355	0.116797	0.11653	0.116327
356	0.113965	0.113627	0.113437
357	0.111062	0.110784	0.110584
358	0.108152	0.107948	0.107735
359	0.105422	0.105214	0.105027
360	0.102757	0.102518	0.10237
361	0.100129	0.09987	0.099726
362	0.097529	0.097261	0.097091
363	0.094901	0.094646	0.094458
364	0.092228	0.092023	0.091829
365	0.089582	0.089423	0.089227
366	0.087033	0.086905	0.086728
367	0.084493	0.084391	0.084231
368	0.082123	0.081939	0.081767
369	0.079753	0.079487	0.079303
370	0.077257	0.077002	0.076808
371	0.074742	0.074512	0.074308
372	0.072274	0.072056	0.07185
373	0.069825	0.069613	0.069409
374	0.067437	0.067233	0.067043
375	0.065102	0.064908	0.064743
376	0.06279	0.062604	0.06245
377	0.060515	0.06034	0.060174
378	0.058253	0.058074	0.057901
379	0.056044	0.055802	0.055649
380	0.053834	0.053531	0.053399
381	0.051588	0.05132	0.051208
382	0.049343	0.049109	0.049017
383	0.047251	0.046988	0.04693
384	0.045187	0.044883	0.044861
385	0.043109	0.042845	0.04277
386	0.041025	0.040839	0.04067
387	0.039018	0.038863	0.038666
388	0.037083	0.036916	0.036755
389	0.035176	0.035	0.034863
390	0.033322	0.033143	0.033008
391	0.031445	0.031269	0.031135
392	0.029458	0.029322	0.029183
393	0.027473	0.027375	0.027231
394	0.025601	0.025518	0.025386
395	0.023729	0.023661	0.023541
396	0.02215	0.021999	0.02191
397	0.020624	0.020372	0.020318
398	0.019152	0.018848	0.018804
399	0.017707	0.017374	0.017326
400	0.016076	0.015806	0.015732
401	0.01427	0.014148	0.014027
402	0.012461	0.012427	0.01228
403	0.010645	0.010588	0.010451
404	0.008901	0.008822	0.008694
405	0.00748	0.007382	0.007251
406	0.006058	0.005943	0.005809
407	0.004618	0.004536	0.004386
408	0.003179	0.003129	0.002963
409	0.001664	0.001595	0.001473
410	0.000136	0.00004	-0.000028
411	-0.001421	-0.001514	-0.001578
412	-0.002991	-0.003069	-0.00315
413	-0.004531	-0.004603	-0.004712
414	-0.006045	-0.006119	-0.006265
415	-0.007573	-0.007664	-0.007807
416	-0.009128	-0.009261	-0.009332
417	-0.010702	-0.010864	-0.010888
418	-0.012349	-0.012486	-0.012569
419	-0.01398	-0.014093	-0.01423
420	-0.015205	-0.0153	-0.015399
421	-0.01643	-0.016507	-0.016568
422	-0.017815	-0.017865	-0.017959
423	-0.019221	-0.019245	-0.019381
424	-0.020535	-0.02056	-0.020654
425	-0.021811	-0.021849	-0.021866
426	-0.022975	-0.023012	-0.022989
427	-0.024047	-0.024075	-0.02404
428	-0.024991	-0.025019	-0.025007
429	-0.025735	-0.025782	-0.025846
430	-0.026489	-0.026557	-0.026671
431	-0.027271	-0.027369	-0.027447
432	-0.028068	-0.028186	-0.028235
433	-0.029042	-0.029068	-0.029181
434	-0.030016	-0.029951	-0.030126
435	-0.030963	-0.030961	-0.031099
436	-0.031907	-0.031983	-0.032075
437	-0.032805	-0.032898	-0.032973
438	-0.033687	-0.033779	-0.033846
439	-0.034528	-0.03461	-0.034644
440	-0.035341	-0.035409	-0.035394
441	-0.036135	-0.036173	-0.036176
442	-0.036905	-0.036892	-0.037001
443	-0.03761	-0.037575	-0.037743
444	-0.038149	-0.038167	-0.038273
445	-0.038693	-0.038761	-0.038808
446	-0.039272	-0.039371	-0.039377
447	-0.039852	-0.039981	-0.039947
448	-0.040457	-0.040533	-0.040552
449	-0.041064	-0.041083	-0.041159
450	-0.041557	-0.041594	-0.041629
451	-0.042024	-0.042098	-0.042069
452	-0.042459	-0.042544	-0.042521
453	-0.042877	-0.042962	-0.04298
454	-0.043337	-0.043439	-0.043445
455	-0.043839	-0.043975	-0.043916
456	-0.044297	-0.04445	-0.044362
457	-0.044676	-0.04481	-0.044763
458	-0.045057	-0.045172	-0.04515
459	-0.045447	-0.045542	-0.045484
460	-0.045836	-0.04591	-0.045818
461	-0.046185	-0.046235	-0.046184
462	-0.046533	-0.046559	-0.04655
463	-0.046876	-0.046918	-0.046912
464	-0.047219	-0.047281	-0.047274
465	-0.047458	-0.047518	-0.047526
466	-0.047661	-0.047708	-0.047738
467	-0.047806	-0.047874	-0.047878
468	-0.04791	-0.048022	-0.047965
469	-0.048002	-0.048119	-0.048045
470	-0.048078	-0.04815	-0.048116
471	-0.048161	-0.048191	-0.04818
472	-0.048261	-0.048261	-0.048225
473	-0.048376	-0.048354	-0.0483
474	-0.048588	-0.048596	-0.048569
475	-0.048799	-0.048839	-0.048838
476	-0.048944	-0.049011	-0.048963
477	-0.049087	-0.049181	-0.049086
478	-0.049248	-0.049301	-0.049264
479	-0.049412	-0.049411	-0.049454
480	-0.049625	-0.049582	-0.04966
481	-0.04986	-0.049781	-0.049874
482	-0.050185	-0.050091	-0.05019
483	-0.050587	-0.050497	-0.050594
484	-0.050956	-0.050892	-0.050966
485	-0.051271	-0.051272	-0.051286
486	-0.051493	-0.051542	-0.051512
487	-0.051423	-0.051467	-0.05144
488	-0.051313	-0.051353	-0.05133
489	-0.050835	-0.05087	-0.050858
490	-0.050357	-0.050387	-0.050387
491	-0.050057	-0.050112	-0.050084
492	-0.049767	-0.049848	-0.049791
493	-0.049665	-0.049691	-0.049662
494	-0.049609	-0.04956	-0.049573
495	-0.049403	-0.049358	-0.049372
496	-0.049119	-0.04912	-0.049112
497	-0.048903	-0.048933	-0.048931
498	-0.04875	-0.048794	-0.048825
499	-0.048668	-0.048697	-0.048751
500	-0.048703	-0.048671	-0.048731
501	-0.048687	-0.048611	-0.048671
502	-0.048498	-0.048435	-0.048476
503	-0.048309	-0.048263	-0.048282
504	-0.048109	-0.048131	-0.04809
505	-0.047909	-0.047998	-0.047899
506	-0.047694	-0.047803	-0.047687
507	-0.047479	-0.047605	-0.047474
508	-0.047345	-0.047427	-0.047352
509	-0.047231	-0.047255	-0.047253
510	-0.047079	-0.047078	-0.047105
511	-0.046909	-0.046899	-0.046933
512	-0.04673	-0.046745	-0.046775
513	-0.046542	-0.046612	-0.046632
514	-0.046394	-0.046464	-0.046487
515	-0.04631	-0.046291	-0.046339
516	-0.046184	-0.046116	-0.046168
517	-0.045931	-0.045937	-0.045926
518	-0.045683	-0.045752	-0.045689
519	-0.045479	-0.045525	-0.045497
520	-0.045275	-0.045298	-0.045306
521	-0.045054	-0.045095	-0.045059
522	-0.044833	-0.044893	-0.044811
523	-0.044585	-0.044674	-0.044607
524	-0.04433	-0.044451	-0.044411
525	-0.044129	-0.044225	-0.044189
526	-0.04395	-0.043998	-0.043956
527	-0.043801	-0.043815	-0.043771
528	-0.043675	-0.043666	-0.043622
529	-0.043484	-0.043492	-0.043422
530	-0.043205	-0.043282	-0.043154
531	-0.042971	-0.04309	-0.04292
532	-0.042847	-0.042939	-0.04277
533	-0.04272	-0.042786	-0.042626
534	-0.04257	-0.04262	-0.042511
535	-0.042418	-0.042453	-0.042392
536	-0.042193	-0.042249	-0.04213
537	-0.041968	-0.042045	-0.041867
538	-0.041775	-0.041863	-0.04174
539	-0.041587	-0.041683	-0.04163
540	-0.041384	-0.041428	-0.0414
541	-0.041176	-0.04115	-0.041133
542	-0.040932	-0.04088	-0.040858
543	-0.040666	-0.040614	-0.040578
544	-0.040396	-0.040371	-0.040324
545	-0.040121	-0.04015	-0.040096
546	-0.039847	-0.039916	-0.039863
547	-0.039572	-0.039659	-0.039623
548	-0.039297	-0.039404	-0.039365
549	-0.03902	-0.039156	-0.039052
550	-0.038747	-0.038901	-0.038749
551	-0.038511	-0.038588	-0.038532
552	-0.038275	-0.038276	-0.038316
553	-0.038084	-0.038064	-0.03812
554	-0.037894	-0.037853	-0.037924
555	-0.037718	-0.037686	-0.037726
556	-0.037545	-0.037527	-0.037526
557	-0.037267	-0.037293	-0.037261
558	-0.036951	-0.037033	-0.036973
559	-0.036695	-0.036774	-0.036704
560	-0.036476	-0.036517	-0.036447
561	-0.036298	-0.03633	-0.036257
562	-0.036163	-0.036217	-0.036137
563	-0.036007	-0.036056	-0.035987
564	-0.035811	-0.035808	-0.035784
565	-0.035667	-0.035637	-0.035642
566	-0.03569	-0.035712	-0.0357
567	-0.035729	-0.035792	-0.035766
568	-0.035889	-0.035905	-0.035895
569	-0.036049	-0.036018	-0.036024
570	-0.03609	-0.036098	-0.036093
571	-0.036129	-0.036177	-0.036162
572	-0.03621	-0.036235	-0.036213
573	-0.036297	-0.03629	-0.036261
574	-0.036284	-0.036278	-0.036257
575	-0.036238	-0.036245	-0.036236
576	-0.036187	-0.036189	-0.036203
577	-0.036134	-0.036119	-0.036162
578	-0.036057	-0.036047	-0.036101
579	-0.035959	-0.035972	-0.036022
580	-0.035832	-0.035862	-0.035889
581	-0.035662	-0.035697	-0.035674
582	-0.035412	-0.035456	-0.035388
583	-0.034953	-0.035015	-0.034915
584	-0.034502	-0.034579	-0.034458
585	-0.034096	-0.034175	-0.034079
586	-0.033687	-0.033765	-0.033696
587	-0.033208	-0.033249	-0.033199
588	-0.032729	-0.032734	-0.032702
589	-0.032303	-0.0323	-0.032293
590	-0.031882	-0.031873	-0.03189
591	-0.031463	-0.031485	-0.031502
592	-0.031045	-0.031106	-0.031118
593	-0.030733	-0.030818	-0.030803
594	-0.030466	-0.030569	-0.030518
595	-0.030171	-0.030253	-0.030222
596	-0.029855	-0.02989	-0.029918
597	-0.029547	-0.029561	-0.029616
598	-0.029248	-0.02927	-0.029317
599	-0.028954	-0.028975	-0.028997
600	-0.028672	-0.028676	-0.028638
601	-0.028393	-0.028379	-0.028306
602	-0.02812	-0.028092	-0.028051
603	-0.02783	-0.027798	-0.027782
604	-0.027437	-0.027462	-0.027438
605	-0.027042	-0.027123	-0.027091
606	-0.026615	-0.02669	-0.026635
607	-0.026187	-0.026258	-0.026179
608	-0.025807	-0.025857	-0.025801
609	-0.025431	-0.02546	-0.02543
610	-0.02511	-0.025143	-0.025104
611	-0.0248	-0.024843	-0.024788
612	-0.024527	-0.024555	-0.02451
613	-0.024269	-0.024272	-0.024247
614	-0.023924	-0.023922	-0.023891
615	-0.023524	-0.023529	-0.023476
616	-0.023133	-0.023128	-0.023088
617	-0.022753	-0.022719	-0.022726
618	-0.022383	-0.022345	-0.022367
619	-0.022031	-0.022025	-0.022015
620	-0.021709	-0.021719	-0.021685
621	-0.021457	-0.021449	-0.021409
622	-0.02118	-0.021158	-0.021116
623	-0.020793	-0.020779	-0.02075
624	-0.020409	-0.020406	-0.020384
625	-0.020062	-0.020092	-0.020026
626	-0.019715	-0.019779	-0.019668
627	-0.019439	-0.019455	-0.019379
628	-0.019163	-0.019131	-0.019091
629	-0.018792	-0.018794	-0.018763
630	-0.01841	-0.018454	-0.01843
631	-0.018089	-0.01813	-0.018079
632	-0.017785	-0.017809	-0.017722
633	-0.017432	-0.017457	-0.017396
634	-0.017058	-0.017091	-0.017082
635	-0.01675	-0.016766	-0.016776
636	-0.016485	-0.016468	-0.016474
637	-0.01624	-0.016213	-0.016213
638	-0.016017	-0.015999	-0.015991
639	-0.01578	-0.015765	-0.015744
640	-0.015524	-0.015503	-0.015462
641	-0.015283	-0.01527	-0.0152
642	-0.015071	-0.0151	-0.014982
643	-0.01484	-0.014892	-0.014761
644	-0.014539	-0.014554	-0.01453
645	-0.014244	-0.014226	-0.014291
646	-0.013993	-0.013974	-0.014001
647	-0.013753	-0.013731	-0.013723
648	-0.013788	-0.013771	-0.013787
649	-0.013823	-0.01381	-0.013851
650	-0.014455	-0.01445	-0.01446
651	-0.015124	-0.015127	-0.015102
652	-0.016046	-0.016063	-0.015998
653	-0.017011	-0.017045	-0.016939
654	-0.017674	-0.017722	-0.017645
655	-0.018244	-0.018304	-0.018278
656	-0.018321	-0.018362	-0.018333
657	-0.018162	-0.018167	-0.018108
658	-0.017587	-0.017558	-0.017517
659	-0.016719	-0.016656	-0.016667
660	-0.015621	-0.015575	-0.015589
661	-0.014291	-0.014314	-0.014282
662	-0.013041	-0.013105	-0.013053
663	-0.011904	-0.011972	-0.011935
664	-0.010953	-0.011016	-0.010992
665	-0.010383	-0.010423	-0.010405
666	-0.009874	-0.00989	-0.009878
667	-0.009557	-0.00954	-0.009535
668	-0.009253	-0.009216	-0.009213
669	-0.009017	-0.009023	-0.009001
670	-0.008788	-0.00883	-0.008789
671	-0.008628	-0.008645	-0.00859
672	-0.008469	-0.008459	-0.00839
673	-0.008197	-0.008177	-0.008098
674	-0.007925	-0.007896	-0.007807
675	-0.007739	-0.007736	-0.007672
676	-0.00756	-0.007586	-0.007551
677	-0.007338	-0.007377	-0.007389
678	-0.007108	-0.007156	-0.007219
679	-0.006929	-0.006991	-0.007029
680	-0.006766	-0.006843	-0.006833
681	-0.006634	-0.006665	-0.006666
682	-0.006514	-0.006472	-0.006513
683	-0.00634	-0.006304	-0.006316
684	-0.006131	-0.006151	-0.006092
685	-0.005964	-0.005999	-0.005923
686	-0.005832	-0.005848	-0.005801
687	-0.00566	-0.005677	-0.005646
688	-0.005439	-0.00548	-0.005449
689	-0.005253	-0.005308	-0.00525
690	-0.005126	-0.005176	-0.005047
691	-0.004957	-0.005006	-0.004849
692	-0.004697	-0.004754	-0.004659
693	-0.004439	-0.004513	-0.004462
694	-0.004188	-0.004311	-0.004238
695	-0.003961	-0.004119	-0.004031
696	-0.003854	-0.003982	-0.003901
697	-0.003739	-0.003837	-0.003764
698	-0.003551	-0.003626	-0.00356
699	-0.003361	-0.003413	-0.003356
700	-0.003133	-0.00317	-0.003138
701	-0.002904	-0.002926	-0.00292
702	-0.002751	-0.00273	-0.002754
703	-0.0026	-0.002535	-0.002591
704	-0.00242	-0.002387	-0.002418
705	-0.002236	-0.002245	-0.002245
706	-0.00208	-0.002124	-0.002056
707	-0.00193	-0.002008	-0.001864
708	-0.001708	-0.0018	-0.001705
709	-0.001465	-0.001566	-0.001556
710	-0.00124	-0.001295	-0.001302
711	-0.001023	-0.001009	-0.001003
712	-0.000848	-0.000866	-0.000814
713	-0.000698	-0.000803	-0.000688
714	-0.000515	-0.000636	-0.00054
715	-0.000309	-0.000393	-0.000377
716	-0.00012	-0.000159	-0.000167
717	0.000052	0.000068	0.000087
718	0.00024	0.000267	0.000318
719	0.000445	0.000433	0.000524
720	0.000659	0.000624	0.000747
[LOG]
CHECKSUMÒ¡