[HEADER]
Format	J&M ASCII Table
Comment	
Date	04/03/2026 18:58:28
Order	Y (evenX)
TechType	UV
NumPoints	411
FirstX	310
LastX	720
XType	nm
YType	Absorbance
ZType	s
NumSubFile	3
Matrix	Z vs X
[LOGIN]
Name=pcbob
[INSTRUMENT]
Name=TIDAS E Base UV/VI
Detector=MMS - ASPEN 97,5 kHz
Diodearray=256 Pixel
Serial#=36584
Calibrated=2011-07-01
Range=183.81-729.88 [nm] (F0)

SWVersion=v3.18.2 (build 0)[LOGIN]
Name=pcbob
[CONFIG]
ChannelName=Channel 1
ChannelType=Normalized
[PARAMETER]
It=400,00
Aver=5
Norm=3
Range=310,0-720,0 nm
Scan=Time
ScanTime=5,00 s
[TRIGGER]
Sweep=0
Scan=0
[DIO]
DigOut=0x0000
DigIn=0x0000
[DATA]
	00:00:00,000	00:00:02,000	00:00:04,000
310	0.277408	0.277258	0.276968
311	0.272978	0.272836	0.272539
312	0.26859	0.268457	0.268163
313	0.264327	0.264179	0.263893
314	0.260236	0.26004	0.259772
315	0.25614	0.255919	0.25566
316	0.252028	0.251853	0.251579
317	0.247927	0.247793	0.247506
318	0.243982	0.24382	0.243551
319	0.240037	0.239848	0.239597
320	0.2361	0.235913	0.235651
321	0.232164	0.231982	0.231706
322	0.228285	0.228113	0.227837
323	0.224428	0.224268	0.224
324	0.220631	0.220459	0.220185
325	0.216886	0.216682	0.21639
326	0.213191	0.212972	0.21268
327	0.209589	0.209383	0.209127
328	0.205988	0.20579	0.205556
329	0.202392	0.202177	0.201905
330	0.198795	0.198565	0.198254
331	0.195259	0.195084	0.194829
332	0.191724	0.191604	0.191404
333	0.188254	0.188125	0.187945
334	0.184799	0.184647	0.184479
335	0.181429	0.181245	0.181056
336	0.178106	0.177885	0.177658
337	0.174748	0.174517	0.174273
338	0.171351	0.171142	0.170902
339	0.168009	0.167816	0.167583
340	0.164798	0.164606	0.164384
341	0.161599	0.161408	0.161194
342	0.15849	0.158287	0.158079
343	0.15538	0.155166	0.154963
344	0.152288	0.152031	0.151833
345	0.149198	0.148897	0.148702
346	0.146091	0.145808	0.14562
347	0.142979	0.142733	0.142552
348	0.139913	0.139702	0.139522
349	0.136879	0.136701	0.136517
350	0.133882	0.133726	0.13354
351	0.130935	0.130788	0.130602
352	0.127985	0.127831	0.127633
353	0.125028	0.12482	0.124577
354	0.122074	0.121822	0.121536
355	0.119148	0.118979	0.118683
356	0.116223	0.116137	0.115831
357	0.11331	0.113219	0.112957
358	0.110398	0.110293	0.110081
359	0.107633	0.107511	0.107304
360	0.104923	0.104782	0.104563
361	0.10222	0.102045	0.101877
362	0.099525	0.099302	0.099235
363	0.096836	0.096585	0.096541
364	0.09416	0.093908	0.093767
365	0.09151	0.091263	0.091062
366	0.088953	0.088734	0.08861
367	0.086401	0.08621	0.086157
368	0.083951	0.083805	0.08368
369	0.081502	0.0814	0.081202
370	0.07895	0.078832	0.078681
371	0.076384	0.076241	0.076154
372	0.073908	0.073749	0.073661
373	0.071469	0.0713	0.071182
374	0.069053	0.068879	0.068752
375	0.066657	0.066483	0.066366
376	0.064282	0.064115	0.064004
377	0.061946	0.061798	0.061683
378	0.059627	0.059488	0.059376
379	0.057382	0.057211	0.057131
380	0.055137	0.054935	0.054885
381	0.052916	0.052695	0.052619
382	0.050696	0.050455	0.050354
383	0.048533	0.048304	0.048188
384	0.04638	0.046167	0.04604
385	0.044229	0.044083	0.04392
386	0.04208	0.042022	0.041812
387	0.039987	0.039945	0.039773
388	0.037947	0.037853	0.037798
389	0.035953	0.035819	0.03583
390	0.034047	0.033892	0.033876
391	0.032129	0.03197	0.031916
392	0.030159	0.030074	0.029934
393	0.02819	0.028178	0.027954
394	0.026293	0.026268	0.026109
395	0.024397	0.024357	0.024264
396	0.02277	0.022692	0.022609
397	0.021191	0.021072	0.020987
398	0.019647	0.019571	0.019435
399	0.018119	0.018128	0.017916
400	0.016469	0.016483	0.016282
401	0.014705	0.014649	0.014539
402	0.012911	0.012805	0.012735
403	0.011065	0.010943	0.010817
404	0.009281	0.009157	0.008992
405	0.007778	0.007703	0.00758
406	0.006276	0.006249	0.006165
407	0.004834	0.004781	0.004646
408	0.003393	0.003313	0.003126
409	0.00185	0.001745	0.001663
410	0.000289	0.00016	0.00021
411	-0.001312	-0.001405	-0.001392
412	-0.00293	-0.00296	-0.00306
413	-0.004516	-0.004551	-0.004684
414	-0.006074	-0.006175	-0.006269
415	-0.007666	-0.007799	-0.007841
416	-0.009321	-0.009421	-0.009388
417	-0.010979	-0.011049	-0.010958
418	-0.01265	-0.012699	-0.012622
419	-0.014306	-0.014334	-0.014271
420	-0.015601	-0.015567	-0.015574
421	-0.016895	-0.0168	-0.016877
422	-0.018227	-0.018148	-0.01825
423	-0.019564	-0.019512	-0.019633
424	-0.020898	-0.020852	-0.020949
425	-0.02223	-0.022183	-0.022239
426	-0.023417	-0.023365	-0.023421
427	-0.024485	-0.024427	-0.024516
428	-0.025471	-0.025407	-0.025517
429	-0.02633	-0.026262	-0.02637
430	-0.027178	-0.027126	-0.02721
431	-0.02799	-0.028019	-0.028006
432	-0.028814	-0.028914	-0.028817
433	-0.029789	-0.029829	-0.029825
434	-0.030763	-0.030744	-0.030833
435	-0.031763	-0.03174	-0.031761
436	-0.032765	-0.032745	-0.032681
437	-0.03367	-0.03368	-0.03361
438	-0.034545	-0.034593	-0.034544
439	-0.035391	-0.035426	-0.035401
440	-0.036219	-0.036206	-0.036209
441	-0.037033	-0.036996	-0.037021
442	-0.03783	-0.037798	-0.037842
443	-0.038565	-0.038547	-0.038591
444	-0.039143	-0.039162	-0.039159
445	-0.039727	-0.039771	-0.039732
446	-0.040357	-0.040337	-0.040336
447	-0.040987	-0.040902	-0.040941
448	-0.041562	-0.041519	-0.041541
449	-0.042135	-0.042138	-0.042141
450	-0.042678	-0.042682	-0.042671
451	-0.043214	-0.04321	-0.043183
452	-0.043689	-0.043674	-0.043657
453	-0.044132	-0.044106	-0.044111
454	-0.04462	-0.044581	-0.044589
455	-0.045154	-0.045099	-0.045091
456	-0.045628	-0.045556	-0.045543
457	-0.045992	-0.045898	-0.0459
458	-0.04636	-0.046253	-0.046263
459	-0.046751	-0.046664	-0.046652
460	-0.04714	-0.047074	-0.04704
461	-0.047478	-0.047429	-0.047392
462	-0.047816	-0.047784	-0.047743
463	-0.048193	-0.04817	-0.048091
464	-0.048575	-0.048558	-0.048438
465	-0.048839	-0.048795	-0.048716
466	-0.049061	-0.048976	-0.048969
467	-0.049246	-0.04916	-0.04917
468	-0.049407	-0.049347	-0.049332
469	-0.049532	-0.049516	-0.049457
470	-0.049611	-0.049662	-0.049532
471	-0.049702	-0.049783	-0.049623
472	-0.049822	-0.049843	-0.049752
473	-0.049953	-0.049919	-0.049892
474	-0.050156	-0.050094	-0.050099
475	-0.050358	-0.05027	-0.050305
476	-0.050509	-0.050447	-0.050478
477	-0.05066	-0.050624	-0.050651
478	-0.050828	-0.050798	-0.050792
479	-0.051	-0.050972	-0.050927
480	-0.051168	-0.051134	-0.0511
481	-0.051334	-0.05129	-0.051292
482	-0.051633	-0.051573	-0.05158
483	-0.052047	-0.051965	-0.051952
484	-0.05244	-0.052334	-0.052315
485	-0.052798	-0.05267	-0.052661
486	-0.053054	-0.052914	-0.052908
487	-0.052986	-0.052874	-0.052841
488	-0.052882	-0.052795	-0.05274
489	-0.052436	-0.052355	-0.052306
490	-0.051989	-0.051915	-0.051872
491	-0.051699	-0.051642	-0.051586
492	-0.051417	-0.051377	-0.051307
493	-0.051332	-0.051301	-0.051179
494	-0.051296	-0.05127	-0.051087
495	-0.051094	-0.051075	-0.050888
496	-0.050806	-0.050794	-0.050635
497	-0.050589	-0.050577	-0.050437
498	-0.050437	-0.050422	-0.05029
499	-0.05032	-0.050284	-0.050183
500	-0.050259	-0.050178	-0.050142
501	-0.050172	-0.050078	-0.050072
502	-0.049996	-0.049997	-0.049907
503	-0.049821	-0.049907	-0.049741
504	-0.049663	-0.04973	-0.049573
505	-0.049505	-0.049553	-0.049404
506	-0.049362	-0.049327	-0.049253
507	-0.049221	-0.049099	-0.049103
508	-0.049053	-0.048973	-0.04893
509	-0.048879	-0.048872	-0.048752
510	-0.048734	-0.048734	-0.04861
511	-0.048606	-0.048578	-0.048486
512	-0.048468	-0.048423	-0.048347
513	-0.048323	-0.04827	-0.048196
514	-0.048178	-0.048119	-0.048044
515	-0.048034	-0.047973	-0.047889
516	-0.047872	-0.047807	-0.047718
517	-0.047658	-0.04758	-0.047496
518	-0.04744	-0.047352	-0.047272
519	-0.047186	-0.047116	-0.047035
520	-0.046933	-0.046879	-0.046798
521	-0.046685	-0.046618	-0.046539
522	-0.046438	-0.046356	-0.046279
523	-0.046217	-0.046153	-0.046058
524	-0.046001	-0.045962	-0.045844
525	-0.045794	-0.045774	-0.045633
526	-0.045591	-0.045588	-0.045425
527	-0.045402	-0.045386	-0.045245
528	-0.045225	-0.045172	-0.045087
529	-0.045044	-0.044963	-0.044913
530	-0.044858	-0.044761	-0.044717
531	-0.044696	-0.044586	-0.044541
532	-0.044591	-0.044478	-0.044413
533	-0.044476	-0.044365	-0.04429
534	-0.044311	-0.044226	-0.044194
535	-0.044147	-0.044087	-0.044095
536	-0.043981	-0.043913	-0.043875
537	-0.043816	-0.043738	-0.043655
538	-0.04362	-0.043518	-0.043445
539	-0.043421	-0.043292	-0.043235
540	-0.043129	-0.043032	-0.042982
541	-0.042808	-0.042762	-0.042716
542	-0.042529	-0.042474	-0.042457
543	-0.042275	-0.042177	-0.042203
544	-0.042009	-0.041908	-0.041912
545	-0.041732	-0.041666	-0.041584
546	-0.041461	-0.041409	-0.041282
547	-0.041202	-0.041125	-0.041022
548	-0.04093	-0.040836	-0.040755
549	-0.040616	-0.040531	-0.040463
550	-0.040309	-0.040235	-0.040178
551	-0.040065	-0.04	-0.039942
552	-0.039821	-0.039765	-0.039706
553	-0.039632	-0.039544	-0.039489
554	-0.039444	-0.039324	-0.039272
555	-0.03927	-0.039125	-0.039088
556	-0.039099	-0.038929	-0.03891
557	-0.038851	-0.03869	-0.038663
558	-0.038575	-0.038434	-0.038391
559	-0.038329	-0.038202	-0.038155
560	-0.038103	-0.037986	-0.037943
561	-0.037931	-0.037817	-0.037771
562	-0.03782	-0.037699	-0.037642
563	-0.037669	-0.037551	-0.037488
564	-0.037451	-0.037349	-0.037291
565	-0.037295	-0.037209	-0.037146
566	-0.037342	-0.037266	-0.037169
567	-0.037389	-0.037322	-0.037197
568	-0.037436	-0.037378	-0.037263
569	-0.037484	-0.037435	-0.037329
570	-0.03752	-0.037469	-0.037381
571	-0.037556	-0.037503	-0.037434
572	-0.037596	-0.03751	-0.037435
573	-0.037636	-0.037512	-0.037429
574	-0.03757	-0.037458	-0.037385
575	-0.037469	-0.037385	-0.037329
576	-0.037408	-0.037334	-0.037277
577	-0.037371	-0.037294	-0.037227
578	-0.037287	-0.037214	-0.037139
579	-0.037161	-0.037095	-0.037015
580	-0.037019	-0.036947	-0.036874
581	-0.036855	-0.036754	-0.036706
582	-0.036623	-0.036503	-0.036471
583	-0.036216	-0.036097	-0.03606
584	-0.035814	-0.0357	-0.03566
585	-0.035439	-0.035341	-0.035315
586	-0.03506	-0.034978	-0.034964
587	-0.034589	-0.034497	-0.034471
588	-0.034118	-0.034017	-0.033978
589	-0.033725	-0.033635	-0.033607
590	-0.033338	-0.033261	-0.033244
591	-0.032949	-0.032885	-0.032834
592	-0.03256	-0.032508	-0.032412
593	-0.032255	-0.032184	-0.032105
594	-0.031987	-0.031884	-0.031847
595	-0.03167	-0.031554	-0.031525
596	-0.031318	-0.031203	-0.031159
597	-0.030969	-0.03086	-0.030823
598	-0.030623	-0.030525	-0.030519
599	-0.030275	-0.030193	-0.030187
600	-0.029924	-0.029864	-0.029806
601	-0.029597	-0.029549	-0.029461
602	-0.029337	-0.029278	-0.029216
603	-0.029061	-0.028991	-0.028948
604	-0.028687	-0.028608	-0.028548
605	-0.028312	-0.028222	-0.028149
606	-0.027915	-0.027789	-0.027763
607	-0.027519	-0.027355	-0.027376
608	-0.027122	-0.026987	-0.026958
609	-0.026725	-0.026623	-0.026537
610	-0.026407	-0.026292	-0.026217
611	-0.026105	-0.025969	-0.025919
612	-0.025862	-0.025734	-0.025682
613	-0.025643	-0.025535	-0.02547
614	-0.025311	-0.025223	-0.025169
615	-0.024908	-0.024838	-0.02481
616	-0.024539	-0.024477	-0.024454
617	-0.024202	-0.024137	-0.024101
618	-0.023881	-0.023804	-0.023736
619	-0.023584	-0.023481	-0.023355
620	-0.023297	-0.023176	-0.023013
621	-0.023035	-0.022913	-0.022764
622	-0.022755	-0.022628	-0.0225
623	-0.022403	-0.022252	-0.022173
624	-0.022053	-0.021886	-0.021849
625	-0.02171	-0.021608	-0.021553
626	-0.021367	-0.021331	-0.021256
627	-0.021043	-0.020979	-0.02092
628	-0.020719	-0.020626	-0.020584
629	-0.020397	-0.020283	-0.020256
630	-0.020075	-0.01994	-0.019929
631	-0.019733	-0.019617	-0.01958
632	-0.019386	-0.019299	-0.019225
633	-0.018989	-0.018932	-0.01883
634	-0.01857	-0.018542	-0.018417
635	-0.018241	-0.018202	-0.018094
636	-0.017973	-0.017895	-0.017833
637	-0.017709	-0.017611	-0.017562
638	-0.017447	-0.017349	-0.017284
639	-0.017198	-0.017097	-0.017018
640	-0.016965	-0.016862	-0.01677
641	-0.016733	-0.016635	-0.016534
642	-0.016503	-0.016426	-0.016324
643	-0.016259	-0.016193	-0.01609
644	-0.015969	-0.015871	-0.01577
645	-0.015685	-0.015562	-0.015462
646	-0.015448	-0.015338	-0.015243
647	-0.01522	-0.015124	-0.015033
648	-0.015281	-0.015166	-0.01508
649	-0.015342	-0.015208	-0.015128
650	-0.015978	-0.015839	-0.015744
651	-0.016649	-0.016506	-0.016395
652	-0.017463	-0.017357	-0.01727
653	-0.018302	-0.01824	-0.018185
654	-0.01893	-0.018895	-0.018827
655	-0.019493	-0.019478	-0.019385
656	-0.019558	-0.019555	-0.019455
657	-0.019382	-0.019388	-0.019289
658	-0.018822	-0.018808	-0.018725
659	-0.01799	-0.017939	-0.01788
660	-0.016956	-0.016885	-0.01682
661	-0.01572	-0.015648	-0.015545
662	-0.014549	-0.014481	-0.014367
663	-0.013468	-0.013414	-0.013326
664	-0.012557	-0.012509	-0.012451
665	-0.011992	-0.011931	-0.011912
666	-0.011479	-0.01141	-0.011416
667	-0.011125	-0.011062	-0.011051
668	-0.010794	-0.010727	-0.010702
669	-0.010578	-0.010462	-0.010427
670	-0.010363	-0.010204	-0.010159
671	-0.010158	-0.010024	-0.009964
672	-0.009952	-0.009843	-0.009769
673	-0.009654	-0.009545	-0.009516
674	-0.009355	-0.009246	-0.009262
675	-0.009136	-0.009029	-0.009033
676	-0.008924	-0.008818	-0.008806
677	-0.008767	-0.008708	-0.008683
678	-0.008621	-0.008617	-0.00858
679	-0.008468	-0.008452	-0.008402
680	-0.008313	-0.008263	-0.008201
681	-0.008178	-0.008074	-0.008035
682	-0.008052	-0.007884	-0.007884
683	-0.007889	-0.007723	-0.00771
684	-0.007702	-0.00758	-0.00752
685	-0.00753	-0.007432	-0.007362
686	-0.00737	-0.007279	-0.007231
687	-0.007205	-0.007143	-0.007084
688	-0.007035	-0.007028	-0.006916
689	-0.00688	-0.006885	-0.006766
690	-0.006749	-0.006699	-0.006644
691	-0.006593	-0.006501	-0.00649
692	-0.006383	-0.006275	-0.006261
693	-0.006172	-0.006058	-0.006043
694	-0.005961	-0.005869	-0.005857
695	-0.005768	-0.005691	-0.005675
696	-0.005662	-0.005562	-0.005516
697	-0.005545	-0.005426	-0.005349
698	-0.005325	-0.005218	-0.00511
699	-0.005104	-0.005008	-0.004873
700	-0.004872	-0.004755	-0.004679
701	-0.004639	-0.004502	-0.004484
702	-0.004484	-0.004346	-0.004295
703	-0.004331	-0.004193	-0.004106
704	-0.004062	-0.003989	-0.003914
705	-0.00378	-0.003778	-0.003722
706	-0.003616	-0.00362	-0.003556
707	-0.003476	-0.003473	-0.003396
708	-0.003294	-0.003257	-0.00316
709	-0.003099	-0.00302	-0.002902
710	-0.002874	-0.002773	-0.002655
711	-0.002637	-0.002523	-0.002412
712	-0.002434	-0.002311	-0.002223
713	-0.00225	-0.002122	-0.002065
714	-0.002069	-0.001968	-0.001922
715	-0.001889	-0.001842	-0.00179
716	-0.001681	-0.001632	-0.001577
717	-0.001445	-0.001345	-0.001289
718	-0.001234	-0.001127	-0.00104
719	-0.00105	-0.000989	-0.000836
720	-0.000855	-0.000813	-0.000607
[LOG]
CHECKSUMñý