[HEADER]
Format	J&M ASCII Table
Comment	
Date	04/03/2026 18:51:35
Order	Y (evenX)
TechType	UV
NumPoints	411
FirstX	310
LastX	720
XType	nm
YType	Absorbance
ZType	s
NumSubFile	3
Matrix	Z vs X
[LOGIN]
Name=pcbob
[INSTRUMENT]
Name=TIDAS E Base UV/VI
Detector=MMS - ASPEN 97,5 kHz
Diodearray=256 Pixel
Serial#=36584
Calibrated=2011-07-01
Range=183.81-729.88 [nm] (F0)

SWVersion=v3.18.2 (build 0)[LOGIN]
Name=pcbob
[CONFIG]
ChannelName=Channel 1
ChannelType=Normalized
[PARAMETER]
It=400,00
Aver=5
Norm=3
Range=310,0-720,0 nm
Scan=Time
ScanTime=5,00 s
[TRIGGER]
Sweep=0
Scan=0
[DIO]
DigOut=0x0000
DigIn=0x0000
[DATA]
	00:00:00,000	00:00:02,000	00:00:04,000
310	0.294104	0.293711	0.293434
311	0.289353	0.288973	0.288696
312	0.284623	0.284307	0.284019
313	0.280006	0.27974	0.279438
314	0.275545	0.275311	0.27499
315	0.271109	0.270893	0.270561
316	0.266752	0.266513	0.26619
317	0.262405	0.262145	0.261829
318	0.258201	0.257946	0.257623
319	0.253997	0.253747	0.253416
320	0.249841	0.249532	0.249249
321	0.245691	0.245315	0.245088
322	0.241615	0.241229	0.240994
323	0.237569	0.237197	0.236928
324	0.233576	0.233223	0.232935
325	0.229629	0.2293	0.229008
326	0.225733	0.225428	0.225122
327	0.221929	0.221648	0.221312
328	0.218128	0.217865	0.217505
329	0.214347	0.214068	0.213711
330	0.210566	0.21027	0.209917
331	0.206724	0.206489	0.206124
332	0.202883	0.202708	0.20233
333	0.199298	0.199103	0.198758
334	0.195768	0.195536	0.195233
335	0.192186	0.191992	0.191675
336	0.188576	0.18846	0.188098
337	0.184994	0.18488	0.184522
338	0.181446	0.181246	0.180947
339	0.177944	0.177696	0.17744
340	0.17455	0.174341	0.174095
341	0.171165	0.170989	0.17075
342	0.167832	0.167657	0.167409
343	0.164499	0.164325	0.164067
344	0.161288	0.161057	0.160816
345	0.158083	0.157793	0.157571
346	0.154848	0.154545	0.154316
347	0.151604	0.151302	0.151059
348	0.148413	0.148098	0.147857
349	0.145256	0.144921	0.144691
350	0.142102	0.141785	0.14157
351	0.138952	0.138704	0.138507
352	0.13581	0.135627	0.135418
353	0.132691	0.132565	0.13225
354	0.129585	0.129505	0.129104
355	0.12663	0.126474	0.126211
356	0.123676	0.123444	0.123318
357	0.120718	0.120484	0.120323
358	0.117761	0.117532	0.117318
359	0.114861	0.114636	0.114391
360	0.111982	0.11176	0.111493
361	0.109164	0.108919	0.108659
362	0.106394	0.106104	0.105878
363	0.103596	0.103305	0.103086
364	0.100755	0.100529	0.100279
365	0.097948	0.097776	0.097505
366	0.095265	0.095107	0.094849
367	0.09259	0.092446	0.0922
368	0.090067	0.089947	0.089682
369	0.087543	0.087448	0.087165
370	0.084979	0.084839	0.084547
371	0.082409	0.082214	0.081916
372	0.079785	0.079628	0.079332
373	0.077139	0.077057	0.07677
374	0.074588	0.074515	0.074223
375	0.072119	0.071999	0.07169
376	0.069694	0.069508	0.069223
377	0.067345	0.067064	0.06687
378	0.065003	0.064657	0.064528
379	0.062685	0.062409	0.062229
380	0.060368	0.060159	0.05993
381	0.058041	0.057854	0.057624
382	0.055714	0.05555	0.055318
383	0.053525	0.053357	0.053108
384	0.051359	0.051183	0.050914
385	0.049128	0.048952	0.048724
386	0.046867	0.046693	0.046535
387	0.04469	0.044508	0.044395
388	0.042593	0.042391	0.042301
389	0.040561	0.040329	0.040233
390	0.038654	0.038371	0.038214
391	0.036713	0.036404	0.036209
392	0.034622	0.034401	0.034269
393	0.032534	0.032399	0.032328
394	0.03062	0.030465	0.030318
395	0.028706	0.02853	0.028308
396	0.026949	0.026823	0.026626
397	0.02522	0.025157	0.025003
398	0.023652	0.023568	0.023463
399	0.022159	0.022014	0.021963
400	0.020465	0.020328	0.020265
401	0.01858	0.018518	0.018381
402	0.016707	0.016658	0.016492
403	0.014856	0.014703	0.014593
404	0.01306	0.012832	0.012771
405	0.01151	0.011335	0.011288
406	0.009962	0.00984	0.009806
407	0.008531	0.008439	0.008336
408	0.007101	0.007038	0.006865
409	0.005557	0.005495	0.005299
410	0.003994	0.003929	0.003718
411	0.002404	0.002333	0.002112
412	0.000803	0.000723	0.000495
413	-0.000813	-0.000867	-0.001072
414	-0.002443	-0.002441	-0.002594
415	-0.004068	-0.004041	-0.004181
416	-0.005686	-0.005688	-0.005881
417	-0.007317	-0.007339	-0.007572
418	-0.009001	-0.009012	-0.009224
419	-0.010668	-0.01067	-0.010864
420	-0.011914	-0.01198	-0.012177
421	-0.01316	-0.01329	-0.013491
422	-0.014554	-0.014643	-0.014818
423	-0.015969	-0.016002	-0.016148
424	-0.017263	-0.017297	-0.017455
425	-0.018509	-0.018568	-0.018755
426	-0.019663	-0.019714	-0.0199
427	-0.020744	-0.02076	-0.020922
428	-0.021727	-0.02172	-0.021881
429	-0.022558	-0.022549	-0.022741
430	-0.023396	-0.023404	-0.023601
431	-0.024259	-0.024344	-0.024459
432	-0.025126	-0.025278	-0.025318
433	-0.026042	-0.026144	-0.026184
434	-0.026957	-0.027011	-0.02705
435	-0.027893	-0.027959	-0.02801
436	-0.02883	-0.028916	-0.02898
437	-0.029747	-0.029777	-0.029904
438	-0.030658	-0.030608	-0.030814
439	-0.031438	-0.031386	-0.031597
440	-0.032128	-0.032129	-0.032294
441	-0.03286	-0.032885	-0.033042
442	-0.033644	-0.033657	-0.033858
443	-0.034381	-0.034391	-0.03461
444	-0.034997	-0.03503	-0.035203
445	-0.035601	-0.035656	-0.035786
446	-0.036126	-0.036201	-0.0363
447	-0.036651	-0.036746	-0.036815
448	-0.037201	-0.037259	-0.037371
449	-0.037751	-0.03777	-0.037928
450	-0.038241	-0.03826	-0.038398
451	-0.038716	-0.038745	-0.038847
452	-0.039169	-0.039179	-0.039286
453	-0.039608	-0.039586	-0.039718
454	-0.040087	-0.040048	-0.040191
455	-0.040603	-0.040565	-0.040704
456	-0.04104	-0.041026	-0.041146
457	-0.04133	-0.041382	-0.041452
458	-0.041634	-0.041721	-0.041764
459	-0.042	-0.041993	-0.042101
460	-0.042363	-0.042265	-0.042436
461	-0.042647	-0.04255	-0.042737
462	-0.04293	-0.042835	-0.043038
463	-0.043257	-0.043186	-0.043349
464	-0.04359	-0.043545	-0.04366
465	-0.043823	-0.043753	-0.043857
466	-0.044022	-0.043906	-0.044012
467	-0.044159	-0.044043	-0.044158
468	-0.044252	-0.044168	-0.044297
469	-0.044315	-0.044273	-0.044389
470	-0.04434	-0.044355	-0.044421
471	-0.044359	-0.044415	-0.044453
472	-0.044366	-0.04442	-0.044486
473	-0.0444	-0.044443	-0.044538
474	-0.044615	-0.044584	-0.044725
475	-0.04483	-0.044724	-0.044911
476	-0.044967	-0.044861	-0.045021
477	-0.045102	-0.044998	-0.045129
478	-0.045183	-0.045112	-0.045216
479	-0.045252	-0.045222	-0.045298
480	-0.045349	-0.045354	-0.045405
481	-0.045458	-0.045496	-0.045524
482	-0.045731	-0.045748	-0.045774
483	-0.046145	-0.046096	-0.046136
484	-0.046505	-0.046426	-0.046477
485	-0.046779	-0.046727	-0.046782
486	-0.046955	-0.046928	-0.046984
487	-0.046823	-0.046812	-0.046856
488	-0.046659	-0.046659	-0.046693
489	-0.046189	-0.046149	-0.0462
490	-0.045719	-0.045638	-0.045707
491	-0.045386	-0.045345	-0.045449
492	-0.045059	-0.045064	-0.045204
493	-0.044869	-0.044858	-0.044976
494	-0.044711	-0.04467	-0.044753
495	-0.04448	-0.044421	-0.044517
496	-0.044211	-0.044141	-0.044275
497	-0.044008	-0.043923	-0.044054
498	-0.043868	-0.043765	-0.043853
499	-0.043735	-0.043639	-0.043704
500	-0.043618	-0.043568	-0.043641
501	-0.04348	-0.043457	-0.043551
502	-0.043277	-0.043212	-0.043367
503	-0.043078	-0.042976	-0.04318
504	-0.042922	-0.042835	-0.042954
505	-0.042766	-0.042694	-0.042727
506	-0.042499	-0.042426	-0.042522
507	-0.042225	-0.042151	-0.042319
508	-0.042049	-0.041997	-0.042134
509	-0.041897	-0.041873	-0.041953
510	-0.041733	-0.041727	-0.041773
511	-0.041562	-0.04157	-0.041594
512	-0.041391	-0.0414	-0.041431
513	-0.041219	-0.041219	-0.041282
514	-0.04107	-0.041046	-0.041127
515	-0.040961	-0.040886	-0.040962
516	-0.04081	-0.040699	-0.040777
517	-0.040527	-0.040429	-0.040528
518	-0.040246	-0.040164	-0.040281
519	-0.039981	-0.039942	-0.040041
520	-0.039716	-0.039719	-0.039801
521	-0.039442	-0.039422	-0.039514
522	-0.039168	-0.039122	-0.039225
523	-0.038928	-0.038846	-0.038998
524	-0.038695	-0.038575	-0.038784
525	-0.038467	-0.03835	-0.038519
526	-0.038241	-0.038146	-0.038232
527	-0.03804	-0.037968	-0.038
528	-0.037858	-0.037809	-0.037809
529	-0.037648	-0.037626	-0.037619
530	-0.037399	-0.037411	-0.037428
531	-0.037195	-0.037209	-0.037255
532	-0.037101	-0.037041	-0.037124
533	-0.036988	-0.036873	-0.036987
534	-0.036774	-0.036702	-0.036819
535	-0.036561	-0.036531	-0.036651
536	-0.036354	-0.036344	-0.036443
537	-0.036147	-0.036157	-0.036236
538	-0.035999	-0.036001	-0.036074
539	-0.035859	-0.035849	-0.035917
540	-0.03563	-0.035619	-0.035652
541	-0.035374	-0.035365	-0.035353
542	-0.035114	-0.035087	-0.035092
543	-0.034852	-0.034795	-0.034853
544	-0.034553	-0.034487	-0.034556
545	-0.034216	-0.034164	-0.034203
546	-0.033885	-0.03382	-0.033854
547	-0.033564	-0.033443	-0.033512
548	-0.033255	-0.033089	-0.033191
549	-0.032987	-0.03281	-0.032932
550	-0.032716	-0.032543	-0.032671
551	-0.032436	-0.032356	-0.0324
552	-0.032156	-0.03217	-0.032129
553	-0.031963	-0.03194	-0.031935
554	-0.03177	-0.031709	-0.031741
555	-0.031597	-0.031515	-0.031551
556	-0.031426	-0.031328	-0.031361
557	-0.031224	-0.031114	-0.031152
558	-0.031012	-0.03089	-0.030934
559	-0.030759	-0.030646	-0.030701
560	-0.03048	-0.030388	-0.030458
561	-0.030283	-0.030209	-0.030269
562	-0.030175	-0.030114	-0.030138
563	-0.030031	-0.029965	-0.029981
564	-0.029826	-0.02972	-0.029779
565	-0.029673	-0.029556	-0.029637
566	-0.029692	-0.029655	-0.029685
567	-0.029719	-0.029752	-0.029736
568	-0.029807	-0.02983	-0.029813
569	-0.029895	-0.029907	-0.02989
570	-0.029961	-0.029898	-0.029917
571	-0.030026	-0.029889	-0.029944
572	-0.030016	-0.029917	-0.02998
573	-0.029994	-0.02995	-0.030018
574	-0.02995	-0.02992	-0.029974
575	-0.029898	-0.029869	-0.029903
576	-0.029834	-0.029804	-0.02983
577	-0.029763	-0.029732	-0.029755
578	-0.029672	-0.029647	-0.029658
579	-0.029561	-0.029551	-0.029538
580	-0.029419	-0.029415	-0.029397
581	-0.029229	-0.029218	-0.029223
582	-0.028995	-0.028971	-0.028993
583	-0.028646	-0.028594	-0.028615
584	-0.028292	-0.028217	-0.028239
585	-0.027907	-0.027837	-0.027876
586	-0.02752	-0.027455	-0.027509
587	-0.027076	-0.027012	-0.027084
588	-0.026631	-0.026568	-0.026659
589	-0.026252	-0.026195	-0.026269
590	-0.025878	-0.025828	-0.025883
591	-0.02549	-0.025436	-0.025462
592	-0.025099	-0.025037	-0.025034
593	-0.02479	-0.024751	-0.024761
594	-0.024514	-0.024512	-0.024555
595	-0.024204	-0.024187	-0.024249
596	-0.023869	-0.023803	-0.023873
597	-0.023528	-0.02343	-0.023507
598	-0.023181	-0.023072	-0.023153
599	-0.02284	-0.022743	-0.02281
600	-0.022509	-0.022468	-0.022487
601	-0.02219	-0.022184	-0.022181
602	-0.021907	-0.021879	-0.021922
603	-0.021614	-0.02157	-0.021643
604	-0.021269	-0.02124	-0.021251
605	-0.020921	-0.020907	-0.020858
606	-0.020508	-0.02048	-0.020451
607	-0.020096	-0.020053	-0.020044
608	-0.019683	-0.019645	-0.019636
609	-0.019271	-0.019239	-0.019228
610	-0.018983	-0.018961	-0.018957
611	-0.018723	-0.018711	-0.018717
612	-0.018483	-0.018447	-0.01849
613	-0.018251	-0.018177	-0.018268
614	-0.017975	-0.017863	-0.017954
615	-0.01767	-0.017521	-0.01758
616	-0.017343	-0.017199	-0.017243
617	-0.016997	-0.016898	-0.016943
618	-0.016662	-0.016592	-0.016629
619	-0.016347	-0.016279	-0.016294
620	-0.016048	-0.015975	-0.015985
621	-0.015784	-0.015693	-0.015733
622	-0.015497	-0.015398	-0.015462
623	-0.015114	-0.01505	-0.015108
624	-0.014737	-0.014701	-0.014759
625	-0.014426	-0.014345	-0.014449
626	-0.014115	-0.013988	-0.01414
627	-0.013835	-0.013713	-0.013849
628	-0.013556	-0.013439	-0.013557
629	-0.013185	-0.01307	-0.013195
630	-0.012804	-0.012689	-0.012825
631	-0.012482	-0.01237	-0.012484
632	-0.012174	-0.012066	-0.01215
633	-0.011795	-0.011733	-0.011803
634	-0.011385	-0.011387	-0.01145
635	-0.01107	-0.011067	-0.011124
636	-0.010819	-0.010763	-0.010815
637	-0.010563	-0.010508	-0.010535
638	-0.010302	-0.0103	-0.010284
639	-0.010047	-0.010083	-0.010046
640	-0.009801	-0.009854	-0.009829
641	-0.009543	-0.009592	-0.009587
642	-0.009259	-0.009258	-0.00929
643	-0.008992	-0.008946	-0.009
644	-0.008792	-0.008711	-0.008737
645	-0.008595	-0.008483	-0.008481
646	-0.008431	-0.008302	-0.008285
647	-0.008272	-0.008127	-0.008098
648	-0.00826	-0.008144	-0.008177
649	-0.008247	-0.00816	-0.008255
650	-0.008887	-0.008809	-0.008892
651	-0.009566	-0.009496	-0.009563
652	-0.010466	-0.010387	-0.010441
653	-0.011405	-0.011313	-0.011355
654	-0.012062	-0.011944	-0.012008
655	-0.012631	-0.012482	-0.01258
656	-0.012684	-0.012566	-0.012655
657	-0.012489	-0.012431	-0.012491
658	-0.011938	-0.011913	-0.011952
659	-0.011136	-0.011126	-0.01115
660	-0.0101	-0.0101	-0.010116
661	-0.00883	-0.008835	-0.008851
662	-0.007665	-0.007675	-0.007684
663	-0.006648	-0.006663	-0.006653
664	-0.005781	-0.0058	-0.005787
665	-0.00522	-0.005242	-0.005255
666	-0.004708	-0.004723	-0.004776
667	-0.004345	-0.004325	-0.004456
668	-0.004	-0.003951	-0.004131
669	-0.003742	-0.003701	-0.003777
670	-0.003491	-0.003452	-0.003437
671	-0.00331	-0.003213	-0.003258
672	-0.003129	-0.002973	-0.003079
673	-0.002871	-0.00279	-0.002881
674	-0.002612	-0.002606	-0.002683
675	-0.002432	-0.002414	-0.00249
676	-0.002258	-0.002221	-0.002297
677	-0.002126	-0.002094	-0.002127
678	-0.002002	-0.001979	-0.00196
679	-0.001861	-0.00182	-0.001793
680	-0.001716	-0.001648	-0.001626
681	-0.001577	-0.001492	-0.001492
682	-0.001441	-0.001343	-0.001373
683	-0.001291	-0.001209	-0.001245
684	-0.001131	-0.001084	-0.001113
685	-0.000981	-0.000919	-0.000959
686	-0.00084	-0.000721	-0.000785
687	-0.000691	-0.000578	-0.000653
688	-0.000532	-0.000502	-0.000569
689	-0.000379	-0.0004	-0.000447
690	-0.000239	-0.000259	-0.000266
691	-0.000088	-0.00009	-0.000078
692	0.000085	0.000141	0.000125
693	0.00026	0.00036	0.000322
694	0.000442	0.00054	0.000499
695	0.000616	0.000709	0.000665
696	0.000751	0.000826	0.000774
697	0.000893	0.000954	0.000898
698	0.001093	0.001175	0.001147
699	0.001297	0.001396	0.001397
700	0.00159	0.001633	0.001635
701	0.001883	0.001869	0.001874
702	0.002085	0.002043	0.002064
703	0.002283	0.002216	0.002252
704	0.002496	0.002487	0.002463
705	0.00271	0.002769	0.002678
706	0.00289	0.002951	0.002864
707	0.003062	0.003113	0.003044
708	0.003264	0.003312	0.00328
709	0.003474	0.003523	0.003533
710	0.003725	0.003772	0.003781
711	0.003993	0.004038	0.004028
712	0.004189	0.004259	0.004244
713	0.004345	0.004456	0.004443
714	0.004505	0.004631	0.004618
715	0.004667	0.004791	0.004776
716	0.004861	0.004976	0.004966
717	0.005085	0.005184	0.005188
718	0.005288	0.00536	0.005382
719	0.005467	0.005498	0.005546
720	0.005679	0.005675	0.005723
[LOG]
CHECKSUMí,