[HEADER]
Format	J&M ASCII Table
Comment	
Date	04/03/2026 19:16:35
Order	Y (evenX)
TechType	UV
NumPoints	411
FirstX	310
LastX	720
XType	nm
YType	Absorbance
ZType	s
NumSubFile	3
Matrix	Z vs X
[LOGIN]
Name=pcbob
[INSTRUMENT]
Name=TIDAS E Base UV/VI
Detector=MMS - ASPEN 97,5 kHz
Diodearray=256 Pixel
Serial#=36584
Calibrated=2011-07-01
Range=183.81-729.88 [nm] (F0)

SWVersion=v3.18.2 (build 0)[LOGIN]
Name=pcbob
[CONFIG]
ChannelName=Channel 1
ChannelType=Normalized
[PARAMETER]
It=400,00
Aver=5
Norm=3
Range=310,0-720,0 nm
Scan=Time
ScanTime=5,00 s
[TRIGGER]
Sweep=0
Scan=0
[DIO]
DigOut=0x0000
DigIn=0x0000
[DATA]
	00:00:00,000	00:00:02,000	00:00:04,000
310	0.238921	0.238724	0.238437
311	0.234877	0.23466	0.234383
312	0.230879	0.230637	0.230384
313	0.22698	0.226727	0.226488
314	0.223219	0.222972	0.222734
315	0.219482	0.219247	0.219012
316	0.215825	0.215617	0.21539
317	0.212175	0.211994	0.211772
318	0.208627	0.208463	0.208211
319	0.20508	0.204933	0.204651
320	0.201573	0.201412	0.201117
321	0.198073	0.197893	0.197585
322	0.194655	0.19444	0.194166
323	0.191273	0.191013	0.190792
324	0.187969	0.187681	0.187479
325	0.184734	0.18443	0.18422
326	0.181499	0.181204	0.180988
327	0.178263	0.178021	0.177805
328	0.175047	0.174847	0.174633
329	0.171925	0.171715	0.171509
330	0.168803	0.168583	0.168385
331	0.165622	0.165423	0.165254
332	0.16244	0.162264	0.162123
333	0.159486	0.159282	0.159147
334	0.156579	0.156338	0.156203
335	0.153637	0.153424	0.153252
336	0.150675	0.150526	0.150297
337	0.147722	0.147576	0.147339
338	0.14478	0.14457	0.144377
339	0.141885	0.141627	0.14146
340	0.139102	0.138834	0.138645
341	0.136315	0.136035	0.135828
342	0.133492	0.133197	0.132995
343	0.130669	0.130359	0.130162
344	0.127978	0.127693	0.127502
345	0.125294	0.125037	0.124851
346	0.122563	0.122363	0.122185
347	0.119818	0.119685	0.119514
348	0.117124	0.116997	0.116808
349	0.114464	0.114301	0.11408
350	0.111812	0.111665	0.111428
351	0.10917	0.109111	0.108879
352	0.106539	0.106533	0.106296
353	0.103938	0.103886	0.103614
354	0.101342	0.101242	0.100941
355	0.098808	0.098651	0.098372
356	0.096274	0.096061	0.095803
357	0.093735	0.093554	0.093319
358	0.091197	0.091057	0.090844
359	0.088785	0.088631	0.088417
360	0.086419	0.086231	0.086009
361	0.084069	0.083823	0.083629
362	0.081733	0.081407	0.081273
363	0.079351	0.079006	0.078901
364	0.076899	0.076627	0.076503
365	0.074481	0.074275	0.074127
366	0.072184	0.072021	0.071827
367	0.069893	0.069771	0.069534
368	0.067743	0.067608	0.0674
369	0.065593	0.065445	0.065267
370	0.063408	0.06324	0.063077
371	0.061219	0.061029	0.06088
372	0.05903	0.058865	0.058673
373	0.056841	0.056721	0.056462
374	0.054645	0.054541	0.054261
375	0.052443	0.052329	0.05207
376	0.050276	0.050139	0.049916
377	0.048168	0.047988	0.047828
378	0.046098	0.045889	0.045768
379	0.044189	0.044006	0.043828
380	0.042278	0.04212	0.041886
381	0.04029	0.040132	0.039908
382	0.038303	0.038143	0.037929
383	0.036451	0.036242	0.036072
384	0.034622	0.034355	0.034236
385	0.032775	0.032545	0.032419
386	0.03092	0.030771	0.030612
387	0.029094	0.028992	0.028821
388	0.027295	0.027207	0.027046
389	0.025571	0.025474	0.025329
390	0.023987	0.023836	0.02372
391	0.022382	0.022186	0.022092
392	0.020684	0.020478	0.020372
393	0.018986	0.018772	0.018653
394	0.017276	0.017123	0.017019
395	0.015566	0.015475	0.015386
396	0.014108	0.013994	0.01389
397	0.012696	0.012542	0.012418
398	0.011425	0.011269	0.011107
399	0.010221	0.01008	0.009871
400	0.008819	0.008677	0.008467
401	0.007231	0.007073	0.006904
402	0.005641	0.005486	0.005312
403	0.00405	0.003932	0.003667
404	0.002517	0.002429	0.00211
405	0.001247	0.001159	0.000943
406	-0.000022	-0.000111	-0.000225
407	-0.001228	-0.001347	-0.00148
408	-0.002434	-0.002583	-0.002734
409	-0.003764	-0.003889	-0.004025
410	-0.005114	-0.005207	-0.005323
411	-0.006525	-0.006618	-0.006731
412	-0.007964	-0.008071	-0.008189
413	-0.009308	-0.009453	-0.009598
414	-0.010566	-0.01077	-0.010963
415	-0.011911	-0.012129	-0.012333
416	-0.01341	-0.013561	-0.013713
417	-0.014896	-0.014992	-0.015101
418	-0.01633	-0.01642	-0.016522
419	-0.01775	-0.017835	-0.01793
420	-0.018828	-0.018945	-0.019027
421	-0.019906	-0.020055	-0.020124
422	-0.021088	-0.02126	-0.021349
423	-0.022284	-0.022479	-0.022592
424	-0.023429	-0.023625	-0.023707
425	-0.024553	-0.024743	-0.024772
426	-0.025529	-0.025703	-0.025741
427	-0.026384	-0.026537	-0.026633
428	-0.027165	-0.027318	-0.027433
429	-0.027834	-0.028015	-0.02809
430	-0.028493	-0.028685	-0.028747
431	-0.029122	-0.029266	-0.029402
432	-0.029763	-0.029863	-0.030062
433	-0.030547	-0.030659	-0.030791
434	-0.03133	-0.031455	-0.03152
435	-0.032142	-0.032309	-0.032361
436	-0.032957	-0.033168	-0.033213
437	-0.033748	-0.03392	-0.034006
438	-0.034531	-0.034636	-0.03478
439	-0.035223	-0.035311	-0.035482
440	-0.035852	-0.035958	-0.036136
441	-0.036506	-0.036616	-0.036795
442	-0.037192	-0.037285	-0.03746
443	-0.037813	-0.037894	-0.03807
444	-0.038272	-0.038348	-0.038537
445	-0.03873	-0.038804	-0.039006
446	-0.039186	-0.039274	-0.039491
447	-0.039642	-0.039744	-0.039977
448	-0.040084	-0.04017	-0.040396
449	-0.040525	-0.040595	-0.040813
450	-0.040898	-0.040963	-0.041139
451	-0.041255	-0.041319	-0.041445
452	-0.04159	-0.041654	-0.04177
453	-0.041913	-0.041978	-0.042105
454	-0.04229	-0.042341	-0.042482
455	-0.04272	-0.04274	-0.042899
456	-0.043091	-0.043105	-0.04326
457	-0.043351	-0.043405	-0.043516
458	-0.043609	-0.043692	-0.043777
459	-0.043855	-0.043925	-0.044061
460	-0.044101	-0.044158	-0.044343
461	-0.044322	-0.044386	-0.044588
462	-0.044544	-0.044615	-0.044832
463	-0.044803	-0.044879	-0.045058
464	-0.045066	-0.045149	-0.045282
465	-0.045195	-0.045261	-0.045433
466	-0.045275	-0.045316	-0.045558
467	-0.045318	-0.045368	-0.045605
468	-0.045335	-0.045416	-0.045595
469	-0.04532	-0.045407	-0.045567
470	-0.045265	-0.045321	-0.045517
471	-0.045211	-0.045261	-0.045476
472	-0.045161	-0.045265	-0.04546
473	-0.045135	-0.045286	-0.045463
474	-0.045264	-0.045418	-0.045591
475	-0.045393	-0.045549	-0.04572
476	-0.045498	-0.045625	-0.045804
477	-0.045604	-0.045699	-0.045887
478	-0.045685	-0.045794	-0.04594
479	-0.045761	-0.045893	-0.045986
480	-0.045906	-0.046	-0.04608
481	-0.046083	-0.04611	-0.046195
482	-0.046383	-0.046411	-0.046528
483	-0.04679	-0.046879	-0.047049
484	-0.047158	-0.047288	-0.047476
485	-0.047464	-0.047607	-0.047754
486	-0.047658	-0.047792	-0.047922
487	-0.047497	-0.047559	-0.047743
488	-0.047292	-0.047293	-0.04752
489	-0.046657	-0.046711	-0.04687
490	-0.046022	-0.046129	-0.04622
491	-0.045635	-0.045747	-0.045844
492	-0.045261	-0.045376	-0.045484
493	-0.044991	-0.045119	-0.045225
494	-0.044746	-0.044891	-0.044992
495	-0.044466	-0.044607	-0.044722
496	-0.044168	-0.044294	-0.044435
497	-0.04392	-0.044032	-0.044205
498	-0.043717	-0.043815	-0.044031
499	-0.04357	-0.04367	-0.043867
500	-0.043516	-0.043645	-0.04372
501	-0.043422	-0.043559	-0.043561
502	-0.04319	-0.043268	-0.04336
503	-0.042955	-0.042982	-0.043155
504	-0.042685	-0.042754	-0.042911
505	-0.042415	-0.042525	-0.042667
506	-0.042138	-0.042282	-0.04242
507	-0.041861	-0.042037	-0.042173
508	-0.041682	-0.041838	-0.041954
509	-0.041527	-0.041649	-0.041741
510	-0.041328	-0.041445	-0.041563
511	-0.041108	-0.041233	-0.041402
512	-0.040902	-0.041053	-0.041197
513	-0.040708	-0.040901	-0.040953
514	-0.040528	-0.040724	-0.040747
515	-0.040373	-0.040509	-0.040602
516	-0.040184	-0.040278	-0.040418
517	-0.039889	-0.039998	-0.040114
518	-0.039598	-0.039718	-0.039814
519	-0.039343	-0.039444	-0.03954
520	-0.039088	-0.039171	-0.039266
521	-0.038802	-0.03888	-0.038994
522	-0.038514	-0.038588	-0.038722
523	-0.03823	-0.038321	-0.038463
524	-0.037946	-0.038058	-0.038206
525	-0.037687	-0.037804	-0.037967
526	-0.037439	-0.037553	-0.037735
527	-0.037205	-0.037305	-0.037484
528	-0.036982	-0.037058	-0.03722
529	-0.036734	-0.036815	-0.036969
530	-0.036454	-0.036578	-0.036736
531	-0.036222	-0.036363	-0.036529
532	-0.036108	-0.036199	-0.036386
533	-0.035984	-0.036039	-0.036241
534	-0.035806	-0.035903	-0.036081
535	-0.035627	-0.035765	-0.035919
536	-0.035447	-0.035559	-0.035687
537	-0.035267	-0.035354	-0.035455
538	-0.035046	-0.035136	-0.035275
539	-0.034821	-0.034916	-0.035101
540	-0.03459	-0.034693	-0.034864
541	-0.034358	-0.034469	-0.034608
542	-0.034104	-0.034231	-0.034347
543	-0.033838	-0.033983	-0.034083
544	-0.033525	-0.033672	-0.03377
545	-0.033166	-0.033298	-0.033407
546	-0.032835	-0.032936	-0.03306
547	-0.032553	-0.032594	-0.032741
548	-0.032264	-0.032273	-0.032431
549	-0.031953	-0.032017	-0.03215
550	-0.031649	-0.031757	-0.031871
551	-0.031393	-0.031472	-0.031598
552	-0.031136	-0.031186	-0.031326
553	-0.030923	-0.030997	-0.031129
554	-0.030711	-0.030808	-0.030933
555	-0.030462	-0.030584	-0.030699
556	-0.030207	-0.030354	-0.030459
557	-0.029955	-0.030097	-0.030186
558	-0.029704	-0.029829	-0.029901
559	-0.029466	-0.02957	-0.029641
560	-0.029237	-0.029317	-0.029397
561	-0.029069	-0.029135	-0.029212
562	-0.028964	-0.029028	-0.02909
563	-0.02883	-0.02889	-0.028944
564	-0.028641	-0.028697	-0.028758
565	-0.028513	-0.028571	-0.028647
566	-0.028583	-0.028663	-0.028775
567	-0.028667	-0.028761	-0.028908
568	-0.028861	-0.028902	-0.029068
569	-0.029056	-0.029042	-0.029229
570	-0.029147	-0.029197	-0.029329
571	-0.029236	-0.029353	-0.029428
572	-0.029324	-0.029424	-0.029506
573	-0.029411	-0.029483	-0.029581
574	-0.02943	-0.029503	-0.029579
575	-0.029425	-0.02951	-0.029552
576	-0.029408	-0.029487	-0.029521
577	-0.029383	-0.029444	-0.029487
578	-0.02932	-0.029378	-0.029432
579	-0.029221	-0.02929	-0.029357
580	-0.0291	-0.02917	-0.02924
581	-0.028945	-0.029002	-0.029058
582	-0.028708	-0.028757	-0.028807
583	-0.028253	-0.028312	-0.028379
584	-0.027801	-0.027869	-0.027945
585	-0.02736	-0.027434	-0.02748
586	-0.026915	-0.026994	-0.027013
587	-0.026366	-0.026462	-0.02651
588	-0.025818	-0.025931	-0.026007
589	-0.025372	-0.025479	-0.025569
590	-0.024935	-0.025034	-0.025136
591	-0.024491	-0.024572	-0.024673
592	-0.024047	-0.024108	-0.024203
593	-0.023726	-0.023788	-0.023884
594	-0.023458	-0.023531	-0.023631
595	-0.023123	-0.023192	-0.023283
596	-0.02274	-0.022796	-0.022869
597	-0.022356	-0.022399	-0.02249
598	-0.021971	-0.022	-0.02215
599	-0.021604	-0.021635	-0.021801
600	-0.021269	-0.021329	-0.021435
601	-0.020953	-0.021033	-0.021096
602	-0.020691	-0.020766	-0.020835
603	-0.020409	-0.02048	-0.020556
604	-0.020007	-0.020087	-0.020168
605	-0.019602	-0.019692	-0.019777
606	-0.01914	-0.019227	-0.019316
607	-0.018677	-0.018762	-0.018855
608	-0.018198	-0.0183	-0.018377
609	-0.017719	-0.017839	-0.017899
610	-0.017409	-0.017519	-0.017589
611	-0.017137	-0.017229	-0.017317
612	-0.016849	-0.016931	-0.01701
613	-0.016555	-0.016629	-0.01669
614	-0.0162	-0.016267	-0.016352
615	-0.015807	-0.015866	-0.016003
616	-0.015427	-0.015486	-0.015606
617	-0.015059	-0.015126	-0.015163
618	-0.014686	-0.014756	-0.014753
619	-0.014302	-0.014372	-0.014392
620	-0.013934	-0.014001	-0.014047
621	-0.013605	-0.013662	-0.013738
622	-0.013259	-0.013315	-0.013412
623	-0.012842	-0.012936	-0.013019
624	-0.012429	-0.012554	-0.012631
625	-0.012045	-0.012148	-0.012291
626	-0.011662	-0.011743	-0.01195
627	-0.011333	-0.011406	-0.011574
628	-0.011004	-0.011069	-0.011198
629	-0.010598	-0.010666	-0.010775
630	-0.010182	-0.010255	-0.010347
631	-0.009829	-0.009888	-0.009991
632	-0.009491	-0.009532	-0.009654
633	-0.009109	-0.009154	-0.009285
634	-0.008708	-0.008767	-0.008903
635	-0.008354	-0.008431	-0.008553
636	-0.008033	-0.00813	-0.008226
637	-0.007747	-0.007851	-0.007947
638	-0.007496	-0.007592	-0.007716
639	-0.007246	-0.007337	-0.007469
640	-0.006999	-0.007085	-0.0072
641	-0.006716	-0.006804	-0.006908
642	-0.006354	-0.006459	-0.006569
643	-0.006013	-0.006132	-0.00624
644	-0.005745	-0.005871	-0.00595
645	-0.005493	-0.005622	-0.005681
646	-0.005351	-0.005456	-0.005555
647	-0.005217	-0.005298	-0.005435
648	-0.005283	-0.005381	-0.005485
649	-0.005349	-0.005464	-0.005535
650	-0.006157	-0.00628	-0.006347
651	-0.00701	-0.00714	-0.007206
652	-0.008179	-0.008263	-0.008313
653	-0.009402	-0.009432	-0.009462
654	-0.010218	-0.010256	-0.01028
655	-0.010907	-0.010972	-0.010994
656	-0.011013	-0.011087	-0.011104
657	-0.010837	-0.010912	-0.010923
658	-0.010193	-0.010246	-0.010294
659	-0.00922	-0.009235	-0.009348
660	-0.007984	-0.008008	-0.00814
661	-0.006487	-0.006566	-0.006667
662	-0.005069	-0.005171	-0.005269
663	-0.003762	-0.00384	-0.003974
664	-0.002655	-0.002733	-0.002874
665	-0.001956	-0.002078	-0.002172
666	-0.00134	-0.001492	-0.001546
667	-0.000978	-0.00112	-0.001155
668	-0.000627	-0.000757	-0.000781
669	-0.000331	-0.000441	-0.000492
670	-0.000046	-0.000138	-0.00021
671	0.000123	0.000022	-0.000019
672	0.000293	0.000182	0.000172
673	0.00054	0.000426	0.000343
674	0.000788	0.000671	0.000515
675	0.000968	0.000817	0.000747
676	0.001143	0.000954	0.000984
677	0.00128	0.001153	0.001145
678	0.001409	0.001364	0.001292
679	0.001559	0.001537	0.001442
680	0.001716	0.001699	0.001593
681	0.00189	0.001857	0.00174
682	0.002073	0.002015	0.001885
683	0.002263	0.002181	0.00206
684	0.002457	0.002353	0.002254
685	0.002626	0.00252	0.002431
686	0.002774	0.002683	0.002594
687	0.002917	0.00283	0.002732
688	0.003053	0.002957	0.002842
689	0.003178	0.00311	0.002964
690	0.003288	0.0033	0.003107
691	0.00344	0.003495	0.003277
692	0.003688	0.003696	0.003509
693	0.003931	0.003901	0.003745
694	0.004159	0.004116	0.003996
695	0.004373	0.004317	0.004222
696	0.004519	0.004453	0.004334
697	0.004674	0.004597	0.004456
698	0.00491	0.004815	0.004666
699	0.005148	0.005035	0.004879
700	0.005422	0.0053	0.00517
701	0.005695	0.005565	0.005461
702	0.005824	0.005684	0.005606
703	0.005948	0.005797	0.005745
704	0.006104	0.006046	0.005959
705	0.006263	0.006311	0.006181
706	0.006487	0.006522	0.006387
707	0.006724	0.006722	0.00659
708	0.00695	0.006923	0.006836
709	0.007173	0.007125	0.007096
710	0.007409	0.007365	0.007316
711	0.00765	0.007622	0.007519
712	0.007854	0.007786	0.007682
713	0.008037	0.007899	0.007821
714	0.00821	0.00808	0.007986
715	0.008374	0.00831	0.008169
716	0.008522	0.008469	0.008334
717	0.008653	0.008564	0.008484
718	0.008829	0.008719	0.008669
719	0.009059	0.008945	0.008897
720	0.009302	0.009196	0.009113
[LOG]
CHECKSUM‡Q