[HEADER]
Format	J&M ASCII Table
Comment	
Date	04/03/2026 19:41:05
Order	Y (evenX)
TechType	UV
NumPoints	411
FirstX	310
LastX	720
XType	nm
YType	Absorbance
ZType	s
NumSubFile	3
Matrix	Z vs X
[LOGIN]
Name=pcbob
[INSTRUMENT]
Name=TIDAS E Base UV/VI
Detector=MMS - ASPEN 97,5 kHz
Diodearray=256 Pixel
Serial#=36584
Calibrated=2011-07-01
Range=183.81-729.88 [nm] (F0)

SWVersion=v3.18.2 (build 0)[LOGIN]
Name=pcbob
[CONFIG]
ChannelName=Channel 1
ChannelType=Normalized
[PARAMETER]
It=400,00
Aver=5
Norm=3
Range=310,0-720,0 nm
Scan=Time
ScanTime=5,00 s
[TRIGGER]
Sweep=0
Scan=0
[DIO]
DigOut=0x0000
DigIn=0x0000
[DATA]
	00:00:00,000	00:00:02,000	00:00:04,000
310	0.603582	0.602882	0.602306
311	0.594576	0.593941	0.593384
312	0.585738	0.5852	0.584661
313	0.577024	0.576505	0.575972
314	0.568484	0.567874	0.567328
315	0.560028	0.559342	0.558788
316	0.551838	0.551119	0.550569
317	0.543651	0.542906	0.542362
318	0.535515	0.53484	0.534307
319	0.52738	0.526773	0.526251
320	0.519511	0.518869	0.518359
321	0.511677	0.510985	0.510488
322	0.503928	0.503234	0.502729
323	0.496213	0.495537	0.495015
324	0.488588	0.487951	0.487415
325	0.481042	0.480464	0.479916
326	0.473623	0.473074	0.472516
327	0.466435	0.465864	0.465298
328	0.459224	0.458636	0.458051
329	0.451899	0.451323	0.450675
330	0.444575	0.444011	0.443298
331	0.43759	0.436935	0.436276
332	0.430605	0.429859	0.429253
333	0.423774	0.423054	0.422465
334	0.416976	0.416308	0.415727
335	0.410308	0.409647	0.409116
336	0.40371	0.403033	0.402573
337	0.397112	0.396421	0.395994
338	0.390513	0.389812	0.389374
339	0.384021	0.38333	0.382871
340	0.377782	0.377147	0.376641
341	0.371566	0.370967	0.370431
342	0.365515	0.364814	0.364362
343	0.359464	0.35866	0.358292
344	0.35351	0.352743	0.35228
345	0.347562	0.346838	0.34627
346	0.34174	0.341006	0.340479
347	0.335954	0.335196	0.334753
348	0.330213	0.329429	0.329001
349	0.324503	0.323692	0.323232
350	0.318817	0.318084	0.317571
351	0.313165	0.312649	0.312055
352	0.307585	0.307188	0.306549
353	0.302224	0.301652	0.301073
354	0.296864	0.296137	0.295606
355	0.291518	0.290866	0.290253
356	0.286172	0.285595	0.284899
357	0.280787	0.280233	0.279555
358	0.275398	0.274862	0.274211
359	0.270265	0.269723	0.269115
360	0.265227	0.264669	0.26411
361	0.260204	0.259651	0.259096
362	0.255193	0.25466	0.254074
363	0.250235	0.249696	0.249094
364	0.245359	0.244773	0.244182
365	0.24053	0.239911	0.239326
366	0.235871	0.235274	0.23467
367	0.231216	0.230639	0.23002
368	0.226648	0.226052	0.225496
369	0.222081	0.221465	0.220972
370	0.217551	0.216853	0.21634
371	0.213027	0.212236	0.211692
372	0.208492	0.207704	0.207164
373	0.203952	0.203208	0.202688
374	0.199477	0.198808	0.198313
375	0.19506	0.194493	0.194027
376	0.19074	0.190216	0.189747
377	0.186591	0.186006	0.185479
378	0.182454	0.181813	0.181253
379	0.178369	0.177689	0.177203
380	0.174284	0.173567	0.173153
381	0.170214	0.169532	0.169124
382	0.166145	0.165497	0.165095
383	0.162259	0.16161	0.161172
384	0.158404	0.157748	0.157266
385	0.154581	0.153943	0.153447
386	0.150773	0.150166	0.149667
387	0.147072	0.146474	0.145968
388	0.143471	0.142863	0.142344
389	0.139884	0.139292	0.138768
390	0.136325	0.135797	0.135277
391	0.132765	0.132302	0.131781
392	0.129206	0.128804	0.128262
393	0.125649	0.125308	0.124745
394	0.122295	0.121879	0.121452
395	0.118941	0.118451	0.118158
396	0.115917	0.115419	0.115084
397	0.112953	0.112459	0.11205
398	0.110103	0.109627	0.109187
399	0.107307	0.106855	0.106404
400	0.104368	0.103915	0.103476
401	0.101293	0.100816	0.10041
402	0.098184	0.097703	0.097332
403	0.095011	0.094561	0.094229
404	0.091937	0.091505	0.091206
405	0.089306	0.088827	0.088531
406	0.086676	0.086153	0.08586
407	0.084132	0.083654	0.083339
408	0.081588	0.081155	0.080818
409	0.078875	0.078535	0.078207
410	0.076133	0.075894	0.07558
411	0.073453	0.073179	0.072869
412	0.070801	0.07043	0.070121
413	0.068109	0.067748	0.067438
414	0.065382	0.065124	0.064814
415	0.062714	0.062486	0.062193
416	0.06015	0.059823	0.059576
417	0.057557	0.057163	0.056941
418	0.054853	0.054517	0.05423
419	0.05217	0.051888	0.051543
420	0.05002	0.049678	0.04942
421	0.047869	0.047467	0.047298
422	0.045706	0.045348	0.045121
423	0.043542	0.043241	0.042936
424	0.041432	0.041095	0.040823
425	0.039344	0.038934	0.038739
426	0.037398	0.036967	0.036808
427	0.035568	0.035158	0.035001
428	0.033838	0.033436	0.033289
429	0.032262	0.031847	0.031724
430	0.030676	0.030244	0.030133
431	0.029059	0.028593	0.028458
432	0.027439	0.026946	0.026787
433	0.025786	0.025351	0.025187
434	0.024132	0.023757	0.023586
435	0.022583	0.022218	0.022072
436	0.021044	0.020684	0.020565
437	0.019462	0.019148	0.019028
438	0.017865	0.017611	0.017481
439	0.016463	0.016239	0.016096
440	0.015192	0.014979	0.014819
441	0.01391	0.013684	0.013519
442	0.012611	0.012345	0.012191
443	0.011384	0.011082	0.010943
444	0.010342	0.010012	0.009902
445	0.009288	0.008942	0.008864
446	0.008159	0.00787	0.007843
447	0.007029	0.006798	0.006823
448	0.006055	0.005821	0.005816
449	0.005086	0.004846	0.004809
450	0.004194	0.003968	0.003898
451	0.003321	0.003112	0.00301
452	0.00251	0.002277	0.002184
453	0.001731	0.001453	0.001391
454	0.000903	0.000608	0.000554
455	0.000026	-0.000257	-0.000327
456	-0.000794	-0.001058	-0.001146
457	-0.00151	-0.001737	-0.00185
458	-0.00221	-0.002417	-0.002537
459	-0.002846	-0.003097	-0.003158
460	-0.003483	-0.003776	-0.003779
461	-0.004137	-0.004413	-0.004375
462	-0.00479	-0.005049	-0.004971
463	-0.005396	-0.00562	-0.005632
464	-0.005994	-0.006183	-0.0063
465	-0.00649	-0.006665	-0.006773
466	-0.006949	-0.007119	-0.007174
467	-0.007357	-0.007508	-0.007546
468	-0.007728	-0.007852	-0.007895
469	-0.008089	-0.008214	-0.008261
470	-0.008435	-0.0086	-0.008649
471	-0.00877	-0.008962	-0.009004
472	-0.00908	-0.009267	-0.009274
473	-0.009395	-0.009579	-0.009553
474	-0.00975	-0.009937	-0.009902
475	-0.010105	-0.010295	-0.010251
476	-0.010356	-0.010604	-0.010605
477	-0.010604	-0.010912	-0.010958
478	-0.010927	-0.011208	-0.011238
479	-0.011264	-0.011503	-0.011502
480	-0.011636	-0.011858	-0.011853
481	-0.012023	-0.012243	-0.012244
482	-0.012489	-0.012689	-0.012701
483	-0.013025	-0.013188	-0.013215
484	-0.013567	-0.013713	-0.013754
485	-0.014118	-0.014279	-0.014332
486	-0.014544	-0.014725	-0.014769
487	-0.014578	-0.014799	-0.014762
488	-0.014584	-0.014836	-0.014734
489	-0.014328	-0.014526	-0.014494
490	-0.014072	-0.014216	-0.014255
491	-0.013879	-0.014019	-0.014036
492	-0.01369	-0.013829	-0.013819
493	-0.013664	-0.013803	-0.013768
494	-0.013677	-0.013819	-0.013757
495	-0.0136	-0.013749	-0.01369
496	-0.013477	-0.013635	-0.013595
497	-0.013389	-0.013579	-0.013548
498	-0.013336	-0.013577	-0.013547
499	-0.013346	-0.01361	-0.013567
500	-0.013465	-0.013699	-0.013623
501	-0.013545	-0.013748	-0.013656
502	-0.013499	-0.013662	-0.013607
503	-0.013448	-0.013579	-0.013556
504	-0.013345	-0.013535	-0.013474
505	-0.013242	-0.01349	-0.013391
506	-0.013173	-0.013371	-0.013323
507	-0.013106	-0.013247	-0.013256
508	-0.013073	-0.01325	-0.013246
509	-0.013047	-0.013285	-0.01325
510	-0.013031	-0.013308	-0.013257
511	-0.01302	-0.013325	-0.013266
512	-0.013045	-0.01332	-0.013259
513	-0.013103	-0.013295	-0.013239
514	-0.013147	-0.013307	-0.013224
515	-0.013169	-0.013376	-0.013216
516	-0.013145	-0.01339	-0.013178
517	-0.012976	-0.013235	-0.013045
518	-0.012813	-0.013082	-0.012915
519	-0.012703	-0.012956	-0.012807
520	-0.012592	-0.01283	-0.012698
521	-0.012481	-0.01267	-0.012561
522	-0.01237	-0.012509	-0.012423
523	-0.012235	-0.012405	-0.012304
524	-0.012096	-0.012313	-0.01219
525	-0.011962	-0.012146	-0.012049
526	-0.01183	-0.011946	-0.011897
527	-0.01172	-0.011841	-0.011775
528	-0.011627	-0.01181	-0.011677
529	-0.01154	-0.011741	-0.01161
530	-0.01146	-0.01162	-0.011586
531	-0.011397	-0.011551	-0.01157
532	-0.011375	-0.011606	-0.011577
533	-0.011358	-0.011644	-0.011572
534	-0.011368	-0.011589	-0.011503
535	-0.011374	-0.011534	-0.011433
536	-0.011256	-0.011436	-0.011315
537	-0.011139	-0.011338	-0.011197
538	-0.01105	-0.011204	-0.011138
539	-0.010965	-0.011066	-0.011085
540	-0.010845	-0.010967	-0.010969
541	-0.010715	-0.01088	-0.010834
542	-0.01059	-0.010743	-0.010705
543	-0.010469	-0.010577	-0.010581
544	-0.010322	-0.01041	-0.010404
545	-0.010149	-0.010242	-0.010173
546	-0.009959	-0.010064	-0.009967
547	-0.00974	-0.009867	-0.009804
548	-0.009518	-0.009676	-0.009625
549	-0.009288	-0.009504	-0.009394
550	-0.009066	-0.00933	-0.009164
551	-0.00891	-0.009136	-0.008944
552	-0.008755	-0.008943	-0.008724
553	-0.008658	-0.008853	-0.008694
554	-0.008562	-0.008765	-0.008667
555	-0.008526	-0.008716	-0.008625
556	-0.0085	-0.008674	-0.008582
557	-0.008393	-0.008546	-0.008486
558	-0.008257	-0.008387	-0.00837
559	-0.008152	-0.008267	-0.00825
560	-0.008068	-0.008173	-0.008128
561	-0.008012	-0.008109	-0.008042
562	-0.007986	-0.008079	-0.007996
563	-0.007944	-0.008037	-0.007941
564	-0.007872	-0.007974	-0.007873
565	-0.007847	-0.007954	-0.007853
566	-0.007969	-0.008074	-0.00799
567	-0.008088	-0.008193	-0.008125
568	-0.008176	-0.008308	-0.00825
569	-0.008264	-0.008423	-0.008374
570	-0.008354	-0.008476	-0.008453
571	-0.008444	-0.008529	-0.008531
572	-0.008523	-0.00865	-0.008606
573	-0.0086	-0.008783	-0.008681
574	-0.008657	-0.00879	-0.008701
575	-0.008706	-0.008755	-0.008704
576	-0.008711	-0.008761	-0.008707
577	-0.00869	-0.008791	-0.00871
578	-0.008683	-0.008777	-0.008698
579	-0.008688	-0.008721	-0.00867
580	-0.008657	-0.008659	-0.008621
581	-0.008571	-0.008588	-0.008539
582	-0.008413	-0.008449	-0.008395
583	-0.008067	-0.008131	-0.008092
584	-0.007732	-0.007824	-0.007795
585	-0.007452	-0.007577	-0.00753
586	-0.007171	-0.007326	-0.00726
587	-0.006869	-0.006979	-0.006904
588	-0.006568	-0.006633	-0.006547
589	-0.006272	-0.006353	-0.006276
590	-0.005976	-0.006079	-0.006011
591	-0.005703	-0.00582	-0.005743
592	-0.005435	-0.005565	-0.005474
593	-0.005241	-0.005365	-0.005284
594	-0.00508	-0.005189	-0.005129
595	-0.004865	-0.00497	-0.004895
596	-0.004614	-0.004722	-0.004607
597	-0.004344	-0.004447	-0.004317
598	-0.004053	-0.004144	-0.004023
599	-0.003765	-0.003849	-0.003744
600	-0.003481	-0.003571	-0.003487
601	-0.00322	-0.003312	-0.00325
602	-0.003022	-0.003111	-0.003066
603	-0.002815	-0.002904	-0.00287
604	-0.002557	-0.002659	-0.0026
605	-0.002294	-0.002409	-0.002327
606	-0.00192	-0.002032	-0.001946
607	-0.001546	-0.001654	-0.001566
608	-0.00128	-0.001372	-0.001268
609	-0.001022	-0.001098	-0.000976
610	-0.000777	-0.000865	-0.000764
611	-0.000535	-0.000642	-0.00057
612	-0.000361	-0.000488	-0.000428
613	-0.000213	-0.000362	-0.000308
614	-0.000021	-0.000161	-0.000107
615	0.0002	0.000089	0.000146
616	0.00045	0.000341	0.000419
617	0.00073	0.000595	0.000714
618	0.000987	0.000836	0.000975
619	0.001209	0.001059	0.001186
620	0.001412	0.00126	0.001389
621	0.001573	0.001408	0.001574
622	0.001767	0.001587	0.001777
623	0.002097	0.001888	0.00205
624	0.002414	0.002184	0.002318
625	0.002606	0.002418	0.002544
626	0.002797	0.002653	0.00277
627	0.003084	0.002972	0.003041
628	0.003372	0.003291	0.003312
629	0.003677	0.003566	0.003652
630	0.003984	0.003836	0.004
631	0.004249	0.004085	0.00424
632	0.004502	0.004329	0.004453
633	0.004782	0.004611	0.004735
634	0.005074	0.004911	0.005048
635	0.005312	0.005173	0.005308
636	0.005515	0.005409	0.005531
637	0.005755	0.005661	0.005758
638	0.006032	0.005929	0.005989
639	0.006284	0.006166	0.006233
640	0.006501	0.006358	0.006496
641	0.006679	0.006539	0.006712
642	0.006773	0.006694	0.006825
643	0.006883	0.006851	0.00695
644	0.007049	0.007017	0.007114
645	0.007214	0.007177	0.007279
646	0.007375	0.007298	0.007441
647	0.00753	0.007415	0.007596
648	0.007525	0.007415	0.007523
649	0.007521	0.007414	0.00745
650	0.006862	0.006767	0.006808
651	0.006162	0.00608	0.006131
652	0.005296	0.005219	0.005294
653	0.004402	0.004327	0.004429
654	0.003854	0.003765	0.003861
655	0.003413	0.003306	0.003385
656	0.003275	0.003215	0.003246
657	0.003284	0.003302	0.003271
658	0.003699	0.003732	0.003711
659	0.004399	0.004403	0.004443
660	0.005289	0.005247	0.005332
661	0.006368	0.006265	0.006379
662	0.007393	0.007257	0.007403
663	0.008344	0.008215	0.008395
664	0.009192	0.009065	0.009253
665	0.009829	0.009698	0.009839
666	0.010374	0.010246	0.01035
667	0.010637	0.010531	0.010634
668	0.010889	0.010802	0.010906
669	0.011091	0.011004	0.011118
670	0.011285	0.011201	0.011319
671	0.011387	0.01134	0.011394
672	0.011489	0.011479	0.011469
673	0.011709	0.011608	0.01163
674	0.011928	0.011737	0.011792
675	0.012058	0.011868	0.011998
676	0.01218	0.012	0.012208
677	0.012282	0.012125	0.012318
678	0.012381	0.012248	0.012409
679	0.012524	0.012366	0.012508
680	0.012681	0.012482	0.012609
681	0.012805	0.012617	0.012718
682	0.012913	0.01276	0.012831
683	0.013069	0.012915	0.012978
684	0.013256	0.013076	0.013147
685	0.013375	0.01317	0.013275
686	0.013434	0.013205	0.013368
687	0.01351	0.013302	0.013468
688	0.013608	0.013472	0.013578
689	0.01372	0.013633	0.013717
690	0.013854	0.013781	0.013902
691	0.013992	0.01393	0.014069
692	0.014138	0.014083	0.014199
693	0.014295	0.014237	0.014336
694	0.014487	0.014392	0.014494
695	0.014661	0.014537	0.014646
696	0.014742	0.014632	0.01477
697	0.014841	0.014736	0.0149
698	0.015092	0.014928	0.015081
699	0.015341	0.01512	0.015264
700	0.015541	0.015336	0.01548
701	0.015741	0.015552	0.015696
702	0.015861	0.01569	0.015809
703	0.015979	0.015826	0.015918
704	0.016119	0.015998	0.016128
705	0.016262	0.016173	0.016349
706	0.016466	0.016323	0.016479
707	0.016682	0.016469	0.016589
708	0.016844	0.016678	0.016791
709	0.016988	0.016907	0.01702
710	0.017163	0.017065	0.017197
711	0.017351	0.017192	0.017352
712	0.017493	0.017343	0.017471
713	0.017609	0.017508	0.01757
714	0.01774	0.01765	0.017687
715	0.017882	0.017775	0.017818
716	0.018049	0.0179	0.017973
717	0.018241	0.018026	0.01815
718	0.018394	0.018191	0.018349
719	0.018502	0.018404	0.018574
720	0.018658	0.018623	0.018792
[LOG]
CHECKSUMm0