[HEADER]
Format	J&M ASCII Table
Comment	
Date	04/03/2026 19:43:18
Order	Y (evenX)
TechType	UV
NumPoints	411
FirstX	310
LastX	720
XType	nm
YType	Absorbance
ZType	s
NumSubFile	3
Matrix	Z vs X
[LOGIN]
Name=pcbob
[INSTRUMENT]
Name=TIDAS E Base UV/VI
Detector=MMS - ASPEN 97,5 kHz
Diodearray=256 Pixel
Serial#=36584
Calibrated=2011-07-01
Range=183.81-729.88 [nm] (F0)

SWVersion=v3.18.2 (build 0)[LOGIN]
Name=pcbob
[CONFIG]
ChannelName=Channel 1
ChannelType=Normalized
[PARAMETER]
It=400,00
Aver=5
Norm=3
Range=310,0-720,0 nm
Scan=Time
ScanTime=5,00 s
[TRIGGER]
Sweep=0
Scan=0
[DIO]
DigOut=0x0000
DigIn=0x0000
[DATA]
	00:00:00,000	00:00:02,000	00:00:04,000
310	0.605783	0.605177	0.60479
311	0.59685	0.596291	0.59586
312	0.588119	0.587649	0.587107
313	0.579466	0.579014	0.578439
314	0.570922	0.570389	0.569887
315	0.562454	0.561861	0.561416
316	0.554227	0.55364	0.553196
317	0.546009	0.545432	0.544988
318	0.537921	0.537425	0.536943
319	0.529833	0.529417	0.528898
320	0.521962	0.521497	0.520997
321	0.51412	0.513589	0.513115
322	0.506384	0.505824	0.505384
323	0.498693	0.498119	0.497714
324	0.491074	0.490531	0.490114
325	0.483519	0.483046	0.482576
326	0.476062	0.475645	0.475151
327	0.468783	0.468397	0.467932
328	0.461497	0.461133	0.460689
329	0.45418	0.453793	0.45333
330	0.446863	0.446455	0.445971
331	0.439796	0.439471	0.438934
332	0.432729	0.432488	0.431897
333	0.425978	0.425669	0.425103
334	0.419294	0.418884	0.418361
335	0.412657	0.412145	0.411692
336	0.406046	0.40543	0.405063
337	0.399414	0.39879	0.39841
338	0.39276	0.392233	0.391727
339	0.386263	0.385795	0.385206
340	0.380137	0.379636	0.379063
341	0.374016	0.373478	0.372929
342	0.367933	0.367331	0.366861
343	0.361851	0.361183	0.360793
344	0.355807	0.355339	0.354866
345	0.349766	0.349512	0.348948
346	0.343917	0.343635	0.343112
347	0.338125	0.337743	0.3373
348	0.332374	0.33191	0.331516
349	0.32665	0.326116	0.325751
350	0.32102	0.320428	0.32008
351	0.31552	0.314883	0.314538
352	0.310017	0.309375	0.309019
353	0.304508	0.303977	0.303573
354	0.29901	0.29858	0.298133
355	0.293643	0.293196	0.292764
356	0.288276	0.287812	0.287394
357	0.28293	0.282455	0.282036
358	0.277585	0.2771	0.276679
359	0.272417	0.271973	0.27156
360	0.267314	0.266928	0.266527
361	0.262333	0.261924	0.261555
362	0.257448	0.256951	0.25663
363	0.252525	0.251987	0.251676
364	0.247544	0.247034	0.246674
365	0.242629	0.242152	0.241736
366	0.237956	0.23753	0.237031
367	0.233286	0.232908	0.232335
368	0.228682	0.228301	0.227848
369	0.224078	0.223693	0.223361
370	0.219552	0.219175	0.218776
371	0.215037	0.21467	0.214176
372	0.210487	0.210101	0.209639
373	0.205922	0.205506	0.205127
374	0.201465	0.201078	0.2007
375	0.197103	0.196797	0.196346
376	0.192834	0.192527	0.192062
377	0.188726	0.188277	0.187902
378	0.184623	0.184066	0.183758
379	0.180538	0.180019	0.179679
380	0.176452	0.175972	0.1756
381	0.172348	0.171937	0.17148
382	0.168245	0.167902	0.167361
383	0.164299	0.163973	0.163444
384	0.16038	0.160063	0.159563
385	0.156598	0.156274	0.155765
386	0.152879	0.152541	0.152005
387	0.149143	0.148824	0.148302
388	0.14539	0.145121	0.144652
389	0.141718	0.141464	0.141033
390	0.138194	0.137895	0.137469
391	0.134643	0.134334	0.133895
392	0.130967	0.13081	0.13027
393	0.127297	0.127288	0.12665
394	0.12398	0.123845	0.123328
395	0.120664	0.120402	0.120007
396	0.117644	0.117323	0.116976
397	0.114677	0.114309	0.113998
398	0.11181	0.111461	0.111159
399	0.108989	0.10869	0.108386
400	0.105993	0.10571	0.105435
401	0.102831	0.102532	0.102316
402	0.099678	0.099352	0.099182
403	0.096542	0.096165	0.096016
404	0.093488	0.093086	0.092932
405	0.090807	0.09049	0.090211
406	0.088126	0.087894	0.087493
407	0.085522	0.085253	0.084923
408	0.082918	0.082612	0.082353
409	0.080181	0.079856	0.079647
410	0.077423	0.07708	0.076918
411	0.074681	0.074356	0.07414
412	0.071946	0.071656	0.07134
413	0.069228	0.068959	0.068604
414	0.066526	0.066263	0.065927
415	0.063845	0.063587	0.063265
416	0.061201	0.060945	0.060632
417	0.058532	0.058277	0.057996
418	0.05577	0.055509	0.055346
419	0.053029	0.052763	0.052712
420	0.050832	0.050564	0.050459
421	0.048636	0.048364	0.048206
422	0.046487	0.046197	0.045984
423	0.044345	0.044034	0.043766
424	0.04218	0.04185	0.041596
425	0.040005	0.039656	0.039446
426	0.037946	0.037663	0.03744
427	0.035981	0.035833	0.03555
428	0.034141	0.03406	0.033782
429	0.032496	0.032374	0.032201
430	0.030844	0.030694	0.030592
431	0.029175	0.029026	0.028889
432	0.027513	0.027361	0.027191
433	0.025933	0.025727	0.025548
434	0.024353	0.024092	0.023905
435	0.022723	0.022509	0.022294
436	0.021089	0.020931	0.020686
437	0.019524	0.019338	0.019128
438	0.017981	0.017742	0.017587
439	0.016539	0.016334	0.016198
440	0.015164	0.015053	0.014911
441	0.013797	0.013708	0.013563
442	0.012441	0.01228	0.012137
443	0.01117	0.010958	0.010814
444	0.010115	0.009902	0.009756
445	0.009053	0.008844	0.008698
446	0.00794	0.007775	0.007643
447	0.006826	0.006706	0.006587
448	0.005822	0.005687	0.005538
449	0.004821	0.004671	0.004489
450	0.003878	0.003716	0.00358
451	0.00295	0.002776	0.002703
452	0.00209	0.00193	0.001853
453	0.001265	0.001132	0.001018
454	0.000376	0.000271	0.000117
455	-0.000577	-0.000654	-0.000849
456	-0.001449	-0.001508	-0.001717
457	-0.002167	-0.002231	-0.002401
458	-0.002883	-0.002953	-0.003086
459	-0.003585	-0.003674	-0.003773
460	-0.004284	-0.00439	-0.004458
461	-0.004896	-0.004989	-0.005097
462	-0.005507	-0.005587	-0.005736
463	-0.006138	-0.006244	-0.006373
464	-0.006771	-0.006908	-0.00701
465	-0.007303	-0.007415	-0.00752
466	-0.007799	-0.007865	-0.007984
467	-0.008228	-0.008264	-0.00838
468	-0.008609	-0.008625	-0.008727
469	-0.008999	-0.009007	-0.009128
470	-0.009399	-0.009416	-0.009598
471	-0.009774	-0.00979	-0.010005
472	-0.010084	-0.010074	-0.010251
473	-0.010404	-0.010373	-0.010519
474	-0.010787	-0.010776	-0.010933
475	-0.011169	-0.011178	-0.011348
476	-0.011532	-0.011519	-0.011683
477	-0.011894	-0.011859	-0.012016
478	-0.012173	-0.012198	-0.012341
479	-0.012434	-0.012537	-0.012663
480	-0.012825	-0.012919	-0.013008
481	-0.013276	-0.013322	-0.013363
482	-0.013754	-0.013786	-0.013811
483	-0.014255	-0.014303	-0.014339
484	-0.014772	-0.014827	-0.014884
485	-0.015315	-0.015365	-0.015454
486	-0.015743	-0.015788	-0.0159
487	-0.01581	-0.01585	-0.015955
488	-0.015846	-0.015883	-0.015987
489	-0.015581	-0.015649	-0.015794
490	-0.015317	-0.015414	-0.0156
491	-0.015142	-0.015265	-0.01539
492	-0.014973	-0.015121	-0.015178
493	-0.014963	-0.015094	-0.015192
494	-0.014992	-0.015097	-0.015261
495	-0.01492	-0.015032	-0.015192
496	-0.014797	-0.014932	-0.015053
497	-0.014759	-0.014895	-0.014998
498	-0.014802	-0.014917	-0.015022
499	-0.014873	-0.014961	-0.015064
500	-0.014991	-0.015044	-0.015137
501	-0.015064	-0.0151	-0.015182
502	-0.014981	-0.015064	-0.015132
503	-0.0149	-0.015026	-0.015079
504	-0.014833	-0.014966	-0.014993
505	-0.014765	-0.014905	-0.014907
506	-0.014717	-0.014821	-0.01489
507	-0.014669	-0.014736	-0.014876
508	-0.014692	-0.014762	-0.014887
509	-0.014732	-0.014816	-0.014903
510	-0.014755	-0.014862	-0.014911
511	-0.01477	-0.014904	-0.014916
512	-0.01478	-0.014887	-0.014919
513	-0.014785	-0.014817	-0.014919
514	-0.014802	-0.014799	-0.014919
515	-0.014837	-0.014863	-0.014917
516	-0.014825	-0.014868	-0.014882
517	-0.014671	-0.014694	-0.014746
518	-0.014521	-0.014528	-0.014618
519	-0.014403	-0.014438	-0.014557
520	-0.014286	-0.014348	-0.014497
521	-0.014187	-0.01421	-0.014349
522	-0.014088	-0.014071	-0.014198
523	-0.013938	-0.01395	-0.014082
524	-0.013778	-0.013833	-0.013974
525	-0.013667	-0.013695	-0.013823
526	-0.013577	-0.013549	-0.013654
527	-0.013523	-0.01347	-0.013584
528	-0.013499	-0.013443	-0.01359
529	-0.013436	-0.013406	-0.013556
530	-0.013323	-0.013355	-0.013469
531	-0.013248	-0.013326	-0.01341
532	-0.013265	-0.013353	-0.013419
533	-0.013268	-0.013354	-0.013413
534	-0.013199	-0.013219	-0.013323
535	-0.01313	-0.013085	-0.013234
536	-0.013049	-0.01305	-0.013149
537	-0.012969	-0.013014	-0.013064
538	-0.012869	-0.012898	-0.012981
539	-0.012767	-0.012773	-0.012898
540	-0.012647	-0.012649	-0.012752
541	-0.012522	-0.012526	-0.012585
542	-0.012416	-0.012418	-0.012455
543	-0.012321	-0.012319	-0.012345
544	-0.012177	-0.012186	-0.012199
545	-0.011985	-0.012019	-0.012017
546	-0.011796	-0.011831	-0.011853
547	-0.011614	-0.011608	-0.011722
548	-0.011429	-0.011401	-0.011573
549	-0.011238	-0.011249	-0.011368
550	-0.011051	-0.011094	-0.011167
551	-0.010897	-0.010929	-0.011001
552	-0.010744	-0.010764	-0.010835
553	-0.010646	-0.010725	-0.010745
554	-0.010549	-0.010689	-0.010657
555	-0.010521	-0.010606	-0.010633
556	-0.010505	-0.010517	-0.010619
557	-0.010405	-0.010411	-0.010501
558	-0.010274	-0.0103	-0.010344
559	-0.010162	-0.01018	-0.010198
560	-0.010061	-0.010056	-0.010059
561	-0.009979	-0.009981	-0.009992
562	-0.009915	-0.00996	-0.010001
563	-0.009869	-0.009923	-0.009997
564	-0.009854	-0.009857	-0.009968
565	-0.009858	-0.009836	-0.009958
566	-0.009925	-0.009955	-0.010007
567	-0.009998	-0.010071	-0.010067
568	-0.010115	-0.010168	-0.010213
569	-0.010232	-0.010265	-0.01036
570	-0.010304	-0.010321	-0.010437
571	-0.010377	-0.010376	-0.010513
572	-0.010478	-0.010459	-0.010573
573	-0.010584	-0.010546	-0.010631
574	-0.0106	-0.010579	-0.010631
575	-0.010587	-0.010595	-0.010612
576	-0.010589	-0.010608	-0.010621
577	-0.010599	-0.01062	-0.010647
578	-0.010587	-0.010599	-0.01063
579	-0.010553	-0.010548	-0.010574
580	-0.010499	-0.010481	-0.010525
581	-0.010413	-0.010391	-0.010485
582	-0.010267	-0.010253	-0.010367
583	-0.009965	-0.009992	-0.010044
584	-0.009674	-0.009727	-0.009733
585	-0.009443	-0.009448	-0.009491
586	-0.009205	-0.009165	-0.009243
587	-0.008829	-0.008813	-0.008866
588	-0.008452	-0.008461	-0.00849
589	-0.008192	-0.008213	-0.00823
590	-0.007941	-0.007974	-0.007979
591	-0.007677	-0.007706	-0.007712
592	-0.00741	-0.007432	-0.007442
593	-0.00723	-0.007241	-0.007248
594	-0.007086	-0.007084	-0.007088
595	-0.006845	-0.006856	-0.006858
596	-0.006534	-0.006577	-0.00658
597	-0.006262	-0.006297	-0.006311
598	-0.006032	-0.006015	-0.006053
599	-0.005784	-0.005743	-0.005786
600	-0.005505	-0.005489	-0.005502
601	-0.005248	-0.005251	-0.005246
602	-0.005061	-0.005064	-0.00507
603	-0.004865	-0.004872	-0.004888
604	-0.004618	-0.004658	-0.004673
605	-0.004368	-0.004438	-0.004452
606	-0.004037	-0.004047	-0.004076
607	-0.003705	-0.003655	-0.0037
608	-0.003426	-0.003418	-0.003468
609	-0.003152	-0.003192	-0.003247
610	-0.002924	-0.002959	-0.003028
611	-0.002706	-0.002724	-0.002809
612	-0.00255	-0.002573	-0.00261
613	-0.002417	-0.002457	-0.002421
614	-0.002222	-0.002262	-0.002215
615	-0.001987	-0.002017	-0.002
616	-0.001718	-0.001747	-0.001754
617	-0.001417	-0.001453	-0.001478
618	-0.001156	-0.001198	-0.001236
619	-0.000956	-0.001002	-0.001042
620	-0.000773	-0.000813	-0.000851
621	-0.000632	-0.000644	-0.000669
622	-0.000457	-0.000451	-0.000467
623	-0.000143	-0.000159	-0.000182
624	0.000162	0.000129	0.0001
625	0.000371	0.000373	0.000351
626	0.00058	0.000617	0.000602
627	0.000836	0.000885	0.000842
628	0.001092	0.001153	0.001082
629	0.001399	0.001423	0.001386
630	0.001712	0.001693	0.001697
631	0.001958	0.001933	0.001949
632	0.002186	0.002164	0.002187
633	0.002432	0.002452	0.002438
634	0.002687	0.002764	0.002695
635	0.002963	0.003002	0.00293
636	0.003253	0.00319	0.003152
637	0.003488	0.00341	0.00338
638	0.003668	0.003663	0.003617
639	0.003871	0.003896	0.003841
640	0.004108	0.0041	0.004046
641	0.00431	0.004282	0.004236
642	0.004434	0.004417	0.004392
643	0.004556	0.004556	0.004541
644	0.004666	0.004707	0.004667
645	0.004778	0.004854	0.004795
646	0.004896	0.004966	0.004941
647	0.00501	0.005072	0.005081
648	0.005022	0.00503	0.005031
649	0.005034	0.004989	0.00498
650	0.004488	0.004433	0.00443
651	0.003908	0.003846	0.003849
652	0.003099	0.003071	0.003035
653	0.002249	0.002263	0.00218
654	0.001742	0.001761	0.001682
655	0.001341	0.001353	0.001294
656	0.001256	0.00123	0.001211
657	0.001323	0.001245	0.001274
658	0.001711	0.001632	0.001672
659	0.002325	0.002282	0.002305
660	0.003105	0.003086	0.003079
661	0.004051	0.004044	0.003995
662	0.005011	0.004985	0.004931
663	0.005991	0.005901	0.005893
664	0.006817	0.006711	0.006737
665	0.007327	0.007307	0.00734
666	0.007775	0.007815	0.007853
667	0.008032	0.008053	0.008084
668	0.008291	0.008291	0.008319
669	0.008553	0.008523	0.008569
670	0.008801	0.008751	0.008809
671	0.008889	0.008921	0.008942
672	0.008977	0.009091	0.009075
673	0.009179	0.009235	0.00921
674	0.00938	0.00938	0.009344
675	0.009527	0.009524	0.009499
676	0.009668	0.009668	0.009656
677	0.009762	0.009783	0.009751
678	0.009846	0.009892	0.009835
679	0.009991	0.009996	0.009985
680	0.010156	0.010097	0.010155
681	0.010291	0.010205	0.010209
682	0.010412	0.010316	0.010211
683	0.010509	0.010447	0.010353
684	0.010589	0.010591	0.010586
685	0.010712	0.010728	0.010746
686	0.010874	0.010859	0.010841
687	0.010996	0.010964	0.010947
688	0.011069	0.011037	0.011067
689	0.011171	0.01115	0.01119
690	0.01132	0.011327	0.011318
691	0.011464	0.0115	0.011453
692	0.011599	0.011664	0.011603
693	0.011752	0.011828	0.011769
694	0.011961	0.011996	0.011984
695	0.012147	0.012147	0.012176
696	0.012215	0.012218	0.012255
697	0.012297	0.012302	0.012345
698	0.012503	0.012496	0.012531
699	0.012711	0.012693	0.01272
700	0.013023	0.012927	0.012955
701	0.013335	0.013162	0.013189
702	0.013401	0.013302	0.013309
703	0.013458	0.013439	0.013425
704	0.013582	0.013595	0.013593
705	0.013714	0.013754	0.013768
706	0.013869	0.013891	0.013915
707	0.014029	0.014024	0.014056
708	0.014224	0.014225	0.01425
709	0.014429	0.014447	0.014461
710	0.014627	0.014646	0.014632
711	0.014822	0.014835	0.014786
712	0.014978	0.014987	0.014955
713	0.015112	0.015119	0.015133
714	0.015251	0.015223	0.01523
715	0.015394	0.015308	0.015268
716	0.015519	0.015428	0.015369
717	0.015627	0.01558	0.015529
718	0.015778	0.015751	0.015711
719	0.01598	0.015944	0.015918
720	0.016182	0.016138	0.016123
[LOG]
CHECKSUM[