[HEADER]
Format	J&M ASCII Table
Comment	
Date	04/03/2026 19:07:18
Order	Y (evenX)
TechType	UV
NumPoints	411
FirstX	310
LastX	720
XType	nm
YType	Absorbance
ZType	s
NumSubFile	3
Matrix	Z vs X
[LOGIN]
Name=pcbob
[INSTRUMENT]
Name=TIDAS E Base UV/VI
Detector=MMS - ASPEN 97,5 kHz
Diodearray=256 Pixel
Serial#=36584
Calibrated=2011-07-01
Range=183.81-729.88 [nm] (F0)

SWVersion=v3.18.2 (build 0)[LOGIN]
Name=pcbob
[CONFIG]
ChannelName=Channel 1
ChannelType=Normalized
[PARAMETER]
It=400,00
Aver=5
Norm=3
Range=310,0-720,0 nm
Scan=Time
ScanTime=5,00 s
[TRIGGER]
Sweep=0
Scan=0
[DIO]
DigOut=0x0000
DigIn=0x0000
[DATA]
	00:00:00,000	00:00:02,000	00:00:04,000
310	0.253631	0.253441	0.253201
311	0.249405	0.249231	0.248971
312	0.24527	0.245107	0.244817
313	0.241189	0.241033	0.240749
314	0.237181	0.237026	0.236798
315	0.23322	0.233065	0.232868
316	0.229405	0.229249	0.229
317	0.225593	0.225436	0.225142
318	0.221816	0.221663	0.221425
319	0.218039	0.21789	0.217707
320	0.214354	0.214213	0.214046
321	0.210682	0.21055	0.210391
322	0.207086	0.206948	0.206785
323	0.203521	0.203371	0.2032
324	0.199979	0.199822	0.199646
325	0.196457	0.196297	0.196118
326	0.193003	0.192822	0.192642
327	0.189675	0.189439	0.189262
328	0.186334	0.186062	0.185887
329	0.182939	0.182712	0.18253
330	0.179543	0.179363	0.179174
331	0.176176	0.176004	0.175849
332	0.172809	0.172644	0.172524
333	0.169565	0.169428	0.16926
334	0.166348	0.166241	0.166009
335	0.163177	0.163078	0.162868
336	0.16003	0.159929	0.159786
337	0.156882	0.156773	0.156665
338	0.153733	0.153608	0.1535
339	0.15061	0.150478	0.150353
340	0.147551	0.147433	0.147249
341	0.1445	0.144387	0.144159
342	0.141511	0.14134	0.141167
343	0.138521	0.138293	0.138175
344	0.135618	0.135406	0.135251
345	0.13272	0.132528	0.132331
346	0.129844	0.129633	0.12944
347	0.126976	0.126734	0.126557
348	0.124081	0.123851	0.123659
349	0.121167	0.120977	0.120753
350	0.118294	0.118138	0.117893
351	0.115476	0.115343	0.115095
352	0.112648	0.112536	0.112285
353	0.10979	0.109689	0.109439
354	0.106939	0.106844	0.106599
355	0.104183	0.104012	0.103824
356	0.101426	0.101181	0.101049
357	0.098754	0.098553	0.098374
358	0.096091	0.095946	0.095708
359	0.093475	0.093344	0.093121
360	0.090875	0.090743	0.090562
361	0.088347	0.088208	0.088045
362	0.085874	0.085724	0.085562
363	0.083343	0.083171	0.08302
364	0.080719	0.080506	0.080387
365	0.07814	0.0779	0.077796
366	0.075724	0.075506	0.075359
367	0.073309	0.073113	0.072927
368	0.070922	0.070773	0.070596
369	0.068536	0.068432	0.068265
370	0.066201	0.066075	0.065958
371	0.063873	0.063715	0.063654
372	0.061552	0.061401	0.061327
373	0.059235	0.059106	0.058991
374	0.056922	0.056819	0.056658
375	0.054614	0.054541	0.054327
376	0.052313	0.052248	0.052019
377	0.050025	0.049927	0.049751
378	0.047773	0.047652	0.047512
379	0.045672	0.045572	0.045395
380	0.043572	0.04349	0.04328
381	0.04146	0.041373	0.041205
382	0.039348	0.039257	0.039129
383	0.03731	0.037232	0.037093
384	0.035284	0.035224	0.035064
385	0.033284	0.033209	0.033064
386	0.031296	0.03119	0.031079
387	0.029348	0.029231	0.029122
388	0.027439	0.027327	0.027193
389	0.025575	0.025479	0.025336
390	0.023795	0.023737	0.023613
391	0.022004	0.021979	0.021876
392	0.020157	0.020145	0.020071
393	0.018311	0.018311	0.018265
394	0.016491	0.016491	0.016383
395	0.014671	0.014671	0.0145
396	0.013112	0.013119	0.01294
397	0.0116	0.011615	0.011437
398	0.010182	0.010167	0.009986
399	0.008807	0.008745	0.00856
400	0.007277	0.007189	0.007001
401	0.005601	0.005506	0.005319
402	0.003899	0.003791	0.003626
403	0.002151	0.002016	0.001911
404	0.000473	0.000326	0.00026
405	-0.000894	-0.000992	-0.001111
406	-0.00226	-0.00231	-0.00248
407	-0.003585	-0.003609	-0.003791
408	-0.00491	-0.004907	-0.005102
409	-0.00633	-0.006316	-0.006491
410	-0.007767	-0.007744	-0.007892
411	-0.009262	-0.009237	-0.009398
412	-0.010784	-0.010758	-0.010951
413	-0.012263	-0.012233	-0.012468
414	-0.013704	-0.013666	-0.013953
415	-0.015164	-0.015138	-0.015448
416	-0.016657	-0.016679	-0.016959
417	-0.018169	-0.018231	-0.018471
418	-0.019759	-0.019828	-0.019991
419	-0.021335	-0.02141	-0.021499
420	-0.022573	-0.022599	-0.022718
421	-0.023811	-0.023789	-0.023936
422	-0.02505	-0.025088	-0.025189
423	-0.026289	-0.026402	-0.026446
424	-0.0275	-0.027621	-0.027674
425	-0.028699	-0.028802	-0.028891
426	-0.029796	-0.029862	-0.029978
427	-0.030811	-0.030827	-0.030961
428	-0.031701	-0.0317	-0.031841
429	-0.032397	-0.032433	-0.032566
430	-0.03312	-0.033183	-0.033297
431	-0.033935	-0.033986	-0.034051
432	-0.034756	-0.034796	-0.034819
433	-0.035653	-0.035699	-0.035761
434	-0.036549	-0.036601	-0.036704
435	-0.037438	-0.037447	-0.037557
436	-0.038327	-0.038287	-0.038403
437	-0.039123	-0.039118	-0.039236
438	-0.03989	-0.039946	-0.040066
439	-0.040675	-0.040705	-0.040833
440	-0.041473	-0.041419	-0.041557
441	-0.042205	-0.042133	-0.042267
442	-0.042854	-0.04285	-0.04296
443	-0.043458	-0.043503	-0.043605
444	-0.043947	-0.043993	-0.044127
445	-0.044455	-0.044498	-0.044656
446	-0.045097	-0.04511	-0.045232
447	-0.04574	-0.045721	-0.045808
448	-0.046246	-0.046239	-0.046309
449	-0.046748	-0.046754	-0.046807
450	-0.047154	-0.047219	-0.047231
451	-0.047538	-0.047673	-0.047638
452	-0.047922	-0.048076	-0.048022
453	-0.048306	-0.048454	-0.048393
454	-0.048745	-0.048866	-0.048818
455	-0.049238	-0.049311	-0.049296
456	-0.049658	-0.049708	-0.049727
457	-0.049943	-0.050018	-0.050068
458	-0.050245	-0.050331	-0.050404
459	-0.050619	-0.050652	-0.05072
460	-0.050989	-0.050971	-0.051035
461	-0.051248	-0.051235	-0.051325
462	-0.051507	-0.051499	-0.051615
463	-0.051824	-0.051828	-0.051926
464	-0.052147	-0.052166	-0.05224
465	-0.052377	-0.052383	-0.052461
466	-0.052573	-0.052556	-0.05265
467	-0.052707	-0.052689	-0.052796
468	-0.052795	-0.052794	-0.052911
469	-0.052875	-0.05289	-0.053005
470	-0.052941	-0.052972	-0.053073
471	-0.053006	-0.053057	-0.053139
472	-0.053066	-0.053145	-0.053205
473	-0.053134	-0.053236	-0.05327
474	-0.053264	-0.053346	-0.053339
475	-0.053395	-0.053457	-0.053409
476	-0.053529	-0.053573	-0.053569
477	-0.053664	-0.053689	-0.05373
478	-0.053748	-0.053766	-0.053798
479	-0.053821	-0.053836	-0.053847
480	-0.053938	-0.053934	-0.053974
481	-0.054074	-0.054047	-0.054139
482	-0.054315	-0.054276	-0.054381
483	-0.054646	-0.054606	-0.054691
484	-0.05497	-0.054948	-0.055024
485	-0.055283	-0.055308	-0.055393
486	-0.055485	-0.055546	-0.055641
487	-0.055338	-0.055398	-0.05551
488	-0.055171	-0.055226	-0.05535
489	-0.054803	-0.054819	-0.054921
490	-0.054436	-0.054412	-0.054491
491	-0.054086	-0.054105	-0.054208
492	-0.053737	-0.053804	-0.053934
493	-0.053611	-0.05364	-0.05378
494	-0.05354	-0.053509	-0.053655
495	-0.053315	-0.053278	-0.053401
496	-0.053011	-0.052996	-0.05308
497	-0.052763	-0.052775	-0.052816
498	-0.052569	-0.052613	-0.052606
499	-0.052427	-0.052475	-0.052468
500	-0.052376	-0.052376	-0.052451
501	-0.052287	-0.05226	-0.052394
502	-0.052068	-0.052084	-0.052199
503	-0.051854	-0.051905	-0.052003
504	-0.051688	-0.051683	-0.0518
505	-0.051522	-0.051461	-0.051598
506	-0.051293	-0.051279	-0.051387
507	-0.051061	-0.051101	-0.051176
508	-0.05094	-0.050913	-0.051004
509	-0.050846	-0.050724	-0.050842
510	-0.050664	-0.050563	-0.050655
511	-0.050438	-0.050418	-0.050456
512	-0.050237	-0.050243	-0.050248
513	-0.050058	-0.050041	-0.050032
514	-0.049898	-0.049866	-0.049864
515	-0.04977	-0.049736	-0.049773
516	-0.049602	-0.049563	-0.049629
517	-0.049312	-0.049258	-0.049325
518	-0.049023	-0.04896	-0.049029
519	-0.048736	-0.048716	-0.048803
520	-0.04845	-0.048471	-0.048578
521	-0.048223	-0.048191	-0.048308
522	-0.047998	-0.047909	-0.048037
523	-0.047742	-0.047693	-0.047784
524	-0.047481	-0.04749	-0.047535
525	-0.047249	-0.047243	-0.047299
526	-0.047032	-0.046977	-0.047068
527	-0.046801	-0.046759	-0.046853
528	-0.046561	-0.046576	-0.04665
529	-0.04632	-0.046371	-0.046431
530	-0.046077	-0.046134	-0.046189
531	-0.045871	-0.045938	-0.045993
532	-0.045751	-0.045843	-0.045907
533	-0.045622	-0.045732	-0.045801
534	-0.045437	-0.045545	-0.045589
535	-0.045252	-0.045356	-0.045379
536	-0.045096	-0.045127	-0.045244
537	-0.044941	-0.044899	-0.045108
538	-0.044734	-0.044694	-0.044883
539	-0.044522	-0.044491	-0.044646
540	-0.044261	-0.044208	-0.044308
541	-0.043984	-0.0439	-0.043939
542	-0.043681	-0.043601	-0.043639
543	-0.043362	-0.043306	-0.04338
544	-0.043091	-0.043028	-0.04312
545	-0.042866	-0.042766	-0.042858
546	-0.042587	-0.042479	-0.042572
547	-0.042213	-0.042151	-0.042244
548	-0.041853	-0.041827	-0.041917
549	-0.041533	-0.041516	-0.041596
550	-0.041225	-0.04121	-0.041282
551	-0.040998	-0.040958	-0.041027
552	-0.040772	-0.040705	-0.040772
553	-0.040559	-0.040499	-0.040571
554	-0.040346	-0.040294	-0.04037
555	-0.040087	-0.040062	-0.04014
556	-0.039821	-0.039827	-0.039905
557	-0.039578	-0.03958	-0.039665
558	-0.039345	-0.03933	-0.039422
559	-0.039119	-0.039083	-0.039175
560	-0.038898	-0.038838	-0.038924
561	-0.038718	-0.038646	-0.038736
562	-0.038581	-0.03851	-0.038617
563	-0.038406	-0.038348	-0.038452
564	-0.038163	-0.038142	-0.038205
565	-0.037986	-0.037991	-0.038026
566	-0.038022	-0.038021	-0.038067
567	-0.03806	-0.038051	-0.038107
568	-0.038114	-0.038078	-0.038142
569	-0.038168	-0.038106	-0.038177
570	-0.038157	-0.038128	-0.038188
571	-0.038145	-0.038151	-0.038198
572	-0.038145	-0.03813	-0.038203
573	-0.038146	-0.038103	-0.038206
574	-0.03807	-0.038037	-0.038111
575	-0.037967	-0.037958	-0.037984
576	-0.037905	-0.037882	-0.037923
577	-0.037865	-0.037808	-0.0379
578	-0.037779	-0.037714	-0.037806
579	-0.037648	-0.037603	-0.037643
580	-0.037491	-0.037463	-0.03748
581	-0.037296	-0.037278	-0.037317
582	-0.037042	-0.037033	-0.037077
583	-0.03663	-0.03663	-0.03664
584	-0.036229	-0.036236	-0.03622
585	-0.035876	-0.035886	-0.0359
586	-0.035519	-0.03553	-0.035571
587	-0.035055	-0.035016	-0.035067
588	-0.034591	-0.034501	-0.034563
589	-0.034187	-0.034114	-0.034167
590	-0.033787	-0.033737	-0.03378
591	-0.033397	-0.033352	-0.033419
592	-0.03301	-0.032964	-0.033063
593	-0.032703	-0.03266	-0.03275
594	-0.03243	-0.032392	-0.032456
595	-0.032111	-0.032059	-0.032132
596	-0.03176	-0.031681	-0.031786
597	-0.031394	-0.031321	-0.03143
598	-0.031014	-0.030983	-0.031061
599	-0.030649	-0.030647	-0.030704
600	-0.030309	-0.030317	-0.030364
601	-0.029985	-0.029997	-0.030037
602	-0.029703	-0.029704	-0.029746
603	-0.029409	-0.029401	-0.029447
604	-0.029047	-0.029035	-0.029101
605	-0.028683	-0.028666	-0.028752
606	-0.028292	-0.02824	-0.028328
607	-0.027902	-0.027813	-0.027904
608	-0.027469	-0.027406	-0.027509
609	-0.027033	-0.027	-0.027116
610	-0.026716	-0.026674	-0.026774
611	-0.026425	-0.026365	-0.026442
612	-0.02616	-0.026155	-0.026202
613	-0.025905	-0.025986	-0.025999
614	-0.025597	-0.025665	-0.025696
615	-0.025255	-0.025247	-0.025329
616	-0.024918	-0.024865	-0.024982
617	-0.024585	-0.024518	-0.024655
618	-0.024265	-0.024184	-0.02432
619	-0.023964	-0.023869	-0.023975
620	-0.02366	-0.023569	-0.023647
621	-0.023352	-0.023305	-0.023359
622	-0.023028	-0.023023	-0.023059
623	-0.022644	-0.022668	-0.022714
624	-0.022273	-0.022318	-0.02237
625	-0.022025	-0.022024	-0.022038
626	-0.021777	-0.021731	-0.021706
627	-0.021403	-0.021389	-0.021369
628	-0.021029	-0.021048	-0.021033
629	-0.020701	-0.020744	-0.020755
630	-0.020378	-0.020445	-0.020484
631	-0.020053	-0.020054	-0.020154
632	-0.019728	-0.019639	-0.019808
633	-0.019332	-0.019245	-0.019392
634	-0.018906	-0.018861	-0.018946
635	-0.018564	-0.018548	-0.018615
636	-0.018277	-0.018283	-0.018362
637	-0.018018	-0.018033	-0.018103
638	-0.017785	-0.017798	-0.017837
639	-0.017536	-0.017535	-0.017581
640	-0.017265	-0.017232	-0.01734
641	-0.017004	-0.016961	-0.017099
642	-0.016768	-0.016761	-0.016855
643	-0.016529	-0.016543	-0.016602
644	-0.01628	-0.016258	-0.016316
645	-0.016035	-0.015981	-0.016041
646	-0.015825	-0.015752	-0.015846
647	-0.015622	-0.015531	-0.015657
648	-0.015621	-0.015544	-0.015659
649	-0.01562	-0.015556	-0.015662
650	-0.01621	-0.016162	-0.01624
651	-0.016837	-0.016805	-0.016854
652	-0.017642	-0.017597	-0.01765
653	-0.018479	-0.018416	-0.018478
654	-0.019086	-0.019017	-0.019075
655	-0.019621	-0.01955	-0.019601
656	-0.019694	-0.019624	-0.019681
657	-0.019544	-0.019477	-0.019546
658	-0.018986	-0.018945	-0.01901
659	-0.018143	-0.018142	-0.01819
660	-0.01713	-0.017127	-0.017183
661	-0.015949	-0.015899	-0.015988
662	-0.014807	-0.014738	-0.01486
663	-0.013719	-0.013673	-0.013828
664	-0.012818	-0.012787	-0.012954
665	-0.012295	-0.012266	-0.012405
666	-0.011819	-0.011793	-0.011904
667	-0.011485	-0.011468	-0.011553
668	-0.01116	-0.01115	-0.011211
669	-0.010876	-0.010866	-0.010916
670	-0.010598	-0.010589	-0.010631
671	-0.010391	-0.010384	-0.010459
672	-0.010184	-0.010179	-0.010287
673	-0.009913	-0.009931	-0.009973
674	-0.009641	-0.009684	-0.00966
675	-0.009447	-0.009452	-0.009429
676	-0.00926	-0.009222	-0.009205
677	-0.009081	-0.009075	-0.009076
678	-0.008904	-0.008944	-0.008964
679	-0.008738	-0.008762	-0.008802
680	-0.008574	-0.008564	-0.008624
681	-0.008418	-0.008404	-0.008466
682	-0.008265	-0.008261	-0.008319
683	-0.008092	-0.008092	-0.008135
684	-0.007906	-0.007906	-0.007926
685	-0.007752	-0.00775	-0.007765
686	-0.007627	-0.00762	-0.007645
687	-0.007502	-0.007485	-0.007534
688	-0.007377	-0.007346	-0.007434
689	-0.007252	-0.007197	-0.007316
690	-0.007124	-0.007035	-0.007169
691	-0.006967	-0.006865	-0.006986
692	-0.006745	-0.00668	-0.006724
693	-0.006522	-0.006494	-0.006476
694	-0.006297	-0.006304	-0.006276
695	-0.006081	-0.006125	-0.006091
696	-0.00591	-0.005997	-0.005978
697	-0.005737	-0.005859	-0.005851
698	-0.005548	-0.005626	-0.005598
699	-0.005358	-0.005394	-0.005347
700	-0.005154	-0.00517	-0.005157
701	-0.004951	-0.004946	-0.004966
702	-0.004811	-0.004779	-0.00485
703	-0.004675	-0.004614	-0.004736
704	-0.004457	-0.00436	-0.004497
705	-0.004229	-0.004097	-0.004244
706	-0.004039	-0.003921	-0.004041
707	-0.003856	-0.003764	-0.003847
708	-0.003678	-0.003594	-0.003637
709	-0.003501	-0.00342	-0.003421
710	-0.003264	-0.003204	-0.00321
711	-0.003002	-0.00297	-0.003
712	-0.002762	-0.002736	-0.002784
713	-0.002535	-0.0025	-0.002564
714	-0.002345	-0.002332	-0.002364
715	-0.002184	-0.002213	-0.002179
716	-0.001979	-0.002041	-0.001979
717	-0.001735	-0.001822	-0.001767
718	-0.001495	-0.001589	-0.001529
719	-0.001261	-0.001342	-0.00126
720	-0.001051	-0.001099	-0.00105
[LOG]
CHECKSUMt÷