[HEADER]
Format	J&M ASCII Table
Comment	
Date	04/03/2026 19:47:26
Order	Y (evenX)
TechType	UV
NumPoints	411
FirstX	310
LastX	720
XType	nm
YType	Absorbance
ZType	s
NumSubFile	3
Matrix	Z vs X
[LOGIN]
Name=pcbob
[INSTRUMENT]
Name=TIDAS E Base UV/VI
Detector=MMS - ASPEN 97,5 kHz
Diodearray=256 Pixel
Serial#=36584
Calibrated=2011-07-01
Range=183.81-729.88 [nm] (F0)

SWVersion=v3.18.2 (build 0)[LOGIN]
Name=pcbob
[CONFIG]
ChannelName=Channel 1
ChannelType=Normalized
[PARAMETER]
It=400,00
Aver=5
Norm=3
Range=310,0-720,0 nm
Scan=Time
ScanTime=5,00 s
[TRIGGER]
Sweep=0
Scan=0
[DIO]
DigOut=0x0000
DigIn=0x0000
[DATA]
	00:00:00,000	00:00:02,000	00:00:04,000
310	0.678676	0.678004	0.677352
311	0.668612	0.667921	0.667266
312	0.658641	0.658006	0.657365
313	0.648833	0.648254	0.647644
314	0.639249	0.638727	0.638173
315	0.629761	0.629275	0.628761
316	0.620573	0.620062	0.619534
317	0.61139	0.610854	0.61031
318	0.602291	0.601713	0.601149
319	0.593192	0.592573	0.591988
320	0.584245	0.583635	0.583151
321	0.575317	0.574723	0.574356
322	0.566574	0.565994	0.565636
323	0.557906	0.55734	0.556946
324	0.549375	0.548816	0.548394
325	0.540966	0.540408	0.539963
326	0.532652	0.532097	0.531635
327	0.524513	0.523962	0.523495
328	0.516367	0.515819	0.515346
329	0.508196	0.507634	0.507157
330	0.500024	0.499449	0.498969
331	0.492057	0.491522	0.49106
332	0.48409	0.483594	0.483151
333	0.476486	0.475985	0.475519
334	0.468958	0.468444	0.467946
335	0.461493	0.460962	0.460423
336	0.454061	0.453512	0.452926
337	0.446672	0.446094	0.445557
338	0.439332	0.438711	0.438331
339	0.432098	0.431476	0.431176
340	0.425113	0.424587	0.424187
341	0.418146	0.417693	0.417202
342	0.411303	0.410764	0.41024
343	0.404459	0.403836	0.403277
344	0.397662	0.39712	0.396632
345	0.390866	0.390417	0.390005
346	0.384369	0.383924	0.383486
347	0.377959	0.377494	0.376998
348	0.371548	0.371048	0.370533
349	0.365136	0.364591	0.364084
350	0.358773	0.358221	0.357733
351	0.352477	0.35197	0.351515
352	0.346258	0.345785	0.34534
353	0.340268	0.3398	0.339294
354	0.334282	0.333817	0.333257
355	0.328337	0.327863	0.327321
356	0.322392	0.32191	0.321384
357	0.316595	0.316153	0.315515
358	0.310813	0.310417	0.309652
359	0.305215	0.304826	0.304107
360	0.299684	0.299289	0.298679
361	0.294069	0.293639	0.293063
362	0.288389	0.2879	0.287299
363	0.282772	0.282234	0.28164
364	0.277255	0.276682	0.276149
365	0.271819	0.271227	0.270752
366	0.266678	0.266123	0.265702
367	0.26154	0.261024	0.260651
368	0.256467	0.256012	0.255578
369	0.251393	0.251	0.250504
370	0.246369	0.245913	0.245401
371	0.241352	0.240814	0.240294
372	0.236318	0.235783	0.235299
373	0.231277	0.230781	0.230352
374	0.226288	0.225801	0.225406
375	0.221346	0.22084	0.220461
376	0.216514	0.216014	0.215625
377	0.211874	0.211425	0.21098
378	0.207284	0.206872	0.206378
379	0.202902	0.20247	0.201959
380	0.198517	0.198066	0.197541
381	0.194045	0.193586	0.193153
382	0.189572	0.189107	0.188766
383	0.185307	0.184814	0.184426
384	0.181077	0.180552	0.180093
385	0.17687	0.176365	0.17587
386	0.172672	0.172213	0.171698
387	0.168591	0.168135	0.167615
388	0.164619	0.164126	0.163616
389	0.160674	0.160158	0.159663
390	0.15678	0.156266	0.155794
391	0.152873	0.152368	0.15192
392	0.148909	0.148445	0.148028
393	0.144952	0.144528	0.144143
394	0.141491	0.141057	0.140722
395	0.13803	0.137585	0.1373
396	0.134762	0.134279	0.133971
397	0.131528	0.131004	0.130657
398	0.128372	0.127863	0.127496
399	0.125252	0.124787	0.124406
400	0.12198	0.12155	0.121135
401	0.118565	0.118163	0.117694
402	0.115143	0.11475	0.114281
403	0.111708	0.111289	0.110919
404	0.10836	0.107942	0.107639
405	0.105403	0.105108	0.10472
406	0.102451	0.102273	0.101804
407	0.099699	0.099447	0.099058
408	0.096946	0.09662	0.096311
409	0.094089	0.093736	0.093434
410	0.091213	0.090843	0.090533
411	0.088299	0.087995	0.087644
412	0.085367	0.085169	0.084759
413	0.082547	0.082377	0.081972
414	0.079827	0.079617	0.079273
415	0.077058	0.076803	0.076519
416	0.074201	0.073897	0.073671
417	0.071349	0.071001	0.070825
418	0.068518	0.068153	0.067993
419	0.065702	0.065324	0.065178
420	0.063256	0.062979	0.062777
421	0.06081	0.060634	0.060376
422	0.058561	0.058314	0.058029
423	0.056339	0.055996	0.05569
424	0.05406	0.05372	0.053406
425	0.051758	0.05146	0.051145
426	0.049655	0.049378	0.049089
427	0.047712	0.047438	0.047198
428	0.045827	0.045568	0.045348
429	0.04403	0.043803	0.043559
430	0.042263	0.042053	0.041775
431	0.040592	0.040356	0.040011
432	0.038917	0.038656	0.038257
433	0.037181	0.036925	0.036634
434	0.035445	0.035195	0.03501
435	0.033805	0.03354	0.033327
436	0.032174	0.031893	0.031639
437	0.030544	0.030267	0.030022
438	0.028915	0.028648	0.028428
439	0.027427	0.027199	0.026988
440	0.026036	0.025865	0.025653
441	0.024656	0.024504	0.024316
442	0.02329	0.023109	0.022978
443	0.021982	0.021781	0.021677
444	0.020821	0.020624	0.020471
445	0.019667	0.019475	0.019279
446	0.018571	0.018385	0.018192
447	0.017475	0.017295	0.017105
448	0.016369	0.01622	0.016045
449	0.015263	0.015145	0.014986
450	0.014318	0.014192	0.013979
451	0.013411	0.013266	0.012984
452	0.012525	0.012382	0.012118
453	0.01165	0.011521	0.011319
454	0.010746	0.010615	0.010448
455	0.009814	0.009666	0.009507
456	0.00894	0.008775	0.008631
457	0.008175	0.007994	0.007878
458	0.007403	0.007214	0.007113
459	0.006599	0.006438	0.006296
460	0.005801	0.005664	0.005485
461	0.005129	0.004954	0.004846
462	0.004456	0.004244	0.004207
463	0.003789	0.003622	0.003536
464	0.003122	0.00301	0.002861
465	0.002571	0.002473	0.002326
466	0.002061	0.001964	0.00184
467	0.001611	0.001515	0.00141
468	0.001205	0.001108	0.00102
469	0.00081	0.000713	0.000632
470	0.000431	0.000334	0.000247
471	0.000055	-0.000043	-0.000135
472	-0.000314	-0.000417	-0.000513
473	-0.00069	-0.000792	-0.0009
474	-0.001117	-0.00117	-0.001353
475	-0.001543	-0.001549	-0.001805
476	-0.001905	-0.001978	-0.00212
477	-0.002265	-0.002408	-0.002433
478	-0.002598	-0.002746	-0.00278
479	-0.002924	-0.003066	-0.003135
480	-0.003336	-0.00348	-0.003544
481	-0.003787	-0.003938	-0.003978
482	-0.004341	-0.00449	-0.004537
483	-0.004986	-0.005123	-0.005202
484	-0.005622	-0.005733	-0.005839
485	-0.006242	-0.006305	-0.006431
486	-0.00672	-0.006751	-0.006885
487	-0.006749	-0.006804	-0.006907
488	-0.006756	-0.006832	-0.006908
489	-0.006549	-0.00663	-0.006721
490	-0.006343	-0.006429	-0.006534
491	-0.00629	-0.006354	-0.006449
492	-0.006246	-0.006286	-0.006369
493	-0.006256	-0.006348	-0.006396
494	-0.00628	-0.006441	-0.00645
495	-0.006269	-0.006435	-0.006428
496	-0.00624	-0.006378	-0.006369
497	-0.006237	-0.006377	-0.00637
498	-0.00626	-0.006427	-0.006428
499	-0.0063	-0.006493	-0.006513
500	-0.006371	-0.006582	-0.006643
501	-0.006428	-0.006647	-0.006732
502	-0.006439	-0.006626	-0.00668
503	-0.006448	-0.006602	-0.006628
504	-0.006442	-0.006544	-0.006574
505	-0.006437	-0.006485	-0.006521
506	-0.006395	-0.006434	-0.006501
507	-0.006351	-0.006382	-0.006483
508	-0.006382	-0.006463	-0.006535
509	-0.006431	-0.006576	-0.006605
510	-0.006458	-0.006594	-0.006637
511	-0.006474	-0.006565	-0.00665
512	-0.006483	-0.006542	-0.006652
513	-0.006485	-0.006526	-0.006644
514	-0.006502	-0.006551	-0.006661
515	-0.006545	-0.006644	-0.00672
516	-0.006575	-0.006703	-0.006752
517	-0.006569	-0.006658	-0.006707
518	-0.006556	-0.006609	-0.006663
519	-0.006488	-0.006537	-0.006634
520	-0.006421	-0.006465	-0.006606
521	-0.006328	-0.006375	-0.006492
522	-0.006235	-0.006284	-0.006377
523	-0.006135	-0.006205	-0.006309
524	-0.006033	-0.006128	-0.00625
525	-0.005971	-0.006045	-0.006171
526	-0.005926	-0.005959	-0.006082
527	-0.005897	-0.005928	-0.006034
528	-0.005881	-0.005941	-0.006019
529	-0.005858	-0.005924	-0.005985
530	-0.005826	-0.005867	-0.005923
531	-0.005818	-0.005851	-0.005893
532	-0.005869	-0.00593	-0.005936
533	-0.00591	-0.005991	-0.00597
534	-0.005897	-0.005954	-0.005945
535	-0.005884	-0.005916	-0.005921
536	-0.005839	-0.005867	-0.005902
537	-0.005794	-0.005817	-0.005882
538	-0.005762	-0.00575	-0.005861
539	-0.005731	-0.005681	-0.00584
540	-0.005629	-0.005593	-0.005727
541	-0.005506	-0.005499	-0.005587
542	-0.005405	-0.005434	-0.005479
543	-0.005316	-0.005386	-0.00539
544	-0.005234	-0.005308	-0.005304
545	-0.005157	-0.005198	-0.00522
546	-0.005057	-0.005071	-0.005125
547	-0.004917	-0.004911	-0.005008
548	-0.004776	-0.004762	-0.004887
549	-0.004629	-0.004645	-0.004751
550	-0.004489	-0.004532	-0.004617
551	-0.004395	-0.00445	-0.004487
552	-0.004301	-0.004369	-0.004358
553	-0.004193	-0.004285	-0.00428
554	-0.004085	-0.0042	-0.004203
555	-0.004074	-0.004164	-0.004183
556	-0.004079	-0.004135	-0.004173
557	-0.004046	-0.004098	-0.004142
558	-0.004	-0.004059	-0.004104
559	-0.003952	-0.004014	-0.004044
560	-0.003904	-0.003967	-0.00397
561	-0.003881	-0.003939	-0.003931
562	-0.003884	-0.003931	-0.00393
563	-0.003862	-0.003898	-0.003913
564	-0.003795	-0.00382	-0.003865
565	-0.003768	-0.003783	-0.003857
566	-0.003873	-0.003875	-0.003982
567	-0.003983	-0.003982	-0.004106
568	-0.004133	-0.004203	-0.004224
569	-0.004282	-0.004424	-0.004341
570	-0.004438	-0.004542	-0.004495
571	-0.004593	-0.004659	-0.004648
572	-0.004702	-0.004748	-0.004759
573	-0.004804	-0.004832	-0.004863
574	-0.004829	-0.004853	-0.004894
575	-0.004829	-0.004852	-0.0049
576	-0.004861	-0.00488	-0.004937
577	-0.004911	-0.004924	-0.004991
578	-0.004928	-0.004954	-0.005015
579	-0.004913	-0.00497	-0.005012
580	-0.004884	-0.004957	-0.004975
581	-0.004833	-0.004901	-0.004888
582	-0.004727	-0.004782	-0.004767
583	-0.004476	-0.004499	-0.00456
584	-0.004235	-0.004237	-0.004352
585	-0.004051	-0.004083	-0.004142
586	-0.003862	-0.003921	-0.003929
587	-0.003586	-0.0036	-0.003624
588	-0.00331	-0.003278	-0.00332
589	-0.003074	-0.003091	-0.003105
590	-0.002842	-0.002914	-0.002896
591	-0.002621	-0.002688	-0.002673
592	-0.002402	-0.002452	-0.002446
593	-0.002239	-0.002288	-0.002284
594	-0.002098	-0.002155	-0.002148
595	-0.001924	-0.001967	-0.001975
596	-0.001726	-0.001739	-0.001775
597	-0.001514	-0.001518	-0.001558
598	-0.001287	-0.001305	-0.001322
599	-0.00107	-0.001099	-0.001099
600	-0.000871	-0.000907	-0.000899
601	-0.000682	-0.000728	-0.000714
602	-0.00052	-0.00059	-0.000571
603	-0.000349	-0.000435	-0.000417
604	-0.000126	-0.000191	-0.000198
605	0.000098	0.000054	0.000024
606	0.00035	0.000318	0.000303
607	0.000602	0.000581	0.000583
608	0.000856	0.000837	0.000803
609	0.00111	0.001092	0.001019
610	0.001284	0.001258	0.001205
611	0.001442	0.001406	0.001384
612	0.001596	0.001555	0.001545
613	0.001748	0.001705	0.001698
614	0.001906	0.001873	0.001866
615	0.002069	0.002052	0.002045
616	0.002242	0.00223	0.002227
617	0.002425	0.002408	0.002411
618	0.002629	0.002619	0.002605
619	0.002864	0.00288	0.002813
620	0.003066	0.003099	0.003008
621	0.00319	0.003217	0.00317
622	0.003341	0.00336	0.00334
623	0.003605	0.003606	0.003543
624	0.003861	0.003845	0.003743
625	0.004038	0.004013	0.003926
626	0.004214	0.00418	0.004108
627	0.004444	0.004415	0.004421
628	0.004674	0.00465	0.004735
629	0.004944	0.004922	0.004964
630	0.005219	0.005199	0.005183
631	0.005451	0.005409	0.005376
632	0.005672	0.005603	0.005563
633	0.005918	0.005843	0.005831
634	0.006174	0.006104	0.006134
635	0.006369	0.006315	0.006328
636	0.006523	0.00649	0.006449
637	0.006698	0.006695	0.006625
638	0.006894	0.006929	0.006856
639	0.007092	0.00714	0.007082
640	0.007293	0.007318	0.0073
641	0.007465	0.007457	0.007474
642	0.007574	0.007512	0.007552
643	0.007688	0.007596	0.007643
644	0.007824	0.007784	0.007782
645	0.007957	0.007957	0.00792
646	0.008066	0.008029	0.008059
647	0.008171	0.008097	0.008193
648	0.008162	0.008081	0.008156
649	0.008153	0.008065	0.008119
650	0.007582	0.007499	0.007516
651	0.006977	0.0069	0.006878
652	0.006244	0.006192	0.006178
653	0.005488	0.005465	0.005468
654	0.005005	0.004981	0.005008
655	0.004607	0.004573	0.004626
656	0.004498	0.00447	0.00449
657	0.004529	0.004514	0.004473
658	0.004905	0.004917	0.004841
659	0.005525	0.005573	0.00548
660	0.006267	0.006306	0.006221
661	0.007132	0.007115	0.007063
662	0.007967	0.007926	0.007902
663	0.00876	0.008741	0.008737
664	0.009466	0.009477	0.009487
665	0.009995	0.01005	0.010063
666	0.010462	0.010545	0.010554
667	0.010737	0.010798	0.010782
668	0.010998	0.011039	0.011001
669	0.011181	0.011225	0.011172
670	0.01136	0.011401	0.011335
671	0.0115	0.011466	0.011417
672	0.01164	0.011531	0.0115
673	0.011759	0.011705	0.011687
674	0.011879	0.01188	0.011873
675	0.012021	0.012031	0.01201
676	0.012166	0.012181	0.012141
677	0.012278	0.012287	0.012252
678	0.012384	0.012386	0.012358
679	0.01249	0.012479	0.01248
680	0.012597	0.01257	0.012606
681	0.012685	0.012661	0.012702
682	0.012764	0.012754	0.012784
683	0.012864	0.012863	0.012888
684	0.012976	0.012983	0.013006
685	0.013094	0.013106	0.013108
686	0.013217	0.013232	0.013197
687	0.013322	0.013336	0.013287
688	0.013406	0.013415	0.013376
689	0.013519	0.013514	0.013472
690	0.01368	0.013645	0.01358
691	0.013832	0.013768	0.013708
692	0.013967	0.013871	0.013879
693	0.014098	0.013986	0.014039
694	0.014218	0.014138	0.014162
695	0.014325	0.014272	0.014283
696	0.014363	0.014318	0.014399
697	0.014418	0.014383	0.014518
698	0.014617	0.014614	0.014672
699	0.014818	0.014845	0.014825
700	0.015065	0.015068	0.01496
701	0.015312	0.015291	0.015095
702	0.015384	0.015388	0.015289
703	0.01545	0.01548	0.015486
704	0.015599	0.0156	0.015644
705	0.015757	0.015724	0.015797
706	0.01587	0.01584	0.015887
707	0.015974	0.015955	0.015964
708	0.016107	0.016084	0.016134
709	0.016247	0.016216	0.016332
710	0.016445	0.016423	0.0165
711	0.016666	0.016661	0.016656
712	0.016797	0.016796	0.016765
713	0.016878	0.016873	0.016848
714	0.016962	0.016957	0.016934
715	0.01705	0.017045	0.017022
716	0.017152	0.017156	0.017137
717	0.017268	0.017288	0.017277
718	0.017415	0.017424	0.017441
719	0.017599	0.017566	0.017631
720	0.017787	0.017731	0.017821
[LOG]
CHECKSUM@"