[HEADER]
Format	J&M ASCII Table
Comment	
Date	04/03/2026 18:40:20
Order	Y (evenX)
TechType	UV
NumPoints	411
FirstX	310
LastX	720
XType	nm
YType	Absorbance
ZType	s
NumSubFile	3
Matrix	Z vs X
[LOGIN]
Name=pcbob
[INSTRUMENT]
Name=TIDAS E Base UV/VI
Detector=MMS - ASPEN 97,5 kHz
Diodearray=256 Pixel
Serial#=36584
Calibrated=2011-07-01
Range=183.81-729.88 [nm] (F0)

SWVersion=v3.18.2 (build 0)[LOGIN]
Name=pcbob
[CONFIG]
ChannelName=Channel 1
ChannelType=Normalized
[PARAMETER]
It=400,00
Aver=5
Norm=3
Range=310,0-720,0 nm
Scan=Time
ScanTime=5,00 s
[TRIGGER]
Sweep=0
Scan=0
[DIO]
DigOut=0x0000
DigIn=0x0000
[DATA]
	00:00:00,000	00:00:02,000	00:00:04,000
310	0.271058	0.270779	0.270506
311	0.266766	0.266508	0.266217
312	0.262504	0.262283	0.261965
313	0.258312	0.258113	0.257785
314	0.254217	0.254018	0.253705
315	0.250175	0.249964	0.249666
316	0.246297	0.246041	0.245756
317	0.242424	0.242128	0.241854
318	0.23864	0.238358	0.238064
319	0.234856	0.234588	0.234273
320	0.231029	0.230784	0.230491
321	0.227196	0.226975	0.226709
322	0.223461	0.223246	0.222969
323	0.219768	0.219551	0.219246
324	0.216098	0.215883	0.215583
325	0.212448	0.21224	0.211974
326	0.208854	0.208645	0.208402
327	0.205358	0.205138	0.204896
328	0.201859	0.201627	0.201394
329	0.19834	0.198091	0.197907
330	0.194822	0.194556	0.194421
331	0.19142	0.191196	0.190993
332	0.188018	0.187836	0.187566
333	0.184642	0.184464	0.18418
334	0.181271	0.181088	0.180804
335	0.177949	0.177741	0.177455
336	0.174652	0.174409	0.174121
337	0.171352	0.171109	0.170793
338	0.168048	0.167845	0.167471
339	0.164779	0.164597	0.164201
340	0.161594	0.161389	0.161055
341	0.158424	0.158193	0.157919
342	0.155365	0.155084	0.154858
343	0.152306	0.151976	0.151797
344	0.149269	0.149019	0.148814
345	0.146233	0.146072	0.145834
346	0.143188	0.142976	0.142774
347	0.140141	0.139837	0.139691
348	0.137126	0.136792	0.136651
349	0.134132	0.133808	0.133639
350	0.131206	0.130896	0.130718
351	0.128372	0.12808	0.127917
352	0.125496	0.125233	0.125076
353	0.122497	0.122292	0.122117
354	0.119508	0.119357	0.119166
355	0.11665	0.116499	0.116303
356	0.113792	0.113642	0.113441
357	0.110907	0.110759	0.110577
358	0.108019	0.107872	0.107714
359	0.105306	0.105155	0.104985
360	0.102657	0.1025	0.102306
361	0.100037	0.099848	0.099639
362	0.097439	0.097201	0.096981
363	0.094807	0.094566	0.094328
364	0.092123	0.091953	0.091685
365	0.089471	0.089355	0.089072
366	0.08694	0.086813	0.086568
367	0.084415	0.084276	0.084068
368	0.082024	0.081831	0.081638
369	0.079633	0.079385	0.079208
370	0.077129	0.076885	0.076706
371	0.074609	0.074377	0.074192
372	0.07211	0.071943	0.071751
373	0.06962	0.069539	0.06934
374	0.067241	0.067158	0.066966
375	0.064959	0.064796	0.064624
376	0.062662	0.06245	0.062284
377	0.060339	0.06013	0.059945
378	0.058039	0.057836	0.057635
379	0.055836	0.055654	0.055451
380	0.053633	0.053471	0.053266
381	0.051412	0.051235	0.051056
382	0.04919	0.048999	0.048846
383	0.04706	0.046876	0.04673
384	0.044946	0.044772	0.04463
385	0.042857	0.042692	0.042573
386	0.040781	0.040623	0.040536
387	0.038768	0.038614	0.038528
388	0.036814	0.03666	0.036546
389	0.034891	0.034753	0.034597
390	0.033027	0.032931	0.032709
391	0.031144	0.03108	0.03081
392	0.029178	0.029097	0.028861
393	0.027214	0.027116	0.026914
394	0.025396	0.025286	0.025081
395	0.023578	0.023456	0.023249
396	0.021921	0.021777	0.021651
397	0.020293	0.020126	0.020095
398	0.018773	0.018618	0.018567
399	0.017304	0.017178	0.017053
400	0.015718	0.015592	0.015455
401	0.014022	0.013869	0.013777
402	0.012268	0.012113	0.012038
403	0.010408	0.010296	0.010185
404	0.008622	0.008554	0.008415
405	0.007167	0.007146	0.007013
406	0.005713	0.005738	0.005609
407	0.004289	0.004291	0.004107
408	0.002866	0.002843	0.002605
409	0.001332	0.001311	0.001127
410	-0.00022	-0.000235	-0.000348
411	-0.001744	-0.001777	-0.001917
412	-0.003255	-0.003318	-0.003527
413	-0.004793	-0.004877	-0.005065
414	-0.006354	-0.006451	-0.006536
415	-0.00792	-0.008022	-0.008051
416	-0.009495	-0.009585	-0.009643
417	-0.011087	-0.011155	-0.011238
418	-0.012746	-0.012748	-0.012847
419	-0.014388	-0.014331	-0.014443
420	-0.015614	-0.015629	-0.015689
421	-0.01684	-0.016928	-0.016935
422	-0.01824	-0.0183	-0.018311
423	-0.019665	-0.019682	-0.019706
424	-0.020955	-0.020973	-0.020995
425	-0.022193	-0.022228	-0.022242
426	-0.023325	-0.023374	-0.023391
427	-0.024372	-0.024433	-0.024463
428	-0.02533	-0.025385	-0.02542
429	-0.026148	-0.026172	-0.026201
430	-0.026961	-0.026958	-0.026993
431	-0.027759	-0.027742	-0.027819
432	-0.028568	-0.028537	-0.028653
433	-0.029504	-0.029467	-0.029604
434	-0.030439	-0.030396	-0.030555
435	-0.031372	-0.031374	-0.031495
436	-0.032304	-0.032357	-0.032434
437	-0.033242	-0.033251	-0.033371
438	-0.034182	-0.034117	-0.034307
439	-0.035035	-0.034941	-0.035132
440	-0.035829	-0.035737	-0.035883
441	-0.036608	-0.036533	-0.036645
442	-0.037368	-0.03733	-0.037422
443	-0.038077	-0.038061	-0.038144
444	-0.038655	-0.038629	-0.038729
445	-0.039232	-0.039193	-0.039312
446	-0.039801	-0.03974	-0.039882
447	-0.04037	-0.040287	-0.040452
448	-0.04094	-0.040942	-0.041016
449	-0.041511	-0.041601	-0.041579
450	-0.042001	-0.042087	-0.042078
451	-0.042472	-0.042535	-0.042561
452	-0.04292	-0.042956	-0.04302
453	-0.043355	-0.043365	-0.043466
454	-0.043829	-0.043844	-0.043924
455	-0.04434	-0.044394	-0.044394
456	-0.044801	-0.044861	-0.044832
457	-0.04517	-0.045172	-0.045213
458	-0.045541	-0.0455	-0.045593
459	-0.045924	-0.045902	-0.045972
460	-0.046306	-0.046303	-0.04635
461	-0.046662	-0.04668	-0.046687
462	-0.047018	-0.047057	-0.047024
463	-0.047355	-0.047389	-0.047399
464	-0.04769	-0.047714	-0.047779
465	-0.047928	-0.04795	-0.048033
466	-0.048132	-0.048152	-0.04824
467	-0.048303	-0.04832	-0.048397
468	-0.048451	-0.048462	-0.048519
469	-0.048561	-0.048563	-0.048624
470	-0.048622	-0.048611	-0.048706
471	-0.048686	-0.048669	-0.048793
472	-0.048755	-0.048754	-0.048892
473	-0.048846	-0.048861	-0.049006
474	-0.049082	-0.049107	-0.049218
475	-0.049319	-0.049354	-0.04943
476	-0.049537	-0.04952	-0.049587
477	-0.049755	-0.049683	-0.049743
478	-0.049893	-0.049851	-0.049899
479	-0.050016	-0.050019	-0.050054
480	-0.050181	-0.050185	-0.050223
481	-0.050367	-0.05035	-0.050398
482	-0.050677	-0.050654	-0.050722
483	-0.051095	-0.051079	-0.051174
484	-0.051486	-0.051484	-0.051584
485	-0.051835	-0.051861	-0.051926
486	-0.052076	-0.052131	-0.052164
487	-0.051974	-0.052067	-0.052078
488	-0.051836	-0.051963	-0.051956
489	-0.051357	-0.051486	-0.051486
490	-0.050878	-0.051008	-0.051016
491	-0.050635	-0.050701	-0.05073
492	-0.050405	-0.050404	-0.050455
493	-0.050279	-0.050283	-0.050292
494	-0.050178	-0.050203	-0.050157
495	-0.049963	-0.049984	-0.04994
496	-0.049688	-0.049692	-0.049681
497	-0.049492	-0.049491	-0.049486
498	-0.049369	-0.049377	-0.049352
499	-0.049278	-0.049283	-0.049261
500	-0.049242	-0.049223	-0.049242
501	-0.049173	-0.049153	-0.049191
502	-0.048992	-0.049048	-0.04903
503	-0.048811	-0.048932	-0.048868
504	-0.048622	-0.048684	-0.04869
505	-0.048433	-0.048436	-0.048511
506	-0.048242	-0.048301	-0.048359
507	-0.048051	-0.048172	-0.048209
508	-0.047947	-0.048036	-0.048075
509	-0.047865	-0.047898	-0.047945
510	-0.047709	-0.047727	-0.047743
511	-0.047514	-0.047539	-0.047504
512	-0.047358	-0.047366	-0.047334
513	-0.047236	-0.047208	-0.047226
514	-0.047096	-0.047064	-0.047107
515	-0.046928	-0.046943	-0.046969
516	-0.046734	-0.046783	-0.046798
517	-0.046458	-0.046507	-0.046525
518	-0.046189	-0.046236	-0.046261
519	-0.045983	-0.046009	-0.046057
520	-0.045777	-0.045782	-0.045853
521	-0.045612	-0.045584	-0.045643
522	-0.045448	-0.045386	-0.045433
523	-0.045246	-0.045186	-0.045217
524	-0.045037	-0.044986	-0.045
525	-0.044816	-0.044802	-0.044788
526	-0.044589	-0.044625	-0.044578
527	-0.044406	-0.04445	-0.044398
528	-0.044258	-0.044276	-0.044243
529	-0.044065	-0.044056	-0.044064
530	-0.043814	-0.043772	-0.043852
531	-0.04361	-0.043542	-0.043649
532	-0.043518	-0.043443	-0.043466
533	-0.043412	-0.043338	-0.043296
534	-0.043227	-0.043203	-0.043193
535	-0.043042	-0.043067	-0.043088
536	-0.042826	-0.042849	-0.042888
537	-0.04261	-0.042631	-0.042687
538	-0.042424	-0.042446	-0.042484
539	-0.042242	-0.042266	-0.04228
540	-0.042017	-0.042013	-0.04205
541	-0.04178	-0.041737	-0.041812
542	-0.041519	-0.041494	-0.041546
543	-0.041246	-0.041269	-0.041262
544	-0.040988	-0.041008	-0.040995
545	-0.040746	-0.04071	-0.040744
546	-0.04049	-0.040439	-0.040496
547	-0.040211	-0.040213	-0.040253
548	-0.039934	-0.039968	-0.039997
549	-0.039662	-0.039662	-0.039702
550	-0.039396	-0.039362	-0.039412
551	-0.039169	-0.039108	-0.039162
552	-0.038942	-0.038853	-0.038913
553	-0.03873	-0.038668	-0.038744
554	-0.038517	-0.038484	-0.038577
555	-0.03834	-0.038287	-0.03839
556	-0.038168	-0.038088	-0.038201
557	-0.037897	-0.037846	-0.037916
558	-0.037592	-0.037587	-0.037597
559	-0.037346	-0.037351	-0.037352
560	-0.03714	-0.03713	-0.037155
561	-0.036966	-0.036952	-0.036969
562	-0.036827	-0.036819	-0.036795
563	-0.036668	-0.036655	-0.036615
564	-0.036475	-0.036436	-0.036424
565	-0.036343	-0.03629	-0.036297
566	-0.036408	-0.036376	-0.036371
567	-0.036479	-0.036462	-0.036449
568	-0.036606	-0.036551	-0.036556
569	-0.036734	-0.036639	-0.036662
570	-0.036761	-0.036703	-0.03672
571	-0.036787	-0.036766	-0.036778
572	-0.036855	-0.036821	-0.036876
573	-0.03693	-0.036875	-0.036981
574	-0.036917	-0.036851	-0.036948
575	-0.036876	-0.036802	-0.03687
576	-0.036825	-0.036765	-0.036813
577	-0.036769	-0.036736	-0.036768
578	-0.036696	-0.036671	-0.036696
579	-0.036607	-0.036573	-0.036599
580	-0.036484	-0.036441	-0.036475
581	-0.036308	-0.036257	-0.036312
582	-0.036055	-0.036004	-0.036065
583	-0.035605	-0.035569	-0.035602
584	-0.035164	-0.03514	-0.035154
585	-0.034773	-0.034738	-0.034788
586	-0.034377	-0.034332	-0.034415
587	-0.033871	-0.033822	-0.033889
588	-0.033366	-0.033312	-0.033362
589	-0.03296	-0.0329	-0.03293
590	-0.032561	-0.032495	-0.032504
591	-0.032174	-0.032132	-0.032149
592	-0.03179	-0.031779	-0.031811
593	-0.031487	-0.031489	-0.031514
594	-0.031217	-0.031226	-0.031235
595	-0.03091	-0.03091	-0.030919
596	-0.030575	-0.030556	-0.030577
597	-0.03025	-0.03022	-0.030249
598	-0.029935	-0.029902	-0.029936
599	-0.029618	-0.029587	-0.029621
600	-0.029295	-0.029278	-0.029301
601	-0.028986	-0.028974	-0.028992
602	-0.02872	-0.028688	-0.02872
603	-0.028442	-0.028399	-0.028432
604	-0.028097	-0.028089	-0.02806
605	-0.027749	-0.027774	-0.027686
606	-0.027294	-0.027302	-0.027285
607	-0.026839	-0.02683	-0.026884
608	-0.026478	-0.026439	-0.026479
609	-0.026124	-0.026055	-0.026075
610	-0.025805	-0.025708	-0.025743
611	-0.025494	-0.025369	-0.025428
612	-0.025223	-0.025124	-0.025148
613	-0.024968	-0.024917	-0.024882
614	-0.024606	-0.024592	-0.024532
615	-0.024176	-0.024192	-0.024129
616	-0.023786	-0.023786	-0.023767
617	-0.023436	-0.023374	-0.023447
618	-0.023086	-0.023005	-0.023102
619	-0.022736	-0.022696	-0.022721
620	-0.022415	-0.022393	-0.022385
621	-0.022162	-0.0221	-0.022152
622	-0.021882	-0.021789	-0.021883
623	-0.02149	-0.021402	-0.021459
624	-0.021105	-0.021021	-0.021045
625	-0.020791	-0.020706	-0.020725
626	-0.020477	-0.020391	-0.020406
627	-0.020153	-0.020074	-0.020078
628	-0.019828	-0.019757	-0.019751
629	-0.019465	-0.019431	-0.019414
630	-0.019097	-0.019104	-0.019076
631	-0.01881	-0.018776	-0.018784
632	-0.018543	-0.018449	-0.018504
633	-0.018178	-0.018069	-0.018145
634	-0.017771	-0.017666	-0.01775
635	-0.017428	-0.017349	-0.017398
636	-0.017127	-0.01709	-0.017074
637	-0.016857	-0.016848	-0.016812
638	-0.016617	-0.016622	-0.016611
639	-0.016382	-0.016404	-0.016396
640	-0.016151	-0.016198	-0.01616
641	-0.015926	-0.015974	-0.01593
642	-0.015712	-0.015709	-0.015714
643	-0.015488	-0.015443	-0.015487
644	-0.015228	-0.015174	-0.015222
645	-0.014967	-0.014911	-0.014956
646	-0.014703	-0.014685	-0.014671
647	-0.014449	-0.014465	-0.014399
648	-0.014454	-0.014433	-0.014484
649	-0.014459	-0.014402	-0.014569
650	-0.015123	-0.015048	-0.015179
651	-0.015827	-0.015735	-0.015821
652	-0.016739	-0.016668	-0.016768
653	-0.017686	-0.017644	-0.017767
654	-0.018367	-0.018336	-0.018407
655	-0.018965	-0.01894	-0.018935
656	-0.019033	-0.018993	-0.018979
657	-0.018845	-0.01878	-0.018789
658	-0.018246	-0.018199	-0.018209
659	-0.017358	-0.017358	-0.017354
660	-0.016272	-0.016276	-0.016257
661	-0.014989	-0.014954	-0.014917
662	-0.013764	-0.01371	-0.0137
663	-0.012619	-0.012577	-0.012654
664	-0.011671	-0.011639	-0.011753
665	-0.011122	-0.011098	-0.011144
666	-0.010628	-0.010598	-0.010601
667	-0.010302	-0.010225	-0.010258
668	-0.009988	-0.009875	-0.009932
669	-0.009735	-0.009643	-0.009693
670	-0.009489	-0.009413	-0.009458
671	-0.00932	-0.009216	-0.00927
672	-0.009152	-0.009018	-0.009082
673	-0.008856	-0.008772	-0.008805
674	-0.00856	-0.008526	-0.008528
675	-0.008373	-0.008312	-0.008348
676	-0.008197	-0.008102	-0.008176
677	-0.008022	-0.007939	-0.008012
678	-0.007846	-0.007786	-0.007849
679	-0.007654	-0.007628	-0.007669
680	-0.007457	-0.00747	-0.007483
681	-0.00731	-0.007302	-0.007344
682	-0.007187	-0.00713	-0.007226
683	-0.007008	-0.006945	-0.007052
684	-0.006793	-0.006752	-0.006842
685	-0.006628	-0.006602	-0.006648
686	-0.006509	-0.006489	-0.006469
687	-0.006353	-0.006345	-0.006317
688	-0.006156	-0.006162	-0.006196
689	-0.005977	-0.005974	-0.006042
690	-0.005826	-0.005776	-0.005834
691	-0.005654	-0.005592	-0.005621
692	-0.005437	-0.005442	-0.005395
693	-0.005222	-0.005259	-0.005174
694	-0.005015	-0.004969	-0.004965
695	-0.004816	-0.004709	-0.004767
696	-0.004647	-0.004591	-0.004618
697	-0.004475	-0.004464	-0.00447
698	-0.004278	-0.004262	-0.004327
699	-0.00408	-0.004059	-0.00418
700	-0.003843	-0.003843	-0.003925
701	-0.003606	-0.003626	-0.00367
702	-0.003471	-0.003447	-0.003485
703	-0.003339	-0.003269	-0.003302
704	-0.003131	-0.003073	-0.003091
705	-0.002915	-0.002875	-0.002877
706	-0.002713	-0.002702	-0.002737
707	-0.002515	-0.002535	-0.002611
708	-0.002341	-0.002344	-0.002418
709	-0.002176	-0.002147	-0.002206
710	-0.001982	-0.001918	-0.001963
711	-0.001777	-0.001676	-0.001708
712	-0.001625	-0.001499	-0.001544
713	-0.001504	-0.001359	-0.00143
714	-0.001308	-0.001209	-0.001262
715	-0.001059	-0.001052	-0.001055
716	-0.000848	-0.000866	-0.000855
717	-0.000675	-0.000652	-0.000663
718	-0.000469	-0.000428	-0.000446
719	-0.000225	-0.000192	-0.000199
720	0.000001	0.00005	0.000036
[LOG]
CHECKSUM‡s