[HEADER]
Format	J&M ASCII Table
Comment	
Date	04/03/2026 18:54:52
Order	Y (evenX)
TechType	UV
NumPoints	411
FirstX	310
LastX	720
XType	nm
YType	Absorbance
ZType	s
NumSubFile	3
Matrix	Z vs X
[LOGIN]
Name=pcbob
[INSTRUMENT]
Name=TIDAS E Base UV/VI
Detector=MMS - ASPEN 97,5 kHz
Diodearray=256 Pixel
Serial#=36584
Calibrated=2011-07-01
Range=183.81-729.88 [nm] (F0)

SWVersion=v3.18.2 (build 0)[LOGIN]
Name=pcbob
[CONFIG]
ChannelName=Channel 1
ChannelType=Normalized
[PARAMETER]
It=400,00
Aver=5
Norm=3
Range=310,0-720,0 nm
Scan=Time
ScanTime=5,00 s
[TRIGGER]
Sweep=0
Scan=0
[DIO]
DigOut=0x0000
DigIn=0x0000
[DATA]
	00:00:00,000	00:00:02,000	00:00:04,000
310	0.276268	0.275391	0.274761
311	0.271847	0.27097	0.270307
312	0.267484	0.266613	0.2659
313	0.263211	0.262331	0.261592
314	0.259064	0.258152	0.257421
315	0.25492	0.253993	0.253277
316	0.250783	0.249898	0.249214
317	0.246658	0.245812	0.245159
318	0.242716	0.24187	0.241206
319	0.238773	0.237928	0.237253
320	0.234839	0.234009	0.233334
321	0.230907	0.230093	0.229419
322	0.227016	0.226232	0.225549
323	0.223142	0.222393	0.221698
324	0.219362	0.218608	0.217924
325	0.215667	0.214869	0.214217
326	0.212006	0.211178	0.21054
327	0.208409	0.207573	0.206913
328	0.204809	0.203968	0.203295
329	0.2012	0.200361	0.199713
330	0.197591	0.196755	0.196131
331	0.194131	0.193296	0.192639
332	0.190671	0.189837	0.189146
333	0.18724	0.186386	0.185739
334	0.183816	0.182936	0.182349
335	0.180408	0.179553	0.178965
336	0.177008	0.176208	0.175584
337	0.173622	0.172852	0.172214
338	0.170251	0.169485	0.168857
339	0.166924	0.166175	0.165532
340	0.163701	0.162999	0.162283
341	0.160498	0.159823	0.159055
342	0.157438	0.156647	0.15598
343	0.154379	0.15347	0.152904
344	0.151293	0.150425	0.149842
345	0.148206	0.147387	0.14678
346	0.145075	0.144282	0.143649
347	0.141932	0.141156	0.140497
348	0.138908	0.138104	0.137448
349	0.135964	0.135102	0.134468
350	0.133012	0.132151	0.131505
351	0.130048	0.12927	0.128568
352	0.127083	0.126364	0.125638
353	0.124113	0.123387	0.12273
354	0.121149	0.120416	0.119821
355	0.118254	0.117531	0.116919
356	0.115358	0.114647	0.114017
357	0.112477	0.111717	0.111089
358	0.109597	0.108783	0.108158
359	0.106834	0.106029	0.105411
360	0.104113	0.103343	0.102733
361	0.101427	0.100654	0.10006
362	0.098767	0.097965	0.097392
363	0.096092	0.0953	0.094722
364	0.093396	0.092673	0.09205
365	0.090739	0.090057	0.089396
366	0.088222	0.087484	0.086808
367	0.085707	0.084918	0.084228
368	0.083254	0.082493	0.081805
369	0.0808	0.080068	0.079382
370	0.078269	0.077547	0.076879
371	0.075727	0.075013	0.074364
372	0.073234	0.07251	0.07189
373	0.070761	0.070021	0.069433
374	0.06834	0.067601	0.06703
375	0.065965	0.065242	0.064677
376	0.063601	0.062876	0.062327
377	0.061255	0.060497	0.059983
378	0.058924	0.058157	0.057662
379	0.056656	0.055984	0.055442
380	0.05439	0.053809	0.053221
381	0.052184	0.051538	0.050965
382	0.049977	0.049267	0.048709
383	0.04784	0.047138	0.046575
384	0.045715	0.045034	0.044463
385	0.043594	0.042937	0.042359
386	0.041474	0.040845	0.040259
387	0.039395	0.03878	0.038194
388	0.037353	0.036742	0.036161
389	0.035368	0.034759	0.03419
390	0.033488	0.032879	0.032335
391	0.031594	0.030981	0.03046
392	0.029637	0.028998	0.028499
393	0.027682	0.027018	0.026539
394	0.025839	0.025192	0.024688
395	0.023997	0.023366	0.022837
396	0.022344	0.021711	0.021153
397	0.020726	0.020087	0.019498
398	0.019214	0.018551	0.017987
399	0.017752	0.017056	0.016543
400	0.016114	0.015437	0.014933
401	0.014308	0.013701	0.013166
402	0.012495	0.011916	0.011378
403	0.010667	0.010039	0.009549
404	0.008915	0.008253	0.007791
405	0.007496	0.006865	0.006342
406	0.006077	0.005476	0.004895
407	0.00461	0.004048	0.003515
408	0.003144	0.002621	0.002135
409	0.001627	0.001096	0.000628
410	0.000102	-0.000444	-0.000901
411	-0.001462	-0.002016	-0.002514
412	-0.003043	-0.003603	-0.004165
413	-0.004624	-0.005194	-0.005712
414	-0.006204	-0.006789	-0.007167
415	-0.007782	-0.008368	-0.008689
416	-0.009358	-0.009918	-0.010331
417	-0.010949	-0.011487	-0.011974
418	-0.012599	-0.013137	-0.013617
419	-0.014232	-0.014771	-0.015245
420	-0.015465	-0.015986	-0.016491
421	-0.016697	-0.017201	-0.017737
422	-0.01806	-0.018551	-0.019027
423	-0.019442	-0.019921	-0.020323
424	-0.020722	-0.021217	-0.021609
425	-0.021961	-0.022484	-0.022889
426	-0.023105	-0.023632	-0.024047
427	-0.024172	-0.024684	-0.025105
428	-0.025146	-0.02565	-0.026061
429	-0.025979	-0.026483	-0.02686
430	-0.026808	-0.027306	-0.027664
431	-0.027626	-0.028098	-0.028484
432	-0.028451	-0.028898	-0.029311
433	-0.029354	-0.029792	-0.030223
434	-0.030257	-0.030687	-0.031134
435	-0.031198	-0.031687	-0.032102
436	-0.032144	-0.032696	-0.033074
437	-0.033092	-0.033613	-0.034
438	-0.034042	-0.034499	-0.034911
439	-0.034879	-0.035297	-0.035739
440	-0.035641	-0.036036	-0.036512
441	-0.036401	-0.036818	-0.037264
442	-0.037159	-0.037654	-0.037991
443	-0.037882	-0.038409	-0.038685
444	-0.038513	-0.038957	-0.039294
445	-0.039137	-0.039512	-0.039903
446	-0.039712	-0.040116	-0.040503
447	-0.040286	-0.04072	-0.041102
448	-0.040879	-0.041337	-0.041688
449	-0.041472	-0.041954	-0.042274
450	-0.041964	-0.04242	-0.042769
451	-0.042433	-0.042852	-0.043243
452	-0.042876	-0.043283	-0.043696
453	-0.043305	-0.043713	-0.044136
454	-0.043772	-0.044191	-0.044594
455	-0.044279	-0.044717	-0.045068
456	-0.044748	-0.045181	-0.045493
457	-0.045148	-0.045529	-0.045828
458	-0.045534	-0.045888	-0.046174
459	-0.045859	-0.046289	-0.046562
460	-0.046186	-0.046685	-0.04695
461	-0.046543	-0.046976	-0.047298
462	-0.046901	-0.047266	-0.047646
463	-0.047266	-0.047618	-0.048005
464	-0.047632	-0.047978	-0.048366
465	-0.047864	-0.048243	-0.048593
466	-0.048047	-0.048476	-0.048771
467	-0.048204	-0.048646	-0.048936
468	-0.048341	-0.048772	-0.049092
469	-0.048462	-0.048888	-0.049227
470	-0.048561	-0.048992	-0.049334
471	-0.048661	-0.049089	-0.049433
472	-0.048762	-0.049168	-0.049516
473	-0.048882	-0.049267	-0.049613
474	-0.049127	-0.049495	-0.049804
475	-0.049372	-0.049723	-0.049995
476	-0.049462	-0.049849	-0.050143
477	-0.049549	-0.049972	-0.05029
478	-0.049691	-0.050094	-0.050449
479	-0.049845	-0.050217	-0.05061
480	-0.050034	-0.05037	-0.050749
481	-0.05024	-0.050537	-0.050877
482	-0.050512	-0.050859	-0.051161
483	-0.050842	-0.051316	-0.051581
484	-0.051212	-0.051736	-0.05199
485	-0.051645	-0.052096	-0.052381
486	-0.05195	-0.052344	-0.052656
487	-0.051855	-0.052239	-0.052565
488	-0.051727	-0.052104	-0.052441
489	-0.05128	-0.051676	-0.052005
490	-0.050833	-0.051248	-0.051569
491	-0.050542	-0.050937	-0.051224
492	-0.050261	-0.050633	-0.050884
493	-0.050109	-0.05051	-0.050764
494	-0.049989	-0.050431	-0.050697
495	-0.049759	-0.050191	-0.050499
496	-0.049473	-0.049867	-0.050233
497	-0.049284	-0.049645	-0.050023
498	-0.049188	-0.04952	-0.049867
499	-0.049097	-0.049406	-0.049758
500	-0.049016	-0.049313	-0.049732
501	-0.048919	-0.049214	-0.049658
502	-0.048769	-0.049095	-0.049425
503	-0.048615	-0.048971	-0.0492
504	-0.048404	-0.048806	-0.049045
505	-0.048193	-0.04864	-0.04889
506	-0.048024	-0.048401	-0.048706
507	-0.047857	-0.048158	-0.04852
508	-0.047707	-0.04802	-0.048384
509	-0.047562	-0.047907	-0.048259
510	-0.047411	-0.047755	-0.048125
511	-0.047259	-0.047581	-0.047986
512	-0.047118	-0.047441	-0.047839
513	-0.046988	-0.047331	-0.047683
514	-0.046851	-0.047198	-0.047528
515	-0.0467	-0.047026	-0.047374
516	-0.046528	-0.04684	-0.047195
517	-0.046287	-0.046612	-0.046935
518	-0.046046	-0.04638	-0.04668
519	-0.045807	-0.04612	-0.046464
520	-0.045568	-0.045859	-0.046248
521	-0.04535	-0.045642	-0.045946
522	-0.045133	-0.045425	-0.045641
523	-0.044866	-0.045187	-0.045422
524	-0.044588	-0.044945	-0.045219
525	-0.044376	-0.044706	-0.045004
526	-0.044193	-0.044469	-0.044782
527	-0.04403	-0.044267	-0.044576
528	-0.043885	-0.044092	-0.044381
529	-0.043696	-0.043913	-0.044192
530	-0.043449	-0.043731	-0.04401
531	-0.043247	-0.043579	-0.043855
532	-0.043154	-0.043502	-0.043766
533	-0.043051	-0.043414	-0.04367
534	-0.042901	-0.043273	-0.043543
535	-0.04275	-0.043131	-0.043415
536	-0.042551	-0.042926	-0.043225
537	-0.042353	-0.042721	-0.043036
538	-0.042183	-0.042542	-0.042821
539	-0.042016	-0.042367	-0.042603
540	-0.041748	-0.042123	-0.042352
541	-0.041448	-0.041858	-0.042091
542	-0.041191	-0.041576	-0.041815
543	-0.040959	-0.041283	-0.041532
544	-0.04068	-0.041001	-0.041259
545	-0.040353	-0.040729	-0.040997
546	-0.040062	-0.040456	-0.040718
547	-0.039829	-0.040178	-0.040412
548	-0.039577	-0.039889	-0.040108
549	-0.039266	-0.039563	-0.039813
550	-0.038959	-0.039253	-0.039526
551	-0.038686	-0.039064	-0.03931
552	-0.038413	-0.038875	-0.039095
553	-0.038221	-0.038644	-0.038869
554	-0.03803	-0.038413	-0.038644
555	-0.037844	-0.038234	-0.038446
556	-0.03766	-0.038063	-0.038252
557	-0.037423	-0.037819	-0.038019
558	-0.037168	-0.037549	-0.03777
559	-0.036934	-0.037297	-0.037559
560	-0.036713	-0.037057	-0.037372
561	-0.036556	-0.03688	-0.03722
562	-0.036466	-0.03677	-0.037105
563	-0.036341	-0.036624	-0.036945
564	-0.036152	-0.036414	-0.036702
565	-0.036017	-0.036261	-0.036534
566	-0.036056	-0.036295	-0.036602
567	-0.036102	-0.036339	-0.036672
568	-0.0362	-0.036456	-0.036756
569	-0.036297	-0.036573	-0.03684
570	-0.03631	-0.036586	-0.036856
571	-0.036323	-0.036599	-0.036872
572	-0.036356	-0.036657	-0.036914
573	-0.036392	-0.036723	-0.03696
574	-0.036349	-0.036681	-0.036914
575	-0.03628	-0.036603	-0.036838
576	-0.036212	-0.036535	-0.036785
577	-0.036145	-0.036472	-0.036744
578	-0.036076	-0.03639	-0.036669
579	-0.036005	-0.036289	-0.036561
580	-0.035902	-0.036155	-0.036433
581	-0.035748	-0.035971	-0.036272
582	-0.035511	-0.035728	-0.036034
583	-0.035059	-0.035331	-0.035594
584	-0.03462	-0.03494	-0.03517
585	-0.034249	-0.034582	-0.034832
586	-0.033874	-0.034219	-0.034485
587	-0.033415	-0.03372	-0.033972
588	-0.032956	-0.033221	-0.033459
589	-0.032524	-0.032844	-0.033068
590	-0.032095	-0.032476	-0.032685
591	-0.031729	-0.032067	-0.032324
592	-0.031378	-0.031648	-0.031969
593	-0.031111	-0.031369	-0.031661
594	-0.03088	-0.03115	-0.031375
595	-0.030559	-0.030837	-0.031039
596	-0.030176	-0.030459	-0.030668
597	-0.029824	-0.030096	-0.030315
598	-0.029506	-0.02975	-0.029982
599	-0.029179	-0.02941	-0.029642
600	-0.028834	-0.029077	-0.029291
601	-0.028498	-0.028763	-0.028964
602	-0.028187	-0.028506	-0.02871
603	-0.027867	-0.028227	-0.028437
604	-0.0275	-0.027817	-0.028059
605	-0.02713	-0.027406	-0.027678
606	-0.026685	-0.026973	-0.027215
607	-0.02624	-0.02654	-0.026751
608	-0.025877	-0.026163	-0.026382
609	-0.025521	-0.02579	-0.02602
610	-0.025199	-0.02548	-0.025703
611	-0.024885	-0.025184	-0.025394
612	-0.024626	-0.024924	-0.025133
613	-0.024389	-0.02468	-0.02489
614	-0.0241	-0.024357	-0.02456
615	-0.023778	-0.023983	-0.024175
616	-0.023416	-0.023647	-0.023829
617	-0.023016	-0.023348	-0.023522
618	-0.02265	-0.023032	-0.02319
619	-0.022338	-0.022688	-0.022823
620	-0.022047	-0.022366	-0.0225
621	-0.021807	-0.022094	-0.022283
622	-0.021537	-0.021808	-0.022032
623	-0.021141	-0.021469	-0.021645
624	-0.020753	-0.021127	-0.021264
625	-0.020436	-0.020758	-0.02094
626	-0.020119	-0.020388	-0.020617
627	-0.019783	-0.020067	-0.02028
628	-0.019446	-0.019747	-0.019944
629	-0.019088	-0.019362	-0.019594
630	-0.018728	-0.01897	-0.019242
631	-0.018387	-0.018626	-0.018912
632	-0.018051	-0.018294	-0.018587
633	-0.017704	-0.017941	-0.018194
634	-0.017352	-0.017579	-0.01777
635	-0.017008	-0.017245	-0.017408
636	-0.016671	-0.016931	-0.017088
637	-0.01637	-0.016654	-0.016816
638	-0.016107	-0.016415	-0.016592
639	-0.01586	-0.016154	-0.016359
640	-0.015637	-0.015862	-0.016115
641	-0.015416	-0.015603	-0.015887
642	-0.0152	-0.015419	-0.015695
643	-0.014972	-0.015215	-0.015484
644	-0.014707	-0.014943	-0.01521
645	-0.014445	-0.014675	-0.014937
646	-0.014208	-0.014433	-0.014673
647	-0.01398	-0.014202	-0.01442
648	-0.01403	-0.014257	-0.014476
649	-0.01408	-0.014313	-0.014532
650	-0.014693	-0.014945	-0.015162
651	-0.01534	-0.015613	-0.015826
652	-0.016263	-0.016539	-0.016774
653	-0.017234	-0.01751	-0.017771
654	-0.017926	-0.018199	-0.018468
655	-0.018532	-0.018801	-0.019073
656	-0.018589	-0.018876	-0.019113
657	-0.018381	-0.018698	-0.018881
658	-0.017816	-0.01812	-0.018286
659	-0.017001	-0.01726	-0.017436
660	-0.015932	-0.016191	-0.016381
661	-0.014611	-0.014913	-0.015123
662	-0.013396	-0.01369	-0.013923
663	-0.012335	-0.012548	-0.012805
664	-0.011414	-0.011584	-0.011859
665	-0.01078	-0.010985	-0.011262
666	-0.010213	-0.010456	-0.010724
667	-0.009849	-0.010139	-0.010364
668	-0.009502	-0.009832	-0.010019
669	-0.009247	-0.009576	-0.00975
670	-0.008999	-0.009321	-0.009487
671	-0.008843	-0.009078	-0.00929
672	-0.008687	-0.008835	-0.009092
673	-0.008411	-0.008627	-0.008777
674	-0.008135	-0.008418	-0.008462
675	-0.007962	-0.008228	-0.008316
676	-0.007799	-0.008039	-0.008185
677	-0.007637	-0.007871	-0.008023
678	-0.007475	-0.007708	-0.007855
679	-0.007284	-0.007499	-0.007711
680	-0.007083	-0.007277	-0.007574
681	-0.006955	-0.007134	-0.007429
682	-0.006861	-0.007028	-0.007279
683	-0.006676	-0.006877	-0.007091
684	-0.006433	-0.006695	-0.006878
685	-0.006263	-0.006545	-0.006715
686	-0.006157	-0.006423	-0.006596
687	-0.006047	-0.006301	-0.006455
688	-0.005931	-0.006181	-0.006291
689	-0.00578	-0.00605	-0.006143
690	-0.005574	-0.005902	-0.006023
691	-0.005366	-0.005732	-0.005866
692	-0.005155	-0.005515	-0.005632
693	-0.004951	-0.005304	-0.005403
694	-0.004767	-0.005116	-0.005192
695	-0.004589	-0.004924	-0.004998
696	-0.004443	-0.004718	-0.004886
697	-0.004294	-0.004521	-0.004765
698	-0.004127	-0.004408	-0.004574
699	-0.003957	-0.00429	-0.004381
700	-0.003687	-0.00402	-0.004142
701	-0.003416	-0.00375	-0.003903
702	-0.003284	-0.003547	-0.003786
703	-0.003158	-0.003346	-0.003673
704	-0.002941	-0.00315	-0.003439
705	-0.002714	-0.002954	-0.003192
706	-0.002493	-0.002791	-0.002978
707	-0.002273	-0.002634	-0.002769
708	-0.002082	-0.002436	-0.00258
709	-0.0019	-0.002226	-0.002396
710	-0.001651	-0.001957	-0.002153
711	-0.001374	-0.001662	-0.001886
712	-0.001171	-0.001433	-0.001692
713	-0.001008	-0.00124	-0.001539
714	-0.000885	-0.0011	-0.001366
715	-0.000791	-0.000998	-0.001178
716	-0.000607	-0.000826	-0.000963
717	-0.00034	-0.000587	-0.000722
718	-0.000103	-0.000364	-0.00051
719	0.0001	-0.000157	-0.000329
720	0.000328	0.000059	-0.000135
[LOG]
CHECKSUMbü