[HEADER]
Format	J&M ASCII Table
Comment	
Date	04/03/2026 18:44:11
Order	Y (evenX)
TechType	UV
NumPoints	411
FirstX	310
LastX	720
XType	nm
YType	Absorbance
ZType	s
NumSubFile	3
Matrix	Z vs X
[LOGIN]
Name=pcbob
[INSTRUMENT]
Name=TIDAS E Base UV/VI
Detector=MMS - ASPEN 97,5 kHz
Diodearray=256 Pixel
Serial#=36584
Calibrated=2011-07-01
Range=183.81-729.88 [nm] (F0)

SWVersion=v3.18.2 (build 0)[LOGIN]
Name=pcbob
[CONFIG]
ChannelName=Channel 1
ChannelType=Normalized
[PARAMETER]
It=400,00
Aver=5
Norm=3
Range=310,0-720,0 nm
Scan=Time
ScanTime=5,00 s
[TRIGGER]
Sweep=0
Scan=0
[DIO]
DigOut=0x0000
DigIn=0x0000
[DATA]
	00:00:00,000	00:00:02,000	00:00:04,000
310	0.290152	0.289855	0.289665
311	0.285449	0.285152	0.284945
312	0.2808	0.280512	0.280255
313	0.276266	0.275978	0.275688
314	0.271891	0.271588	0.271292
315	0.267517	0.267204	0.266913
316	0.263144	0.262838	0.262586
317	0.258782	0.258485	0.258269
318	0.254581	0.254325	0.2541
319	0.250379	0.250165	0.249931
320	0.246251	0.246033	0.245807
321	0.242131	0.241905	0.241689
322	0.238092	0.237883	0.237632
323	0.234085	0.233905	0.233601
324	0.230158	0.229965	0.22965
325	0.226301	0.22606	0.225772
326	0.222481	0.22221	0.221937
327	0.218725	0.218459	0.218184
328	0.214962	0.214695	0.214425
329	0.211162	0.210872	0.210642
330	0.207362	0.20705	0.206858
331	0.203688	0.203416	0.203195
332	0.200013	0.199782	0.199532
333	0.196456	0.196222	0.195939
334	0.192924	0.192679	0.192361
335	0.189435	0.189156	0.188876
336	0.18597	0.185646	0.185441
337	0.182449	0.182153	0.181965
338	0.178864	0.178679	0.178443
339	0.175367	0.17523	0.174981
340	0.172075	0.171842	0.171659
341	0.168786	0.168475	0.168342
342	0.165519	0.165263	0.165066
343	0.162252	0.16205	0.16179
344	0.159013	0.158803	0.158571
345	0.155775	0.155554	0.155356
346	0.152591	0.152406	0.152157
347	0.149422	0.149288	0.148964
348	0.146276	0.146167	0.145808
349	0.143144	0.143045	0.142678
350	0.140078	0.139949	0.139598
351	0.137098	0.136888	0.136583
352	0.134082	0.133831	0.133561
353	0.130959	0.130782	0.130513
354	0.127854	0.127746	0.127474
355	0.124975	0.124852	0.124539
356	0.122096	0.121958	0.121604
357	0.119135	0.118979	0.118719
358	0.116167	0.115991	0.115839
359	0.113305	0.113142	0.112963
360	0.110482	0.110345	0.11009
361	0.107711	0.107539	0.107277
362	0.104979	0.104726	0.104513
363	0.102223	0.101941	0.101773
364	0.099431	0.099203	0.09907
365	0.09668	0.096497	0.096379
366	0.094078	0.093909	0.093732
367	0.09148	0.091325	0.091091
368	0.088943	0.088816	0.088578
369	0.086406	0.086306	0.086064
370	0.083923	0.083757	0.083511
371	0.081447	0.081202	0.080951
372	0.078887	0.07863	0.078398
373	0.07629	0.07605	0.075847
374	0.073775	0.073529	0.073324
375	0.071331	0.07106	0.070826
376	0.068923	0.068647	0.068401
377	0.066579	0.066335	0.066104
378	0.06425	0.064036	0.063816
379	0.061978	0.061795	0.061568
380	0.059706	0.059553	0.059319
381	0.05738	0.057266	0.057035
382	0.055055	0.054979	0.054752
383	0.05294	0.052793	0.052598
384	0.050862	0.050625	0.050466
385	0.048685	0.048496	0.048319
386	0.046463	0.046384	0.046165
387	0.044338	0.044297	0.044067
388	0.042304	0.042233	0.042022
389	0.04032	0.040219	0.040018
390	0.038428	0.0383	0.038092
391	0.036519	0.036377	0.036167
392	0.034535	0.034438	0.034242
393	0.032552	0.032499	0.032318
394	0.03068	0.030604	0.030415
395	0.028808	0.028709	0.028513
396	0.027163	0.027041	0.026859
397	0.025559	0.025414	0.025249
398	0.024079	0.023904	0.02372
399	0.022658	0.022448	0.022228
400	0.020995	0.02082	0.020586
401	0.019106	0.019029	0.018801
402	0.017242	0.017225	0.017006
403	0.015426	0.015397	0.015188
404	0.013684	0.013643	0.013439
405	0.012272	0.01222	0.011991
406	0.010862	0.010797	0.010545
407	0.009475	0.009389	0.009196
408	0.008089	0.00798	0.007847
409	0.006658	0.006529	0.006422
410	0.005221	0.00507	0.004984
411	0.003713	0.003563	0.00348
412	0.002174	0.002034	0.001946
413	0.000619	0.00049	0.000398
414	-0.000953	-0.001069	-0.001163
415	-0.002516	-0.002608	-0.002725
416	-0.004066	-0.004113	-0.004291
417	-0.005631	-0.005643	-0.005866
418	-0.00726	-0.007269	-0.00748
419	-0.008874	-0.00888	-0.009078
420	-0.010111	-0.01012	-0.010249
421	-0.011349	-0.01136	-0.01142
422	-0.012641	-0.012671	-0.012746
423	-0.013942	-0.013991	-0.014094
424	-0.015156	-0.015202	-0.015278
425	-0.016336	-0.016369	-0.016396
426	-0.017402	-0.017445	-0.017494
427	-0.018375	-0.018448	-0.018575
428	-0.019288	-0.01936	-0.019534
429	-0.020109	-0.020134	-0.020303
430	-0.020922	-0.020917	-0.02107
431	-0.021707	-0.021729	-0.021828
432	-0.022493	-0.02254	-0.022589
433	-0.023287	-0.023354	-0.023384
434	-0.02408	-0.024168	-0.024179
435	-0.024951	-0.024999	-0.025035
436	-0.02583	-0.025832	-0.025897
437	-0.026684	-0.026689	-0.026756
438	-0.027531	-0.027555	-0.027614
439	-0.028292	-0.028307	-0.028372
440	-0.028997	-0.028983	-0.029062
441	-0.029707	-0.029702	-0.029794
442	-0.030425	-0.030476	-0.03058
443	-0.031103	-0.031185	-0.031288
444	-0.031682	-0.031729	-0.031797
445	-0.032253	-0.032264	-0.032308
446	-0.032763	-0.032733	-0.032841
447	-0.033273	-0.033202	-0.033373
448	-0.033728	-0.033663	-0.033837
449	-0.034181	-0.034123	-0.034299
450	-0.0346	-0.034532	-0.034668
451	-0.035011	-0.034929	-0.035017
452	-0.035373	-0.035286	-0.035379
453	-0.03571	-0.035623	-0.035748
454	-0.036128	-0.036059	-0.036162
455	-0.036628	-0.036594	-0.036618
456	-0.037055	-0.037045	-0.03702
457	-0.037345	-0.03734	-0.037321
458	-0.037639	-0.03763	-0.037627
459	-0.037951	-0.037893	-0.037957
460	-0.03826	-0.038156	-0.038283
461	-0.038507	-0.038398	-0.038539
462	-0.038753	-0.038639	-0.038795
463	-0.03902	-0.03895	-0.039058
464	-0.03929	-0.039269	-0.039322
465	-0.039481	-0.03945	-0.03951
466	-0.039645	-0.039583	-0.03967
467	-0.039693	-0.039628	-0.039713
468	-0.039658	-0.03961	-0.039671
469	-0.039668	-0.039633	-0.039666
470	-0.039736	-0.039709	-0.03971
471	-0.039798	-0.039765	-0.039757
472	-0.039846	-0.03977	-0.039812
473	-0.039896	-0.039788	-0.039877
474	-0.039962	-0.03989	-0.040005
475	-0.040029	-0.039992	-0.040132
476	-0.040113	-0.04007	-0.040151
477	-0.040197	-0.040147	-0.040167
478	-0.040243	-0.040184	-0.040204
479	-0.040283	-0.040213	-0.040245
480	-0.040378	-0.040336	-0.040356
481	-0.0405	-0.040502	-0.040499
482	-0.040769	-0.040795	-0.040768
483	-0.041165	-0.041198	-0.041147
484	-0.041518	-0.041548	-0.041508
485	-0.041805	-0.041818	-0.041843
486	-0.041992	-0.04199	-0.042065
487	-0.041867	-0.041855	-0.041934
488	-0.041701	-0.041679	-0.041758
489	-0.041156	-0.041109	-0.041161
490	-0.04061	-0.04054	-0.040564
491	-0.040251	-0.040193	-0.04018
492	-0.039901	-0.039857	-0.039808
493	-0.039605	-0.039599	-0.039576
494	-0.039322	-0.039359	-0.039379
495	-0.039052	-0.039074	-0.039103
496	-0.03879	-0.038764	-0.038787
497	-0.038556	-0.038522	-0.038539
498	-0.03835	-0.038342	-0.038355
499	-0.038192	-0.038182	-0.038193
500	-0.038118	-0.038054	-0.03807
501	-0.038004	-0.037917	-0.037936
502	-0.037754	-0.037748	-0.037767
503	-0.037509	-0.037572	-0.03759
504	-0.037309	-0.037323	-0.037332
505	-0.037109	-0.037073	-0.037074
506	-0.036855	-0.036809	-0.036851
507	-0.036599	-0.036543	-0.036629
508	-0.036443	-0.036372	-0.036458
509	-0.036312	-0.036224	-0.036298
510	-0.036147	-0.036082	-0.036112
511	-0.035965	-0.035944	-0.035912
512	-0.035757	-0.035738	-0.035711
513	-0.035527	-0.035471	-0.035507
514	-0.035332	-0.035255	-0.035323
515	-0.035192	-0.035119	-0.035172
516	-0.035015	-0.034957	-0.034989
517	-0.034726	-0.034713	-0.034709
518	-0.034438	-0.03446	-0.034429
519	-0.034159	-0.034132	-0.034152
520	-0.03388	-0.033804	-0.033876
521	-0.033616	-0.033544	-0.033622
522	-0.033353	-0.033287	-0.033369
523	-0.033107	-0.033057	-0.033086
524	-0.032865	-0.032832	-0.032797
525	-0.032624	-0.032577	-0.032553
526	-0.032383	-0.032308	-0.03233
527	-0.032165	-0.032072	-0.032115
528	-0.031966	-0.03186	-0.031908
529	-0.031772	-0.031646	-0.031704
530	-0.031583	-0.031428	-0.031505
531	-0.031402	-0.031245	-0.031328
532	-0.031241	-0.031145	-0.031205
533	-0.03107	-0.031028	-0.031067
534	-0.030851	-0.030821	-0.030853
535	-0.030631	-0.030614	-0.03064
536	-0.030437	-0.030412	-0.030454
537	-0.030243	-0.030209	-0.030268
538	-0.03006	-0.030036	-0.030076
539	-0.029878	-0.029867	-0.029884
540	-0.029688	-0.029661	-0.029667
541	-0.029496	-0.029444	-0.029442
542	-0.029247	-0.029209	-0.029202
543	-0.028964	-0.028965	-0.028952
544	-0.028631	-0.028648	-0.028646
545	-0.028249	-0.028258	-0.028285
546	-0.027892	-0.027885	-0.027925
547	-0.027574	-0.02754	-0.027569
548	-0.027261	-0.027199	-0.027222
549	-0.026957	-0.026873	-0.026906
550	-0.026667	-0.026562	-0.026605
551	-0.026477	-0.026374	-0.026413
552	-0.026286	-0.026186	-0.026221
553	-0.026062	-0.026002	-0.025989
554	-0.025838	-0.025818	-0.025757
555	-0.025613	-0.025638	-0.025553
556	-0.025387	-0.02546	-0.025354
557	-0.025137	-0.025159	-0.025099
558	-0.024878	-0.024814	-0.024823
559	-0.024631	-0.024537	-0.024595
560	-0.024393	-0.024304	-0.024399
561	-0.024215	-0.024144	-0.024245
562	-0.024104	-0.024061	-0.024135
563	-0.023977	-0.023954	-0.023996
564	-0.023823	-0.023802	-0.023805
565	-0.023724	-0.023697	-0.023679
566	-0.0238	-0.023747	-0.023767
567	-0.023879	-0.023806	-0.023861
568	-0.023983	-0.023942	-0.024
569	-0.024087	-0.024078	-0.02414
570	-0.024202	-0.024156	-0.024208
571	-0.024316	-0.024233	-0.024275
572	-0.024352	-0.024271	-0.024322
573	-0.024375	-0.024303	-0.024365
574	-0.024381	-0.024302	-0.024358
575	-0.02438	-0.02429	-0.024334
576	-0.024339	-0.02427	-0.024299
577	-0.024276	-0.024244	-0.024257
578	-0.024216	-0.024199	-0.024197
579	-0.024158	-0.024136	-0.02412
580	-0.024055	-0.024026	-0.024009
581	-0.023884	-0.023843	-0.023845
582	-0.023642	-0.023591	-0.023608
583	-0.023217	-0.023161	-0.023181
584	-0.022789	-0.022734	-0.022753
585	-0.022344	-0.022325	-0.022323
586	-0.021899	-0.021913	-0.021893
587	-0.021452	-0.021423	-0.021471
588	-0.021005	-0.020934	-0.021049
589	-0.020568	-0.020501	-0.020589
590	-0.020131	-0.020073	-0.020126
591	-0.019765	-0.019686	-0.019728
592	-0.019414	-0.019307	-0.019344
593	-0.019103	-0.019012	-0.01904
594	-0.018809	-0.018753	-0.01877
595	-0.01848	-0.018439	-0.018455
596	-0.018125	-0.018088	-0.018108
597	-0.017775	-0.017741	-0.017759
598	-0.017429	-0.017399	-0.017408
599	-0.017094	-0.017066	-0.017072
600	-0.016777	-0.016749	-0.016763
601	-0.016472	-0.016437	-0.016467
602	-0.016201	-0.016143	-0.016206
603	-0.015914	-0.015839	-0.015924
604	-0.015527	-0.01548	-0.015521
605	-0.01514	-0.015117	-0.015118
606	-0.014739	-0.014668	-0.014697
607	-0.014338	-0.01422	-0.014276
608	-0.013877	-0.013782	-0.013848
609	-0.013411	-0.013344	-0.013419
610	-0.013142	-0.013063	-0.013123
611	-0.012915	-0.012816	-0.012857
612	-0.01262	-0.012562	-0.012592
613	-0.012298	-0.012305	-0.012329
614	-0.01197	-0.012006	-0.012004
615	-0.01164	-0.011679	-0.011641
616	-0.011286	-0.011306	-0.011263
617	-0.010911	-0.01089	-0.010874
618	-0.010562	-0.01052	-0.010532
619	-0.010255	-0.010222	-0.010262
620	-0.009962	-0.009937	-0.009979
621	-0.009702	-0.009684	-0.009662
622	-0.009425	-0.009404	-0.009339
623	-0.009075	-0.009017	-0.008993
624	-0.008725	-0.008634	-0.008651
625	-0.008362	-0.008304	-0.008342
626	-0.008	-0.007974	-0.008033
627	-0.007716	-0.007679	-0.007741
628	-0.007432	-0.007384	-0.007448
629	-0.00701	-0.00698	-0.006999
630	-0.006572	-0.006563	-0.006531
631	-0.006243	-0.006206	-0.006175
632	-0.005944	-0.005864	-0.005848
633	-0.0056	-0.005506	-0.005498
634	-0.005238	-0.005141	-0.005139
635	-0.004892	-0.004813	-0.004818
636	-0.004557	-0.004511	-0.004524
637	-0.004256	-0.004239	-0.004271
638	-0.00399	-0.003997	-0.004059
639	-0.003731	-0.003741	-0.0038
640	-0.003485	-0.003466	-0.003472
641	-0.003229	-0.003191	-0.003166
642	-0.002951	-0.002917	-0.002908
643	-0.002683	-0.002658	-0.002666
644	-0.002453	-0.002456	-0.002479
645	-0.002233	-0.002255	-0.002288
646	-0.002079	-0.002058	-0.002072
647	-0.001933	-0.001871	-0.001867
648	-0.002004	-0.001961	-0.00197
649	-0.002075	-0.002052	-0.002073
650	-0.002723	-0.002745	-0.002736
651	-0.003407	-0.003475	-0.003433
652	-0.004492	-0.00451	-0.004479
653	-0.005645	-0.005598	-0.005587
654	-0.006361	-0.006329	-0.006321
655	-0.006941	-0.006949	-0.00694
656	-0.007	-0.006994	-0.006991
657	-0.006807	-0.006763	-0.006768
658	-0.006228	-0.006182	-0.006174
659	-0.005377	-0.005357	-0.005318
660	-0.004291	-0.004286	-0.004261
661	-0.00297	-0.002971	-0.003004
662	-0.00172	-0.00173	-0.001768
663	-0.000571	-0.000596	-0.00056
664	0.000407	0.000391	0.000454
665	0.001034	0.00108	0.001074
666	0.001595	0.001687	0.001626
667	0.001951	0.002042	0.001974
668	0.002295	0.002381	0.00231
669	0.002575	0.00264	0.002593
670	0.002845	0.002893	0.00287
671	0.003006	0.003078	0.003087
672	0.003167	0.003263	0.003304
673	0.003394	0.003432	0.00347
674	0.003622	0.003601	0.003637
675	0.003811	0.003797	0.003824
676	0.003997	0.003995	0.004012
677	0.004115	0.004155	0.00416
678	0.004221	0.004308	0.004301
679	0.004405	0.004493	0.004456
680	0.004615	0.004687	0.004615
681	0.004758	0.004828	0.004762
682	0.004872	0.004944	0.004903
683	0.005024	0.005068	0.005073
684	0.005201	0.005197	0.005263
685	0.005361	0.005336	0.005424
686	0.005507	0.005485	0.00556
687	0.005621	0.005624	0.005686
688	0.005697	0.005754	0.0058
689	0.005821	0.005891	0.005922
690	0.006022	0.006038	0.006054
691	0.006218	0.006202	0.006203
692	0.006403	0.006402	0.006391
693	0.006589	0.006606	0.006585
694	0.006774	0.00682	0.006802
695	0.006959	0.007026	0.007009
696	0.007139	0.007188	0.007169
697	0.007322	0.007357	0.007337
698	0.007525	0.007586	0.007585
699	0.00773	0.007816	0.007832
700	0.008004	0.008059	0.008064
701	0.008278	0.008301	0.008296
702	0.008412	0.008495	0.008464
703	0.00854	0.008687	0.00863
704	0.008771	0.008877	0.008824
705	0.009013	0.009066	0.009021
706	0.009216	0.009231	0.00922
707	0.00941	0.009391	0.00942
708	0.009633	0.009651	0.009675
709	0.009864	0.009941	0.009946
710	0.010088	0.010171	0.010148
711	0.010309	0.010376	0.010321
712	0.010488	0.010539	0.01051
713	0.010643	0.010678	0.010709
714	0.010791	0.010832	0.010895
715	0.010934	0.010997	0.011071
716	0.011102	0.011163	0.011215
717	0.011294	0.01133	0.01133
718	0.011466	0.011485	0.011483
719	0.011615	0.011626	0.01168
720	0.011812	0.011843	0.011894
[LOG]
CHECKSUMÒ4