[HEADER]
Format	J&M ASCII Table
Comment	
Date	19/08/2026 10:15:10
Order	Y (evenX)
TechType	UV
NumPoints	411
FirstX	310
LastX	720
XType	nm
YType	Absorbance
ZType	s
NumSubFile	3
Matrix	Z vs X
[LOGIN]
Name=pcbob
[INSTRUMENT]
Name=TIDAS E Base UV/VI
Detector=MMS - ASPEN 97,5 kHz
Diodearray=256 Pixel
Serial#=36584
Calibrated=2011-07-01
Range=183.81-729.88 [nm] (F0)

SWVersion=v3.18.2 (build 0)[LOGIN]
Name=pcbob
[CONFIG]
ChannelName=Channel 1
ChannelType=Normalized
[PARAMETER]
It=350,00
Aver=5
Norm=3
Range=310,0-720,0 nm
Scan=Time
ScanTime=5,00 s
[TRIGGER]
Sweep=0
Scan=0
[DIO]
DigOut=0x0000
DigIn=0x0000
[DATA]
	00:00:00,000	00:00:01,750	00:00:03,500
310	1.015136	1.013802	1.012461
311	1.000059	0.998751	0.997307
312	0.985156	0.983811	0.982297
313	0.970439	0.969027	0.967401
314	0.955978	0.954462	0.952662
315	0.941327	0.939735	0.937863
316	0.926077	0.924503	0.922876
317	0.910813	0.909261	0.907853
318	0.895365	0.893881	0.892306
319	0.879917	0.878501	0.876758
320	0.86394	0.862458	0.860781
321	0.847896	0.846331	0.844748
322	0.831506	0.829964	0.828412
323	0.814973	0.813499	0.81195
324	0.798155	0.796771	0.79523
325	0.781085	0.77981	0.778281
326	0.763883	0.762674	0.761154
327	0.746439	0.745219	0.743703
328	0.728944	0.727711	0.726223
329	0.711215	0.709962	0.708615
330	0.693486	0.692212	0.691006
331	0.675529	0.674329	0.673138
332	0.657573	0.656446	0.655269
333	0.639712	0.63861	0.637509
334	0.621873	0.620784	0.619772
335	0.604292	0.603248	0.602261
336	0.586852	0.585867	0.584872
337	0.569597	0.568727	0.56774
338	0.552548	0.551853	0.550893
339	0.535797	0.535229	0.53427
340	0.519752	0.519196	0.518174
341	0.503838	0.503287	0.502232
342	0.488867	0.488267	0.487386
343	0.473897	0.473247	0.472541
344	0.459685	0.459189	0.45846
345	0.445515	0.445184	0.444421
346	0.432503	0.432127	0.431444
347	0.41983	0.419348	0.418779
348	0.407746	0.40723	0.406747
349	0.396056	0.395554	0.39514
350	0.384729	0.384256	0.383876
351	0.373891	0.373472	0.373077
352	0.36325	0.362858	0.362469
353	0.353197	0.352749	0.352433
354	0.34319	0.342693	0.34244
355	0.333724	0.333267	0.332967
356	0.324258	0.323841	0.323494
357	0.315251	0.314934	0.314587
358	0.306292	0.306081	0.30574
359	0.297712	0.297515	0.297235
360	0.289271	0.289054	0.288854
361	0.28103	0.28081	0.280593
362	0.272947	0.272737	0.272424
363	0.26503	0.26484	0.264491
364	0.257376	0.25722	0.25693
365	0.249847	0.249709	0.249456
366	0.242775	0.242591	0.242297
367	0.235715	0.235491	0.235157
368	0.228931	0.228767	0.228426
369	0.222146	0.222044	0.221694
370	0.215589	0.215425	0.215171
371	0.209065	0.208823	0.208677
372	0.202567	0.202344	0.202182
373	0.196081	0.195918	0.195687
374	0.189694	0.189533	0.189265
375	0.183396	0.183185	0.182908
376	0.177143	0.176921	0.176676
377	0.170973	0.170803	0.170664
378	0.164843	0.164721	0.164649
379	0.158877	0.15879	0.158626
380	0.152914	0.15286	0.152606
381	0.147031	0.146936	0.146739
382	0.141149	0.141013	0.140871
383	0.135375	0.13524	0.135115
384	0.129619	0.129493	0.129378
385	0.124156	0.124047	0.123941
386	0.118829	0.11874	0.118642
387	0.113807	0.113708	0.11362
388	0.109071	0.108934	0.108859
389	0.104398	0.104254	0.104184
390	0.099841	0.09975	0.099667
391	0.095375	0.095328	0.09524
392	0.091319	0.091281	0.09122
393	0.087271	0.087241	0.087205
394	0.083781	0.083754	0.083664
395	0.080292	0.080266	0.080122
396	0.076966	0.076934	0.076823
397	0.073669	0.07363	0.073569
398	0.070567	0.070513	0.070473
399	0.067557	0.067483	0.067453
400	0.064665	0.064608	0.064589
401	0.061884	0.061877	0.061873
402	0.059139	0.059166	0.059159
403	0.056462	0.056488	0.056448
404	0.053809	0.053837	0.053779
405	0.051266	0.0513	0.051298
406	0.048724	0.048765	0.048816
407	0.046287	0.046287	0.046292
408	0.043849	0.043808	0.043768
409	0.041408	0.041338	0.04134
410	0.038966	0.03887	0.03893
411	0.03661	0.036543	0.036591
412	0.034294	0.034279	0.034284
413	0.032087	0.032121	0.032109
414	0.029979	0.030059	0.030051
415	0.027913	0.028002	0.027994
416	0.025924	0.025955	0.025938
417	0.023895	0.02388	0.023861
418	0.021713	0.021693	0.021701
419	0.019539	0.019517	0.019547
420	0.017601	0.017597	0.017565
421	0.015662	0.015677	0.015583
422	0.013792	0.013804	0.013742
423	0.011931	0.011937	0.01192
424	0.010118	0.010092	0.010136
425	0.008324	0.008256	0.008366
426	0.006455	0.006387	0.00651
427	0.004525	0.00449	0.004586
428	0.002636	0.002604	0.002667
429	0.000809	0.000736	0.000757
430	-0.001039	-0.001131	-0.001141
431	-0.002956	-0.002997	-0.002998
432	-0.004855	-0.004849	-0.004838
433	-0.006518	-0.006529	-0.006465
434	-0.008181	-0.008208	-0.008093
435	-0.009923	-0.009965	-0.009907
436	-0.011672	-0.011728	-0.01174
437	-0.01338	-0.01344	-0.013418
438	-0.015074	-0.015135	-0.015047
439	-0.016672	-0.016715	-0.016631
440	-0.018206	-0.018219	-0.018185
441	-0.019691	-0.019694	-0.019689
442	-0.021116	-0.021133	-0.021131
443	-0.022555	-0.022575	-0.022573
444	-0.024028	-0.024022	-0.024015
445	-0.025493	-0.025467	-0.025455
446	-0.026893	-0.026895	-0.026884
447	-0.028293	-0.028324	-0.028312
448	-0.029649	-0.029663	-0.029645
449	-0.031004	-0.030999	-0.030975
450	-0.032328	-0.032298	-0.03227
451	-0.033645	-0.033589	-0.033557
452	-0.034945	-0.034885	-0.034868
453	-0.036236	-0.036183	-0.036192
454	-0.037409	-0.03739	-0.037401
455	-0.038467	-0.038508	-0.038498
456	-0.039561	-0.03963	-0.039604
457	-0.040724	-0.040761	-0.04073
458	-0.041888	-0.041893	-0.041861
459	-0.043057	-0.043034	-0.04301
460	-0.044225	-0.044177	-0.044161
461	-0.045348	-0.045342	-0.045318
462	-0.046472	-0.046506	-0.046476
463	-0.0476	-0.047636	-0.047614
464	-0.048729	-0.048762	-0.048749
465	-0.049905	-0.04993	-0.049905
466	-0.051097	-0.051114	-0.051068
467	-0.052325	-0.052346	-0.0523
468	-0.05358	-0.053612	-0.053579
469	-0.054842	-0.054893	-0.054856
470	-0.056114	-0.056191	-0.056128
471	-0.05734	-0.057422	-0.057348
472	-0.05845	-0.058483	-0.058436
473	-0.059548	-0.059542	-0.059518
474	-0.060574	-0.060588	-0.060568
475	-0.061599	-0.061635	-0.061617
476	-0.062626	-0.062626	-0.062618
477	-0.063652	-0.063616	-0.063618
478	-0.064579	-0.064592	-0.064572
479	-0.065486	-0.065564	-0.065516
480	-0.066367	-0.066435	-0.066407
481	-0.067236	-0.067259	-0.067272
482	-0.067983	-0.067994	-0.06801
483	-0.068626	-0.068652	-0.068638
484	-0.069215	-0.069244	-0.069209
485	-0.069718	-0.069734	-0.069692
486	-0.070271	-0.070279	-0.070232
487	-0.070979	-0.071	-0.07095
488	-0.071708	-0.071743	-0.071687
489	-0.072626	-0.072694	-0.07261
490	-0.073544	-0.073645	-0.073533
491	-0.074447	-0.074494	-0.074461
492	-0.07535	-0.075338	-0.075389
493	-0.076206	-0.076197	-0.076227
494	-0.07705	-0.077059	-0.077042
495	-0.077807	-0.077833	-0.077805
496	-0.078518	-0.07856	-0.07854
497	-0.079248	-0.079302	-0.079274
498	-0.079995	-0.080058	-0.080007
499	-0.08072	-0.08078	-0.080715
500	-0.081411	-0.081443	-0.081381
501	-0.082102	-0.082117	-0.082061
502	-0.082797	-0.082823	-0.082788
503	-0.083497	-0.083533	-0.083514
504	-0.084249	-0.084286	-0.08422
505	-0.085001	-0.08504	-0.084926
506	-0.085741	-0.085759	-0.085674
507	-0.086481	-0.086476	-0.086425
508	-0.087122	-0.087148	-0.087121
509	-0.087739	-0.08781	-0.087803
510	-0.088397	-0.088472	-0.08845
511	-0.089076	-0.089136	-0.089079
512	-0.089708	-0.089748	-0.089678
513	-0.090296	-0.090313	-0.090249
514	-0.090842	-0.09086	-0.090796
515	-0.091321	-0.091376	-0.091308
516	-0.091805	-0.09189	-0.091815
517	-0.092307	-0.092395	-0.092309
518	-0.092806	-0.09289	-0.092797
519	-0.093277	-0.093308	-0.093233
520	-0.093747	-0.093726	-0.09367
521	-0.09416	-0.094187	-0.094146
522	-0.094571	-0.094649	-0.094624
523	-0.094983	-0.095045	-0.09502
524	-0.095395	-0.095427	-0.095399
525	-0.095793	-0.095829	-0.095789
526	-0.096185	-0.09624	-0.096182
527	-0.096575	-0.096635	-0.096584
528	-0.096963	-0.097017	-0.096993
529	-0.097331	-0.097392	-0.097356
530	-0.097673	-0.097758	-0.097659
531	-0.098021	-0.09812	-0.097988
532	-0.098383	-0.098474	-0.09838
533	-0.098741	-0.098822	-0.098758
534	-0.099079	-0.099137	-0.099067
535	-0.099419	-0.099454	-0.099379
536	-0.099772	-0.099806	-0.099765
537	-0.100126	-0.100158	-0.100152
538	-0.100517	-0.100543	-0.10053
539	-0.100912	-0.100932	-0.100906
540	-0.101248	-0.101289	-0.101257
541	-0.101566	-0.101635	-0.1016
542	-0.101892	-0.101971	-0.101944
543	-0.102224	-0.102303	-0.102289
544	-0.102593	-0.102672	-0.102637
545	-0.102999	-0.10308	-0.102991
546	-0.103383	-0.103451	-0.103343
547	-0.103729	-0.10376	-0.103695
548	-0.104075	-0.10409	-0.104049
549	-0.104422	-0.104488	-0.10441
550	-0.104767	-0.104876	-0.104768
551	-0.105095	-0.105189	-0.1051
552	-0.105422	-0.105501	-0.105432
553	-0.105721	-0.105802	-0.105737
554	-0.10602	-0.106103	-0.106042
555	-0.106309	-0.106368	-0.106323
556	-0.106596	-0.106627	-0.106599
557	-0.106871	-0.106914	-0.106882
558	-0.10714	-0.107211	-0.107168
559	-0.107439	-0.107495	-0.107454
560	-0.107757	-0.10777	-0.107742
561	-0.10803	-0.108037	-0.108002
562	-0.108257	-0.108295	-0.108234
563	-0.108453	-0.108507	-0.108433
564	-0.108594	-0.108638	-0.108573
565	-0.108722	-0.108751	-0.108701
566	-0.108804	-0.108807	-0.108793
567	-0.10888	-0.108861	-0.108874
568	-0.108914	-0.108904	-0.108878
569	-0.108948	-0.108946	-0.108881
570	-0.10895	-0.108967	-0.108908
571	-0.108953	-0.108989	-0.108935
572	-0.10897	-0.109001	-0.108953
573	-0.108991	-0.109011	-0.10897
574	-0.109062	-0.109076	-0.109026
575	-0.10915	-0.109159	-0.109094
576	-0.109221	-0.109227	-0.109171
577	-0.10928	-0.109287	-0.109253
578	-0.109376	-0.10938	-0.109346
579	-0.109505	-0.109506	-0.109451
580	-0.109664	-0.109655	-0.1096
581	-0.109865	-0.109838	-0.109818
582	-0.110115	-0.110082	-0.110078
583	-0.110493	-0.110485	-0.110449
584	-0.110867	-0.110878	-0.110814
585	-0.111225	-0.111224	-0.111148
586	-0.111585	-0.111571	-0.111486
587	-0.111962	-0.111963	-0.111903
588	-0.11234	-0.112356	-0.112321
589	-0.112721	-0.11276	-0.112723
590	-0.113103	-0.113164	-0.113123
591	-0.113468	-0.113528	-0.113482
592	-0.11383	-0.113883	-0.113832
593	-0.114173	-0.11419	-0.114169
594	-0.114509	-0.114477	-0.114501
595	-0.11491	-0.114878	-0.114891
596	-0.115358	-0.115358	-0.115322
597	-0.115824	-0.115847	-0.115774
598	-0.11631	-0.116345	-0.116247
599	-0.116745	-0.116782	-0.116672
600	-0.117091	-0.117115	-0.117013
601	-0.117386	-0.117402	-0.117307
602	-0.117534	-0.117551	-0.117464
603	-0.117685	-0.117699	-0.117619
604	-0.117864	-0.117836	-0.117767
605	-0.118035	-0.117966	-0.117909
606	-0.117996	-0.11794	-0.117899
607	-0.117957	-0.117913	-0.117888
608	-0.117907	-0.117899	-0.11787
609	-0.117855	-0.117886	-0.117852
610	-0.117881	-0.117878	-0.117826
611	-0.117925	-0.117872	-0.117799
612	-0.118003	-0.117968	-0.117864
613	-0.118095	-0.118104	-0.117967
614	-0.118232	-0.11824	-0.118121
615	-0.118397	-0.118376	-0.118309
616	-0.118561	-0.118539	-0.118491
617	-0.118721	-0.118727	-0.118666
618	-0.118902	-0.118923	-0.118849
619	-0.119115	-0.119131	-0.119042
620	-0.119283	-0.119291	-0.119203
621	-0.119346	-0.11934	-0.119287
622	-0.119428	-0.119419	-0.119388
623	-0.119588	-0.119628	-0.119559
624	-0.119744	-0.119822	-0.119723
625	-0.119871	-0.119871	-0.11982
626	-0.119998	-0.11992	-0.119917
627	-0.120161	-0.120149	-0.120112
628	-0.120325	-0.120378	-0.120308
629	-0.12043	-0.120473	-0.120401
630	-0.120527	-0.120552	-0.120483
631	-0.120687	-0.120719	-0.120637
632	-0.120863	-0.120909	-0.120811
633	-0.121	-0.12105	-0.120955
634	-0.121119	-0.121169	-0.121085
635	-0.121291	-0.12134	-0.12126
636	-0.121498	-0.121544	-0.121463
637	-0.121685	-0.121723	-0.121636
638	-0.121853	-0.121876	-0.12178
639	-0.121971	-0.121986	-0.121879
640	-0.122017	-0.122033	-0.121911
641	-0.122091	-0.122113	-0.121986
642	-0.122227	-0.12227	-0.122156
643	-0.122362	-0.122414	-0.122319
644	-0.122497	-0.122517	-0.122453
645	-0.122634	-0.122627	-0.122591
646	-0.122791	-0.122792	-0.12276
647	-0.122948	-0.122958	-0.122928
648	-0.12311	-0.123166	-0.123115
649	-0.123272	-0.123374	-0.123303
650	-0.123267	-0.123325	-0.123245
651	-0.123253	-0.12326	-0.123172
652	-0.122893	-0.122894	-0.12279
653	-0.122473	-0.122475	-0.122353
654	-0.122107	-0.122115	-0.122019
655	-0.121758	-0.121774	-0.121716
656	-0.121757	-0.121788	-0.121715
657	-0.121925	-0.121975	-0.12186
658	-0.122342	-0.122395	-0.122269
659	-0.122937	-0.12298	-0.122863
660	-0.123661	-0.123713	-0.123602
661	-0.124515	-0.124594	-0.124485
662	-0.12525	-0.125309	-0.125207
663	-0.12582	-0.12579	-0.125702
664	-0.126189	-0.126097	-0.126026
665	-0.126152	-0.12605	-0.126005
666	-0.126119	-0.12603	-0.125989
667	-0.126097	-0.126093	-0.125988
668	-0.126084	-0.126144	-0.125995
669	-0.126115	-0.126133	-0.126051
670	-0.126157	-0.126139	-0.126114
671	-0.126321	-0.12633	-0.126252
672	-0.126485	-0.126522	-0.12639
673	-0.126517	-0.126649	-0.126517
674	-0.12655	-0.126776	-0.126643
675	-0.126861	-0.127035	-0.126929
676	-0.127197	-0.127304	-0.127229
677	-0.127269	-0.127391	-0.127323
678	-0.127291	-0.127443	-0.127376
679	-0.127532	-0.127616	-0.127573
680	-0.127842	-0.127828	-0.127813
681	-0.128103	-0.128081	-0.128051
682	-0.128343	-0.128353	-0.128288
683	-0.128608	-0.128602	-0.128558
684	-0.12889	-0.128837	-0.128851
685	-0.129162	-0.129141	-0.129182
686	-0.129425	-0.129505	-0.129546
687	-0.129695	-0.129795	-0.129826
688	-0.129975	-0.129998	-0.130006
689	-0.130235	-0.130231	-0.130218
690	-0.130465	-0.130511	-0.13048
691	-0.130731	-0.130805	-0.130762
692	-0.131074	-0.131128	-0.131088
693	-0.131427	-0.131471	-0.131421
694	-0.131812	-0.131875	-0.13178
695	-0.132221	-0.132299	-0.13217
696	-0.132756	-0.132814	-0.132713
697	-0.133262	-0.133312	-0.133227
698	-0.133518	-0.133647	-0.133482
699	-0.133776	-0.133979	-0.133737
700	-0.134098	-0.134217	-0.134002
701	-0.13442	-0.134455	-0.134267
702	-0.134874	-0.134898	-0.134767
703	-0.135331	-0.135349	-0.135276
704	-0.135778	-0.135776	-0.135708
705	-0.136224	-0.136201	-0.13613
706	-0.136588	-0.136649	-0.136568
707	-0.136935	-0.137102	-0.137009
708	-0.137423	-0.137551	-0.13744
709	-0.137953	-0.137999	-0.137867
710	-0.138408	-0.138398	-0.138307
711	-0.13883	-0.138776	-0.138752
712	-0.139469	-0.13942	-0.139379
713	-0.140228	-0.140214	-0.140108
714	-0.140809	-0.140861	-0.140705
715	-0.14126	-0.141401	-0.141205
716	-0.141752	-0.141849	-0.141725
717	-0.142284	-0.142213	-0.142262
718	-0.14297	-0.142783	-0.142885
719	-0.14384	-0.143595	-0.143607
720	-0.144639	-0.144435	-0.144355
[LOG]
CHECKSUM«