[HEADER]
Format	J&M ASCII Table
Comment	
Date	19/08/2026 10:27:11
Order	Y (evenX)
TechType	UV
NumPoints	411
FirstX	310
LastX	720
XType	nm
YType	Absorbance
ZType	s
NumSubFile	3
Matrix	Z vs X
[LOGIN]
Name=pcbob
[INSTRUMENT]
Name=TIDAS E Base UV/VI
Detector=MMS - ASPEN 97,5 kHz
Diodearray=256 Pixel
Serial#=36584
Calibrated=2011-07-01
Range=183.81-729.88 [nm] (F0)

SWVersion=v3.18.2 (build 0)[LOGIN]
Name=pcbob
[CONFIG]
ChannelName=Channel 1
ChannelType=Normalized
[PARAMETER]
It=350,00
Aver=5
Norm=3
Range=310,0-720,0 nm
Scan=Time
ScanTime=5,00 s
[TRIGGER]
Sweep=0
Scan=0
[DIO]
DigOut=0x0000
DigIn=0x0000
[DATA]
	00:00:00,000	00:00:01,750	00:00:03,500
310	0.716868	0.716353	0.715854
311	0.702087	0.701549	0.70113
312	0.687717	0.687178	0.686854
313	0.67376	0.673258	0.672942
314	0.660376	0.659962	0.659535
315	0.647118	0.646738	0.646239
316	0.634257	0.633741	0.633296
317	0.621429	0.620796	0.620398
318	0.609102	0.60859	0.608149
319	0.596774	0.596384	0.595899
320	0.584666	0.584225	0.583767
321	0.572586	0.572072	0.57165
322	0.560732	0.560199	0.559788
323	0.548971	0.548441	0.548032
324	0.537302	0.536798	0.536387
325	0.525715	0.525257	0.524841
326	0.514234	0.513803	0.513378
327	0.502947	0.502508	0.502067
328	0.491698	0.491258	0.490809
329	0.480619	0.480219	0.47979
330	0.469541	0.469179	0.468772
331	0.458685	0.458396	0.45796
332	0.447829	0.447612	0.447147
333	0.437279	0.436943	0.43656
334	0.426794	0.426298	0.426021
335	0.416465	0.415966	0.415718
336	0.40622	0.405803	0.405541
337	0.396203	0.395829	0.39558
338	0.386439	0.386068	0.385858
339	0.376779	0.376412	0.376251
340	0.367362	0.367005	0.366912
341	0.358014	0.357672	0.357631
342	0.349162	0.348866	0.34876
343	0.34031	0.340059	0.339889
344	0.331735	0.33148	0.331336
345	0.323175	0.322914	0.3228
346	0.315105	0.314825	0.314681
347	0.307177	0.306876	0.306684
348	0.29952	0.299252	0.299028
349	0.292044	0.291845	0.291601
350	0.284711	0.284547	0.284307
351	0.27757	0.277397	0.277196
352	0.270515	0.270332	0.270166
353	0.263716	0.263522	0.263379
354	0.256936	0.256737	0.256611
355	0.250395	0.250262	0.250078
356	0.243853	0.243788	0.243545
357	0.237689	0.237608	0.237376
358	0.231565	0.231459	0.231245
359	0.225655	0.225547	0.22535
360	0.219824	0.219721	0.219541
361	0.214161	0.214039	0.213846
362	0.208629	0.20847	0.20824
363	0.203165	0.202989	0.202777
364	0.197806	0.197649	0.197539
365	0.19253	0.192392	0.192361
366	0.18756	0.187438	0.187403
367	0.182599	0.182494	0.182453
368	0.177852	0.177757	0.17768
369	0.173105	0.173019	0.172907
370	0.168483	0.168321	0.168206
371	0.163878	0.163629	0.163516
372	0.159351	0.159125	0.158997
373	0.154857	0.154702	0.15455
374	0.150418	0.150305	0.150141
375	0.146027	0.145931	0.145763
376	0.141723	0.141634	0.141461
377	0.137572	0.137474	0.137293
378	0.133459	0.133353	0.133169
379	0.129505	0.129398	0.129234
380	0.125552	0.125443	0.1253
381	0.121657	0.121521	0.121434
382	0.117761	0.117599	0.117568
383	0.113959	0.113803	0.113704
384	0.110172	0.110028	0.109841
385	0.106523	0.106428	0.106228
386	0.102936	0.102909	0.10273
387	0.099477	0.099459	0.099306
388	0.096137	0.096074	0.095949
389	0.092824	0.092738	0.092638
390	0.089563	0.089495	0.089414
391	0.086335	0.086287	0.086216
392	0.083259	0.083235	0.08314
393	0.080186	0.080185	0.080067
394	0.077345	0.077282	0.077116
395	0.074504	0.074379	0.074166
396	0.071727	0.071594	0.07142
397	0.068962	0.06883	0.068711
398	0.066199	0.066063	0.065976
399	0.063438	0.063296	0.063229
400	0.060789	0.060656	0.060565
401	0.058247	0.058138	0.057978
402	0.055716	0.055634	0.055444
403	0.053205	0.05316	0.053006
404	0.050719	0.050697	0.050563
405	0.048338	0.048286	0.048102
406	0.045958	0.045874	0.045641
407	0.043558	0.043443	0.043216
408	0.041159	0.041012	0.040792
409	0.038752	0.03862	0.038395
410	0.036345	0.036234	0.036003
411	0.034001	0.033895	0.033688
412	0.031686	0.031576	0.031406
413	0.0295	0.02938	0.029232
414	0.027429	0.027295	0.027153
415	0.025374	0.025236	0.025086
416	0.023348	0.023222	0.023041
417	0.021282	0.021161	0.020968
418	0.019059	0.018907	0.018784
419	0.016845	0.016665	0.016607
420	0.014873	0.014724	0.014588
421	0.012901	0.012783	0.012569
422	0.01102	0.010924	0.010697
423	0.009153	0.009076	0.008847
424	0.007297	0.007223	0.007009
425	0.005446	0.005367	0.005175
426	0.003568	0.00349	0.003312
427	0.001668	0.001594	0.001426
428	-0.000252	-0.000333	-0.000506
429	-0.002202	-0.002309	-0.002507
430	-0.004131	-0.00426	-0.004465
431	-0.005992	-0.006134	-0.006281
432	-0.007841	-0.007992	-0.008087
433	-0.009523	-0.009649	-0.009771
434	-0.011206	-0.011306	-0.011455
435	-0.012927	-0.01302	-0.013202
436	-0.014652	-0.01474	-0.014956
437	-0.016311	-0.016388	-0.016589
438	-0.01795	-0.018012	-0.018184
439	-0.01952	-0.01959	-0.01974
440	-0.021044	-0.021138	-0.02127
441	-0.022518	-0.022624	-0.022754
442	-0.023929	-0.024034	-0.02418
443	-0.02534	-0.025443	-0.025601
444	-0.026753	-0.026849	-0.027007
445	-0.028167	-0.028255	-0.028412
446	-0.029584	-0.029655	-0.029805
447	-0.031	-0.031055	-0.031197
448	-0.032317	-0.032389	-0.032523
449	-0.033631	-0.033721	-0.033846
450	-0.034944	-0.035032	-0.035157
451	-0.036257	-0.036339	-0.036465
452	-0.037541	-0.037631	-0.037759
453	-0.03881	-0.038915	-0.039047
454	-0.03998	-0.040088	-0.040232
455	-0.041053	-0.041153	-0.041317
456	-0.042148	-0.042238	-0.042408
457	-0.043288	-0.043359	-0.043512
458	-0.044423	-0.04448	-0.044622
459	-0.045542	-0.045599	-0.045758
460	-0.046662	-0.046719	-0.046895
461	-0.047801	-0.047849	-0.048055
462	-0.048941	-0.048979	-0.049215
463	-0.050016	-0.050078	-0.050295
464	-0.051083	-0.051174	-0.051365
465	-0.05221	-0.052302	-0.05251
466	-0.053359	-0.05344	-0.053681
467	-0.054553	-0.054631	-0.054866
468	-0.055779	-0.055858	-0.056062
469	-0.057	-0.057083	-0.057265
470	-0.058211	-0.058305	-0.058474
471	-0.059378	-0.059484	-0.059646
472	-0.060428	-0.06055	-0.060722
473	-0.06148	-0.061613	-0.061794
474	-0.062539	-0.062647	-0.062837
475	-0.063598	-0.063682	-0.063881
476	-0.064543	-0.064624	-0.064797
477	-0.065486	-0.065564	-0.065711
478	-0.066422	-0.066498	-0.066642
479	-0.067357	-0.067431	-0.067576
480	-0.068206	-0.068285	-0.068437
481	-0.069016	-0.069102	-0.069263
482	-0.069722	-0.069804	-0.069985
483	-0.07034	-0.070407	-0.070617
484	-0.070917	-0.070974	-0.071186
485	-0.071433	-0.071484	-0.071653
486	-0.071995	-0.072053	-0.072188
487	-0.072701	-0.072811	-0.072933
488	-0.07343	-0.073585	-0.073699
489	-0.074383	-0.074505	-0.074655
490	-0.075335	-0.075425	-0.07561
491	-0.076273	-0.076381	-0.076551
492	-0.07721	-0.077339	-0.07749
493	-0.078065	-0.07819	-0.078334
494	-0.078901	-0.079016	-0.079156
495	-0.079652	-0.079769	-0.079938
496	-0.08036	-0.080484	-0.080701
497	-0.08108	-0.081202	-0.081421
498	-0.08181	-0.081924	-0.082103
499	-0.082516	-0.082624	-0.082795
500	-0.083182	-0.08329	-0.083506
501	-0.083847	-0.083963	-0.084206
502	-0.084509	-0.084661	-0.084868
503	-0.085174	-0.085356	-0.085533
504	-0.085872	-0.086016	-0.08623
505	-0.086569	-0.086676	-0.086927
506	-0.087294	-0.087396	-0.087626
507	-0.08802	-0.088119	-0.088325
508	-0.088666	-0.088766	-0.089003
509	-0.089291	-0.089394	-0.089676
510	-0.089928	-0.090013	-0.090292
511	-0.09057	-0.090627	-0.090878
512	-0.091183	-0.091247	-0.091449
513	-0.091769	-0.091873	-0.092007
514	-0.092312	-0.092426	-0.09256
515	-0.092786	-0.092863	-0.093104
516	-0.093266	-0.093312	-0.093625
517	-0.09376	-0.093798	-0.094079
518	-0.094248	-0.094282	-0.094535
519	-0.094679	-0.094757	-0.095003
520	-0.095109	-0.095231	-0.09547
521	-0.095607	-0.095698	-0.095923
522	-0.096106	-0.096164	-0.096376
523	-0.096557	-0.096589	-0.096788
524	-0.096998	-0.097006	-0.097193
525	-0.097384	-0.097427	-0.097623
526	-0.097746	-0.09785	-0.098064
527	-0.098144	-0.09826	-0.098475
528	-0.09857	-0.098661	-0.098862
529	-0.098972	-0.09906	-0.099237
530	-0.099342	-0.099456	-0.099595
531	-0.099711	-0.099834	-0.099963
532	-0.100081	-0.100166	-0.100356
533	-0.100436	-0.100495	-0.100735
534	-0.100718	-0.100803	-0.101035
535	-0.101004	-0.101114	-0.101337
536	-0.101428	-0.101512	-0.101724
537	-0.101851	-0.101909	-0.102112
538	-0.102219	-0.102317	-0.102498
539	-0.10258	-0.102725	-0.102884
540	-0.102934	-0.103073	-0.10323
541	-0.103285	-0.103403	-0.103564
542	-0.103597	-0.103701	-0.103894
543	-0.103885	-0.103982	-0.104222
544	-0.104212	-0.104314	-0.104553
545	-0.104578	-0.104697	-0.104889
546	-0.104942	-0.105063	-0.105238
547	-0.105305	-0.105399	-0.105611
548	-0.105661	-0.105738	-0.105976
549	-0.105996	-0.106087	-0.106311
550	-0.106328	-0.106431	-0.106643
551	-0.106634	-0.106727	-0.106948
552	-0.10694	-0.107023	-0.107252
553	-0.107292	-0.107338	-0.107575
554	-0.107644	-0.107654	-0.107898
555	-0.107879	-0.107924	-0.108165
556	-0.108095	-0.108188	-0.108423
557	-0.108357	-0.108458	-0.10868
558	-0.108636	-0.108731	-0.108937
559	-0.10891	-0.109007	-0.109205
560	-0.109181	-0.109285	-0.10948
561	-0.109444	-0.109544	-0.109733
562	-0.109699	-0.109783	-0.109962
563	-0.109917	-0.109982	-0.110169
564	-0.11007	-0.11011	-0.110341
565	-0.110204	-0.110231	-0.110489
566	-0.11028	-0.110334	-0.110564
567	-0.110351	-0.110429	-0.110631
568	-0.110385	-0.11046	-0.110634
569	-0.110418	-0.110492	-0.110637
570	-0.110416	-0.110492	-0.110651
571	-0.110413	-0.110491	-0.110665
572	-0.110443	-0.110494	-0.110677
573	-0.110477	-0.110498	-0.110688
574	-0.110538	-0.110571	-0.110757
575	-0.110609	-0.110667	-0.110845
576	-0.110681	-0.110748	-0.110915
577	-0.110754	-0.11082	-0.110973
578	-0.110849	-0.110903	-0.111059
579	-0.110965	-0.110997	-0.111171
580	-0.111116	-0.111151	-0.111328
581	-0.111322	-0.111399	-0.111553
582	-0.111581	-0.111692	-0.111828
583	-0.111979	-0.112102	-0.112234
584	-0.112377	-0.112508	-0.112637
585	-0.112777	-0.112893	-0.113028
586	-0.113177	-0.113278	-0.113419
587	-0.113583	-0.113666	-0.113797
588	-0.11399	-0.114054	-0.114175
589	-0.114395	-0.114466	-0.114608
590	-0.1148	-0.11488	-0.115045
591	-0.115174	-0.115251	-0.11543
592	-0.11554	-0.115613	-0.115804
593	-0.115868	-0.115937	-0.116125
594	-0.116179	-0.116245	-0.116423
595	-0.116586	-0.116648	-0.116816
596	-0.117058	-0.117117	-0.117276
597	-0.117543	-0.117592	-0.117758
598	-0.118042	-0.118073	-0.118264
599	-0.118472	-0.118506	-0.118689
600	-0.118783	-0.118854	-0.118972
601	-0.119051	-0.119141	-0.11922
602	-0.119189	-0.119248	-0.119361
603	-0.119327	-0.119363	-0.119508
604	-0.119461	-0.119521	-0.119686
605	-0.119591	-0.119672	-0.119857
606	-0.119599	-0.119649	-0.119834
607	-0.119607	-0.119626	-0.11981
608	-0.119555	-0.119585	-0.119762
609	-0.119498	-0.119543	-0.119712
610	-0.11951	-0.119557	-0.119728
611	-0.119536	-0.119585	-0.119757
612	-0.119593	-0.119642	-0.119827
613	-0.119662	-0.119711	-0.119913
614	-0.119806	-0.119839	-0.120044
615	-0.119999	-0.120004	-0.120204
616	-0.120161	-0.120176	-0.120361
617	-0.120294	-0.120354	-0.120517
618	-0.120465	-0.120554	-0.120709
619	-0.120696	-0.120787	-0.120956
620	-0.120878	-0.120972	-0.121145
621	-0.120946	-0.121047	-0.121196
622	-0.121028	-0.121138	-0.12128
623	-0.121173	-0.121299	-0.121495
624	-0.121321	-0.121456	-0.121699
625	-0.121503	-0.121575	-0.121802
626	-0.121684	-0.121694	-0.121904
627	-0.121876	-0.121936	-0.12213
628	-0.122067	-0.122178	-0.122356
629	-0.122177	-0.122292	-0.122469
630	-0.122277	-0.122391	-0.122568
631	-0.12245	-0.122547	-0.1227
632	-0.122641	-0.122718	-0.12284
633	-0.122784	-0.122862	-0.122994
634	-0.122904	-0.122994	-0.123155
635	-0.123059	-0.123162	-0.123341
636	-0.123235	-0.123356	-0.123543
637	-0.123412	-0.12354	-0.123721
638	-0.123589	-0.123714	-0.123876
639	-0.123718	-0.123827	-0.123984
640	-0.12378	-0.123851	-0.124025
641	-0.123862	-0.123913	-0.124098
642	-0.123992	-0.124058	-0.124243
643	-0.124126	-0.124199	-0.124385
644	-0.124276	-0.124326	-0.124517
645	-0.124426	-0.124455	-0.124656
646	-0.12457	-0.124611	-0.124848
647	-0.124715	-0.124769	-0.125038
648	-0.124896	-0.124968	-0.125165
649	-0.125077	-0.125168	-0.125292
650	-0.125014	-0.125095	-0.125224
651	-0.124937	-0.125005	-0.125144
652	-0.124515	-0.124593	-0.124755
653	-0.124035	-0.124125	-0.124313
654	-0.123622	-0.123749	-0.123903
655	-0.123231	-0.1234	-0.123503
656	-0.123239	-0.12341	-0.123466
657	-0.123441	-0.123593	-0.123605
658	-0.123872	-0.124022	-0.12408
659	-0.124464	-0.124624	-0.124792
660	-0.125236	-0.125387	-0.125606
661	-0.126187	-0.12631	-0.12652
662	-0.126972	-0.127067	-0.127282
663	-0.127525	-0.127591	-0.127827
664	-0.127906	-0.127949	-0.128198
665	-0.127938	-0.127968	-0.128214
666	-0.127952	-0.127967	-0.128218
667	-0.12791	-0.127906	-0.128187
668	-0.127885	-0.127871	-0.128171
669	-0.127952	-0.127972	-0.128237
670	-0.128023	-0.128077	-0.12831
671	-0.12815	-0.128221	-0.128461
672	-0.128276	-0.128365	-0.128611
673	-0.128413	-0.128498	-0.128694
674	-0.12855	-0.12863	-0.128777
675	-0.128824	-0.128869	-0.129034
676	-0.12911	-0.129117	-0.129306
677	-0.129144	-0.129208	-0.129395
678	-0.129129	-0.129269	-0.12945
679	-0.129342	-0.129481	-0.129678
680	-0.129627	-0.12974	-0.129959
681	-0.12991	-0.130001	-0.130206
682	-0.130193	-0.130263	-0.130438
683	-0.130472	-0.130563	-0.130695
684	-0.130749	-0.130887	-0.130968
685	-0.131039	-0.131179	-0.13129
686	-0.131341	-0.131443	-0.131656
687	-0.131607	-0.131671	-0.131908
688	-0.131833	-0.131857	-0.132026
689	-0.132053	-0.132079	-0.132215
690	-0.132262	-0.132357	-0.132519
691	-0.132519	-0.132652	-0.132824
692	-0.132877	-0.132982	-0.133132
693	-0.13325	-0.133331	-0.133463
694	-0.13367	-0.133744	-0.133865
695	-0.134102	-0.134169	-0.134293
696	-0.134594	-0.134658	-0.134845
697	-0.135072	-0.135142	-0.135373
698	-0.135434	-0.135576	-0.135682
699	-0.135793	-0.136004	-0.135991
700	-0.136105	-0.136254	-0.136305
701	-0.136417	-0.136504	-0.136618
702	-0.136833	-0.136901	-0.136975
703	-0.137252	-0.137303	-0.137333
704	-0.137728	-0.137775	-0.13787
705	-0.138211	-0.138255	-0.138428
706	-0.138629	-0.138702	-0.138971
707	-0.139035	-0.139142	-0.139511
708	-0.139568	-0.139617	-0.139961
709	-0.140141	-0.140103	-0.140384
710	-0.140625	-0.140675	-0.1409
711	-0.141072	-0.141283	-0.141454
712	-0.141663	-0.141914	-0.142035
713	-0.142335	-0.142558	-0.142631
714	-0.143005	-0.143187	-0.143221
715	-0.143674	-0.143805	-0.143806
716	-0.144251	-0.144371	-0.144382
717	-0.144742	-0.144889	-0.14495
718	-0.145373	-0.145512	-0.14561
719	-0.146168	-0.14626	-0.146376
720	-0.146996	-0.147012	-0.147165
[LOG]
CHECKSUM‡©