[HEADER]
Format	J&M ASCII Table
Comment	
Date	19/08/2026 10:13:17
Order	Y (evenX)
TechType	UV
NumPoints	411
FirstX	310
LastX	720
XType	nm
YType	Absorbance
ZType	s
NumSubFile	3
Matrix	Z vs X
[LOGIN]
Name=pcbob
[INSTRUMENT]
Name=TIDAS E Base UV/VI
Detector=MMS - ASPEN 97,5 kHz
Diodearray=256 Pixel
Serial#=36584
Calibrated=2011-07-01
Range=183.81-729.88 [nm] (F0)

SWVersion=v3.18.2 (build 0)[LOGIN]
Name=pcbob
[CONFIG]
ChannelName=Channel 1
ChannelType=Normalized
[PARAMETER]
It=350,00
Aver=5
Norm=3
Range=310,0-720,0 nm
Scan=Time
ScanTime=5,00 s
[TRIGGER]
Sweep=0
Scan=0
[DIO]
DigOut=0x0000
DigIn=0x0000
[DATA]
	00:00:00,000	00:00:01,750	00:00:03,500
310	1.007711	1.005955	1.004608
311	0.992658	0.990809	0.989466
312	0.9777	0.975866	0.974579
313	0.962788	0.961033	0.95967
314	0.947937	0.946353	0.944729
315	0.932972	0.931509	0.929679
316	0.917647	0.916152	0.914283
317	0.902301	0.900775	0.898876
318	0.886653	0.885124	0.883307
319	0.871005	0.869473	0.867738
320	0.854871	0.853328	0.851715
321	0.838673	0.83712	0.835632
322	0.82217	0.82067	0.819089
323	0.805542	0.804121	0.802356
324	0.788662	0.787198	0.785394
325	0.77156	0.769944	0.768231
326	0.754247	0.752583	0.75098
327	0.736548	0.735026	0.733568
328	0.71881	0.717414	0.716058
329	0.700891	0.699553	0.698093
330	0.682972	0.681692	0.680127
331	0.664939	0.663634	0.662212
332	0.646906	0.645577	0.644297
333	0.628895	0.627588	0.626368
334	0.610888	0.609614	0.608437
335	0.593126	0.59191	0.590765
336	0.575497	0.574353	0.573235
337	0.55821	0.557092	0.556027
338	0.541305	0.540162	0.539178
339	0.524629	0.523503	0.522578
340	0.508491	0.507483	0.506564
341	0.492483	0.491582	0.490676
342	0.477406	0.476528	0.475685
343	0.462329	0.461474	0.460694
344	0.448378	0.447513	0.446799
345	0.434489	0.433612	0.432963
346	0.421454	0.420655	0.419978
347	0.408671	0.407975	0.407242
348	0.396629	0.395956	0.395285
349	0.385083	0.384381	0.383849
350	0.373867	0.373168	0.372677
351	0.363097	0.362446	0.361863
352	0.352513	0.351921	0.351278
353	0.342484	0.341985	0.341371
354	0.332513	0.332098	0.331513
355	0.323221	0.322808	0.32224
356	0.313929	0.313517	0.312967
357	0.305261	0.304828	0.304295
358	0.296658	0.296202	0.295686
359	0.288194	0.287762	0.287228
360	0.279781	0.279389	0.278824
361	0.271641	0.271272	0.270722
362	0.263715	0.263354	0.262858
363	0.256014	0.255672	0.255188
364	0.248667	0.24836	0.247825
365	0.241388	0.241098	0.240553
366	0.234354	0.23401	0.233614
367	0.227339	0.226946	0.22669
368	0.220736	0.220396	0.2201
369	0.214134	0.213847	0.213509
370	0.207648	0.207389	0.207034
371	0.201179	0.200944	0.200576
372	0.194822	0.194588	0.194206
373	0.188513	0.188268	0.187873
374	0.182246	0.182009	0.181618
375	0.176017	0.175801	0.175433
376	0.16988	0.169665	0.169319
377	0.163906	0.163654	0.163331
378	0.157942	0.157669	0.15736
379	0.152015	0.151787	0.151462
380	0.146091	0.145906	0.145568
381	0.140256	0.140076	0.139811
382	0.13442	0.134246	0.134054
383	0.128769	0.12858	0.128402
384	0.123149	0.122942	0.122769
385	0.117789	0.117575	0.117395
386	0.112548	0.112332	0.11214
387	0.107549	0.10736	0.107156
388	0.102775	0.102641	0.102427
389	0.098087	0.097998	0.097792
390	0.09356	0.093499	0.093332
391	0.089136	0.0891	0.088962
392	0.085174	0.085149	0.084993
393	0.081219	0.081204	0.08103
394	0.077722	0.077672	0.077472
395	0.074224	0.07414	0.073914
396	0.070965	0.070897	0.070656
397	0.067749	0.067706	0.067452
398	0.064666	0.064646	0.064408
399	0.061645	0.061649	0.06144
400	0.05877	0.058796	0.058579
401	0.056031	0.056079	0.055821
402	0.05335	0.053391	0.053125
403	0.050774	0.050756	0.050545
404	0.048206	0.048144	0.047979
405	0.04567	0.045634	0.045472
406	0.043135	0.043124	0.042966
407	0.040687	0.04064	0.040553
408	0.038238	0.038155	0.03814
409	0.035814	0.035779	0.035719
410	0.033393	0.03342	0.033296
411	0.031089	0.03113	0.030987
412	0.028837	0.028871	0.028729
413	0.026692	0.026701	0.026573
414	0.024644	0.024611	0.024507
415	0.022592	0.022544	0.022436
416	0.020535	0.020516	0.020354
417	0.018471	0.018476	0.018285
418	0.016377	0.016387	0.016267
419	0.014291	0.014302	0.014251
420	0.01239	0.012332	0.012266
421	0.010489	0.010362	0.010281
422	0.008659	0.008565	0.008493
423	0.006838	0.006792	0.006734
424	0.005064	0.005064	0.004976
425	0.003308	0.003355	0.003219
426	0.001502	0.001542	0.001413
427	-0.000343	-0.000355	-0.000433
428	-0.002221	-0.002254	-0.002305
429	-0.004151	-0.004157	-0.004218
430	-0.006052	-0.006036	-0.006117
431	-0.007857	-0.00784	-0.007973
432	-0.009652	-0.009632	-0.009813
433	-0.011317	-0.011281	-0.011451
434	-0.012981	-0.012929	-0.013088
435	-0.014715	-0.014681	-0.014808
436	-0.016456	-0.016444	-0.016536
437	-0.018118	-0.0181	-0.018197
438	-0.019755	-0.019721	-0.019836
439	-0.021304	-0.021291	-0.021412
440	-0.022794	-0.022826	-0.022943
441	-0.024267	-0.024298	-0.024409
442	-0.025718	-0.025689	-0.025791
443	-0.027155	-0.027087	-0.027184
444	-0.028559	-0.028502	-0.028607
445	-0.029961	-0.029915	-0.030028
446	-0.031354	-0.031315	-0.03143
447	-0.032748	-0.032714	-0.032832
448	-0.034102	-0.034044	-0.03417
449	-0.035455	-0.035373	-0.035506
450	-0.03675	-0.036668	-0.0368
451	-0.038032	-0.037955	-0.038083
452	-0.039299	-0.039229	-0.039376
453	-0.040558	-0.040497	-0.040673
454	-0.041716	-0.04165	-0.041844
455	-0.042772	-0.04269	-0.042891
456	-0.043857	-0.043777	-0.043951
457	-0.044995	-0.044952	-0.045038
458	-0.046132	-0.046116	-0.046137
459	-0.047263	-0.047233	-0.047283
460	-0.048394	-0.048352	-0.048429
461	-0.049508	-0.049505	-0.049564
462	-0.050621	-0.050658	-0.050699
463	-0.051772	-0.051774	-0.051858
464	-0.052928	-0.052885	-0.05302
465	-0.054063	-0.054016	-0.054171
466	-0.055189	-0.055153	-0.055319
467	-0.05639	-0.056356	-0.05651
468	-0.057644	-0.057607	-0.057732
469	-0.058908	-0.058868	-0.058979
470	-0.060184	-0.060142	-0.060259
471	-0.061394	-0.06136	-0.061487
472	-0.062433	-0.062432	-0.062582
473	-0.063481	-0.063504	-0.063671
474	-0.064582	-0.064574	-0.064716
475	-0.065682	-0.065644	-0.06576
476	-0.066651	-0.066598	-0.066739
477	-0.067618	-0.067549	-0.067717
478	-0.068545	-0.068454	-0.068628
479	-0.069465	-0.069349	-0.069526
480	-0.070315	-0.07021	-0.070365
481	-0.071131	-0.071054	-0.071176
482	-0.071835	-0.071778	-0.071897
483	-0.072443	-0.072398	-0.072539
484	-0.073007	-0.072972	-0.073121
485	-0.073503	-0.073475	-0.073609
486	-0.07405	-0.07402	-0.074143
487	-0.074753	-0.074698	-0.074819
488	-0.075479	-0.075403	-0.07552
489	-0.076416	-0.076365	-0.076442
490	-0.077353	-0.077326	-0.077365
491	-0.078253	-0.078222	-0.078303
492	-0.07915	-0.079113	-0.079242
493	-0.079976	-0.079937	-0.08008
494	-0.080785	-0.080744	-0.080895
495	-0.081558	-0.081476	-0.081641
496	-0.082312	-0.08217	-0.082351
497	-0.083055	-0.082891	-0.083074
498	-0.083788	-0.08364	-0.083806
499	-0.084496	-0.08437	-0.084513
500	-0.085163	-0.085067	-0.085177
501	-0.085841	-0.085769	-0.085857
502	-0.086561	-0.086488	-0.086593
503	-0.087277	-0.087208	-0.087328
504	-0.087959	-0.087943	-0.08805
505	-0.08864	-0.088679	-0.088772
506	-0.08937	-0.089406	-0.089493
507	-0.090103	-0.090133	-0.090214
508	-0.090777	-0.09076	-0.090865
509	-0.091438	-0.091363	-0.091499
510	-0.092072	-0.091984	-0.092129
511	-0.092693	-0.092615	-0.092756
512	-0.093284	-0.09323	-0.093364
513	-0.093848	-0.093829	-0.093954
514	-0.094389	-0.094372	-0.094492
515	-0.094893	-0.094823	-0.094947
516	-0.095395	-0.095287	-0.09542
517	-0.095895	-0.095789	-0.095952
518	-0.096389	-0.096288	-0.096475
519	-0.096834	-0.096752	-0.096926
520	-0.097279	-0.097215	-0.097376
521	-0.097727	-0.097656	-0.097776
522	-0.098174	-0.098096	-0.098174
523	-0.098574	-0.098487	-0.098566
524	-0.098965	-0.098868	-0.098956
525	-0.099337	-0.099258	-0.099369
526	-0.099701	-0.099653	-0.099791
527	-0.100089	-0.100038	-0.100191
528	-0.100496	-0.100415	-0.100574
529	-0.100886	-0.100792	-0.100944
530	-0.101252	-0.10117	-0.101298
531	-0.101605	-0.101536	-0.101648
532	-0.101926	-0.101873	-0.10199
533	-0.102244	-0.102202	-0.102325
534	-0.102548	-0.10248	-0.102627
535	-0.102856	-0.102761	-0.10293
536	-0.103271	-0.103162	-0.103307
537	-0.103686	-0.103563	-0.103685
538	-0.104041	-0.103941	-0.10407
539	-0.104389	-0.104316	-0.104455
540	-0.104759	-0.104688	-0.104814
541	-0.105135	-0.105059	-0.105163
542	-0.105462	-0.105385	-0.105487
543	-0.105759	-0.105686	-0.105795
544	-0.106094	-0.106016	-0.106133
545	-0.106467	-0.106374	-0.106499
546	-0.106832	-0.106745	-0.106866
547	-0.107182	-0.107137	-0.107232
548	-0.107529	-0.107512	-0.107598
549	-0.107866	-0.107829	-0.10796
550	-0.108197	-0.108145	-0.108316
551	-0.108473	-0.108452	-0.108629
552	-0.108749	-0.108758	-0.108942
553	-0.109106	-0.109065	-0.1092
554	-0.109464	-0.109372	-0.109457
555	-0.109728	-0.109652	-0.109738
556	-0.109977	-0.109928	-0.110022
557	-0.110255	-0.110181	-0.11029
558	-0.110543	-0.110424	-0.110553
559	-0.110826	-0.110699	-0.110829
560	-0.111105	-0.110994	-0.111112
561	-0.111376	-0.111273	-0.111391
562	-0.111636	-0.111533	-0.111664
563	-0.111844	-0.111753	-0.111889
564	-0.111958	-0.111901	-0.112026
565	-0.112064	-0.112032	-0.112144
566	-0.112144	-0.112109	-0.112204
567	-0.112217	-0.11218	-0.11226
568	-0.112235	-0.112203	-0.112296
569	-0.112253	-0.112225	-0.112332
570	-0.112243	-0.112223	-0.112336
571	-0.112232	-0.11222	-0.112339
572	-0.11226	-0.112233	-0.11233
573	-0.112293	-0.112249	-0.112319
574	-0.112383	-0.11231	-0.112392
575	-0.112492	-0.112387	-0.112493
576	-0.112552	-0.112459	-0.11257
577	-0.112583	-0.112528	-0.112634
578	-0.112648	-0.112606	-0.112706
579	-0.112743	-0.112695	-0.112784
580	-0.112876	-0.112831	-0.112918
581	-0.113069	-0.11304	-0.113139
582	-0.113323	-0.113298	-0.1134
583	-0.113737	-0.113688	-0.11377
584	-0.114143	-0.114076	-0.114142
585	-0.114512	-0.114449	-0.114528
586	-0.114879	-0.114821	-0.114913
587	-0.115234	-0.115195	-0.115287
588	-0.115589	-0.115569	-0.115662
589	-0.116018	-0.115983	-0.116076
590	-0.116452	-0.116399	-0.116493
591	-0.116816	-0.11675	-0.116832
592	-0.117163	-0.117086	-0.117153
593	-0.117486	-0.117406	-0.117477
594	-0.117797	-0.11772	-0.117803
595	-0.118191	-0.118109	-0.118188
596	-0.118641	-0.118551	-0.118614
597	-0.119102	-0.119025	-0.119084
598	-0.119575	-0.119535	-0.119601
599	-0.119999	-0.119994	-0.120049
600	-0.12034	-0.120364	-0.120377
601	-0.120639	-0.120673	-0.120661
602	-0.120815	-0.120805	-0.120816
603	-0.120987	-0.120935	-0.120971
604	-0.121133	-0.121054	-0.121123
605	-0.121273	-0.121168	-0.121268
606	-0.121249	-0.121145	-0.121245
607	-0.121226	-0.121121	-0.121221
608	-0.121207	-0.121112	-0.121185
609	-0.121189	-0.121103	-0.121148
610	-0.121198	-0.121107	-0.121177
611	-0.121214	-0.121113	-0.121221
612	-0.121272	-0.121144	-0.121286
613	-0.121346	-0.121185	-0.121359
614	-0.12145	-0.121309	-0.121453
615	-0.121573	-0.121486	-0.121562
616	-0.121723	-0.121649	-0.121692
617	-0.1219	-0.121797	-0.121844
618	-0.122086	-0.121975	-0.122031
619	-0.122287	-0.122198	-0.122271
620	-0.122448	-0.122372	-0.122466
621	-0.122515	-0.122429	-0.122554
622	-0.122603	-0.122509	-0.122648
623	-0.122772	-0.12268	-0.122769
624	-0.122934	-0.122845	-0.122893
625	-0.123016	-0.122942	-0.123034
626	-0.123098	-0.12304	-0.123175
627	-0.123317	-0.123252	-0.123359
628	-0.123537	-0.123465	-0.123544
629	-0.123601	-0.12356	-0.12362
630	-0.123646	-0.123642	-0.123684
631	-0.123769	-0.123757	-0.123805
632	-0.123913	-0.12388	-0.123942
633	-0.124043	-0.124003	-0.124076
634	-0.124169	-0.124126	-0.124209
635	-0.124347	-0.124307	-0.124382
636	-0.124562	-0.124526	-0.124583
637	-0.124743	-0.124712	-0.124772
638	-0.12489	-0.124865	-0.124948
639	-0.124998	-0.124969	-0.125078
640	-0.125048	-0.125004	-0.125139
641	-0.125137	-0.125088	-0.125225
642	-0.125313	-0.125279	-0.125365
643	-0.125472	-0.125436	-0.125492
644	-0.125568	-0.125474	-0.125573
645	-0.125669	-0.125531	-0.125664
646	-0.125806	-0.125716	-0.125833
647	-0.125945	-0.1259	-0.126001
648	-0.126109	-0.126041	-0.12615
649	-0.126273	-0.126183	-0.126298
650	-0.126245	-0.126178	-0.126291
651	-0.126205	-0.126164	-0.126275
652	-0.125874	-0.125824	-0.125928
653	-0.125492	-0.125428	-0.125523
654	-0.125158	-0.125076	-0.12518
655	-0.124838	-0.124738	-0.124855
656	-0.124859	-0.124753	-0.124872
657	-0.125044	-0.124939	-0.125054
658	-0.125455	-0.12538	-0.125472
659	-0.126025	-0.126	-0.126056
660	-0.126752	-0.126739	-0.126802
661	-0.127636	-0.127598	-0.127709
662	-0.12834	-0.128282	-0.12843
663	-0.128788	-0.128717	-0.128888
664	-0.129087	-0.129012	-0.129177
665	-0.129084	-0.129021	-0.129123
666	-0.129078	-0.129008	-0.129075
667	-0.129061	-0.12893	-0.129046
668	-0.129059	-0.128879	-0.129033
669	-0.129132	-0.128967	-0.129103
670	-0.129206	-0.129061	-0.12918
671	-0.129309	-0.129218	-0.12934
672	-0.129412	-0.129375	-0.129501
673	-0.129545	-0.129483	-0.129601
674	-0.129678	-0.129591	-0.129702
675	-0.129928	-0.129818	-0.12998
676	-0.130188	-0.130057	-0.130273
677	-0.130262	-0.130167	-0.130339
678	-0.130302	-0.130253	-0.130361
679	-0.130496	-0.130466	-0.130551
680	-0.130738	-0.130718	-0.130793
681	-0.130992	-0.130962	-0.131057
682	-0.131251	-0.131202	-0.131329
683	-0.131493	-0.131463	-0.131577
684	-0.131724	-0.131738	-0.131809
685	-0.132024	-0.132035	-0.132098
686	-0.132387	-0.132352	-0.132439
687	-0.132677	-0.132606	-0.132711
688	-0.132881	-0.132784	-0.132902
689	-0.1331	-0.133011	-0.133124
690	-0.13334	-0.133315	-0.133398
691	-0.133607	-0.133616	-0.133698
692	-0.133931	-0.133914	-0.134058
693	-0.134278	-0.134231	-0.13441
694	-0.134692	-0.134613	-0.134738
695	-0.135122	-0.135023	-0.135096
696	-0.135626	-0.135568	-0.135603
697	-0.136115	-0.136093	-0.136096
698	-0.13647	-0.136434	-0.136472
699	-0.136825	-0.136776	-0.136849
700	-0.137151	-0.137171	-0.137243
701	-0.137476	-0.137567	-0.137636
702	-0.137828	-0.137859	-0.137953
703	-0.138181	-0.138147	-0.138268
704	-0.13863	-0.138553	-0.138711
705	-0.139089	-0.138972	-0.139168
706	-0.139579	-0.139428	-0.139611
707	-0.140076	-0.139892	-0.140051
708	-0.140563	-0.140354	-0.14052
709	-0.141048	-0.140814	-0.140998
710	-0.141508	-0.141306	-0.141474
711	-0.141958	-0.14181	-0.141949
712	-0.142574	-0.14242	-0.142517
713	-0.143284	-0.143089	-0.143137
714	-0.143857	-0.143709	-0.143741
715	-0.144331	-0.144293	-0.144334
716	-0.14491	-0.144863	-0.144875
717	-0.145588	-0.145421	-0.145367
718	-0.146316	-0.146046	-0.14601
719	-0.147106	-0.146752	-0.146832
720	-0.147804	-0.1475	-0.147639
[LOG]
CHECKSUMÜ@