[HEADER]
Format	J&M ASCII Table
Comment	
Date	19/08/2026 10:20:50
Order	Y (evenX)
TechType	UV
NumPoints	411
FirstX	310
LastX	720
XType	nm
YType	Absorbance
ZType	s
NumSubFile	3
Matrix	Z vs X
[LOGIN]
Name=pcbob
[INSTRUMENT]
Name=TIDAS E Base UV/VI
Detector=MMS - ASPEN 97,5 kHz
Diodearray=256 Pixel
Serial#=36584
Calibrated=2011-07-01
Range=183.81-729.88 [nm] (F0)

SWVersion=v3.18.2 (build 0)[LOGIN]
Name=pcbob
[CONFIG]
ChannelName=Channel 1
ChannelType=Normalized
[PARAMETER]
It=350,00
Aver=5
Norm=3
Range=310,0-720,0 nm
Scan=Time
ScanTime=5,00 s
[TRIGGER]
Sweep=0
Scan=0
[DIO]
DigOut=0x0000
DigIn=0x0000
[DATA]
	00:00:00,000	00:00:01,750	00:00:03,500
310	0.757277	0.756572	0.756122
311	0.742998	0.742294	0.741811
312	0.72898	0.728353	0.727801
313	0.715291	0.714689	0.7141
314	0.702058	0.701405	0.700825
315	0.688961	0.688268	0.687686
316	0.676291	0.675591	0.67497
317	0.663628	0.662928	0.662266
318	0.651067	0.650468	0.649728
319	0.638505	0.638008	0.637191
320	0.626162	0.625548	0.624815
321	0.613848	0.613088	0.61246
322	0.601635	0.600851	0.600217
323	0.589465	0.588707	0.588019
324	0.577271	0.576551	0.575861
325	0.565057	0.564385	0.563736
326	0.552883	0.55224	0.551636
327	0.540784	0.540132	0.53958
328	0.528708	0.528052	0.527542
329	0.516739	0.516099	0.51559
330	0.504771	0.504145	0.503637
331	0.492909	0.492346	0.491799
332	0.481047	0.480546	0.479961
333	0.469437	0.468957	0.468343
334	0.457882	0.457413	0.456771
335	0.44647	0.446021	0.445434
336	0.435138	0.43471	0.434223
337	0.423988	0.423596	0.423171
338	0.413043	0.412701	0.412295
339	0.40224	0.401923	0.40153
340	0.391775	0.391417	0.391024
341	0.381383	0.380995	0.380606
342	0.371515	0.371163	0.370812
343	0.361647	0.361332	0.361017
344	0.352112	0.351827	0.351549
345	0.342595	0.342339	0.342099
346	0.333602	0.333384	0.333178
347	0.324762	0.324585	0.324411
348	0.316299	0.316112	0.315948
349	0.308088	0.307857	0.307686
350	0.300033	0.299796	0.299625
351	0.292189	0.291999	0.291834
352	0.284452	0.284301	0.284151
353	0.277039	0.276897	0.276793
354	0.269664	0.269526	0.26946
355	0.262746	0.262545	0.262435
356	0.255828	0.255564	0.25541
357	0.249107	0.248895	0.248755
358	0.242406	0.242259	0.242139
359	0.235936	0.235782	0.235717
360	0.229551	0.229362	0.229366
361	0.223398	0.223223	0.223213
362	0.217426	0.217304	0.217216
363	0.211537	0.211448	0.211329
364	0.205778	0.205692	0.205616
365	0.200119	0.200026	0.19999
366	0.194821	0.194689	0.194683
367	0.189533	0.189366	0.189386
368	0.184446	0.184363	0.184323
369	0.179359	0.179359	0.179259
370	0.174338	0.174328	0.174257
371	0.169326	0.169292	0.169264
372	0.164501	0.164441	0.164402
373	0.159756	0.159669	0.159596
374	0.155077	0.15498	0.154897
375	0.150456	0.150363	0.150293
376	0.14588	0.145797	0.145733
377	0.141384	0.141321	0.141251
378	0.136934	0.136885	0.136814
379	0.132685	0.132616	0.13256
380	0.128436	0.12835	0.128309
381	0.124233	0.124167	0.124115
382	0.120031	0.119983	0.119921
383	0.115924	0.115889	0.115831
384	0.111833	0.111811	0.111759
385	0.107954	0.107928	0.107876
386	0.104173	0.104134	0.104081
387	0.100522	0.100461	0.100415
388	0.096992	0.096901	0.096871
389	0.093493	0.09339	0.093366
390	0.090053	0.089973	0.089933
391	0.08665	0.086591	0.086538
392	0.083416	0.083371	0.083318
393	0.080184	0.080154	0.080101
394	0.077207	0.077145	0.077167
395	0.07423	0.074135	0.074233
396	0.071379	0.07135	0.071399
397	0.068551	0.068606	0.068583
398	0.065766	0.06582	0.065798
399	0.063001	0.063015	0.063029
400	0.060353	0.060328	0.060339
401	0.057816	0.057752	0.057725
402	0.05529	0.055207	0.055164
403	0.052785	0.052719	0.052703
404	0.050297	0.050236	0.050244
405	0.047883	0.047775	0.047797
406	0.045469	0.045314	0.04535
407	0.043008	0.042879	0.042935
408	0.040547	0.040444	0.04052
409	0.03814	0.038102	0.038141
410	0.035741	0.035776	0.035769
411	0.033401	0.033464	0.033468
412	0.031088	0.031159	0.031198
413	0.028928	0.029005	0.029029
414	0.026908	0.026986	0.026951
415	0.024871	0.024936	0.024869
416	0.022803	0.02283	0.022784
417	0.020704	0.020715	0.020681
418	0.018475	0.018568	0.018509
419	0.016258	0.016426	0.016343
420	0.014331	0.014399	0.014343
421	0.012404	0.012372	0.012343
422	0.010523	0.010472	0.010468
423	0.008649	0.008589	0.008611
424	0.006793	0.006751	0.006769
425	0.004943	0.00493	0.004933
426	0.00304	0.003036	0.003063
427	0.001094	0.001082	0.001167
428	-0.000861	-0.000866	-0.00075
429	-0.002828	-0.002807	-0.002698
430	-0.004763	-0.004724	-0.004637
431	-0.00659	-0.006566	-0.006549
432	-0.008407	-0.008396	-0.008442
433	-0.010101	-0.010084	-0.010105
434	-0.011795	-0.011773	-0.011768
435	-0.013531	-0.013525	-0.013531
436	-0.015272	-0.015282	-0.015303
437	-0.016939	-0.016948	-0.016968
438	-0.018581	-0.018583	-0.018599
439	-0.020175	-0.020178	-0.020172
440	-0.021737	-0.021744	-0.021706
441	-0.023235	-0.023247	-0.023201
442	-0.024652	-0.024669	-0.024646
443	-0.026069	-0.026081	-0.026078
444	-0.027491	-0.027469	-0.027478
445	-0.028909	-0.028866	-0.028877
446	-0.030306	-0.030328	-0.030264
447	-0.031702	-0.031791	-0.031651
448	-0.03306	-0.033106	-0.033032
449	-0.034416	-0.034416	-0.034412
450	-0.035741	-0.035773	-0.035739
451	-0.037059	-0.037139	-0.037054
452	-0.038369	-0.038448	-0.038358
453	-0.039675	-0.039727	-0.039657
454	-0.040871	-0.040898	-0.04084
455	-0.041959	-0.041963	-0.04191
456	-0.043051	-0.043057	-0.043004
457	-0.044151	-0.044203	-0.044143
458	-0.045259	-0.045344	-0.045282
459	-0.046399	-0.046466	-0.046424
460	-0.047538	-0.047587	-0.047563
461	-0.048667	-0.048705	-0.048669
462	-0.049796	-0.049823	-0.049775
463	-0.050902	-0.050944	-0.050884
464	-0.052006	-0.052066	-0.051994
465	-0.053164	-0.053215	-0.053125
466	-0.054341	-0.054373	-0.054264
467	-0.055532	-0.055565	-0.05546
468	-0.056734	-0.056781	-0.056697
469	-0.057954	-0.058011	-0.05794
470	-0.059201	-0.059259	-0.059192
471	-0.060404	-0.06046	-0.060399
472	-0.061493	-0.061542	-0.061492
473	-0.062576	-0.062619	-0.062579
474	-0.06362	-0.063655	-0.063626
475	-0.064664	-0.064691	-0.064673
476	-0.065646	-0.065663	-0.065633
477	-0.066626	-0.066634	-0.066591
478	-0.067587	-0.067585	-0.067524
479	-0.068545	-0.068533	-0.068451
480	-0.069411	-0.069416	-0.069332
481	-0.070236	-0.070269	-0.070193
482	-0.070939	-0.070993	-0.070921
483	-0.071537	-0.071606	-0.071536
484	-0.072102	-0.072186	-0.072115
485	-0.072615	-0.072715	-0.072639
486	-0.073183	-0.073287	-0.073211
487	-0.073927	-0.073996	-0.073934
488	-0.074688	-0.074727	-0.074677
489	-0.075608	-0.075665	-0.075616
490	-0.076528	-0.076603	-0.076555
491	-0.07752	-0.077556	-0.077493
492	-0.078516	-0.07851	-0.07843
493	-0.079372	-0.079397	-0.0793
494	-0.080195	-0.080268	-0.080154
495	-0.080952	-0.081028	-0.080908
496	-0.081677	-0.08173	-0.081611
497	-0.082411	-0.082449	-0.08233
498	-0.083156	-0.083185	-0.083064
499	-0.083867	-0.0839	-0.083784
500	-0.084521	-0.08458	-0.084484
501	-0.08519	-0.085266	-0.08518
502	-0.085908	-0.085975	-0.085867
503	-0.086624	-0.086684	-0.086557
504	-0.087317	-0.087384	-0.08727
505	-0.08801	-0.088084	-0.087982
506	-0.088758	-0.088806	-0.088715
507	-0.089508	-0.089528	-0.089449
508	-0.090167	-0.090183	-0.090096
509	-0.090803	-0.09082	-0.090721
510	-0.091408	-0.091428	-0.091334
511	-0.091997	-0.092021	-0.09194
512	-0.092596	-0.092613	-0.092528
513	-0.093203	-0.093204	-0.0931
514	-0.093759	-0.093759	-0.09365
515	-0.094235	-0.094256	-0.094163
516	-0.094711	-0.09475	-0.094672
517	-0.095193	-0.095239	-0.09517
518	-0.095678	-0.095728	-0.095666
519	-0.096188	-0.096216	-0.096138
520	-0.096698	-0.096705	-0.09661
521	-0.097165	-0.097194	-0.097094
522	-0.09763	-0.097684	-0.097578
523	-0.098054	-0.098083	-0.097993
524	-0.098469	-0.098465	-0.098394
525	-0.098873	-0.098869	-0.098802
526	-0.099272	-0.099283	-0.099213
527	-0.09968	-0.099712	-0.099624
528	-0.100094	-0.100154	-0.100034
529	-0.100487	-0.100559	-0.100423
530	-0.100853	-0.100916	-0.100781
531	-0.101223	-0.101276	-0.101144
532	-0.101602	-0.101645	-0.101518
533	-0.101969	-0.102004	-0.101878
534	-0.102277	-0.102309	-0.102164
535	-0.102587	-0.102616	-0.102453
536	-0.102977	-0.103015	-0.102868
537	-0.103367	-0.103413	-0.103282
538	-0.103747	-0.103766	-0.103664
539	-0.104125	-0.104112	-0.104043
540	-0.104463	-0.104469	-0.104422
541	-0.104788	-0.104829	-0.104801
542	-0.105114	-0.105147	-0.105112
543	-0.105439	-0.10544	-0.105382
544	-0.105797	-0.105777	-0.105713
545	-0.106186	-0.106157	-0.106105
546	-0.106565	-0.106543	-0.106491
547	-0.106924	-0.106937	-0.106866
548	-0.107278	-0.107322	-0.107228
549	-0.107612	-0.107679	-0.107548
550	-0.107944	-0.108027	-0.107869
551	-0.10825	-0.108305	-0.108194
552	-0.108555	-0.108584	-0.10852
553	-0.108866	-0.108907	-0.108833
554	-0.109176	-0.10923	-0.109145
555	-0.109447	-0.109499	-0.109419
556	-0.109712	-0.109759	-0.109686
557	-0.109962	-0.110017	-0.109944
558	-0.110207	-0.110274	-0.110199
559	-0.110502	-0.110559	-0.110467
560	-0.11083	-0.110862	-0.110744
561	-0.111136	-0.111148	-0.111036
562	-0.11142	-0.111414	-0.111343
563	-0.111645	-0.111647	-0.111586
564	-0.111766	-0.111822	-0.111716
565	-0.111875	-0.111968	-0.111831
566	-0.111944	-0.112021	-0.111898
567	-0.112009	-0.112068	-0.111962
568	-0.112042	-0.112083	-0.111993
569	-0.112074	-0.112098	-0.112024
570	-0.112072	-0.1121	-0.112003
571	-0.112069	-0.112102	-0.111981
572	-0.112073	-0.112108	-0.112006
573	-0.112077	-0.112115	-0.112037
574	-0.112175	-0.112213	-0.112139
575	-0.112305	-0.11234	-0.112264
576	-0.112398	-0.11242	-0.112346
577	-0.11247	-0.112473	-0.112404
578	-0.112563	-0.112555	-0.112491
579	-0.112675	-0.112664	-0.112604
580	-0.112834	-0.112822	-0.112765
581	-0.113065	-0.113058	-0.112997
582	-0.113342	-0.113341	-0.113278
583	-0.113742	-0.113745	-0.113687
584	-0.114139	-0.114147	-0.114094
585	-0.114526	-0.114538	-0.114495
586	-0.114915	-0.11493	-0.114896
587	-0.115331	-0.115331	-0.115282
588	-0.115748	-0.115733	-0.115668
589	-0.116164	-0.116185	-0.116101
590	-0.11658	-0.116641	-0.116538
591	-0.116967	-0.117006	-0.11692
592	-0.117347	-0.117351	-0.11729
593	-0.117678	-0.117687	-0.117617
594	-0.117987	-0.118021	-0.117925
595	-0.1184	-0.118436	-0.11833
596	-0.118886	-0.11891	-0.118802
597	-0.119391	-0.119404	-0.119299
598	-0.119917	-0.119923	-0.119824
599	-0.120376	-0.120388	-0.120283
600	-0.120718	-0.120761	-0.120625
601	-0.12101	-0.121076	-0.120927
602	-0.121154	-0.121218	-0.121108
603	-0.121302	-0.121356	-0.121279
604	-0.121465	-0.121473	-0.121392
605	-0.121623	-0.121586	-0.121502
606	-0.12163	-0.12159	-0.121502
607	-0.121638	-0.121595	-0.121503
608	-0.1216	-0.121576	-0.121501
609	-0.12156	-0.121556	-0.121499
610	-0.121561	-0.121547	-0.121487
611	-0.121571	-0.121541	-0.121474
612	-0.121626	-0.121589	-0.121516
613	-0.121698	-0.121659	-0.12158
614	-0.12182	-0.121783	-0.121707
615	-0.121973	-0.121941	-0.121874
616	-0.122123	-0.12209	-0.122024
617	-0.12227	-0.122229	-0.122158
618	-0.122452	-0.122423	-0.122342
619	-0.122685	-0.122699	-0.1226
620	-0.122868	-0.12291	-0.122804
621	-0.12293	-0.122965	-0.122877
622	-0.123005	-0.12304	-0.122965
623	-0.123134	-0.123197	-0.123109
624	-0.123267	-0.123351	-0.123251
625	-0.123438	-0.123485	-0.123383
626	-0.123609	-0.123619	-0.123516
627	-0.123819	-0.123817	-0.123744
628	-0.124029	-0.124017	-0.123974
629	-0.124118	-0.1241	-0.124034
630	-0.124193	-0.12417	-0.124074
631	-0.124293	-0.124297	-0.124221
632	-0.1244	-0.124439	-0.124397
633	-0.124533	-0.124584	-0.124555
634	-0.124678	-0.12473	-0.124707
635	-0.12485	-0.124888	-0.124865
636	-0.125042	-0.125052	-0.125028
637	-0.125215	-0.12523	-0.12521
638	-0.125369	-0.125419	-0.125412
639	-0.1255	-0.125554	-0.125546
640	-0.125598	-0.125608	-0.12558
641	-0.125708	-0.125698	-0.125654
642	-0.125847	-0.125867	-0.125815
643	-0.12598	-0.126023	-0.125953
644	-0.12609	-0.126133	-0.126009
645	-0.126205	-0.126251	-0.126082
646	-0.12636	-0.126417	-0.126273
647	-0.126513	-0.126583	-0.126461
648	-0.126622	-0.126732	-0.126599
649	-0.126731	-0.126881	-0.126738
650	-0.126722	-0.12686	-0.126702
651	-0.126706	-0.12683	-0.126655
652	-0.126379	-0.126468	-0.126324
653	-0.125998	-0.126048	-0.125943
654	-0.125609	-0.125679	-0.125573
655	-0.125218	-0.125325	-0.125207
656	-0.125221	-0.125286	-0.12519
657	-0.125413	-0.1254	-0.125342
658	-0.125871	-0.125841	-0.125793
659	-0.126514	-0.126511	-0.126456
660	-0.127291	-0.127315	-0.127266
661	-0.128202	-0.128252	-0.128224
662	-0.128964	-0.129006	-0.128988
663	-0.129515	-0.129501	-0.12948
664	-0.129871	-0.129834	-0.129808
665	-0.129833	-0.129836	-0.129803
666	-0.129794	-0.129838	-0.129796
667	-0.129753	-0.129837	-0.129788
668	-0.12973	-0.129846	-0.129784
669	-0.129797	-0.129906	-0.12981
670	-0.129873	-0.129977	-0.129847
671	-0.13005	-0.130159	-0.130013
672	-0.130227	-0.130341	-0.13018
673	-0.130306	-0.130394	-0.130274
674	-0.130386	-0.130446	-0.130368
675	-0.130637	-0.130719	-0.130607
676	-0.130904	-0.131012	-0.130858
677	-0.131039	-0.131156	-0.131023
678	-0.131149	-0.131272	-0.131172
679	-0.13133	-0.131467	-0.131342
680	-0.131532	-0.131687	-0.131519
681	-0.131772	-0.131909	-0.131769
682	-0.132029	-0.132132	-0.132052
683	-0.132293	-0.132356	-0.132288
684	-0.132561	-0.132581	-0.132494
685	-0.132873	-0.132876	-0.132809
686	-0.133225	-0.133233	-0.133221
687	-0.133504	-0.133536	-0.133537
688	-0.1337	-0.133774	-0.133742
689	-0.133927	-0.134029	-0.133974
690	-0.134206	-0.13431	-0.134251
691	-0.134505	-0.134609	-0.134542
692	-0.134848	-0.134951	-0.134864
693	-0.135217	-0.135298	-0.135199
694	-0.135666	-0.135663	-0.135574
695	-0.136123	-0.136061	-0.135988
696	-0.136619	-0.136626	-0.136592
697	-0.137107	-0.137174	-0.137174
698	-0.137525	-0.137573	-0.137569
699	-0.137942	-0.137972	-0.137964
700	-0.138295	-0.138364	-0.138322
701	-0.138649	-0.138755	-0.138679
702	-0.139018	-0.139133	-0.139072
703	-0.139387	-0.13951	-0.139467
704	-0.139944	-0.140082	-0.140024
705	-0.140521	-0.140677	-0.140601
706	-0.141016	-0.141126	-0.141013
707	-0.141493	-0.141545	-0.141392
708	-0.142042	-0.142101	-0.141953
709	-0.142612	-0.142698	-0.142568
710	-0.143199	-0.143308	-0.14317
711	-0.143793	-0.143924	-0.143768
712	-0.144476	-0.144601	-0.14446
713	-0.14521	-0.145312	-0.145205
714	-0.145863	-0.14601	-0.145897
715	-0.146457	-0.146699	-0.14655
716	-0.147149	-0.147355	-0.147217
717	-0.147931	-0.14798	-0.147897
718	-0.148748	-0.148772	-0.148674
719	-0.149606	-0.149761	-0.149566
720	-0.150525	-0.150677	-0.150478
[LOG]
CHECKSUMº@