[HEADER]
Format	J&M ASCII Table
Comment	
Date	19/08/2026 11:06:53
Order	Y (evenX)
TechType	UV
NumPoints	411
FirstX	310
LastX	720
XType	nm
YType	Absorbance
ZType	s
NumSubFile	3
Matrix	Z vs X
[LOGIN]
Name=pcbob
[INSTRUMENT]
Name=TIDAS E Base UV/VI
Detector=MMS - ASPEN 97,5 kHz
Diodearray=256 Pixel
Serial#=36584
Calibrated=2011-07-01
Range=183.81-729.88 [nm] (F0)

SWVersion=v3.18.2 (build 0)[LOGIN]
Name=pcbob
[CONFIG]
ChannelName=Channel 1
ChannelType=Normalized
[PARAMETER]
It=350,00
Aver=5
Norm=3
Range=310,0-720,0 nm
Scan=Time
ScanTime=5,00 s
[TRIGGER]
Sweep=0
Scan=0
[DIO]
DigOut=0x0000
DigIn=0x0000
[DATA]
	00:00:00,000	00:00:01,750	00:00:03,500
310	0.001362	0.001428	0.001327
311	0.000907	0.000953	0.000871
312	0.000483	0.000492	0.000449
313	0.000069	0.000067	0.000031
314	-0.000331	-0.000305	-0.000378
315	-0.00071	-0.000668	-0.000761
316	-0.00102	-0.001003	-0.001061
317	-0.001329	-0.001336	-0.001361
318	-0.001627	-0.001647	-0.001679
319	-0.001924	-0.001958	-0.001996
320	-0.002308	-0.002339	-0.002377
321	-0.002702	-0.002728	-0.002766
322	-0.003139	-0.003154	-0.003193
323	-0.003594	-0.003595	-0.003635
324	-0.004051	-0.004037	-0.004091
325	-0.004509	-0.004482	-0.00456
326	-0.004964	-0.004932	-0.005017
327	-0.005412	-0.005393	-0.005451
328	-0.005843	-0.005831	-0.005874
329	-0.006191	-0.006167	-0.00625
330	-0.006539	-0.006503	-0.006627
331	-0.006904	-0.006894	-0.006958
332	-0.007269	-0.007284	-0.007289
333	-0.007562	-0.007611	-0.007593
334	-0.00784	-0.007925	-0.007892
335	-0.008159	-0.008234	-0.008222
336	-0.008501	-0.008539	-0.008568
337	-0.008839	-0.00885	-0.008897
338	-0.009173	-0.009166	-0.009205
339	-0.009529	-0.009509	-0.009547
340	-0.009936	-0.009918	-0.009971
341	-0.01034	-0.01032	-0.010383
342	-0.010716	-0.01068	-0.010711
343	-0.011091	-0.011041	-0.011039
344	-0.011513	-0.011465	-0.011483
345	-0.011937	-0.011894	-0.011935
346	-0.012239	-0.012179	-0.012226
347	-0.012504	-0.012423	-0.01247
348	-0.012733	-0.012677	-0.012719
349	-0.012936	-0.012939	-0.012972
350	-0.013167	-0.013191	-0.013219
351	-0.013437	-0.013431	-0.013459
352	-0.01368	-0.01366	-0.013687
353	-0.013843	-0.013852	-0.013878
354	-0.014012	-0.014046	-0.014071
355	-0.01426	-0.014262	-0.014295
356	-0.014508	-0.014478	-0.014518
357	-0.014723	-0.014681	-0.014748
358	-0.014935	-0.014882	-0.014978
359	-0.01521	-0.015176	-0.015234
360	-0.015508	-0.015503	-0.015499
361	-0.015811	-0.015811	-0.015776
362	-0.016116	-0.016105	-0.01606
363	-0.01635	-0.016333	-0.016312
364	-0.016471	-0.01646	-0.016512
365	-0.016623	-0.016609	-0.016709
366	-0.016888	-0.016844	-0.016896
367	-0.017147	-0.017074	-0.017081
368	-0.017268	-0.01721	-0.017222
369	-0.017389	-0.017346	-0.017362
370	-0.017515	-0.017455	-0.017506
371	-0.017641	-0.01756	-0.017649
372	-0.017717	-0.01763	-0.017708
373	-0.017772	-0.017686	-0.017731
374	-0.017878	-0.017791	-0.017832
375	-0.018029	-0.017939	-0.018003
376	-0.018169	-0.018093	-0.018163
377	-0.018292	-0.018258	-0.018304
378	-0.018418	-0.018408	-0.018442
379	-0.018553	-0.018494	-0.018568
380	-0.018689	-0.018583	-0.018696
381	-0.018852	-0.018794	-0.018883
382	-0.019015	-0.019005	-0.019071
383	-0.019233	-0.019215	-0.019281
384	-0.019461	-0.019426	-0.019496
385	-0.01968	-0.019624	-0.019715
386	-0.019894	-0.019815	-0.019938
387	-0.02008	-0.01999	-0.020097
388	-0.020241	-0.02015	-0.020196
389	-0.020401	-0.020301	-0.02033
390	-0.020558	-0.020438	-0.020526
391	-0.020706	-0.020568	-0.020695
392	-0.020809	-0.020674	-0.020737
393	-0.020912	-0.020779	-0.020779
394	-0.021003	-0.020874	-0.020882
395	-0.021095	-0.020969	-0.020984
396	-0.021201	-0.021102	-0.021127
397	-0.02131	-0.021242	-0.021276
398	-0.021429	-0.021341	-0.021367
399	-0.021554	-0.021421	-0.02143
400	-0.021663	-0.021509	-0.021524
401	-0.021757	-0.021604	-0.021647
402	-0.021886	-0.02172	-0.021794
403	-0.022078	-0.021873	-0.021986
404	-0.022269	-0.022039	-0.022175
405	-0.022458	-0.022265	-0.02235
406	-0.022648	-0.022493	-0.022528
407	-0.022956	-0.02281	-0.022833
408	-0.023263	-0.023127	-0.023138
409	-0.023534	-0.023372	-0.02339
410	-0.023799	-0.023605	-0.023634
411	-0.024007	-0.023805	-0.023833
412	-0.024188	-0.02399	-0.024011
413	-0.024372	-0.024177	-0.024192
414	-0.024556	-0.024365	-0.024376
415	-0.024724	-0.024531	-0.02455
416	-0.024864	-0.02466	-0.024704
417	-0.025021	-0.024803	-0.024866
418	-0.025248	-0.025	-0.025054
419	-0.025468	-0.025192	-0.025239
420	-0.025495	-0.025266	-0.025321
421	-0.025523	-0.02534	-0.025403
422	-0.025601	-0.025383	-0.025475
423	-0.025687	-0.025422	-0.025545
424	-0.025787	-0.025521	-0.025629
425	-0.025893	-0.025643	-0.025718
426	-0.026002	-0.025769	-0.025814
427	-0.026115	-0.025897	-0.025914
428	-0.026249	-0.026021	-0.026045
429	-0.026415	-0.026136	-0.026223
430	-0.026591	-0.026276	-0.026407
431	-0.026803	-0.026492	-0.026611
432	-0.027012	-0.026706	-0.026814
433	-0.027189	-0.026875	-0.027004
434	-0.027365	-0.027045	-0.027193
435	-0.027632	-0.027336	-0.027452
436	-0.027907	-0.027639	-0.027716
437	-0.028105	-0.027824	-0.027935
438	-0.028279	-0.027971	-0.02814
439	-0.028456	-0.028168	-0.028309
440	-0.028635	-0.028398	-0.028455
441	-0.028851	-0.028613	-0.028643
442	-0.029115	-0.028808	-0.028884
443	-0.029332	-0.028991	-0.029103
444	-0.029427	-0.029143	-0.029266
445	-0.029534	-0.029298	-0.029428
446	-0.029724	-0.02947	-0.029581
447	-0.029915	-0.029642	-0.029734
448	-0.030008	-0.029736	-0.029836
449	-0.030098	-0.029828	-0.029937
450	-0.030172	-0.029908	-0.030002
451	-0.030243	-0.029986	-0.030059
452	-0.03034	-0.030073	-0.030131
453	-0.03045	-0.030164	-0.030211
454	-0.030518	-0.030198	-0.030253
455	-0.030544	-0.030176	-0.030257
456	-0.030569	-0.030181	-0.030286
457	-0.030593	-0.030237	-0.030361
458	-0.030632	-0.030302	-0.030435
459	-0.030739	-0.030406	-0.030498
460	-0.030847	-0.030511	-0.030566
461	-0.03099	-0.03066	-0.030741
462	-0.031133	-0.030809	-0.030915
463	-0.031321	-0.030981	-0.031073
464	-0.031514	-0.031157	-0.03123
465	-0.031728	-0.031368	-0.031441
466	-0.031948	-0.031593	-0.031672
467	-0.032225	-0.03188	-0.031967
468	-0.032542	-0.032211	-0.032307
469	-0.032838	-0.03252	-0.032613
470	-0.033109	-0.0328	-0.032875
471	-0.033373	-0.033057	-0.033128
472	-0.033622	-0.033256	-0.03336
473	-0.033859	-0.03345	-0.033584
474	-0.034019	-0.033609	-0.033759
475	-0.034179	-0.033768	-0.033933
476	-0.034334	-0.033922	-0.034079
477	-0.034489	-0.034075	-0.034224
478	-0.034615	-0.034224	-0.034369
479	-0.034735	-0.034371	-0.034513
480	-0.034772	-0.034433	-0.034557
481	-0.034769	-0.034456	-0.034555
482	-0.034761	-0.034456	-0.034544
483	-0.034747	-0.034436	-0.034524
484	-0.034708	-0.034392	-0.034475
485	-0.034628	-0.034308	-0.03438
486	-0.034582	-0.03426	-0.034323
487	-0.034645	-0.034326	-0.034385
488	-0.034713	-0.034393	-0.034452
489	-0.034821	-0.034472	-0.034567
490	-0.034929	-0.03455	-0.034682
491	-0.035027	-0.034629	-0.034773
492	-0.035124	-0.034708	-0.034862
493	-0.035249	-0.034815	-0.03496
494	-0.03538	-0.034929	-0.03506
495	-0.035462	-0.035015	-0.035136
496	-0.035519	-0.035087	-0.035199
497	-0.035624	-0.035188	-0.035307
498	-0.035775	-0.035318	-0.035459
499	-0.035918	-0.035463	-0.035598
500	-0.036048	-0.035637	-0.035718
501	-0.036177	-0.0358	-0.035847
502	-0.036305	-0.035927	-0.036006
503	-0.036436	-0.036053	-0.036161
504	-0.036601	-0.03616	-0.036276
505	-0.036767	-0.036268	-0.036391
506	-0.036937	-0.036461	-0.036589
507	-0.037109	-0.036659	-0.036792
508	-0.037185	-0.036734	-0.036884
509	-0.037238	-0.036779	-0.036948
510	-0.037329	-0.036865	-0.037029
511	-0.037438	-0.036973	-0.037118
512	-0.037569	-0.037089	-0.037228
513	-0.037718	-0.037213	-0.037357
514	-0.037831	-0.037322	-0.037468
515	-0.037888	-0.037407	-0.037547
516	-0.037946	-0.037497	-0.037631
517	-0.038005	-0.037603	-0.03773
518	-0.038067	-0.037696	-0.03782
519	-0.038155	-0.037689	-0.037843
520	-0.038244	-0.037682	-0.037865
521	-0.038226	-0.037709	-0.037866
522	-0.038206	-0.037737	-0.037867
523	-0.038169	-0.037708	-0.037838
524	-0.038129	-0.037666	-0.037802
525	-0.038098	-0.037656	-0.037784
526	-0.038073	-0.037659	-0.037773
527	-0.038054	-0.037644	-0.037761
528	-0.038042	-0.037615	-0.037748
529	-0.037974	-0.037548	-0.037689
530	-0.037832	-0.037432	-0.037567
531	-0.03774	-0.03734	-0.037475
532	-0.03777	-0.037307	-0.037455
533	-0.037782	-0.037272	-0.037424
534	-0.037702	-0.037228	-0.037342
535	-0.037624	-0.037184	-0.037262
536	-0.037634	-0.037156	-0.037259
537	-0.037644	-0.037128	-0.037255
538	-0.037652	-0.037158	-0.037291
539	-0.03766	-0.037194	-0.037332
540	-0.037691	-0.03723	-0.037374
541	-0.037729	-0.037266	-0.037416
542	-0.037744	-0.037296	-0.037441
543	-0.037745	-0.037322	-0.037456
544	-0.037801	-0.037384	-0.037491
545	-0.037913	-0.037482	-0.037545
546	-0.037984	-0.037551	-0.037598
547	-0.037988	-0.037569	-0.037651
548	-0.038005	-0.037607	-0.03771
549	-0.038063	-0.037707	-0.037785
550	-0.038127	-0.037802	-0.037862
551	-0.038246	-0.03786	-0.037952
552	-0.038364	-0.037918	-0.038042
553	-0.038422	-0.037971	-0.038099
554	-0.038478	-0.038025	-0.038156
555	-0.038477	-0.038019	-0.038151
556	-0.038467	-0.038003	-0.038137
557	-0.038463	-0.038032	-0.03814
558	-0.038462	-0.038077	-0.038149
559	-0.038497	-0.038117	-0.038206
560	-0.038554	-0.038154	-0.038294
561	-0.038584	-0.03818	-0.038324
562	-0.038586	-0.038195	-0.038293
563	-0.038556	-0.038176	-0.038238
564	-0.038468	-0.038097	-0.038142
565	-0.038373	-0.038	-0.038048
566	-0.038257	-0.037845	-0.037958
567	-0.038134	-0.037693	-0.037858
568	-0.037955	-0.037561	-0.037678
569	-0.037777	-0.03743	-0.037498
570	-0.037622	-0.037289	-0.03737
571	-0.037467	-0.037147	-0.037242
572	-0.037287	-0.036961	-0.037057
573	-0.037104	-0.036767	-0.036863
574	-0.036946	-0.036625	-0.036724
575	-0.036798	-0.0365	-0.036604
576	-0.036645	-0.036347	-0.036456
577	-0.03649	-0.036176	-0.036294
578	-0.036357	-0.036038	-0.036145
579	-0.036245	-0.035932	-0.03601
580	-0.036146	-0.03584	-0.035906
581	-0.036067	-0.035772	-0.035848
582	-0.036024	-0.035737	-0.035819
583	-0.036073	-0.035788	-0.035867
584	-0.036119	-0.035832	-0.03591
585	-0.036152	-0.035843	-0.035928
586	-0.036186	-0.035858	-0.03595
587	-0.036249	-0.035958	-0.036028
588	-0.036311	-0.036059	-0.036106
589	-0.036429	-0.036155	-0.03622
590	-0.036551	-0.036251	-0.036336
591	-0.036648	-0.036292	-0.03641
592	-0.03674	-0.03632	-0.036474
593	-0.036745	-0.036359	-0.036481
594	-0.036713	-0.036404	-0.036464
595	-0.036758	-0.036469	-0.036529
596	-0.036856	-0.036548	-0.036652
597	-0.03694	-0.036614	-0.036734
598	-0.037007	-0.036665	-0.036771
599	-0.037081	-0.036723	-0.036817
600	-0.037169	-0.036795	-0.036878
601	-0.037231	-0.036854	-0.036932
602	-0.03722	-0.036881	-0.036962
603	-0.037229	-0.036922	-0.037008
604	-0.03736	-0.037055	-0.037144
605	-0.037491	-0.037187	-0.03728
606	-0.037633	-0.037333	-0.03739
607	-0.037774	-0.037479	-0.037499
608	-0.03784	-0.037478	-0.037561
609	-0.0379	-0.037465	-0.03762
610	-0.03798	-0.037545	-0.037686
611	-0.038063	-0.037646	-0.037754
612	-0.038167	-0.037749	-0.037855
613	-0.03828	-0.037853	-0.03797
614	-0.038334	-0.037903	-0.038035
615	-0.038353	-0.037917	-0.038067
616	-0.038394	-0.037962	-0.038126
617	-0.038459	-0.038036	-0.03821
618	-0.038543	-0.038133	-0.038293
619	-0.038654	-0.038263	-0.038375
620	-0.03873	-0.038349	-0.038422
621	-0.038719	-0.038333	-0.038386
622	-0.038704	-0.038327	-0.038371
623	-0.038673	-0.038364	-0.038444
624	-0.038646	-0.038393	-0.038502
625	-0.038665	-0.038351	-0.038406
626	-0.038685	-0.038309	-0.03831
627	-0.038772	-0.038394	-0.038438
628	-0.038859	-0.03848	-0.038568
629	-0.038789	-0.038417	-0.038521
630	-0.038699	-0.038336	-0.038454
631	-0.03876	-0.038387	-0.038478
632	-0.03886	-0.038472	-0.038526
633	-0.03885	-0.038473	-0.038525
634	-0.038792	-0.038438	-0.038502
635	-0.038809	-0.038464	-0.038527
636	-0.038876	-0.038532	-0.038582
637	-0.03895	-0.038597	-0.038656
638	-0.039031	-0.038662	-0.038746
639	-0.039049	-0.038661	-0.038757
640	-0.038974	-0.038566	-0.038649
641	-0.03891	-0.038499	-0.038588
642	-0.038871	-0.038492	-0.038628
643	-0.038838	-0.038477	-0.038635
644	-0.038825	-0.038433	-0.038524
645	-0.038809	-0.038393	-0.03843
646	-0.038772	-0.038386	-0.038445
647	-0.038733	-0.038377	-0.038456
648	-0.038667	-0.038294	-0.038382
649	-0.038601	-0.038211	-0.038308
650	-0.038445	-0.038022	-0.038174
651	-0.038283	-0.037827	-0.038036
652	-0.037899	-0.037512	-0.037669
653	-0.037476	-0.037175	-0.037262
654	-0.037156	-0.036871	-0.03695
655	-0.036868	-0.036577	-0.036667
656	-0.036763	-0.036483	-0.036542
657	-0.036746	-0.036486	-0.036493
658	-0.036862	-0.036598	-0.036598
659	-0.037072	-0.036787	-0.036813
660	-0.037385	-0.037086	-0.037153
661	-0.037802	-0.037495	-0.037618
662	-0.0382	-0.037875	-0.038016
663	-0.03857	-0.038214	-0.038318
664	-0.038871	-0.038508	-0.038571
665	-0.039033	-0.03871	-0.038724
666	-0.039159	-0.038854	-0.038839
667	-0.039176	-0.038815	-0.038839
668	-0.039189	-0.038783	-0.038849
669	-0.039189	-0.038792	-0.038917
670	-0.039196	-0.03881	-0.038986
671	-0.039286	-0.038922	-0.039072
672	-0.039376	-0.039035	-0.039157
673	-0.039365	-0.039016	-0.039123
674	-0.039354	-0.038996	-0.039089
675	-0.0394	-0.03906	-0.039126
676	-0.039452	-0.039132	-0.039169
677	-0.039433	-0.039089	-0.039141
678	-0.0394	-0.039025	-0.0391
679	-0.039477	-0.039068	-0.039141
680	-0.039588	-0.039144	-0.039208
681	-0.039668	-0.03926	-0.039328
682	-0.039733	-0.039394	-0.039473
683	-0.039784	-0.039466	-0.039558
684	-0.039825	-0.039498	-0.039604
685	-0.039881	-0.039566	-0.039654
686	-0.039951	-0.039667	-0.039707
687	-0.039968	-0.039672	-0.039724
688	-0.039923	-0.039562	-0.039697
689	-0.039877	-0.039461	-0.039628
690	-0.039831	-0.039376	-0.039493
691	-0.039781	-0.03931	-0.039394
692	-0.039725	-0.039286	-0.039373
693	-0.039698	-0.039288	-0.039373
694	-0.039767	-0.039368	-0.039443
695	-0.039841	-0.039454	-0.039515
696	-0.039947	-0.039572	-0.039601
697	-0.040027	-0.03967	-0.039669
698	-0.039876	-0.039593	-0.039579
699	-0.039724	-0.039515	-0.039489
700	-0.039551	-0.039393	-0.039418
701	-0.039379	-0.03927	-0.039346
702	-0.039425	-0.039219	-0.039246
703	-0.03948	-0.03917	-0.039145
704	-0.039524	-0.039107	-0.039118
705	-0.039568	-0.039042	-0.039101
706	-0.039594	-0.039123	-0.039212
707	-0.039616	-0.039234	-0.039348
708	-0.039458	-0.039078	-0.039159
709	-0.039245	-0.038841	-0.03887
710	-0.039208	-0.038816	-0.038815
711	-0.039244	-0.03888	-0.038857
712	-0.039129	-0.038811	-0.038916
713	-0.038928	-0.038669	-0.038984
714	-0.038851	-0.038561	-0.038933
715	-0.038862	-0.03848	-0.038797
716	-0.038973	-0.038504	-0.038693
717	-0.039175	-0.038626	-0.038618
718	-0.039235	-0.038811	-0.038656
719	-0.039127	-0.03907	-0.038825
720	-0.039124	-0.039268	-0.039014
[LOG]
CHECKSUM¯