[HEADER]
Format	J&M ASCII Table
Comment	
Date	19/08/2026 08:59:10
Order	Y (evenX)
TechType	UV
NumPoints	411
FirstX	310
LastX	720
XType	nm
YType	Absorbance
ZType	s
NumSubFile	3
Matrix	Z vs X
[LOGIN]
Name=pcbob
[INSTRUMENT]
Name=TIDAS E Base UV/VI
Detector=MMS - ASPEN 97,5 kHz
Diodearray=256 Pixel
Serial#=36584
Calibrated=2011-07-01
Range=183.81-729.88 [nm] (F0)

SWVersion=v3.18.2 (build 0)[LOGIN]
Name=pcbob
[CONFIG]
ChannelName=Channel 1
ChannelType=Normalized
[PARAMETER]
It=350,00
Aver=5
Norm=3
Range=310,0-720,0 nm
Scan=Time
ScanTime=5,00 s
[TRIGGER]
Sweep=0
Scan=0
[DIO]
DigOut=0x0000
DigIn=0x0000
[DATA]
	00:00:00,000	00:00:01,750	00:00:03,500
310	-0.000387	-0.000309	-0.000367
311	-0.000368	-0.000303	-0.000353
312	-0.000322	-0.000304	-0.000335
313	-0.000303	-0.000303	-0.000328
314	-0.00032	-0.000298	-0.000336
315	-0.000334	-0.000296	-0.000336
316	-0.000338	-0.000303	-0.000315
317	-0.000341	-0.000309	-0.000296
318	-0.000319	-0.000291	-0.000292
319	-0.000297	-0.000272	-0.000289
320	-0.000315	-0.00028	-0.000306
321	-0.000337	-0.000292	-0.000325
322	-0.000349	-0.000325	-0.000375
323	-0.000358	-0.000366	-0.000436
324	-0.000386	-0.000402	-0.000454
325	-0.000432	-0.000434	-0.000432
326	-0.000461	-0.000469	-0.000439
327	-0.00046	-0.000507	-0.000496
328	-0.000453	-0.000532	-0.000527
329	-0.000424	-0.000493	-0.000436
330	-0.000394	-0.000454	-0.000344
331	-0.000402	-0.000408	-0.000341
332	-0.000411	-0.000362	-0.000337
333	-0.000391	-0.000365	-0.00039
334	-0.000366	-0.000379	-0.000455
335	-0.000379	-0.000384	-0.000465
336	-0.000415	-0.000384	-0.000446
337	-0.000429	-0.000376	-0.000433
338	-0.000419	-0.000357	-0.000425
339	-0.000431	-0.000366	-0.000435
340	-0.000492	-0.000441	-0.000487
341	-0.000541	-0.000501	-0.000526
342	-0.000495	-0.00045	-0.000474
343	-0.000449	-0.0004	-0.000423
344	-0.00051	-0.000489	-0.000487
345	-0.000577	-0.000586	-0.000557
346	-0.000614	-0.0006	-0.0006
347	-0.000643	-0.00059	-0.000636
348	-0.000602	-0.000572	-0.000606
349	-0.000516	-0.000549	-0.000533
350	-0.000468	-0.000534	-0.000491
351	-0.000472	-0.000529	-0.000492
352	-0.000491	-0.000528	-0.000503
353	-0.000549	-0.000537	-0.000547
354	-0.000603	-0.000544	-0.000585
355	-0.000598	-0.00054	-0.000563
356	-0.000593	-0.000535	-0.00054
357	-0.000593	-0.000545	-0.000559
358	-0.000593	-0.000557	-0.000583
359	-0.000649	-0.000593	-0.000637
360	-0.000726	-0.000639	-0.000702
361	-0.00077	-0.000681	-0.000733
362	-0.000789	-0.000722	-0.000736
363	-0.000804	-0.000755	-0.00073
364	-0.000812	-0.000778	-0.00071
365	-0.000816	-0.000796	-0.000698
366	-0.000802	-0.000797	-0.000717
367	-0.000791	-0.000798	-0.000737
368	-0.000803	-0.000823	-0.000771
369	-0.000815	-0.000849	-0.000805
370	-0.000878	-0.000867	-0.000863
371	-0.00095	-0.000885	-0.000924
372	-0.000969	-0.000893	-0.000922
373	-0.000967	-0.000896	-0.000894
374	-0.000969	-0.000901	-0.000883
375	-0.000975	-0.000909	-0.00089
376	-0.000995	-0.000934	-0.000913
377	-0.001042	-0.00099	-0.000968
378	-0.001076	-0.001022	-0.001009
379	-0.001056	-0.000951	-0.000991
380	-0.001037	-0.000883	-0.000973
381	-0.001067	-0.000948	-0.000977
382	-0.001097	-0.001013	-0.000981
383	-0.001114	-0.001032	-0.000998
384	-0.001129	-0.001043	-0.001016
385	-0.001159	-0.00107	-0.001034
386	-0.001196	-0.001105	-0.001052
387	-0.001249	-0.001139	-0.001108
388	-0.001315	-0.001172	-0.001201
389	-0.001358	-0.001213	-0.00124
390	-0.001358	-0.001267	-0.001181
391	-0.001351	-0.001298	-0.001135
392	-0.001312	-0.001226	-0.001149
393	-0.001273	-0.001155	-0.001163
394	-0.001287	-0.001188	-0.001175
395	-0.0013	-0.001221	-0.001187
396	-0.001338	-0.001236	-0.001198
397	-0.00138	-0.001248	-0.001209
398	-0.001394	-0.001246	-0.001201
399	-0.001395	-0.001239	-0.001185
400	-0.00137	-0.001248	-0.00118
401	-0.001319	-0.001274	-0.001186
402	-0.00131	-0.00131	-0.001196
403	-0.001379	-0.001363	-0.001214
404	-0.001437	-0.001398	-0.001231
405	-0.001446	-0.001347	-0.001248
406	-0.001456	-0.001299	-0.001265
407	-0.001496	-0.001392	-0.001317
408	-0.001535	-0.001485	-0.001368
409	-0.001578	-0.001498	-0.001429
410	-0.001622	-0.001497	-0.001492
411	-0.001641	-0.001543	-0.001532
412	-0.00165	-0.001609	-0.001561
413	-0.00165	-0.001602	-0.001534
414	-0.00164	-0.001528	-0.001456
415	-0.001638	-0.001499	-0.001414
416	-0.00165	-0.001548	-0.001434
417	-0.001663	-0.001589	-0.00145
418	-0.001678	-0.001598	-0.001448
419	-0.001691	-0.001605	-0.001448
420	-0.00168	-0.001551	-0.00147
421	-0.001669	-0.001496	-0.001491
422	-0.001698	-0.001521	-0.001495
423	-0.001732	-0.001556	-0.001497
424	-0.001725	-0.00158	-0.001466
425	-0.001701	-0.001598	-0.001422
426	-0.001686	-0.001587	-0.001406
427	-0.001677	-0.001551	-0.001412
428	-0.001689	-0.001539	-0.001424
429	-0.001732	-0.001562	-0.001445
430	-0.001775	-0.0016	-0.001474
431	-0.001813	-0.001686	-0.001532
432	-0.001852	-0.001764	-0.001587
433	-0.00189	-0.001744	-0.001612
434	-0.001929	-0.001723	-0.001638
435	-0.001943	-0.001782	-0.001628
436	-0.001955	-0.001848	-0.001616
437	-0.002023	-0.001852	-0.001656
438	-0.002108	-0.001835	-0.001714
439	-0.002133	-0.001855	-0.00174
440	-0.002116	-0.001901	-0.001743
441	-0.002118	-0.001945	-0.00176
442	-0.002143	-0.001988	-0.001794
443	-0.002146	-0.002004	-0.001805
444	-0.002093	-0.001949	-0.001761
445	-0.002059	-0.00191	-0.001735
446	-0.002145	-0.001984	-0.001831
447	-0.002232	-0.002059	-0.001928
448	-0.002225	-0.002063	-0.001906
449	-0.002214	-0.002064	-0.001881
450	-0.002224	-0.00203	-0.00188
451	-0.002237	-0.001988	-0.001885
452	-0.002256	-0.001991	-0.001895
453	-0.002278	-0.002016	-0.001909
454	-0.002252	-0.002016	-0.0019
455	-0.002178	-0.001991	-0.001869
456	-0.00214	-0.00198	-0.00186
457	-0.002167	-0.001995	-0.001892
458	-0.002191	-0.00201	-0.001913
459	-0.002204	-0.002024	-0.001891
460	-0.002217	-0.002037	-0.001868
461	-0.002236	-0.002042	-0.001857
462	-0.002255	-0.002048	-0.001846
463	-0.002275	-0.002061	-0.001888
464	-0.002296	-0.002076	-0.001936
465	-0.002358	-0.002107	-0.001998
466	-0.002434	-0.002144	-0.002066
467	-0.002492	-0.002197	-0.0021
468	-0.002535	-0.00226	-0.00211
469	-0.002556	-0.002303	-0.002114
470	-0.002547	-0.002318	-0.002112
471	-0.002551	-0.002344	-0.002129
472	-0.002587	-0.002397	-0.002194
473	-0.002623	-0.002446	-0.002248
474	-0.002651	-0.002467	-0.002235
475	-0.002679	-0.002488	-0.002222
476	-0.002677	-0.00247	-0.002243
477	-0.002673	-0.002452	-0.002266
478	-0.00269	-0.002486	-0.002273
479	-0.00271	-0.00253	-0.002277
480	-0.00267	-0.002478	-0.002222
481	-0.002601	-0.00238	-0.00214
482	-0.00256	-0.002347	-0.002119
483	-0.002545	-0.002369	-0.002152
484	-0.002518	-0.002365	-0.002155
485	-0.002472	-0.002322	-0.002112
486	-0.002439	-0.002286	-0.002074
487	-0.002449	-0.002272	-0.002054
488	-0.002458	-0.00226	-0.002038
489	-0.002462	-0.002274	-0.002061
490	-0.002465	-0.002287	-0.002085
491	-0.002523	-0.00232	-0.002111
492	-0.002584	-0.002354	-0.002138
493	-0.002623	-0.002354	-0.002168
494	-0.002656	-0.002346	-0.002199
495	-0.002672	-0.002344	-0.002201
496	-0.002679	-0.002344	-0.002187
497	-0.002705	-0.00238	-0.002216
498	-0.002749	-0.00245	-0.002284
499	-0.002778	-0.002498	-0.002315
500	-0.002783	-0.002508	-0.002282
501	-0.002782	-0.002516	-0.002257
502	-0.00276	-0.002514	-0.002258
503	-0.002742	-0.002512	-0.002259
504	-0.002772	-0.002524	-0.002262
505	-0.002802	-0.002536	-0.002265
506	-0.002852	-0.002615	-0.002318
507	-0.002903	-0.002698	-0.002374
508	-0.00283	-0.002649	-0.002355
509	-0.002728	-0.002569	-0.002317
510	-0.002729	-0.002547	-0.002307
511	-0.002784	-0.002555	-0.00231
512	-0.00283	-0.002584	-0.002332
513	-0.002868	-0.002631	-0.002371
514	-0.002898	-0.002653	-0.002387
515	-0.002915	-0.002637	-0.002367
516	-0.002918	-0.002633	-0.002361
517	-0.002879	-0.002664	-0.002402
518	-0.002846	-0.00269	-0.002435
519	-0.002864	-0.002683	-0.002404
520	-0.002881	-0.002676	-0.002373
521	-0.002864	-0.002658	-0.002381
522	-0.002846	-0.00264	-0.002389
523	-0.002824	-0.002608	-0.002367
524	-0.002801	-0.002574	-0.00234
525	-0.002795	-0.002559	-0.002319
526	-0.002795	-0.002553	-0.002301
527	-0.00279	-0.002556	-0.002294
528	-0.00278	-0.002566	-0.002296
529	-0.00276	-0.002529	-0.002271
530	-0.002726	-0.002428	-0.002209
531	-0.002711	-0.002367	-0.002166
532	-0.002741	-0.002399	-0.002168
533	-0.002758	-0.002419	-0.002162
534	-0.002707	-0.002371	-0.002116
535	-0.002656	-0.002325	-0.002072
536	-0.002645	-0.002325	-0.002095
537	-0.002635	-0.002324	-0.002118
538	-0.002682	-0.00237	-0.002159
539	-0.002735	-0.002422	-0.002201
540	-0.002761	-0.002472	-0.002252
541	-0.002777	-0.002523	-0.002306
542	-0.00275	-0.002503	-0.002293
543	-0.002697	-0.002441	-0.00224
544	-0.002705	-0.00243	-0.002242
545	-0.002774	-0.00247	-0.002299
546	-0.002804	-0.002499	-0.002319
547	-0.002767	-0.002508	-0.002274
548	-0.002745	-0.002519	-0.002237
549	-0.00277	-0.002533	-0.002224
550	-0.002796	-0.002546	-0.002217
551	-0.002827	-0.002555	-0.002257
552	-0.002858	-0.002563	-0.002297
553	-0.002844	-0.002584	-0.002311
554	-0.00283	-0.002605	-0.002324
555	-0.002815	-0.002601	-0.002303
556	-0.002801	-0.002592	-0.002276
557	-0.002784	-0.00258	-0.002288
558	-0.002767	-0.002567	-0.002316
559	-0.002775	-0.002545	-0.002314
560	-0.0028	-0.002517	-0.002293
561	-0.002835	-0.002511	-0.002297
562	-0.002881	-0.002528	-0.002327
563	-0.002869	-0.002526	-0.002328
564	-0.002751	-0.002489	-0.002278
565	-0.002654	-0.002454	-0.002231
566	-0.002625	-0.002423	-0.002197
567	-0.002596	-0.002391	-0.002162
568	-0.002574	-0.002357	-0.002122
569	-0.002553	-0.002322	-0.002082
570	-0.002503	-0.0023	-0.002052
571	-0.002454	-0.002278	-0.002022
572	-0.002392	-0.002234	-0.001994
573	-0.002327	-0.002187	-0.001966
574	-0.002333	-0.002173	-0.001971
575	-0.002362	-0.002169	-0.001987
576	-0.002326	-0.002113	-0.001938
577	-0.002252	-0.002024	-0.00185
578	-0.002211	-0.001974	-0.001798
579	-0.002202	-0.001958	-0.001778
580	-0.002185	-0.001952	-0.001768
581	-0.002158	-0.001959	-0.001771
582	-0.00215	-0.001963	-0.001779
583	-0.002192	-0.001958	-0.001798
584	-0.00223	-0.001959	-0.001817
585	-0.002244	-0.001992	-0.001832
586	-0.002259	-0.002025	-0.001849
587	-0.00229	-0.002047	-0.001877
588	-0.002322	-0.00207	-0.001906
589	-0.002332	-0.002104	-0.001924
590	-0.00234	-0.002138	-0.00194
591	-0.002345	-0.002127	-0.001952
592	-0.002349	-0.002106	-0.001964
593	-0.002358	-0.002122	-0.001946
594	-0.002368	-0.002153	-0.001914
595	-0.002372	-0.002171	-0.001923
596	-0.002372	-0.002178	-0.001961
597	-0.00239	-0.002198	-0.001986
598	-0.002427	-0.00223	-0.001999
599	-0.002465	-0.002252	-0.002029
600	-0.002505	-0.002256	-0.00209
601	-0.002529	-0.00226	-0.002125
602	-0.002507	-0.002263	-0.002086
603	-0.002498	-0.002274	-0.002064
604	-0.002557	-0.002334	-0.00214
605	-0.002614	-0.002393	-0.002212
606	-0.002619	-0.002421	-0.002206
607	-0.002625	-0.002448	-0.0022
608	-0.002583	-0.0024	-0.002172
609	-0.002537	-0.002347	-0.002142
610	-0.002535	-0.002358	-0.002143
611	-0.002543	-0.002384	-0.002152
612	-0.002547	-0.0024	-0.002161
613	-0.00255	-0.002412	-0.002171
614	-0.00257	-0.002422	-0.002169
615	-0.0026	-0.002431	-0.00216
616	-0.002632	-0.002419	-0.002176
617	-0.002665	-0.002386	-0.002215
618	-0.002679	-0.002383	-0.002256
619	-0.002665	-0.002424	-0.002299
620	-0.002635	-0.002431	-0.002294
621	-0.002568	-0.002357	-0.002176
622	-0.002519	-0.0023	-0.002079
623	-0.00255	-0.002315	-0.002067
624	-0.00257	-0.002325	-0.002057
625	-0.002494	-0.002274	-0.002063
626	-0.002418	-0.002222	-0.002069
627	-0.00245	-0.002234	-0.002104
628	-0.002482	-0.002247	-0.002139
629	-0.00246	-0.002251	-0.002102
630	-0.002432	-0.002254	-0.002056
631	-0.002514	-0.00228	-0.002082
632	-0.002625	-0.002311	-0.002126
633	-0.002654	-0.002324	-0.002116
634	-0.002647	-0.002329	-0.002083
635	-0.002645	-0.002355	-0.00208
636	-0.002646	-0.002394	-0.002098
637	-0.002667	-0.002424	-0.002142
638	-0.002707	-0.002445	-0.002212
639	-0.002694	-0.002421	-0.002227
640	-0.002603	-0.002332	-0.002159
641	-0.002564	-0.002287	-0.00213
642	-0.002638	-0.002338	-0.002185
643	-0.002679	-0.002369	-0.002207
644	-0.0026	-0.002325	-0.002111
645	-0.002533	-0.002297	-0.002034
646	-0.002554	-0.002384	-0.002093
647	-0.002574	-0.002465	-0.002149
648	-0.002555	-0.002403	-0.002128
649	-0.002536	-0.002342	-0.002106
650	-0.002527	-0.002286	-0.002111
651	-0.002518	-0.002231	-0.002118
652	-0.002435	-0.002192	-0.002077
653	-0.002338	-0.002157	-0.002028
654	-0.002266	-0.002096	-0.001936
655	-0.002201	-0.002026	-0.00183
656	-0.002169	-0.001999	-0.001829
657	-0.002154	-0.001992	-0.00188
658	-0.002163	-0.001999	-0.001893
659	-0.002189	-0.002014	-0.00188
660	-0.002252	-0.002054	-0.001915
661	-0.00235	-0.002119	-0.001998
662	-0.002462	-0.002206	-0.002091
663	-0.002592	-0.002326	-0.002198
664	-0.002661	-0.002417	-0.002255
665	-0.002605	-0.002447	-0.002207
666	-0.002563	-0.002449	-0.002142
667	-0.002563	-0.002362	-0.002018
668	-0.002566	-0.002293	-0.001932
669	-0.002588	-0.002313	-0.002035
670	-0.002609	-0.002339	-0.002132
671	-0.002624	-0.002433	-0.002155
672	-0.00264	-0.002528	-0.002177
673	-0.002618	-0.002458	-0.002115
674	-0.002596	-0.002387	-0.002053
675	-0.002709	-0.002476	-0.002176
676	-0.002834	-0.002579	-0.002315
677	-0.00275	-0.002558	-0.002262
678	-0.002626	-0.002512	-0.002173
679	-0.002608	-0.002556	-0.002199
680	-0.002624	-0.002628	-0.002261
681	-0.002656	-0.002586	-0.002207
682	-0.002696	-0.002492	-0.002098
683	-0.002684	-0.002425	-0.002068
684	-0.00264	-0.002374	-0.002087
685	-0.002596	-0.002402	-0.002133
686	-0.002553	-0.0025	-0.002202
687	-0.002525	-0.002501	-0.002202
688	-0.002516	-0.002386	-0.002123
689	-0.002533	-0.002361	-0.002103
690	-0.002592	-0.002477	-0.002179
691	-0.002638	-0.002535	-0.002222
692	-0.002656	-0.002464	-0.002191
693	-0.002663	-0.002414	-0.002176
694	-0.00264	-0.002434	-0.002212
695	-0.002638	-0.002454	-0.002255
696	-0.00274	-0.002479	-0.00233
697	-0.002824	-0.002502	-0.002402
698	-0.002748	-0.002503	-0.002444
699	-0.002673	-0.002503	-0.002481
700	-0.002659	-0.002458	-0.002359
701	-0.002645	-0.002414	-0.002237
702	-0.00271	-0.002407	-0.002228
703	-0.002778	-0.002403	-0.002223
704	-0.002759	-0.002495	-0.002226
705	-0.00273	-0.002599	-0.002229
706	-0.002688	-0.002538	-0.002186
707	-0.002643	-0.002444	-0.002133
708	-0.002627	-0.0025	-0.002187
709	-0.00262	-0.002602	-0.002274
710	-0.002594	-0.002604	-0.002237
711	-0.002561	-0.002564	-0.002147
712	-0.002588	-0.0026	-0.002096
713	-0.002649	-0.002678	-0.002066
714	-0.002636	-0.002574	-0.002101
715	-0.00257	-0.002336	-0.002182
716	-0.002581	-0.002332	-0.002195
717	-0.002666	-0.002546	-0.002143
718	-0.002697	-0.002665	-0.002214
719	-0.002666	-0.002672	-0.002429
720	-0.00261	-0.00255	-0.002489
[LOG]
CHECKSUMK¸