[HEADER]
Format	J&M ASCII Table
Comment	
Date	19/08/2026 10:49:36
Order	Y (evenX)
TechType	UV
NumPoints	411
FirstX	310
LastX	720
XType	nm
YType	Absorbance
ZType	s
NumSubFile	3
Matrix	Z vs X
[LOGIN]
Name=pcbob
[INSTRUMENT]
Name=TIDAS E Base UV/VI
Detector=MMS - ASPEN 97,5 kHz
Diodearray=256 Pixel
Serial#=36584
Calibrated=2011-07-01
Range=183.81-729.88 [nm] (F0)

SWVersion=v3.18.2 (build 0)[LOGIN]
Name=pcbob
[CONFIG]
ChannelName=Channel 1
ChannelType=Normalized
[PARAMETER]
It=350,00
Aver=5
Norm=3
Range=310,0-720,0 nm
Scan=Time
ScanTime=5,00 s
[TRIGGER]
Sweep=0
Scan=0
[DIO]
DigOut=0x0000
DigIn=0x0000
[DATA]
	00:00:00,000	00:00:01,750	00:00:03,500
310	0.666956	0.666769	0.666532
311	0.65308	0.652901	0.652668
312	0.639653	0.63952	0.639245
313	0.626593	0.626434	0.626143
314	0.614041	0.613755	0.613486
315	0.601694	0.601337	0.601067
316	0.589992	0.589741	0.589393
317	0.578319	0.578162	0.577745
318	0.567072	0.566828	0.566489
319	0.555825	0.555493	0.555232
320	0.544883	0.544553	0.544325
321	0.53398	0.533663	0.533463
322	0.523359	0.523105	0.522873
323	0.512855	0.512684	0.512396
324	0.502613	0.502441	0.502129
325	0.492602	0.492357	0.492048
326	0.482654	0.482369	0.482089
327	0.47282	0.472555	0.472352
328	0.463045	0.462808	0.462659
329	0.45354	0.453368	0.453173
330	0.444036	0.443927	0.443688
331	0.434858	0.434669	0.434437
332	0.42568	0.425411	0.425186
333	0.416838	0.416584	0.41639
334	0.408068	0.407848	0.40769
335	0.399502	0.399263	0.399135
336	0.391048	0.390759	0.390658
337	0.3827	0.382414	0.382306
338	0.374473	0.374246	0.374093
339	0.366329	0.366144	0.365978
340	0.358385	0.358199	0.358096
341	0.350514	0.350329	0.350272
342	0.34316	0.342998	0.342873
343	0.335807	0.335667	0.335474
344	0.328534	0.328416	0.328233
345	0.321265	0.321169	0.321002
346	0.31441	0.314299	0.31417
347	0.307676	0.307539	0.307456
348	0.301189	0.301071	0.300964
349	0.294867	0.294798	0.294621
350	0.288598	0.288542	0.28839
351	0.282401	0.282309	0.282312
352	0.276305	0.276193	0.276281
353	0.270507	0.270426	0.270392
354	0.264722	0.264664	0.264521
355	0.259075	0.25897	0.258881
356	0.253429	0.253276	0.253241
357	0.248034	0.247934	0.247856
358	0.242666	0.242628	0.242498
359	0.23742	0.237359	0.237245
360	0.232218	0.232104	0.232031
361	0.227225	0.227069	0.227015
362	0.222396	0.222208	0.222155
363	0.217597	0.217423	0.217355
364	0.212842	0.212759	0.21265
365	0.208165	0.208141	0.208014
366	0.203767	0.20369	0.203628
367	0.199379	0.199255	0.19925
368	0.195189	0.195152	0.195037
369	0.190998	0.191048	0.190824
370	0.18684	0.186855	0.186676
371	0.182686	0.182649	0.182538
372	0.17866	0.178609	0.178514
373	0.174687	0.17464	0.174539
374	0.170777	0.170746	0.170634
375	0.166921	0.166918	0.16679
376	0.163163	0.163165	0.163034
377	0.159576	0.159542	0.159433
378	0.155987	0.155934	0.155839
379	0.152392	0.152387	0.152278
380	0.148801	0.148843	0.14872
381	0.145404	0.145429	0.145332
382	0.142007	0.142014	0.141943
383	0.138666	0.138706	0.138626
384	0.135335	0.135417	0.135322
385	0.132171	0.132217	0.132159
386	0.129085	0.129057	0.129061
387	0.126071	0.126044	0.126031
388	0.123125	0.123168	0.123064
389	0.120196	0.120274	0.12012
390	0.117301	0.117347	0.117219
391	0.114436	0.114451	0.114352
392	0.111714	0.1117	0.11164
393	0.108993	0.108952	0.10893
394	0.106417	0.106439	0.10633
395	0.10384	0.103927	0.103731
396	0.101376	0.101464	0.101312
397	0.098932	0.099011	0.098924
398	0.096553	0.096566	0.096529
399	0.094204	0.094126	0.094129
400	0.091905	0.091799	0.091809
401	0.089653	0.089577	0.089564
402	0.08741	0.08735	0.087343
403	0.085185	0.085115	0.085167
404	0.08298	0.082912	0.082998
405	0.080865	0.080854	0.08086
406	0.078749	0.078793	0.078721
407	0.076591	0.076631	0.076566
408	0.074433	0.074468	0.074411
409	0.072354	0.072353	0.072294
410	0.070288	0.070245	0.070184
411	0.068219	0.068174	0.068129
412	0.066149	0.06612	0.066098
413	0.064164	0.064148	0.064153
414	0.062256	0.06225	0.062284
415	0.060363	0.060373	0.060438
416	0.058493	0.058533	0.058629
417	0.056623	0.056687	0.056796
418	0.054747	0.054814	0.054868
419	0.052874	0.052945	0.052943
420	0.051077	0.051161	0.05109
421	0.049279	0.049378	0.049238
422	0.047593	0.047706	0.047592
423	0.045922	0.04605	0.045975
424	0.044346	0.044449	0.044404
425	0.042806	0.042868	0.042852
426	0.041175	0.041193	0.041177
427	0.039471	0.03944	0.039405
428	0.037741	0.037702	0.03766
429	0.035971	0.035987	0.035959
430	0.034229	0.034294	0.03427
431	0.032582	0.032674	0.032618
432	0.030951	0.031063	0.030982
433	0.029535	0.02957	0.029547
434	0.028118	0.028078	0.028112
435	0.026567	0.026593	0.02661
436	0.025004	0.02511	0.025101
437	0.023541	0.02365	0.023615
438	0.022111	0.022196	0.022137
439	0.020711	0.020783	0.020706
440	0.019333	0.019397	0.019307
441	0.018022	0.018074	0.018004
442	0.016797	0.016832	0.016823
443	0.015571	0.015604	0.015629
444	0.014346	0.014414	0.014398
445	0.013125	0.013224	0.013177
446	0.011936	0.012035	0.012019
447	0.010746	0.010846	0.01086
448	0.009643	0.00974	0.009785
449	0.008544	0.008637	0.008712
450	0.007506	0.007595	0.007657
451	0.006483	0.006567	0.006606
452	0.005454	0.005522	0.005532
453	0.004424	0.004468	0.004447
454	0.003463	0.003481	0.003474
455	0.002571	0.002561	0.002609
456	0.001661	0.001653	0.001721
457	0.000715	0.00077	0.000789
458	-0.000228	-0.000121	-0.000144
459	-0.001162	-0.001043	-0.001081
460	-0.002094	-0.001964	-0.002015
461	-0.002985	-0.00287	-0.002897
462	-0.003877	-0.003777	-0.00378
463	-0.004771	-0.004651	-0.004679
464	-0.005666	-0.00552	-0.005581
465	-0.006525	-0.006382	-0.006441
466	-0.007371	-0.007241	-0.007285
467	-0.00825	-0.008136	-0.008164
468	-0.009153	-0.009058	-0.009066
469	-0.010059	-0.009963	-0.009974
470	-0.010968	-0.010847	-0.010889
471	-0.011854	-0.011709	-0.011776
472	-0.012681	-0.012512	-0.012588
473	-0.013504	-0.013324	-0.013402
474	-0.014304	-0.014182	-0.014228
475	-0.015105	-0.015041	-0.015055
476	-0.015924	-0.015806	-0.015827
477	-0.016744	-0.01657	-0.016599
478	-0.017527	-0.017348	-0.017375
479	-0.018302	-0.018128	-0.018152
480	-0.019045	-0.018911	-0.018933
481	-0.019774	-0.019696	-0.019716
482	-0.020518	-0.02045	-0.020464
483	-0.021275	-0.021178	-0.021182
484	-0.021943	-0.021833	-0.02184
485	-0.022472	-0.02237	-0.022406
486	-0.023004	-0.022912	-0.022962
487	-0.023546	-0.023465	-0.023486
488	-0.024087	-0.024012	-0.024009
489	-0.024617	-0.024498	-0.02453
490	-0.025148	-0.024985	-0.02505
491	-0.025723	-0.025577	-0.025615
492	-0.026301	-0.026174	-0.026183
493	-0.026879	-0.026768	-0.026781
494	-0.027457	-0.027361	-0.027387
495	-0.027985	-0.027888	-0.027918
496	-0.028487	-0.028381	-0.02841
497	-0.029048	-0.028919	-0.028948
498	-0.029663	-0.029499	-0.029529
499	-0.030243	-0.030059	-0.030087
500	-0.030759	-0.030586	-0.030608
501	-0.031269	-0.031108	-0.031121
502	-0.031756	-0.031611	-0.031611
503	-0.032242	-0.032112	-0.032101
504	-0.032729	-0.032582	-0.032593
505	-0.033217	-0.033052	-0.033085
506	-0.033722	-0.033585	-0.033607
507	-0.034227	-0.034121	-0.03413
508	-0.034711	-0.034584	-0.034601
509	-0.03519	-0.03503	-0.03506
510	-0.035637	-0.03548	-0.035516
511	-0.036069	-0.035931	-0.035972
512	-0.036533	-0.03639	-0.036411
513	-0.037025	-0.036857	-0.036836
514	-0.037456	-0.037291	-0.037245
515	-0.037789	-0.037675	-0.037627
516	-0.038143	-0.038054	-0.038018
517	-0.038563	-0.038419	-0.038437
518	-0.038975	-0.038783	-0.038843
519	-0.039312	-0.039135	-0.039138
520	-0.039648	-0.039487	-0.039434
521	-0.039999	-0.039834	-0.039801
522	-0.04035	-0.04018	-0.04017
523	-0.040665	-0.040494	-0.040512
524	-0.040974	-0.040802	-0.040848
525	-0.041295	-0.041158	-0.041182
526	-0.041621	-0.041535	-0.041515
527	-0.04195	-0.041865	-0.041844
528	-0.04228	-0.04216	-0.04217
529	-0.042599	-0.042462	-0.042485
530	-0.042902	-0.042775	-0.042784
531	-0.043217	-0.043094	-0.043092
532	-0.043561	-0.043428	-0.043419
533	-0.043889	-0.043754	-0.043735
534	-0.044131	-0.044034	-0.043997
535	-0.044378	-0.044315	-0.044262
536	-0.044756	-0.044653	-0.044662
537	-0.045134	-0.044991	-0.045063
538	-0.045531	-0.045372	-0.045414
539	-0.04593	-0.045758	-0.045759
540	-0.046288	-0.046122	-0.046143
541	-0.046632	-0.046479	-0.046538
542	-0.046915	-0.046783	-0.046839
543	-0.047161	-0.047054	-0.047084
544	-0.047472	-0.04735	-0.047365
545	-0.047846	-0.047671	-0.04768
546	-0.048207	-0.048014	-0.048012
547	-0.048547	-0.048394	-0.048374
548	-0.048877	-0.048755	-0.048726
549	-0.04918	-0.049055	-0.049045
550	-0.049478	-0.049353	-0.049357
551	-0.049739	-0.049629	-0.049622
552	-0.05	-0.049905	-0.049886
553	-0.050284	-0.050159	-0.050136
554	-0.050569	-0.050413	-0.050385
555	-0.050822	-0.050668	-0.050664
556	-0.051071	-0.050923	-0.050949
557	-0.051307	-0.05117	-0.051191
558	-0.051538	-0.051413	-0.051417
559	-0.051819	-0.051699	-0.051708
560	-0.052132	-0.052012	-0.05204
561	-0.052425	-0.052297	-0.052333
562	-0.052696	-0.052554	-0.052584
563	-0.052971	-0.052821	-0.052847
564	-0.053253	-0.053107	-0.05313
565	-0.05354	-0.053407	-0.053425
566	-0.053844	-0.053753	-0.053754
567	-0.05415	-0.054092	-0.054082
568	-0.054468	-0.054377	-0.054396
569	-0.054786	-0.054662	-0.05471
570	-0.055078	-0.054967	-0.054988
571	-0.055369	-0.055273	-0.055266
572	-0.055655	-0.055523	-0.055529
573	-0.05594	-0.055764	-0.05579
574	-0.056242	-0.056081	-0.056088
575	-0.056549	-0.056422	-0.056398
576	-0.056819	-0.056694	-0.056688
577	-0.057066	-0.056925	-0.056965
578	-0.057326	-0.057177	-0.057231
579	-0.057597	-0.057449	-0.057486
580	-0.057855	-0.05771	-0.057745
581	-0.058091	-0.057953	-0.058011
582	-0.05834	-0.058207	-0.058273
583	-0.058626	-0.058492	-0.058524
584	-0.058898	-0.058769	-0.058771
585	-0.0591	-0.059008	-0.059002
586	-0.059305	-0.059247	-0.059233
587	-0.059556	-0.059493	-0.059474
588	-0.059808	-0.059739	-0.059714
589	-0.060064	-0.059983	-0.059949
590	-0.060321	-0.060227	-0.060184
591	-0.060602	-0.060499	-0.060458
592	-0.060887	-0.060776	-0.060742
593	-0.061166	-0.061052	-0.061025
594	-0.061441	-0.061328	-0.061307
595	-0.061812	-0.061692	-0.061671
596	-0.06225	-0.062116	-0.062092
597	-0.062681	-0.062541	-0.062519
598	-0.063102	-0.062966	-0.062952
599	-0.063496	-0.063357	-0.063349
600	-0.06384	-0.063691	-0.063685
601	-0.064115	-0.063959	-0.063954
602	-0.064184	-0.064035	-0.06403
603	-0.064247	-0.0641	-0.064097
604	-0.064268	-0.064099	-0.064116
605	-0.064282	-0.064095	-0.06413
606	-0.064125	-0.064015	-0.064017
607	-0.063967	-0.063935	-0.063904
608	-0.063911	-0.063837	-0.063766
609	-0.063862	-0.063738	-0.063625
610	-0.063828	-0.063663	-0.063582
611	-0.063797	-0.063594	-0.06356
612	-0.06379	-0.063597	-0.063559
613	-0.063792	-0.06363	-0.063568
614	-0.063822	-0.063668	-0.063625
615	-0.063871	-0.063709	-0.063714
616	-0.063928	-0.063765	-0.063779
617	-0.063993	-0.063834	-0.063821
618	-0.064086	-0.063934	-0.063915
619	-0.06422	-0.064079	-0.064087
620	-0.064322	-0.064186	-0.064205
621	-0.064346	-0.064207	-0.064196
622	-0.064387	-0.064239	-0.064209
623	-0.064498	-0.064323	-0.064316
624	-0.064598	-0.064404	-0.064415
625	-0.064596	-0.064463	-0.064438
626	-0.064594	-0.064523	-0.064461
627	-0.064729	-0.064654	-0.064594
628	-0.064865	-0.064786	-0.064728
629	-0.064828	-0.064729	-0.064702
630	-0.06477	-0.064649	-0.064658
631	-0.064876	-0.06474	-0.064745
632	-0.065024	-0.064875	-0.064867
633	-0.065143	-0.065033	-0.064982
634	-0.065249	-0.0652	-0.065094
635	-0.065348	-0.065334	-0.065212
636	-0.065442	-0.065446	-0.065335
637	-0.06558	-0.065564	-0.065484
638	-0.065762	-0.065689	-0.065659
639	-0.06588	-0.065758	-0.065767
640	-0.065904	-0.065745	-0.065777
641	-0.06597	-0.065788	-0.065828
642	-0.066131	-0.065956	-0.065971
643	-0.06627	-0.066105	-0.066101
644	-0.066326	-0.066188	-0.066189
645	-0.066399	-0.066285	-0.066291
646	-0.066581	-0.066471	-0.066491
647	-0.06677	-0.066664	-0.066695
648	-0.067144	-0.067054	-0.067032
649	-0.067518	-0.067444	-0.067369
650	-0.068063	-0.067963	-0.067939
651	-0.06862	-0.068489	-0.068523
652	-0.069101	-0.069013	-0.069005
653	-0.069568	-0.069537	-0.06947
654	-0.069826	-0.069757	-0.069693
655	-0.070018	-0.069882	-0.069841
656	-0.070131	-0.070011	-0.069971
657	-0.070205	-0.070141	-0.070092
658	-0.070313	-0.070288	-0.070246
659	-0.070444	-0.070446	-0.070422
660	-0.070599	-0.070576	-0.070574
661	-0.070778	-0.070675	-0.070701
662	-0.070826	-0.070688	-0.070723
663	-0.070689	-0.070579	-0.070597
664	-0.0705	-0.070416	-0.070413
665	-0.070209	-0.07014	-0.070113
666	-0.06997	-0.069896	-0.069862
667	-0.069894	-0.069749	-0.069762
668	-0.069831	-0.069638	-0.069689
669	-0.069829	-0.069709	-0.069752
670	-0.069843	-0.069784	-0.069819
671	-0.070043	-0.069912	-0.069938
672	-0.070243	-0.070039	-0.070057
673	-0.07029	-0.070193	-0.070153
674	-0.070337	-0.070347	-0.070249
675	-0.070611	-0.070589	-0.070466
676	-0.070905	-0.070839	-0.070695
677	-0.071027	-0.070994	-0.070878
678	-0.071117	-0.071131	-0.071053
679	-0.071366	-0.071349	-0.071332
680	-0.071665	-0.071594	-0.071642
681	-0.071964	-0.071871	-0.071914
682	-0.072264	-0.072164	-0.072166
683	-0.072538	-0.072442	-0.072441
684	-0.072795	-0.072711	-0.072729
685	-0.073093	-0.073	-0.073059
686	-0.073425	-0.073306	-0.073426
687	-0.073664	-0.073564	-0.073682
688	-0.073791	-0.073766	-0.073807
689	-0.07402	-0.074022	-0.074019
690	-0.074409	-0.074364	-0.074371
691	-0.074793	-0.074717	-0.07473
692	-0.075165	-0.075095	-0.075105
693	-0.075548	-0.075467	-0.075476
694	-0.075963	-0.075818	-0.075835
695	-0.076363	-0.076181	-0.076198
696	-0.076688	-0.076598	-0.07658
697	-0.077024	-0.077014	-0.076966
698	-0.077454	-0.077428	-0.077374
699	-0.077881	-0.077838	-0.077779
700	-0.078211	-0.078133	-0.078086
701	-0.078541	-0.078428	-0.078392
702	-0.078942	-0.078828	-0.078752
703	-0.079345	-0.079232	-0.079114
704	-0.07974	-0.079636	-0.079571
705	-0.080133	-0.08004	-0.080039
706	-0.080666	-0.080555	-0.080596
707	-0.081228	-0.081092	-0.08117
708	-0.081689	-0.081569	-0.081588
709	-0.08212	-0.082028	-0.081958
710	-0.082655	-0.082499	-0.082454
711	-0.083233	-0.082976	-0.083003
712	-0.083922	-0.08364	-0.083658
713	-0.084674	-0.084409	-0.084372
714	-0.085132	-0.084908	-0.084869
715	-0.085377	-0.08521	-0.085209
716	-0.085834	-0.085791	-0.085778
717	-0.086487	-0.086631	-0.08656
718	-0.087236	-0.087377	-0.087298
719	-0.088099	-0.088014	-0.087985
720	-0.088836	-0.088722	-0.088653
[LOG]
CHECKSUM±Ù