[HEADER]
Format	J&M ASCII Table
Comment	
Date	19/08/2026 10:41:33
Order	Y (evenX)
TechType	UV
NumPoints	411
FirstX	310
LastX	720
XType	nm
YType	Absorbance
ZType	s
NumSubFile	3
Matrix	Z vs X
[LOGIN]
Name=pcbob
[INSTRUMENT]
Name=TIDAS E Base UV/VI
Detector=MMS - ASPEN 97,5 kHz
Diodearray=256 Pixel
Serial#=36584
Calibrated=2011-07-01
Range=183.81-729.88 [nm] (F0)

SWVersion=v3.18.2 (build 0)[LOGIN]
Name=pcbob
[CONFIG]
ChannelName=Channel 1
ChannelType=Normalized
[PARAMETER]
It=350,00
Aver=5
Norm=3
Range=310,0-720,0 nm
Scan=Time
ScanTime=5,00 s
[TRIGGER]
Sweep=0
Scan=0
[DIO]
DigOut=0x0000
DigIn=0x0000
[DATA]
	00:00:00,000	00:00:01,750	00:00:03,500
310	0.722091	0.721689	0.72115
311	0.707299	0.706898	0.706321
312	0.692888	0.692519	0.691907
313	0.678891	0.678526	0.677923
314	0.665468	0.665066	0.664534
315	0.652225	0.651791	0.651324
316	0.639551	0.639097	0.638679
317	0.626916	0.626443	0.626068
318	0.614866	0.614374	0.61396
319	0.602815	0.602304	0.601853
320	0.59097	0.590557	0.590085
321	0.579152	0.578851	0.57836
322	0.567676	0.567352	0.56688
323	0.556341	0.555939	0.555501
324	0.545141	0.544724	0.544277
325	0.53406	0.533682	0.533191
326	0.523128	0.522727	0.522214
327	0.512467	0.51193	0.511435
328	0.501845	0.501204	0.500724
329	0.491402	0.490813	0.490329
330	0.48096	0.480423	0.479934
331	0.470808	0.470358	0.469846
332	0.460656	0.460293	0.459757
333	0.450865	0.450449	0.449938
334	0.441152	0.440652	0.440176
335	0.431588	0.431106	0.430648
336	0.422106	0.421696	0.421245
337	0.412896	0.412512	0.412106
338	0.403989	0.403579	0.40326
339	0.395156	0.394737	0.394453
340	0.386498	0.386113	0.385736
341	0.377902	0.377544	0.377088
342	0.369747	0.369364	0.368932
343	0.361592	0.361185	0.360775
344	0.353603	0.353248	0.352923
345	0.345623	0.345324	0.345087
346	0.338134	0.33781	0.33756
347	0.33079	0.330415	0.330123
348	0.32365	0.323261	0.322916
349	0.316647	0.316268	0.315863
350	0.309765	0.309428	0.309003
351	0.303047	0.302794	0.302403
352	0.29643	0.296234	0.29586
353	0.290113	0.289897	0.289487
354	0.283809	0.283578	0.283136
355	0.277663	0.27746	0.277036
356	0.271516	0.271342	0.270936
357	0.265674	0.26549	0.265132
358	0.259863	0.259665	0.25936
359	0.254153	0.253942	0.253663
360	0.248479	0.248257	0.247994
361	0.242955	0.242718	0.242469
362	0.237549	0.237296	0.237059
363	0.232281	0.232029	0.231826
364	0.227233	0.227009	0.226873
365	0.222229	0.222021	0.221942
366	0.217386	0.217153	0.21709
367	0.21256	0.212305	0.212255
368	0.208085	0.20788	0.207765
369	0.20361	0.203455	0.203276
370	0.199147	0.198978	0.198828
371	0.194687	0.194492	0.194386
372	0.190361	0.190168	0.190059
373	0.186093	0.185912	0.185781
374	0.181867	0.181718	0.181562
375	0.17768	0.177579	0.177397
376	0.173605	0.173519	0.17335
377	0.169728	0.169599	0.169513
378	0.165886	0.165723	0.165697
379	0.162191	0.162026	0.161972
380	0.158495	0.15833	0.158247
381	0.154776	0.154629	0.154537
382	0.151058	0.150929	0.150828
383	0.147522	0.147392	0.147278
384	0.144017	0.143883	0.143755
385	0.140624	0.140489	0.140371
386	0.137282	0.137149	0.137051
387	0.134083	0.133974	0.133852
388	0.131019	0.130955	0.130767
389	0.127948	0.127899	0.12769
390	0.124866	0.124776	0.12463
391	0.121838	0.121711	0.121619
392	0.119057	0.118912	0.118829
393	0.116277	0.116117	0.116041
394	0.113623	0.113522	0.113411
395	0.110969	0.110927	0.11078
396	0.108476	0.108426	0.108262
397	0.106012	0.105941	0.105763
398	0.103568	0.103515	0.103367
399	0.101134	0.101116	0.101019
400	0.09878	0.098747	0.098654
401	0.096502	0.096406	0.096273
402	0.094223	0.094096	0.093937
403	0.091941	0.091844	0.091688
404	0.089682	0.089602	0.089461
405	0.08752	0.087409	0.087333
406	0.085358	0.085216	0.085204
407	0.083205	0.0831	0.083016
408	0.081052	0.080984	0.080828
409	0.078891	0.078831	0.078695
410	0.076729	0.076671	0.07657
411	0.074659	0.074589	0.074514
412	0.072631	0.07254	0.07249
413	0.070669	0.070571	0.070543
414	0.068766	0.068672	0.068664
415	0.066882	0.066804	0.066765
416	0.065029	0.064992	0.06483
417	0.063169	0.063161	0.062914
418	0.061279	0.061256	0.06107
419	0.059394	0.059358	0.059232
420	0.057668	0.057621	0.057529
421	0.055941	0.055885	0.055827
422	0.054343	0.054244	0.0542
423	0.052762	0.052618	0.052583
424	0.051196	0.051079	0.05106
425	0.049636	0.049575	0.049575
426	0.048019	0.047986	0.047965
427	0.046357	0.046328	0.046255
428	0.044683	0.044656	0.044561
429	0.042991	0.042959	0.042892
430	0.041322	0.04128	0.041233
431	0.039729	0.039657	0.039607
432	0.038143	0.038046	0.037991
433	0.036651	0.036579	0.036512
434	0.035159	0.035112	0.035033
435	0.033657	0.033625	0.033549
436	0.032154	0.032135	0.032064
437	0.030639	0.030634	0.03057
438	0.029119	0.029128	0.029073
439	0.027709	0.027714	0.02767
440	0.026373	0.026361	0.026329
441	0.02506	0.025051	0.025011
442	0.023779	0.023797	0.023722
443	0.022529	0.022547	0.022456
444	0.021357	0.02131	0.021251
445	0.02018	0.020079	0.020053
446	0.018971	0.01889	0.018915
447	0.017762	0.017701	0.017776
448	0.016685	0.016635	0.01667
449	0.015612	0.015573	0.015565
450	0.014619	0.014565	0.014553
451	0.013644	0.013569	0.013562
452	0.012669	0.012584	0.012572
453	0.011693	0.011604	0.011583
454	0.010777	0.010701	0.010677
455	0.009918	0.009875	0.009851
456	0.009055	0.009015	0.008996
457	0.008185	0.008089	0.008087
458	0.007303	0.007173	0.007184
459	0.006367	0.006299	0.006303
460	0.005434	0.005424	0.005421
461	0.004557	0.004512	0.004517
462	0.003679	0.003601	0.003612
463	0.002789	0.002731	0.002734
464	0.001896	0.001865	0.001859
465	0.001008	0.000999	0.000987
466	0.000121	0.000131	0.000115
467	-0.000764	-0.000764	-0.000772
468	-0.001648	-0.001679	-0.001669
469	-0.002563	-0.002601	-0.002574
470	-0.003518	-0.003534	-0.003488
471	-0.004448	-0.004465	-0.004399
472	-0.005313	-0.005393	-0.005302
473	-0.006177	-0.006307	-0.0062
474	-0.007029	-0.007124	-0.00707
475	-0.00788	-0.007942	-0.007941
476	-0.008669	-0.008714	-0.008713
477	-0.009456	-0.009486	-0.009483
478	-0.01026	-0.01028	-0.010259
479	-0.011067	-0.011079	-0.011036
480	-0.011792	-0.011803	-0.011757
481	-0.01248	-0.012492	-0.012453
482	-0.013207	-0.013204	-0.013183
483	-0.013968	-0.013937	-0.013942
484	-0.014645	-0.014602	-0.014627
485	-0.015187	-0.015162	-0.015196
486	-0.0157	-0.015693	-0.015734
487	-0.01612	-0.016133	-0.016176
488	-0.016544	-0.016573	-0.016618
489	-0.016995	-0.01701	-0.017057
490	-0.017447	-0.017447	-0.017496
491	-0.018001	-0.017984	-0.018014
492	-0.01856	-0.018526	-0.018537
493	-0.019074	-0.019058	-0.01905
494	-0.019578	-0.019587	-0.019561
495	-0.02009	-0.020139	-0.020094
496	-0.020605	-0.020704	-0.020637
497	-0.021165	-0.021252	-0.021176
498	-0.021767	-0.021785	-0.021709
499	-0.022336	-0.02233	-0.022255
500	-0.022849	-0.022893	-0.022822
501	-0.023368	-0.023451	-0.023384
502	-0.023905	-0.023989	-0.023928
503	-0.024444	-0.024525	-0.024471
504	-0.025005	-0.025035	-0.024994
505	-0.025567	-0.025546	-0.025518
506	-0.026081	-0.02609	-0.026031
507	-0.026593	-0.026637	-0.026545
508	-0.027073	-0.02713	-0.027047
509	-0.027547	-0.027609	-0.027548
510	-0.028059	-0.028111	-0.028062
511	-0.028592	-0.028625	-0.028584
512	-0.029076	-0.029095	-0.029068
513	-0.029514	-0.029526	-0.029518
514	-0.029919	-0.029938	-0.029929
515	-0.03027	-0.03032	-0.03028
516	-0.030628	-0.030703	-0.030634
517	-0.03101	-0.031087	-0.030999
518	-0.031383	-0.031461	-0.031356
519	-0.031686	-0.031745	-0.031652
520	-0.031989	-0.032029	-0.031949
521	-0.032312	-0.032349	-0.032288
522	-0.032636	-0.032669	-0.032629
523	-0.03294	-0.032959	-0.032948
524	-0.03324	-0.033242	-0.033263
525	-0.033562	-0.033564	-0.033552
526	-0.033892	-0.033902	-0.033829
527	-0.034206	-0.034229	-0.034139
528	-0.034506	-0.034548	-0.034474
529	-0.03481	-0.034849	-0.034783
530	-0.035118	-0.035125	-0.035058
531	-0.035424	-0.035409	-0.035338
532	-0.035723	-0.035713	-0.035631
533	-0.03602	-0.036014	-0.03593
534	-0.0363	-0.036302	-0.036263
535	-0.036582	-0.036591	-0.036597
536	-0.036939	-0.036935	-0.03694
537	-0.037296	-0.037279	-0.037283
538	-0.03764	-0.03767	-0.037618
539	-0.037982	-0.038066	-0.037954
540	-0.038352	-0.038412	-0.038295
541	-0.03873	-0.038742	-0.038639
542	-0.039078	-0.039077	-0.038999
543	-0.039409	-0.039414	-0.039369
544	-0.039772	-0.039782	-0.039735
545	-0.040168	-0.04018	-0.040097
546	-0.04052	-0.04055	-0.040427
547	-0.040801	-0.040872	-0.040702
548	-0.041096	-0.041189	-0.041001
549	-0.041439	-0.041494	-0.041372
550	-0.04178	-0.041797	-0.041738
551	-0.042108	-0.042082	-0.042066
552	-0.042436	-0.042368	-0.042394
553	-0.042736	-0.042689	-0.042701
554	-0.043036	-0.043011	-0.043008
555	-0.043283	-0.043267	-0.043236
556	-0.043523	-0.043513	-0.043452
557	-0.043778	-0.043775	-0.0437
558	-0.044038	-0.044043	-0.04396
559	-0.044333	-0.044344	-0.044256
560	-0.044649	-0.044666	-0.044575
561	-0.044953	-0.044967	-0.044892
562	-0.045246	-0.045246	-0.045207
563	-0.045532	-0.045527	-0.045504
564	-0.045803	-0.045814	-0.04577
565	-0.046094	-0.046117	-0.046053
566	-0.046447	-0.046476	-0.046394
567	-0.046798	-0.046833	-0.046737
568	-0.04714	-0.047182	-0.047089
569	-0.047482	-0.047532	-0.047442
570	-0.047787	-0.047823	-0.047719
571	-0.048091	-0.048113	-0.047996
572	-0.048348	-0.048356	-0.048272
573	-0.048597	-0.048591	-0.048547
574	-0.0489	-0.048906	-0.048845
575	-0.04922	-0.049247	-0.04915
576	-0.049486	-0.049509	-0.049429
577	-0.04972	-0.049725	-0.049692
578	-0.049976	-0.049974	-0.049959
579	-0.050254	-0.050255	-0.050231
580	-0.050507	-0.050507	-0.050471
581	-0.050722	-0.050712	-0.050665
582	-0.050948	-0.050931	-0.050878
583	-0.051202	-0.051184	-0.051145
584	-0.051447	-0.051425	-0.051396
585	-0.051642	-0.051607	-0.051569
586	-0.051837	-0.051789	-0.051744
587	-0.05202	-0.052002	-0.051958
588	-0.052204	-0.052215	-0.052173
589	-0.052454	-0.05248	-0.052437
590	-0.052709	-0.05275	-0.052704
591	-0.052992	-0.053021	-0.052975
592	-0.053281	-0.053293	-0.053247
593	-0.053565	-0.053577	-0.053526
594	-0.053847	-0.053867	-0.053809
595	-0.05423	-0.05425	-0.054181
596	-0.054683	-0.054697	-0.054615
597	-0.055129	-0.055136	-0.05505
598	-0.055566	-0.055567	-0.055485
599	-0.055971	-0.055973	-0.055895
600	-0.056317	-0.056336	-0.056263
601	-0.056617	-0.05664	-0.056571
602	-0.056781	-0.056767	-0.056707
603	-0.056924	-0.056879	-0.056826
604	-0.056949	-0.056905	-0.056853
605	-0.056967	-0.056925	-0.056875
606	-0.056837	-0.056785	-0.056746
607	-0.056708	-0.056645	-0.056616
608	-0.056606	-0.056558	-0.056546
609	-0.056506	-0.056475	-0.05648
610	-0.056485	-0.056435	-0.056417
611	-0.05648	-0.056405	-0.056355
612	-0.056489	-0.056397	-0.056343
613	-0.056503	-0.056398	-0.056352
614	-0.05652	-0.056425	-0.056385
615	-0.056538	-0.056468	-0.056434
616	-0.056542	-0.05649	-0.056454
617	-0.056533	-0.05649	-0.056446
618	-0.056577	-0.056555	-0.056492
619	-0.0567	-0.056716	-0.056619
620	-0.056789	-0.056819	-0.056706
621	-0.056795	-0.056785	-0.056698
622	-0.056812	-0.056769	-0.056707
623	-0.05687	-0.056823	-0.056792
624	-0.056922	-0.056878	-0.05687
625	-0.056917	-0.056938	-0.056889
626	-0.056913	-0.056998	-0.056909
627	-0.05698	-0.057022	-0.056955
628	-0.057048	-0.057046	-0.057001
629	-0.057037	-0.057053	-0.057009
630	-0.057017	-0.057059	-0.057012
631	-0.057091	-0.057097	-0.057074
632	-0.057189	-0.057144	-0.057151
633	-0.057264	-0.057222	-0.057254
634	-0.05733	-0.057314	-0.057368
635	-0.05746	-0.05744	-0.057476
636	-0.057633	-0.057587	-0.057579
637	-0.057728	-0.057665	-0.057642
638	-0.057744	-0.057677	-0.057665
639	-0.057778	-0.057705	-0.057703
640	-0.057839	-0.057759	-0.057764
641	-0.057929	-0.057851	-0.057845
642	-0.058081	-0.058026	-0.057975
643	-0.058191	-0.058169	-0.05808
644	-0.058156	-0.058198	-0.058102
645	-0.058153	-0.058247	-0.058147
646	-0.058378	-0.058436	-0.058355
647	-0.058609	-0.058632	-0.058572
648	-0.059033	-0.059045	-0.059023
649	-0.059458	-0.059458	-0.059475
650	-0.060078	-0.060056	-0.060069
651	-0.060709	-0.060665	-0.060671
652	-0.061336	-0.061326	-0.061338
653	-0.061962	-0.061996	-0.062016
654	-0.062286	-0.062335	-0.062347
655	-0.062516	-0.062572	-0.06257
656	-0.062683	-0.062727	-0.062707
657	-0.062819	-0.062842	-0.062804
658	-0.062932	-0.06294	-0.06289
659	-0.063028	-0.063026	-0.062969
660	-0.063081	-0.063085	-0.063028
661	-0.06309	-0.063118	-0.063067
662	-0.06301	-0.063083	-0.063022
663	-0.062806	-0.062952	-0.062856
664	-0.062583	-0.062739	-0.062642
665	-0.062322	-0.062363	-0.062331
666	-0.062107	-0.062061	-0.062071
667	-0.062035	-0.061988	-0.061966
668	-0.061974	-0.061928	-0.061878
669	-0.06197	-0.061939	-0.061874
670	-0.061978	-0.061958	-0.061881
671	-0.062118	-0.062068	-0.062014
672	-0.062257	-0.062177	-0.062147
673	-0.062331	-0.062311	-0.062274
674	-0.062406	-0.062444	-0.062401
675	-0.062708	-0.062674	-0.062661
676	-0.06303	-0.062912	-0.062932
677	-0.063104	-0.063064	-0.063054
678	-0.063131	-0.0632	-0.063147
679	-0.063407	-0.063443	-0.063401
680	-0.06376	-0.06372	-0.063705
681	-0.064035	-0.064037	-0.064016
682	-0.064274	-0.064373	-0.064329
683	-0.064533	-0.064651	-0.064597
684	-0.064805	-0.064893	-0.064834
685	-0.065093	-0.065174	-0.065142
686	-0.065396	-0.06549	-0.065509
687	-0.065699	-0.065766	-0.065786
688	-0.066004	-0.065995	-0.065956
689	-0.066296	-0.066266	-0.066193
690	-0.066565	-0.066604	-0.06654
691	-0.066892	-0.06696	-0.06692
692	-0.067347	-0.067355	-0.067372
693	-0.067743	-0.067702	-0.067753
694	-0.067952	-0.067895	-0.067914
695	-0.068215	-0.068145	-0.068145
696	-0.068746	-0.068674	-0.068721
697	-0.069262	-0.069187	-0.069278
698	-0.069647	-0.069554	-0.069668
699	-0.07003	-0.069918	-0.070053
700	-0.070337	-0.070205	-0.070296
701	-0.070645	-0.070492	-0.070539
702	-0.070968	-0.070868	-0.070861
703	-0.071291	-0.071247	-0.071185
704	-0.071743	-0.071681	-0.071679
705	-0.07221	-0.072121	-0.072192
706	-0.07267	-0.072687	-0.07261
707	-0.07313	-0.073278	-0.07301
708	-0.073578	-0.073677	-0.073417
709	-0.074024	-0.074018	-0.073826
710	-0.074485	-0.074559	-0.074376
711	-0.074954	-0.075184	-0.074985
712	-0.075677	-0.075922	-0.075705
713	-0.076542	-0.076723	-0.076485
714	-0.077141	-0.077187	-0.076905
715	-0.077548	-0.077407	-0.077064
716	-0.07813	-0.077947	-0.077585
717	-0.078875	-0.078784	-0.07844
718	-0.079586	-0.079487	-0.07919
719	-0.080258	-0.080035	-0.079815
720	-0.081047	-0.080761	-0.080533
[LOG]
CHECKSUMJT