[HEADER]
Format	J&M ASCII Table
Comment	
Date	19/08/2026 09:01:11
Order	Y (evenX)
TechType	UV
NumPoints	411
FirstX	310
LastX	720
XType	nm
YType	Absorbance
ZType	s
NumSubFile	3
Matrix	Z vs X
[LOGIN]
Name=pcbob
[INSTRUMENT]
Name=TIDAS E Base UV/VI
Detector=MMS - ASPEN 97,5 kHz
Diodearray=256 Pixel
Serial#=36584
Calibrated=2011-07-01
Range=183.81-729.88 [nm] (F0)

SWVersion=v3.18.2 (build 0)[LOGIN]
Name=pcbob
[CONFIG]
ChannelName=Channel 1
ChannelType=Normalized
[PARAMETER]
It=350,00
Aver=5
Norm=3
Range=310,0-720,0 nm
Scan=Time
ScanTime=5,00 s
[TRIGGER]
Sweep=0
Scan=0
[DIO]
DigOut=0x0000
DigIn=0x0000
[DATA]
	00:00:00,000	00:00:01,750	00:00:03,500
310	0.000032	0.000252	0.000236
311	0.000018	0.000212	0.000218
312	0.000015	0.000181	0.000213
313	0.000007	0.000161	0.000213
314	-0.000009	0.000157	0.00022
315	-0.000021	0.000152	0.000215
316	-0.000019	0.000144	0.000173
317	-0.000016	0.000137	0.000136
318	-0.00001	0.000151	0.000162
319	-0.000003	0.000164	0.000188
320	-0.000046	0.000121	0.000138
321	-0.000097	0.000069	0.000078
322	-0.000142	0.000042	0.000053
323	-0.000185	0.000024	0.000042
324	-0.000226	0.000005	0.00003
325	-0.000264	-0.000015	0.000017
326	-0.000304	-0.000042	-0.00001
327	-0.000346	-0.000084	-0.000063
328	-0.000374	-0.000119	-0.000107
329	-0.000336	-0.000121	-0.00011
330	-0.000297	-0.000123	-0.000112
331	-0.000307	-0.000114	-0.000085
332	-0.000316	-0.000105	-0.000058
333	-0.000334	-0.000116	-0.000047
334	-0.000355	-0.000131	-0.000039
335	-0.000347	-0.000125	-0.000053
336	-0.000323	-0.000109	-0.00008
337	-0.000328	-0.000102	-0.000089
338	-0.000365	-0.000107	-0.000079
339	-0.000411	-0.000134	-0.000097
340	-0.000476	-0.000213	-0.00018
341	-0.00053	-0.000277	-0.00025
342	-0.000508	-0.000236	-0.000218
343	-0.000486	-0.000195	-0.000187
344	-0.00052	-0.00027	-0.00023
345	-0.000557	-0.000351	-0.000276
346	-0.000598	-0.000401	-0.000315
347	-0.000641	-0.000443	-0.000353
348	-0.000637	-0.000428	-0.000359
349	-0.000601	-0.000373	-0.000346
350	-0.000579	-0.000359	-0.000345
351	-0.000575	-0.0004	-0.00036
352	-0.000576	-0.000432	-0.000375
353	-0.000592	-0.000438	-0.000389
354	-0.000611	-0.000446	-0.000402
355	-0.000648	-0.000474	-0.000397
356	-0.000685	-0.000502	-0.000393
357	-0.000747	-0.000547	-0.000443
358	-0.000811	-0.000593	-0.0005
359	-0.000862	-0.000644	-0.000572
360	-0.000908	-0.000696	-0.000649
361	-0.000956	-0.000728	-0.00069
362	-0.001003	-0.000744	-0.000703
363	-0.00104	-0.000765	-0.000735
364	-0.00106	-0.000793	-0.000796
365	-0.001082	-0.000824	-0.000847
366	-0.001114	-0.00087	-0.000857
367	-0.001145	-0.000914	-0.000865
368	-0.001168	-0.00091	-0.000832
369	-0.00119	-0.000906	-0.000799
370	-0.001229	-0.000991	-0.000854
371	-0.00127	-0.001089	-0.000922
372	-0.001279	-0.001099	-0.000959
373	-0.001275	-0.001072	-0.000983
374	-0.001288	-0.001096	-0.001003
375	-0.001316	-0.001165	-0.001019
376	-0.001359	-0.001202	-0.001045
377	-0.001427	-0.001183	-0.00109
378	-0.001472	-0.001171	-0.001133
379	-0.001417	-0.001192	-0.001168
380	-0.001365	-0.001213	-0.001202
381	-0.001437	-0.001272	-0.001194
382	-0.001509	-0.00133	-0.001185
383	-0.001607	-0.001353	-0.001266
384	-0.001709	-0.001369	-0.001362
385	-0.001755	-0.001419	-0.001397
386	-0.001776	-0.001484	-0.001404
387	-0.001818	-0.001547	-0.00145
388	-0.001879	-0.001608	-0.001531
389	-0.001903	-0.001649	-0.001594
390	-0.001858	-0.001654	-0.001623
391	-0.00183	-0.001661	-0.00164
392	-0.001877	-0.001678	-0.001605
393	-0.001923	-0.001694	-0.001572
394	-0.001967	-0.001721	-0.001607
395	-0.00201	-0.001748	-0.001642
396	-0.00204	-0.001828	-0.001695
397	-0.002067	-0.001918	-0.001752
398	-0.002046	-0.001893	-0.001757
399	-0.002002	-0.001814	-0.001739
400	-0.002002	-0.001799	-0.001761
401	-0.002044	-0.001845	-0.001819
402	-0.002086	-0.001897	-0.001872
403	-0.002128	-0.001957	-0.001915
404	-0.002167	-0.002006	-0.00195
405	-0.00219	-0.002008	-0.001947
406	-0.002216	-0.00201	-0.001945
407	-0.002326	-0.002078	-0.001981
408	-0.002437	-0.002146	-0.002018
409	-0.002466	-0.002202	-0.002094
410	-0.002481	-0.002256	-0.002176
411	-0.002533	-0.002294	-0.002255
412	-0.0026	-0.002326	-0.002332
413	-0.002617	-0.002339	-0.002332
414	-0.002587	-0.002335	-0.002262
415	-0.002586	-0.002338	-0.002239
416	-0.002634	-0.002354	-0.0023
417	-0.002676	-0.002375	-0.002348
418	-0.002692	-0.002411	-0.002346
419	-0.002705	-0.002445	-0.002343
420	-0.002642	-0.002415	-0.002321
421	-0.002579	-0.002385	-0.002299
422	-0.002614	-0.002413	-0.002298
423	-0.002662	-0.002449	-0.0023
424	-0.002663	-0.002499	-0.00232
425	-0.002645	-0.002553	-0.002346
426	-0.002649	-0.00254	-0.002363
427	-0.002671	-0.002473	-0.002372
428	-0.002722	-0.002472	-0.002422
429	-0.002817	-0.002574	-0.002537
430	-0.002899	-0.002658	-0.002634
431	-0.002937	-0.002688	-0.002674
432	-0.002974	-0.002716	-0.002714
433	-0.002999	-0.002716	-0.002736
434	-0.003024	-0.002716	-0.002758
435	-0.003106	-0.002798	-0.002813
436	-0.003194	-0.002888	-0.002871
437	-0.003239	-0.002942	-0.002901
438	-0.00327	-0.002983	-0.002922
439	-0.003294	-0.002998	-0.002941
440	-0.003313	-0.002994	-0.002959
441	-0.003352	-0.003006	-0.002987
442	-0.003418	-0.003036	-0.003027
443	-0.003451	-0.003062	-0.003043
444	-0.003398	-0.003077	-0.002999
445	-0.003359	-0.003101	-0.002973
446	-0.003408	-0.003192	-0.003074
447	-0.003458	-0.003284	-0.003174
448	-0.003503	-0.003294	-0.003181
449	-0.003549	-0.003303	-0.003186
450	-0.003521	-0.003288	-0.003206
451	-0.003476	-0.003269	-0.00323
452	-0.003505	-0.003305	-0.003252
453	-0.003572	-0.003371	-0.003273
454	-0.00357	-0.003385	-0.003264
455	-0.0035	-0.003348	-0.003224
456	-0.003464	-0.003332	-0.003207
457	-0.003491	-0.003354	-0.00323
458	-0.003514	-0.003365	-0.003246
459	-0.003515	-0.003329	-0.003231
460	-0.003517	-0.003294	-0.003217
461	-0.003527	-0.003291	-0.003243
462	-0.003536	-0.003289	-0.003268
463	-0.003591	-0.003337	-0.003322
464	-0.003652	-0.003392	-0.003379
465	-0.003696	-0.003437	-0.003457
466	-0.003734	-0.003478	-0.003541
467	-0.003821	-0.003565	-0.003617
468	-0.003943	-0.003685	-0.003688
469	-0.004025	-0.003767	-0.003731
470	-0.004056	-0.003799	-0.00374
471	-0.004091	-0.003831	-0.003757
472	-0.004132	-0.003866	-0.003799
473	-0.004175	-0.003902	-0.003844
474	-0.004224	-0.003953	-0.003914
475	-0.004274	-0.004004	-0.003983
476	-0.004282	-0.004003	-0.003967
477	-0.004289	-0.004002	-0.003949
478	-0.004292	-0.004044	-0.003972
479	-0.004294	-0.004096	-0.004002
480	-0.004266	-0.004065	-0.00396
481	-0.004226	-0.003997	-0.003883
482	-0.004184	-0.00395	-0.003831
483	-0.004141	-0.003922	-0.003801
484	-0.004095	-0.003886	-0.003763
485	-0.004044	-0.003836	-0.003712
486	-0.004005	-0.003804	-0.003684
487	-0.004001	-0.003823	-0.003729
488	-0.004003	-0.003842	-0.003771
489	-0.004064	-0.003857	-0.003785
490	-0.004125	-0.003873	-0.0038
491	-0.004157	-0.003959	-0.003827
492	-0.004186	-0.004049	-0.003855
493	-0.004228	-0.004062	-0.003922
494	-0.004272	-0.004056	-0.003999
495	-0.004258	-0.004051	-0.004034
496	-0.004215	-0.004048	-0.004047
497	-0.004236	-0.004081	-0.004053
498	-0.004316	-0.00415	-0.004053
499	-0.004372	-0.004186	-0.004063
500	-0.004386	-0.004165	-0.004091
501	-0.004409	-0.004154	-0.004119
502	-0.004463	-0.004178	-0.004144
503	-0.004512	-0.004203	-0.00417
504	-0.00451	-0.004244	-0.004206
505	-0.004508	-0.004286	-0.004243
506	-0.004557	-0.004317	-0.00425
507	-0.00461	-0.004348	-0.004256
508	-0.004594	-0.004361	-0.004258
509	-0.004561	-0.004368	-0.004259
510	-0.004567	-0.004357	-0.004279
511	-0.004592	-0.004336	-0.004309
512	-0.004629	-0.004352	-0.004348
513	-0.004675	-0.004402	-0.004396
514	-0.004708	-0.004433	-0.004435
515	-0.004722	-0.004434	-0.004459
516	-0.004736	-0.004445	-0.004473
517	-0.004755	-0.00449	-0.004456
518	-0.004767	-0.004526	-0.004442
519	-0.004729	-0.004486	-0.004438
520	-0.004691	-0.004446	-0.004434
521	-0.004678	-0.004469	-0.004378
522	-0.004667	-0.004494	-0.004319
523	-0.004643	-0.00448	-0.004335
524	-0.004616	-0.004459	-0.004365
525	-0.004621	-0.004438	-0.004363
526	-0.004639	-0.004417	-0.004347
527	-0.004626	-0.004419	-0.004327
528	-0.00459	-0.004439	-0.004303
529	-0.004557	-0.00443	-0.004278
530	-0.00453	-0.004384	-0.004252
531	-0.004511	-0.004357	-0.004237
532	-0.004512	-0.004374	-0.004251
533	-0.004507	-0.004382	-0.004251
534	-0.004476	-0.004334	-0.004178
535	-0.004445	-0.004287	-0.004107
536	-0.004419	-0.004248	-0.004123
537	-0.004393	-0.004209	-0.00414
538	-0.004414	-0.004224	-0.004178
539	-0.00444	-0.004246	-0.004219
540	-0.004489	-0.004312	-0.004279
541	-0.004545	-0.004392	-0.004346
542	-0.00454	-0.004396	-0.004333
543	-0.004499	-0.004356	-0.004274
544	-0.004508	-0.004341	-0.004255
545	-0.004566	-0.00435	-0.004277
546	-0.004596	-0.004352	-0.004294
547	-0.004578	-0.004344	-0.004306
548	-0.004566	-0.004341	-0.004315
549	-0.00457	-0.004358	-0.004314
550	-0.004576	-0.004376	-0.004314
551	-0.004589	-0.004397	-0.00432
552	-0.004602	-0.004418	-0.004326
553	-0.004662	-0.004438	-0.00436
554	-0.004723	-0.004457	-0.004395
555	-0.004725	-0.00444	-0.004409
556	-0.004718	-0.004417	-0.00442
557	-0.004695	-0.0044	-0.004384
558	-0.004667	-0.004384	-0.00433
559	-0.004647	-0.004389	-0.004334
560	-0.004633	-0.004408	-0.004375
561	-0.004647	-0.004432	-0.004402
562	-0.004692	-0.00446	-0.004417
563	-0.004685	-0.004448	-0.004399
564	-0.004589	-0.004362	-0.004321
565	-0.004508	-0.004289	-0.004257
566	-0.004477	-0.004258	-0.004237
567	-0.004442	-0.004223	-0.004211
568	-0.004373	-0.004167	-0.004132
569	-0.004305	-0.00411	-0.004054
570	-0.004253	-0.004085	-0.00402
571	-0.004201	-0.00406	-0.003987
572	-0.004125	-0.00402	-0.003936
573	-0.004045	-0.003978	-0.003882
574	-0.004007	-0.003941	-0.003836
575	-0.003983	-0.003906	-0.003792
576	-0.003925	-0.003842	-0.00373
577	-0.003848	-0.003762	-0.003657
578	-0.003787	-0.003696	-0.003597
579	-0.003743	-0.003644	-0.00355
580	-0.003711	-0.00361	-0.003513
581	-0.003697	-0.003605	-0.003493
582	-0.003696	-0.003607	-0.003494
583	-0.003725	-0.003627	-0.003552
584	-0.003752	-0.003646	-0.003598
585	-0.00376	-0.003669	-0.003587
586	-0.003771	-0.003693	-0.003579
587	-0.003832	-0.003738	-0.003649
588	-0.003894	-0.003784	-0.003718
589	-0.003921	-0.003829	-0.003747
590	-0.003946	-0.003873	-0.003772
591	-0.003974	-0.003883	-0.003789
592	-0.004002	-0.003885	-0.003805
593	-0.004009	-0.003879	-0.003807
594	-0.004007	-0.003869	-0.003805
595	-0.004021	-0.003855	-0.003829
596	-0.004046	-0.003837	-0.003872
597	-0.00407	-0.003841	-0.003904
598	-0.004093	-0.00387	-0.003923
599	-0.004121	-0.003899	-0.003941
600	-0.004157	-0.003929	-0.003958
601	-0.004173	-0.003949	-0.003968
602	-0.004132	-0.003942	-0.00396
603	-0.004106	-0.003949	-0.003963
604	-0.004172	-0.004034	-0.004025
605	-0.004236	-0.004116	-0.004086
606	-0.004276	-0.004121	-0.004113
607	-0.004317	-0.004126	-0.00414
608	-0.004351	-0.004137	-0.004151
609	-0.004385	-0.004147	-0.00416
610	-0.004364	-0.00415	-0.004156
611	-0.00433	-0.004151	-0.00415
612	-0.004345	-0.004178	-0.004154
613	-0.00438	-0.004217	-0.004163
614	-0.0044	-0.004263	-0.004194
615	-0.00441	-0.004314	-0.004239
616	-0.004422	-0.004321	-0.004258
617	-0.004436	-0.004284	-0.004251
618	-0.004453	-0.004275	-0.004249
619	-0.004476	-0.004306	-0.004255
620	-0.004476	-0.00431	-0.004257
621	-0.004427	-0.004249	-0.004252
622	-0.004388	-0.004209	-0.004247
623	-0.004394	-0.004255	-0.004243
624	-0.004397	-0.004295	-0.004237
625	-0.004369	-0.004264	-0.004208
626	-0.00434	-0.004234	-0.004179
627	-0.004375	-0.004293	-0.004231
628	-0.004411	-0.004352	-0.004283
629	-0.004347	-0.004301	-0.004211
630	-0.004271	-0.004237	-0.004125
631	-0.004341	-0.004312	-0.004175
632	-0.004448	-0.004424	-0.004261
633	-0.004465	-0.004445	-0.004287
634	-0.004442	-0.004426	-0.004286
635	-0.004462	-0.004427	-0.004324
636	-0.004513	-0.004443	-0.00439
637	-0.004547	-0.004471	-0.00442
638	-0.004565	-0.004512	-0.004415
639	-0.004537	-0.004511	-0.004397
640	-0.004443	-0.00445	-0.004358
641	-0.004398	-0.00441	-0.004362
642	-0.004465	-0.004414	-0.004457
643	-0.004507	-0.004414	-0.004511
644	-0.004466	-0.004397	-0.004417
645	-0.004434	-0.004381	-0.004333
646	-0.004475	-0.004375	-0.004324
647	-0.004512	-0.00437	-0.004316
648	-0.004478	-0.004392	-0.004321
649	-0.004444	-0.004415	-0.004326
650	-0.004408	-0.004299	-0.004243
651	-0.004371	-0.004174	-0.004154
652	-0.004248	-0.004103	-0.004044
653	-0.004111	-0.004042	-0.00393
654	-0.003962	-0.003918	-0.003807
655	-0.003809	-0.003775	-0.00368
656	-0.003744	-0.003706	-0.003622
657	-0.003721	-0.003673	-0.003596
658	-0.003752	-0.00368	-0.003642
659	-0.00382	-0.003716	-0.003737
660	-0.003942	-0.003811	-0.003859
661	-0.004117	-0.003966	-0.004008
662	-0.004277	-0.004133	-0.004162
663	-0.004413	-0.004319	-0.004322
664	-0.004485	-0.004425	-0.004403
665	-0.004428	-0.004372	-0.004322
666	-0.004401	-0.004334	-0.00426
667	-0.004463	-0.00434	-0.004258
668	-0.004513	-0.004342	-0.004264
669	-0.004506	-0.004323	-0.004311
670	-0.004503	-0.004317	-0.004354
671	-0.004563	-0.00446	-0.004353
672	-0.004623	-0.004602	-0.004351
673	-0.004538	-0.004446	-0.004346
674	-0.004454	-0.00429	-0.004341
675	-0.004532	-0.004435	-0.004432
676	-0.004625	-0.004605	-0.004531
677	-0.004611	-0.004571	-0.004546
678	-0.004576	-0.004498	-0.004546
679	-0.004613	-0.00452	-0.004583
680	-0.004671	-0.00457	-0.00463
681	-0.004664	-0.00456	-0.004639
682	-0.004627	-0.004522	-0.004631
683	-0.004632	-0.004511	-0.0046
684	-0.004665	-0.004517	-0.004556
685	-0.004675	-0.00454	-0.004527
686	-0.004666	-0.004578	-0.004513
687	-0.00461	-0.004563	-0.004474
688	-0.004497	-0.004484	-0.004405
689	-0.004458	-0.004475	-0.004402
690	-0.004538	-0.00458	-0.004506
691	-0.004631	-0.004653	-0.004573
692	-0.00475	-0.004657	-0.004559
693	-0.004815	-0.004652	-0.004539
694	-0.004706	-0.004618	-0.004498
695	-0.004634	-0.004603	-0.004471
696	-0.004737	-0.004682	-0.004511
697	-0.004827	-0.004745	-0.00455
698	-0.004812	-0.004656	-0.004575
699	-0.004792	-0.004568	-0.004598
700	-0.004621	-0.004533	-0.004553
701	-0.004449	-0.004497	-0.004508
702	-0.004449	-0.00442	-0.004436
703	-0.004455	-0.004341	-0.004362
704	-0.004562	-0.004487	-0.004458
705	-0.004681	-0.00466	-0.004574
706	-0.00467	-0.004583	-0.004542
707	-0.004632	-0.004456	-0.00448
708	-0.004599	-0.00446	-0.004447
709	-0.004569	-0.004504	-0.004423
710	-0.004509	-0.004453	-0.004332
711	-0.004437	-0.004363	-0.004214
712	-0.004359	-0.004372	-0.004227
713	-0.004277	-0.004435	-0.004315
714	-0.00419	-0.004465	-0.00425
715	-0.004098	-0.004471	-0.004075
716	-0.004108	-0.004435	-0.004061
717	-0.004213	-0.00436	-0.004197
718	-0.004383	-0.004481	-0.004377
719	-0.00463	-0.004832	-0.004609
720	-0.004668	-0.004882	-0.004617
[LOG]
CHECKSUM%É