[HEADER]
Format	J&M ASCII Table
Comment	
Date	19/08/2026 10:51:09
Order	Y (evenX)
TechType	UV
NumPoints	411
FirstX	310
LastX	720
XType	nm
YType	Absorbance
ZType	s
NumSubFile	3
Matrix	Z vs X
[LOGIN]
Name=pcbob
[INSTRUMENT]
Name=TIDAS E Base UV/VI
Detector=MMS - ASPEN 97,5 kHz
Diodearray=256 Pixel
Serial#=36584
Calibrated=2011-07-01
Range=183.81-729.88 [nm] (F0)

SWVersion=v3.18.2 (build 0)[LOGIN]
Name=pcbob
[CONFIG]
ChannelName=Channel 1
ChannelType=Normalized
[PARAMETER]
It=350,00
Aver=5
Norm=3
Range=310,0-720,0 nm
Scan=Time
ScanTime=5,00 s
[TRIGGER]
Sweep=0
Scan=0
[DIO]
DigOut=0x0000
DigIn=0x0000
[DATA]
	00:00:00,000	00:00:01,750	00:00:03,500
310	0.669108	0.668907	0.66883
311	0.655169	0.654984	0.65484
312	0.641691	0.641542	0.641268
313	0.628563	0.628463	0.628103
314	0.615921	0.615883	0.6155
315	0.603473	0.603469	0.603075
316	0.591631	0.591575	0.591211
317	0.579826	0.579721	0.579384
318	0.568568	0.568449	0.568095
319	0.55731	0.557177	0.556806
320	0.54636	0.546144	0.545853
321	0.53545	0.535142	0.534944
322	0.524788	0.524505	0.524331
323	0.514228	0.514019	0.51384
324	0.503916	0.503746	0.503512
325	0.493822	0.493662	0.493328
326	0.483787	0.483656	0.483273
327	0.47386	0.473793	0.473453
328	0.46401	0.463985	0.463688
329	0.454513	0.454428	0.454174
330	0.445016	0.444871	0.44466
331	0.435751	0.435621	0.435418
332	0.426487	0.426372	0.426176
333	0.417612	0.417476	0.417297
334	0.408821	0.408654	0.408494
335	0.400225	0.400031	0.399902
336	0.391736	0.391514	0.391423
337	0.383331	0.383137	0.383037
338	0.375021	0.374917	0.374753
339	0.366824	0.366786	0.366585
340	0.358894	0.358863	0.358691
341	0.351025	0.351001	0.350861
342	0.343595	0.34357	0.343482
343	0.336164	0.336139	0.336104
344	0.328844	0.328862	0.3288
345	0.321529	0.321593	0.321501
346	0.31466	0.314746	0.31461
347	0.307922	0.308022	0.307838
348	0.301395	0.301465	0.301302
349	0.295008	0.295019	0.294923
350	0.288693	0.288687	0.288609
351	0.282473	0.282512	0.282383
352	0.276337	0.276415	0.276267
353	0.270446	0.270552	0.270477
354	0.264574	0.264699	0.26469
355	0.258912	0.258956	0.258937
356	0.253251	0.253214	0.253185
357	0.247807	0.247802	0.247733
358	0.242386	0.242424	0.242314
359	0.237097	0.237151	0.237015
360	0.231857	0.231916	0.23176
361	0.22678	0.226821	0.226709
362	0.221832	0.221835	0.221817
363	0.216987	0.216962	0.216999
364	0.212306	0.212268	0.212298
365	0.207678	0.207634	0.207646
366	0.203239	0.20322	0.203176
367	0.198811	0.198816	0.198717
368	0.194623	0.19461	0.194508
369	0.190435	0.190404	0.190299
370	0.186272	0.186246	0.186179
371	0.182113	0.182094	0.182071
372	0.17806	0.178079	0.17803
373	0.174051	0.174121	0.174018
374	0.170153	0.170212	0.170089
375	0.166351	0.166347	0.166235
376	0.162599	0.162566	0.162477
377	0.158934	0.158932	0.158888
378	0.155293	0.155322	0.15531
379	0.151752	0.151808	0.151782
380	0.148216	0.148296	0.148258
381	0.144861	0.144904	0.144861
382	0.141506	0.141511	0.141464
383	0.138182	0.138154	0.138119
384	0.134863	0.134802	0.134783
385	0.131674	0.131628	0.131583
386	0.128543	0.128535	0.128446
387	0.125512	0.125519	0.125424
388	0.122573	0.122576	0.122512
389	0.119629	0.119632	0.119602
390	0.116673	0.116686	0.116694
391	0.113767	0.113785	0.113815
392	0.11109	0.111094	0.111063
393	0.108413	0.108403	0.108314
394	0.105758	0.105787	0.10576
395	0.103103	0.103172	0.103205
396	0.10062	0.100674	0.100719
397	0.098168	0.098198	0.098246
398	0.095766	0.095807	0.095837
399	0.093387	0.093456	0.093459
400	0.09109	0.091156	0.091131
401	0.088869	0.088902	0.088851
402	0.086635	0.086667	0.086606
403	0.084375	0.084466	0.084427
404	0.082137	0.082269	0.082248
405	0.079998	0.080086	0.080076
406	0.077858	0.077903	0.077903
407	0.07567	0.075723	0.075715
408	0.073481	0.073542	0.073526
409	0.071366	0.07143	0.071404
410	0.069264	0.06933	0.069294
411	0.067199	0.067238	0.067213
412	0.065152	0.065149	0.065145
413	0.063169	0.063175	0.063149
414	0.061246	0.061303	0.061218
415	0.059324	0.05941	0.059327
416	0.057406	0.057479	0.057505
417	0.0555	0.055555	0.055672
418	0.053645	0.053665	0.053788
419	0.05179	0.051778	0.051905
420	0.049938	0.049987	0.050039
421	0.048085	0.048196	0.048172
422	0.046391	0.046491	0.046484
423	0.044719	0.044798	0.044821
424	0.043118	0.043188	0.043217
425	0.041545	0.041612	0.041636
426	0.039874	0.039931	0.03995
427	0.038125	0.038165	0.038178
428	0.03637	0.036395	0.036418
429	0.034606	0.034619	0.034676
430	0.032864	0.032873	0.032949
431	0.031197	0.031227	0.031272
432	0.029546	0.029596	0.02961
433	0.028084	0.028148	0.028142
434	0.026623	0.0267	0.026674
435	0.025101	0.025143	0.025126
436	0.023574	0.023576	0.02357
437	0.022103	0.022124	0.022105
438	0.02065	0.020708	0.020669
439	0.019221	0.019308	0.019257
440	0.017807	0.01792	0.017861
441	0.016468	0.016574	0.016529
442	0.015226	0.015284	0.015278
443	0.013993	0.014021	0.014032
444	0.012782	0.012829	0.012797
445	0.01157	0.011636	0.011567
446	0.010342	0.010429	0.010373
447	0.009114	0.009222	0.009178
448	0.008011	0.008071	0.008061
449	0.006912	0.006921	0.006946
450	0.005836	0.005864	0.00589
451	0.004766	0.004828	0.004848
452	0.003715	0.00378	0.003783
453	0.002674	0.002726	0.002707
454	0.001686	0.00174	0.001713
455	0.000751	0.000824	0.0008
456	-0.000188	-0.000106	-0.000127
457	-0.001133	-0.00106	-0.001082
458	-0.002066	-0.002007	-0.002025
459	-0.002949	-0.002929	-0.002919
460	-0.003834	-0.00385	-0.003814
461	-0.004766	-0.004739	-0.004737
462	-0.005698	-0.005628	-0.005661
463	-0.006581	-0.006549	-0.006559
464	-0.007458	-0.007474	-0.007453
465	-0.008374	-0.008359	-0.008353
466	-0.009304	-0.009229	-0.009254
467	-0.010226	-0.010117	-0.01017
468	-0.01114	-0.011018	-0.011097
469	-0.012049	-0.011934	-0.012017
470	-0.012949	-0.012869	-0.012928
471	-0.013829	-0.013771	-0.01381
472	-0.014658	-0.014587	-0.014615
473	-0.015493	-0.015407	-0.015417
474	-0.016378	-0.016257	-0.016195
475	-0.017262	-0.017107	-0.016973
476	-0.017985	-0.017894	-0.017806
477	-0.018705	-0.018681	-0.01864
478	-0.019497	-0.019471	-0.01946
479	-0.020304	-0.020262	-0.020277
480	-0.021092	-0.021038	-0.021059
481	-0.021873	-0.021807	-0.021825
482	-0.022634	-0.022563	-0.022587
483	-0.023378	-0.023307	-0.023346
484	-0.024055	-0.023979	-0.024016
485	-0.024626	-0.024538	-0.024546
486	-0.025182	-0.025096	-0.02508
487	-0.025689	-0.02565	-0.025627
488	-0.026203	-0.026203	-0.026176
489	-0.026781	-0.026753	-0.026755
490	-0.027359	-0.027303	-0.027334
491	-0.027897	-0.027872	-0.027884
492	-0.028432	-0.028442	-0.028433
493	-0.029047	-0.029043	-0.02903
494	-0.029681	-0.029653	-0.029639
495	-0.03022	-0.030194	-0.030167
496	-0.030708	-0.0307	-0.030652
497	-0.031249	-0.031235	-0.0312
498	-0.031841	-0.031798	-0.031807
499	-0.032407	-0.03234	-0.032376
500	-0.032931	-0.032847	-0.032882
501	-0.033451	-0.033353	-0.033386
502	-0.033955	-0.033854	-0.033887
503	-0.034459	-0.034358	-0.034389
504	-0.034962	-0.034902	-0.034898
505	-0.035465	-0.035446	-0.035408
506	-0.035994	-0.03598	-0.035971
507	-0.036524	-0.036513	-0.036537
508	-0.036987	-0.03695	-0.036982
509	-0.037435	-0.037363	-0.037398
510	-0.037906	-0.037808	-0.037843
511	-0.03839	-0.038269	-0.038302
512	-0.038866	-0.038734	-0.038766
513	-0.039336	-0.039205	-0.039235
514	-0.039775	-0.039664	-0.039689
515	-0.040165	-0.040106	-0.04012
516	-0.040546	-0.040523	-0.040527
517	-0.040901	-0.040866	-0.040859
518	-0.041257	-0.041211	-0.041192
519	-0.041626	-0.041576	-0.041527
520	-0.041995	-0.04194	-0.041863
521	-0.042354	-0.042251	-0.042252
522	-0.042712	-0.042561	-0.042642
523	-0.043028	-0.042894	-0.042943
524	-0.043336	-0.043233	-0.043227
525	-0.04366	-0.043551	-0.043555
526	-0.043991	-0.04386	-0.043904
527	-0.044327	-0.04418	-0.044231
528	-0.044665	-0.044508	-0.044544
529	-0.044969	-0.044846	-0.044852
530	-0.045225	-0.045196	-0.045156
531	-0.045508	-0.045532	-0.045464
532	-0.045858	-0.045836	-0.045781
533	-0.046206	-0.046137	-0.046098
534	-0.04654	-0.046427	-0.046417
535	-0.046873	-0.046719	-0.046737
536	-0.047179	-0.0471	-0.047102
537	-0.047486	-0.047481	-0.047468
538	-0.047874	-0.047843	-0.047856
539	-0.048271	-0.048203	-0.048246
540	-0.048623	-0.048528	-0.04856
541	-0.048961	-0.048843	-0.048851
542	-0.04925	-0.049149	-0.049145
543	-0.04951	-0.04945	-0.049439
544	-0.049813	-0.049758	-0.049753
545	-0.050158	-0.050073	-0.050086
546	-0.0505	-0.050399	-0.050413
547	-0.050838	-0.050745	-0.050729
548	-0.051169	-0.05108	-0.051049
549	-0.051477	-0.051386	-0.051386
550	-0.051778	-0.05169	-0.051708
551	-0.052029	-0.051978	-0.051916
552	-0.05228	-0.052266	-0.052125
553	-0.052583	-0.052521	-0.052463
554	-0.052888	-0.052776	-0.052803
555	-0.053142	-0.053051	-0.053077
556	-0.053388	-0.053329	-0.053339
557	-0.053651	-0.053574	-0.053603
558	-0.053921	-0.053806	-0.053867
559	-0.054208	-0.054089	-0.054136
560	-0.054505	-0.054405	-0.054406
561	-0.054785	-0.054697	-0.054679
562	-0.055048	-0.054965	-0.054954
563	-0.055315	-0.055243	-0.055223
564	-0.05559	-0.05554	-0.055478
565	-0.055876	-0.055836	-0.055753
566	-0.056197	-0.056128	-0.056091
567	-0.056511	-0.056417	-0.056423
568	-0.05678	-0.056686	-0.056704
569	-0.05705	-0.056955	-0.056984
570	-0.057323	-0.057273	-0.057271
571	-0.057596	-0.05759	-0.057557
572	-0.057887	-0.057844	-0.057827
573	-0.05818	-0.058088	-0.058095
574	-0.058481	-0.058398	-0.058412
575	-0.058784	-0.058729	-0.058745
576	-0.059046	-0.058999	-0.059011
577	-0.059284	-0.059233	-0.059238
578	-0.059527	-0.059481	-0.059467
579	-0.059775	-0.059741	-0.059697
580	-0.060025	-0.059997	-0.059941
581	-0.060279	-0.060249	-0.060208
582	-0.060542	-0.060508	-0.06048
583	-0.060826	-0.060782	-0.06077
584	-0.061102	-0.06105	-0.061054
585	-0.061333	-0.061285	-0.061303
586	-0.061564	-0.061521	-0.061549
587	-0.061814	-0.061762	-0.061744
588	-0.062063	-0.062002	-0.061938
589	-0.06232	-0.062258	-0.062221
590	-0.062578	-0.062514	-0.06251
591	-0.06287	-0.062818	-0.062805
592	-0.063169	-0.063134	-0.063101
593	-0.063448	-0.063416	-0.063382
594	-0.063719	-0.063683	-0.063657
595	-0.064082	-0.064043	-0.064012
596	-0.064508	-0.064466	-0.064423
597	-0.064934	-0.064882	-0.064844
598	-0.06536	-0.065289	-0.065276
599	-0.065743	-0.06566	-0.065663
600	-0.066055	-0.065968	-0.065973
601	-0.066319	-0.066226	-0.066228
602	-0.066446	-0.066343	-0.066324
603	-0.066555	-0.066447	-0.066412
604	-0.066555	-0.066471	-0.066452
605	-0.066552	-0.066489	-0.066486
606	-0.066446	-0.066374	-0.066351
607	-0.066341	-0.066258	-0.066216
608	-0.066211	-0.066157	-0.066098
609	-0.06608	-0.066057	-0.065982
610	-0.066025	-0.066012	-0.065954
611	-0.065986	-0.065979	-0.065945
612	-0.065994	-0.065973	-0.065938
613	-0.066021	-0.065979	-0.06593
614	-0.066086	-0.066	-0.06597
615	-0.066175	-0.06603	-0.066039
616	-0.066243	-0.066108	-0.066117
617	-0.066292	-0.066233	-0.066204
618	-0.066379	-0.066355	-0.066312
619	-0.066524	-0.066473	-0.066451
620	-0.066625	-0.066561	-0.066556
621	-0.06662	-0.066578	-0.066582
622	-0.06663	-0.06661	-0.066617
623	-0.066698	-0.066699	-0.066692
624	-0.066768	-0.066784	-0.066767
625	-0.066856	-0.066815	-0.066843
626	-0.066945	-0.066846	-0.066919
627	-0.067097	-0.067015	-0.067021
628	-0.06725	-0.067184	-0.067123
629	-0.067224	-0.067148	-0.067092
630	-0.067178	-0.067087	-0.067045
631	-0.067254	-0.06717	-0.067122
632	-0.067362	-0.06729	-0.06723
633	-0.067489	-0.067454	-0.067371
634	-0.067624	-0.067637	-0.067526
635	-0.067752	-0.067765	-0.067686
636	-0.067876	-0.067855	-0.067848
637	-0.068011	-0.067967	-0.067986
638	-0.068157	-0.068101	-0.0681
639	-0.068251	-0.068178	-0.06816
640	-0.068267	-0.068173	-0.068142
641	-0.068322	-0.068222	-0.068183
642	-0.068463	-0.068391	-0.068351
643	-0.068593	-0.068551	-0.068511
644	-0.068683	-0.068676	-0.068635
645	-0.068787	-0.068807	-0.068767
646	-0.068984	-0.068977	-0.068943
647	-0.069185	-0.069154	-0.069126
648	-0.069538	-0.069526	-0.069505
649	-0.06989	-0.069898	-0.069884
650	-0.070393	-0.070372	-0.070375
651	-0.070905	-0.070851	-0.070874
652	-0.071346	-0.071278	-0.071294
653	-0.071773	-0.071696	-0.071702
654	-0.071973	-0.071908	-0.071896
655	-0.072101	-0.072057	-0.072024
656	-0.072239	-0.072193	-0.072177
657	-0.072382	-0.072322	-0.072341
658	-0.072546	-0.072458	-0.072501
659	-0.072726	-0.0726	-0.072656
660	-0.072887	-0.072778	-0.072804
661	-0.073028	-0.072994	-0.072945
662	-0.073071	-0.073058	-0.072962
663	-0.072976	-0.072907	-0.072806
664	-0.072827	-0.072722	-0.072638
665	-0.072568	-0.072465	-0.072445
666	-0.072343	-0.072256	-0.072279
667	-0.072218	-0.072191	-0.072195
668	-0.072127	-0.072142	-0.072125
669	-0.072215	-0.07218	-0.072128
670	-0.072305	-0.072222	-0.072146
671	-0.072409	-0.072326	-0.07233
672	-0.072513	-0.07243	-0.072513
673	-0.072582	-0.072516	-0.072606
674	-0.072651	-0.072602	-0.072698
675	-0.072941	-0.072852	-0.072905
676	-0.073249	-0.073116	-0.073123
677	-0.073399	-0.073303	-0.073233
678	-0.073519	-0.073476	-0.073322
679	-0.073728	-0.073697	-0.073608
680	-0.073964	-0.073933	-0.073955
681	-0.074252	-0.074262	-0.074231
682	-0.074562	-0.074634	-0.074474
683	-0.074878	-0.074907	-0.074726
684	-0.075196	-0.075117	-0.074984
685	-0.075495	-0.075371	-0.075314
686	-0.075775	-0.075663	-0.075708
687	-0.075991	-0.075926	-0.075975
688	-0.076128	-0.076154	-0.076093
689	-0.076355	-0.076416	-0.076298
690	-0.076724	-0.076733	-0.076643
691	-0.077107	-0.07706	-0.077014
692	-0.077518	-0.077411	-0.077441
693	-0.07792	-0.077791	-0.077857
694	-0.07829	-0.078261	-0.078241
695	-0.078658	-0.078708	-0.078617
696	-0.079012	-0.079048	-0.078951
697	-0.079376	-0.079395	-0.079297
698	-0.079831	-0.079803	-0.07975
699	-0.080283	-0.080209	-0.080202
700	-0.0806	-0.080571	-0.080593
701	-0.080917	-0.080933	-0.080985
702	-0.081222	-0.081314	-0.081268
703	-0.081526	-0.081696	-0.081547
704	-0.081957	-0.08207	-0.081967
705	-0.082401	-0.082443	-0.082403
706	-0.082937	-0.082937	-0.082923
707	-0.08349	-0.083455	-0.083461
708	-0.083893	-0.083843	-0.083846
709	-0.084249	-0.084192	-0.084183
710	-0.084716	-0.084672	-0.084687
711	-0.085228	-0.085207	-0.08526
712	-0.085867	-0.085914	-0.085913
713	-0.086576	-0.086717	-0.086611
714	-0.087092	-0.087227	-0.087114
715	-0.087469	-0.087524	-0.087476
716	-0.088051	-0.088003	-0.08801
717	-0.088825	-0.08865	-0.088705
718	-0.089482	-0.089374	-0.089383
719	-0.090003	-0.09019	-0.090042
720	-0.090565	-0.090966	-0.090731
[LOG]
CHECKSUMò4