[HEADER]
Format	J&M ASCII Table
Comment	
Date	19/08/2026 10:45:11
Order	Y (evenX)
TechType	UV
NumPoints	411
FirstX	310
LastX	720
XType	nm
YType	Absorbance
ZType	s
NumSubFile	3
Matrix	Z vs X
[LOGIN]
Name=pcbob
[INSTRUMENT]
Name=TIDAS E Base UV/VI
Detector=MMS - ASPEN 97,5 kHz
Diodearray=256 Pixel
Serial#=36584
Calibrated=2011-07-01
Range=183.81-729.88 [nm] (F0)

SWVersion=v3.18.2 (build 0)[LOGIN]
Name=pcbob
[CONFIG]
ChannelName=Channel 1
ChannelType=Normalized
[PARAMETER]
It=350,00
Aver=5
Norm=3
Range=310,0-720,0 nm
Scan=Time
ScanTime=5,00 s
[TRIGGER]
Sweep=0
Scan=0
[DIO]
DigOut=0x0000
DigIn=0x0000
[DATA]
	00:00:00,000	00:00:01,750	00:00:03,500
310	0.728923	0.728689	0.728426
311	0.713799	0.713544	0.713298
312	0.699089	0.698827	0.698548
313	0.684809	0.684539	0.684248
314	0.671124	0.670845	0.670573
315	0.657642	0.657365	0.657092
316	0.644793	0.644557	0.644221
317	0.631985	0.631784	0.631393
318	0.619764	0.619511	0.619206
319	0.607542	0.607238	0.607019
320	0.595719	0.595458	0.595171
321	0.583948	0.58374	0.583367
322	0.572426	0.572199	0.571841
323	0.561008	0.560729	0.56043
324	0.549818	0.549458	0.549222
325	0.538828	0.538363	0.538195
326	0.527921	0.527415	0.527271
327	0.517163	0.516737	0.516535
328	0.506456	0.506098	0.505843
329	0.495982	0.495636	0.495353
330	0.485509	0.485174	0.484863
331	0.475383	0.47504	0.474782
332	0.465257	0.464907	0.464702
333	0.455413	0.455125	0.454893
334	0.445629	0.445418	0.445141
335	0.436099	0.435932	0.435637
336	0.426706	0.426565	0.426268
337	0.417498	0.417326	0.417101
338	0.408493	0.408229	0.408162
339	0.399586	0.399257	0.399292
340	0.390908	0.390581	0.390589
341	0.382278	0.381967	0.381942
342	0.374001	0.373795	0.373705
343	0.365724	0.365622	0.365467
344	0.35771	0.357618	0.357464
345	0.349711	0.349623	0.349473
346	0.342098	0.34199	0.341875
347	0.334599	0.334463	0.334393
348	0.327311	0.327193	0.327139
349	0.320165	0.320095	0.320037
350	0.313167	0.313134	0.313049
351	0.30637	0.306361	0.306214
352	0.29966	0.299656	0.299481
353	0.293209	0.293156	0.293051
354	0.286773	0.286678	0.286636
355	0.280514	0.280457	0.28039
356	0.274255	0.274236	0.274144
357	0.268286	0.268268	0.268185
358	0.262348	0.262326	0.262255
359	0.256529	0.256511	0.256435
360	0.250753	0.250742	0.250654
361	0.245118	0.245119	0.245031
362	0.239594	0.239611	0.239532
363	0.234254	0.234287	0.234199
364	0.229204	0.229255	0.22913
365	0.224179	0.224224	0.224077
366	0.219239	0.2192	0.219079
367	0.214315	0.214196	0.214099
368	0.209736	0.209622	0.209517
369	0.205157	0.205048	0.204935
370	0.200643	0.200518	0.200452
371	0.196138	0.195995	0.195984
372	0.191706	0.191613	0.191594
373	0.187306	0.187291	0.187238
374	0.182999	0.183038	0.182945
375	0.178774	0.178845	0.178706
376	0.174675	0.174757	0.1746
377	0.170797	0.170853	0.170725
378	0.166945	0.166974	0.166874
379	0.163203	0.163202	0.163118
380	0.159461	0.159432	0.159363
381	0.155791	0.155758	0.155671
382	0.152122	0.152083	0.151979
383	0.148545	0.14852	0.148378
384	0.144985	0.144975	0.144793
385	0.141584	0.141559	0.141423
386	0.138257	0.138202	0.138151
387	0.135049	0.13498	0.134957
388	0.131953	0.131883	0.131835
389	0.128852	0.128809	0.128725
390	0.125741	0.125779	0.125638
391	0.122684	0.122771	0.1226
392	0.119873	0.119868	0.119789
393	0.117065	0.116969	0.116979
394	0.114427	0.114363	0.114297
395	0.111789	0.111757	0.111616
396	0.109204	0.109183	0.109112
397	0.106628	0.106615	0.106639
398	0.104167	0.104109	0.104147
399	0.101759	0.101634	0.101646
400	0.099352	0.09922	0.0992
401	0.096945	0.096866	0.096806
402	0.09457	0.094527	0.094451
403	0.092254	0.092216	0.092169
404	0.089953	0.089922	0.089896
405	0.08772	0.087708	0.087663
406	0.085488	0.085493	0.085431
407	0.083309	0.083285	0.083233
408	0.08113	0.081077	0.081036
409	0.078939	0.078922	0.078869
410	0.076745	0.076776	0.076706
411	0.074654	0.074689	0.074601
412	0.072611	0.072629	0.072522
413	0.070612	0.070621	0.070522
414	0.068655	0.068658	0.068593
415	0.066734	0.066738	0.066691
416	0.064878	0.064895	0.064835
417	0.063007	0.063028	0.062969
418	0.061077	0.061066	0.061061
419	0.059152	0.059111	0.059156
420	0.057382	0.057338	0.057339
421	0.055613	0.055565	0.055522
422	0.053929	0.053842	0.053822
423	0.052257	0.052126	0.05214
424	0.050635	0.050553	0.050546
425	0.049034	0.049037	0.048988
426	0.047357	0.047362	0.047303
427	0.045618	0.04556	0.045516
428	0.043871	0.043776	0.043748
429	0.04211	0.042021	0.042012
430	0.040365	0.04029	0.040292
431	0.038666	0.038636	0.038631
432	0.036984	0.036995	0.036982
433	0.035523	0.035517	0.035485
434	0.034062	0.034039	0.033988
435	0.032547	0.032514	0.032448
436	0.031028	0.030984	0.030903
437	0.029527	0.02949	0.029405
438	0.028031	0.028007	0.027922
439	0.026589	0.026583	0.026467
440	0.025184	0.025197	0.025031
441	0.023833	0.023867	0.023687
442	0.022551	0.022608	0.022463
443	0.021285	0.021353	0.021232
444	0.020063	0.02011	0.019987
445	0.01884	0.018869	0.018743
446	0.017618	0.017641	0.017515
447	0.016395	0.016414	0.016287
448	0.015273	0.015268	0.015181
449	0.014154	0.014124	0.014079
450	0.013096	0.013082	0.013054
451	0.012052	0.012062	0.012046
452	0.011024	0.011039	0.011002
453	0.010005	0.010014	0.00994
454	0.009043	0.00903	0.008955
455	0.008138	0.008088	0.008048
456	0.0072	0.007153	0.007122
457	0.006199	0.006228	0.006163
458	0.005218	0.005292	0.005206
459	0.004318	0.004306	0.004258
460	0.003415	0.003323	0.003311
461	0.002463	0.002407	0.002393
462	0.001512	0.00149	0.001476
463	0.000613	0.000611	0.000583
464	-0.000279	-0.000263	-0.000306
465	-0.001142	-0.001136	-0.00122
466	-0.001995	-0.002008	-0.002143
467	-0.002891	-0.002911	-0.003047
468	-0.00382	-0.003837	-0.003939
469	-0.00474	-0.004757	-0.00484
470	-0.00565	-0.005669	-0.005755
471	-0.006551	-0.006579	-0.006663
472	-0.007427	-0.007486	-0.007556
473	-0.008298	-0.008379	-0.008443
474	-0.009142	-0.009177	-0.009293
475	-0.009985	-0.009975	-0.010143
476	-0.010809	-0.010796	-0.010933
477	-0.011633	-0.011616	-0.011723
478	-0.012427	-0.012444	-0.012518
479	-0.013215	-0.013273	-0.013314
480	-0.013996	-0.014052	-0.014079
481	-0.014774	-0.014807	-0.014829
482	-0.01556	-0.015581	-0.015622
483	-0.016351	-0.016369	-0.01645
484	-0.017066	-0.017077	-0.017176
485	-0.017658	-0.01766	-0.017739
486	-0.018223	-0.018215	-0.018277
487	-0.018697	-0.018683	-0.018739
488	-0.019174	-0.019154	-0.019208
489	-0.019669	-0.019657	-0.019748
490	-0.020165	-0.020161	-0.020288
491	-0.020756	-0.020741	-0.020899
492	-0.021352	-0.021324	-0.021513
493	-0.021922	-0.021887	-0.022049
494	-0.022485	-0.022445	-0.022566
495	-0.023019	-0.023013	-0.023081
496	-0.023538	-0.023585	-0.023595
497	-0.024099	-0.024145	-0.024159
498	-0.024699	-0.024693	-0.024769
499	-0.025266	-0.025245	-0.025357
500	-0.025779	-0.025801	-0.025909
501	-0.026295	-0.026342	-0.026448
502	-0.026822	-0.026835	-0.026939
503	-0.027347	-0.027331	-0.027433
504	-0.027861	-0.027859	-0.027956
505	-0.028374	-0.028387	-0.028479
506	-0.028889	-0.02895	-0.029018
507	-0.029403	-0.029515	-0.029558
508	-0.029874	-0.029986	-0.030052
509	-0.030335	-0.030434	-0.030536
510	-0.030824	-0.030871	-0.030998
511	-0.031327	-0.031304	-0.031449
512	-0.031787	-0.031763	-0.031909
513	-0.032206	-0.032247	-0.032377
514	-0.032618	-0.032692	-0.032799
515	-0.033017	-0.033075	-0.033147
516	-0.033407	-0.033449	-0.033503
517	-0.033769	-0.033797	-0.033882
518	-0.034128	-0.034144	-0.034254
519	-0.034446	-0.034496	-0.034574
520	-0.034765	-0.034847	-0.034894
521	-0.035134	-0.035194	-0.035252
522	-0.035504	-0.035541	-0.035611
523	-0.035837	-0.035851	-0.035946
524	-0.036164	-0.036154	-0.036275
525	-0.036506	-0.036488	-0.036625
526	-0.036854	-0.036835	-0.036984
527	-0.037187	-0.037185	-0.037325
528	-0.037508	-0.037536	-0.037653
529	-0.037829	-0.037872	-0.037967
530	-0.038149	-0.038188	-0.038263
531	-0.038467	-0.038496	-0.038575
532	-0.038776	-0.038785	-0.038927
533	-0.039083	-0.03908	-0.039266
534	-0.039376	-0.039412	-0.039535
535	-0.039671	-0.039744	-0.039807
536	-0.040069	-0.040116	-0.040194
537	-0.040466	-0.040488	-0.04058
538	-0.040835	-0.040854	-0.040947
539	-0.041199	-0.04122	-0.04131
540	-0.041583	-0.041572	-0.041688
541	-0.041972	-0.04192	-0.042069
542	-0.042304	-0.042239	-0.042397
543	-0.042602	-0.042542	-0.042693
544	-0.042922	-0.042875	-0.042997
545	-0.043263	-0.043238	-0.04331
546	-0.043587	-0.043573	-0.043631
547	-0.04388	-0.04386	-0.043968
548	-0.044188	-0.044171	-0.044308
549	-0.044541	-0.044558	-0.044659
550	-0.044891	-0.044934	-0.045003
551	-0.045218	-0.045226	-0.045295
552	-0.045545	-0.045518	-0.045587
553	-0.045814	-0.045806	-0.045892
554	-0.046083	-0.046093	-0.046198
555	-0.04634	-0.046327	-0.046456
556	-0.046596	-0.046551	-0.046705
557	-0.046861	-0.046801	-0.04696
558	-0.04713	-0.047059	-0.047216
559	-0.04742	-0.047349	-0.047498
560	-0.047722	-0.047659	-0.047797
561	-0.04801	-0.047976	-0.048094
562	-0.048284	-0.048299	-0.048391
563	-0.04856	-0.048602	-0.048685
564	-0.048841	-0.048869	-0.048974
565	-0.049142	-0.049157	-0.049281
566	-0.049506	-0.049513	-0.049648
567	-0.049865	-0.049867	-0.050006
568	-0.050184	-0.050197	-0.050302
569	-0.050503	-0.050528	-0.050599
570	-0.050807	-0.050829	-0.050907
571	-0.051111	-0.051129	-0.051216
572	-0.051402	-0.051383	-0.051482
573	-0.051692	-0.05163	-0.051743
574	-0.052003	-0.051964	-0.052068
575	-0.052321	-0.052327	-0.052416
576	-0.052609	-0.052624	-0.052704
577	-0.052879	-0.052884	-0.052959
578	-0.05315	-0.053159	-0.053229
579	-0.053423	-0.053448	-0.053515
580	-0.053679	-0.053724	-0.053775
581	-0.053912	-0.053978	-0.053999
582	-0.054158	-0.054233	-0.054237
583	-0.054441	-0.054487	-0.05451
584	-0.05471	-0.05473	-0.054779
585	-0.0549	-0.054919	-0.055019
586	-0.055091	-0.055109	-0.055256
587	-0.055322	-0.055338	-0.05544
588	-0.055552	-0.055568	-0.055624
589	-0.055813	-0.055799	-0.055846
590	-0.056075	-0.056029	-0.05607
591	-0.056339	-0.056315	-0.056348
592	-0.056604	-0.056614	-0.056639
593	-0.056885	-0.056912	-0.056952
594	-0.057174	-0.05721	-0.057274
595	-0.05754	-0.057571	-0.057636
596	-0.057959	-0.057976	-0.058025
597	-0.058386	-0.058414	-0.058442
598	-0.058822	-0.05889	-0.058888
599	-0.059233	-0.059303	-0.059295
600	-0.059598	-0.059609	-0.059634
601	-0.059892	-0.059867	-0.05991
602	-0.05998	-0.059986	-0.06
603	-0.060057	-0.060089	-0.06008
604	-0.060076	-0.060099	-0.060099
605	-0.060088	-0.060103	-0.060112
606	-0.059958	-0.059956	-0.059995
607	-0.059827	-0.059809	-0.059878
608	-0.059736	-0.059677	-0.059763
609	-0.059647	-0.059547	-0.059649
610	-0.059614	-0.059515	-0.059629
611	-0.059593	-0.059505	-0.059631
612	-0.059561	-0.059511	-0.059622
613	-0.059524	-0.059523	-0.059608
614	-0.05955	-0.059566	-0.059644
615	-0.059618	-0.059629	-0.059712
616	-0.059661	-0.059672	-0.059764
617	-0.059681	-0.059696	-0.0598
618	-0.059759	-0.059795	-0.059881
619	-0.059922	-0.060007	-0.060031
620	-0.060043	-0.060142	-0.060138
621	-0.060062	-0.060092	-0.060145
622	-0.060088	-0.060069	-0.06017
623	-0.060143	-0.060151	-0.060265
624	-0.060199	-0.060229	-0.060356
625	-0.060265	-0.060265	-0.060399
626	-0.060331	-0.060301	-0.060442
627	-0.060425	-0.060446	-0.060517
628	-0.060521	-0.060592	-0.060592
629	-0.060502	-0.060534	-0.060583
630	-0.060469	-0.060452	-0.060565
631	-0.060557	-0.060546	-0.060633
632	-0.060676	-0.060686	-0.060725
633	-0.0608	-0.060805	-0.06085
634	-0.060926	-0.060915	-0.060991
635	-0.061059	-0.061037	-0.061143
636	-0.061198	-0.061165	-0.061302
637	-0.061276	-0.061286	-0.061391
638	-0.061295	-0.061399	-0.061408
639	-0.06134	-0.061457	-0.061441
640	-0.061423	-0.061434	-0.061496
641	-0.061528	-0.061475	-0.061591
642	-0.061682	-0.061659	-0.061776
643	-0.061814	-0.061823	-0.061935
644	-0.061868	-0.061916	-0.062003
645	-0.06194	-0.06202	-0.062084
646	-0.062148	-0.062197	-0.062257
647	-0.062363	-0.062381	-0.062436
648	-0.062768	-0.062762	-0.062804
649	-0.063174	-0.063143	-0.063171
650	-0.063763	-0.063764	-0.063802
651	-0.064363	-0.0644	-0.064449
652	-0.064935	-0.064967	-0.065004
653	-0.065502	-0.065523	-0.065542
654	-0.065796	-0.065839	-0.065857
655	-0.066006	-0.066081	-0.066103
656	-0.066171	-0.066222	-0.066255
657	-0.066313	-0.066316	-0.066363
658	-0.066399	-0.066417	-0.066461
659	-0.066445	-0.066522	-0.066553
660	-0.066525	-0.066614	-0.066654
661	-0.066642	-0.066692	-0.066763
662	-0.066635	-0.066651	-0.066738
663	-0.066456	-0.066443	-0.066522
664	-0.066237	-0.066198	-0.066276
665	-0.065941	-0.065878	-0.065967
666	-0.065681	-0.065615	-0.065717
667	-0.065536	-0.065528	-0.065648
668	-0.065426	-0.065466	-0.065597
669	-0.065502	-0.065533	-0.065636
670	-0.065578	-0.065604	-0.065681
671	-0.065661	-0.06572	-0.065783
672	-0.065745	-0.065836	-0.065884
673	-0.065866	-0.065934	-0.066012
674	-0.065987	-0.066032	-0.066139
675	-0.066244	-0.06629	-0.066396
676	-0.066514	-0.066563	-0.066663
677	-0.066653	-0.066678	-0.066795
678	-0.066768	-0.066762	-0.066902
679	-0.066982	-0.066967	-0.067156
680	-0.067227	-0.067209	-0.067458
681	-0.067558	-0.067522	-0.067746
682	-0.06793	-0.067868	-0.068029
683	-0.068243	-0.068205	-0.068312
684	-0.06852	-0.068534	-0.068596
685	-0.06883	-0.068815	-0.068892
686	-0.069171	-0.069052	-0.069201
687	-0.069439	-0.069281	-0.069461
688	-0.069621	-0.069501	-0.069664
689	-0.069877	-0.069774	-0.069916
690	-0.070251	-0.070133	-0.070245
691	-0.070619	-0.070526	-0.0706
692	-0.070977	-0.070995	-0.07101
693	-0.071309	-0.071401	-0.071387
694	-0.071564	-0.071605	-0.071658
695	-0.071863	-0.071864	-0.071961
696	-0.07238	-0.072389	-0.072423
697	-0.072878	-0.072898	-0.072884
698	-0.073202	-0.073254	-0.073342
699	-0.073527	-0.07361	-0.073794
700	-0.073903	-0.073927	-0.074052
701	-0.074279	-0.074245	-0.074309
702	-0.074633	-0.074618	-0.074665
703	-0.074986	-0.074993	-0.075024
704	-0.07541	-0.075482	-0.075467
705	-0.075842	-0.075983	-0.07592
706	-0.076393	-0.076431	-0.076406
707	-0.076968	-0.076867	-0.076898
708	-0.077445	-0.07733	-0.077372
709	-0.077894	-0.077802	-0.07784
710	-0.078395	-0.078261	-0.07834
711	-0.078918	-0.078714	-0.078854
712	-0.079599	-0.079398	-0.07951
713	-0.080369	-0.080212	-0.080245
714	-0.080851	-0.080752	-0.080713
715	-0.081126	-0.081094	-0.080986
716	-0.081703	-0.081662	-0.081598
717	-0.08256	-0.082439	-0.082523
718	-0.083267	-0.083106	-0.083284
719	-0.083798	-0.083645	-0.08385
720	-0.084573	-0.084535	-0.084644
[LOG]
CHECKSUMI