[HEADER]
Format	J&M ASCII Table
Comment	
Date	19/08/2026 10:48:04
Order	Y (evenX)
TechType	UV
NumPoints	411
FirstX	310
LastX	720
XType	nm
YType	Absorbance
ZType	s
NumSubFile	3
Matrix	Z vs X
[LOGIN]
Name=pcbob
[INSTRUMENT]
Name=TIDAS E Base UV/VI
Detector=MMS - ASPEN 97,5 kHz
Diodearray=256 Pixel
Serial#=36584
Calibrated=2011-07-01
Range=183.81-729.88 [nm] (F0)

SWVersion=v3.18.2 (build 0)[LOGIN]
Name=pcbob
[CONFIG]
ChannelName=Channel 1
ChannelType=Normalized
[PARAMETER]
It=350,00
Aver=5
Norm=3
Range=310,0-720,0 nm
Scan=Time
ScanTime=5,00 s
[TRIGGER]
Sweep=0
Scan=0
[DIO]
DigOut=0x0000
DigIn=0x0000
[DATA]
	00:00:00,000	00:00:01,750	00:00:03,500
310	0.664814	0.664536	0.664246
311	0.650925	0.650652	0.650339
312	0.63753	0.637235	0.636907
313	0.624417	0.624085	0.623743
314	0.611692	0.611303	0.61095
315	0.599199	0.59878	0.598412
316	0.587432	0.587066	0.586676
317	0.575692	0.575374	0.574965
318	0.564327	0.563985	0.563619
319	0.552962	0.552596	0.552273
320	0.541884	0.541596	0.541279
321	0.530843	0.530647	0.530329
322	0.52017	0.519963	0.519627
323	0.509648	0.509389	0.509028
324	0.499326	0.499013	0.498693
325	0.489182	0.488811	0.488594
326	0.479131	0.478737	0.478561
327	0.46925	0.468895	0.46865
328	0.459435	0.459109	0.458802
329	0.449929	0.449587	0.449246
330	0.440424	0.440064	0.439691
331	0.431118	0.430842	0.430471
332	0.421812	0.42162	0.421251
333	0.413006	0.412751	0.412395
334	0.404305	0.403957	0.403617
335	0.395721	0.395357	0.395029
336	0.387201	0.38686	0.386543
337	0.378823	0.378492	0.378219
338	0.370605	0.370267	0.370075
339	0.362506	0.362166	0.362017
340	0.354691	0.354355	0.354161
341	0.346923	0.346601	0.346361
342	0.339498	0.33925	0.33896
343	0.332073	0.331898	0.33156
344	0.324923	0.324759	0.324393
345	0.317789	0.317632	0.31724
346	0.311011	0.310862	0.310508
347	0.304337	0.304197	0.303899
348	0.297882	0.297725	0.297455
349	0.291573	0.291384	0.291123
350	0.28536	0.285165	0.284927
351	0.279278	0.279114	0.278917
352	0.273279	0.273122	0.272968
353	0.267526	0.267307	0.267197
354	0.261786	0.261509	0.261441
355	0.256196	0.25591	0.25585
356	0.250607	0.250311	0.250258
357	0.245269	0.245048	0.244914
358	0.239958	0.239821	0.239596
359	0.234794	0.23467	0.234424
360	0.229685	0.229548	0.229307
361	0.224742	0.224586	0.22437
362	0.21993	0.21975	0.219576
363	0.215177	0.214992	0.214841
364	0.210516	0.210356	0.210197
365	0.205926	0.205773	0.205624
366	0.201591	0.201381	0.201305
367	0.197264	0.197002	0.196995
368	0.193113	0.192933	0.192893
369	0.188963	0.188864	0.188792
370	0.184867	0.184782	0.184692
371	0.180779	0.180699	0.180592
372	0.176775	0.17671	0.176611
373	0.172807	0.172762	0.172681
374	0.168962	0.168899	0.168814
375	0.165225	0.165113	0.165001
376	0.161526	0.161388	0.16126
377	0.157895	0.157772	0.157646
378	0.154295	0.154186	0.154052
379	0.150824	0.150727	0.150546
380	0.147355	0.147269	0.147043
381	0.14397	0.143851	0.143679
382	0.140584	0.140432	0.140315
383	0.137264	0.137107	0.137028
384	0.133955	0.133798	0.133754
385	0.130771	0.130642	0.130583
386	0.127644	0.127556	0.12746
387	0.124633	0.124575	0.12447
388	0.121733	0.121692	0.121606
389	0.118828	0.118783	0.118721
390	0.115916	0.115826	0.115798
391	0.113046	0.112928	0.112924
392	0.110369	0.110303	0.110274
393	0.107694	0.107678	0.107626
394	0.10515	0.105141	0.105088
395	0.102605	0.102604	0.102551
396	0.100151	0.100141	0.100072
397	0.097714	0.097691	0.097604
398	0.095351	0.095352	0.095243
399	0.093024	0.093065	0.092933
400	0.090771	0.090793	0.090695
401	0.088587	0.088535	0.088527
402	0.086415	0.086318	0.086368
403	0.084263	0.084177	0.084227
404	0.082117	0.082044	0.082085
405	0.079994	0.079949	0.079936
406	0.077871	0.077855	0.077788
407	0.075766	0.075791	0.075735
408	0.07366	0.073727	0.073681
409	0.071608	0.071659	0.071581
410	0.069564	0.069589	0.069472
411	0.06757	0.067566	0.06745
412	0.065598	0.065563	0.065467
413	0.063637	0.063618	0.063551
414	0.061685	0.061723	0.061698
415	0.059796	0.059855	0.059861
416	0.058015	0.058033	0.058053
417	0.05624	0.056219	0.056243
418	0.054485	0.054436	0.054427
419	0.052729	0.052654	0.052614
420	0.050964	0.050886	0.050872
421	0.049199	0.049118	0.049129
422	0.04756	0.04749	0.047467
423	0.04594	0.045882	0.045817
424	0.044392	0.044332	0.044284
425	0.042872	0.042805	0.042799
426	0.04123	0.041196	0.041201
427	0.039489	0.039522	0.03951
428	0.037767	0.037813	0.037825
429	0.036072	0.036049	0.036147
430	0.034401	0.03434	0.034485
431	0.032806	0.03281	0.032874
432	0.031226	0.031287	0.031277
433	0.029841	0.029843	0.029862
434	0.028457	0.028398	0.028448
435	0.026975	0.026928	0.026986
436	0.025483	0.025456	0.025519
437	0.024052	0.024022	0.024069
438	0.02264	0.0226	0.022624
439	0.021258	0.021227	0.021245
440	0.019897	0.019885	0.019909
441	0.018599	0.018595	0.018629
442	0.017383	0.017372	0.017421
443	0.016185	0.016168	0.016229
444	0.015031	0.015015	0.015082
445	0.013875	0.01386	0.013937
446	0.012705	0.012692	0.012801
447	0.011534	0.011525	0.011665
448	0.010492	0.010463	0.010594
449	0.009454	0.009405	0.009525
450	0.008417	0.008362	0.008499
451	0.007379	0.007322	0.007483
452	0.006357	0.006333	0.006468
453	0.005343	0.005371	0.005454
454	0.004407	0.004433	0.004504
455	0.003548	0.003519	0.003615
456	0.002671	0.002614	0.002714
457	0.001757	0.001724	0.00179
458	0.000849	0.000836	0.000879
459	-0.000036	-0.000041	0.000024
460	-0.000923	-0.000919	-0.000834
461	-0.001821	-0.001797	-0.001751
462	-0.002719	-0.002675	-0.002667
463	-0.00359	-0.003562	-0.00352
464	-0.004459	-0.00445	-0.004364
465	-0.00529	-0.005279	-0.005186
466	-0.006108	-0.006086	-0.005999
467	-0.006956	-0.006938	-0.006842
468	-0.007825	-0.007823	-0.007704
469	-0.008703	-0.008702	-0.008555
470	-0.00959	-0.009572	-0.00939
471	-0.010449	-0.01043	-0.010231
472	-0.011237	-0.011257	-0.011088
473	-0.012028	-0.012073	-0.01193
474	-0.012839	-0.012825	-0.012679
475	-0.01365	-0.013577	-0.013427
476	-0.014449	-0.014378	-0.014269
477	-0.015247	-0.01518	-0.015113
478	-0.016024	-0.015973	-0.015876
479	-0.016797	-0.016764	-0.016624
480	-0.017527	-0.017519	-0.017383
481	-0.018238	-0.018258	-0.018148
482	-0.018984	-0.019012	-0.018914
483	-0.019762	-0.01978	-0.019681
484	-0.020443	-0.020445	-0.020356
485	-0.020974	-0.020949	-0.020886
486	-0.021496	-0.021447	-0.021404
487	-0.021989	-0.02193	-0.021888
488	-0.022484	-0.02242	-0.022377
489	-0.022991	-0.022972	-0.022915
490	-0.023498	-0.023525	-0.023452
491	-0.024061	-0.024076	-0.023961
492	-0.024627	-0.024626	-0.024468
493	-0.025191	-0.025168	-0.02501
494	-0.025754	-0.025707	-0.025561
495	-0.026273	-0.026225	-0.026093
496	-0.026769	-0.02673	-0.026615
497	-0.027299	-0.027287	-0.02717
498	-0.02786	-0.027894	-0.027754
499	-0.0284	-0.028446	-0.028307
500	-0.028903	-0.028906	-0.028809
501	-0.029409	-0.02938	-0.029301
502	-0.02992	-0.029901	-0.029759
503	-0.030431	-0.030418	-0.030222
504	-0.030931	-0.03089	-0.030745
505	-0.031432	-0.031363	-0.031268
506	-0.031941	-0.031858	-0.031734
507	-0.03245	-0.032355	-0.032196
508	-0.032888	-0.032787	-0.032646
509	-0.033309	-0.033203	-0.033092
510	-0.033756	-0.033661	-0.03354
511	-0.034218	-0.034139	-0.033987
512	-0.034663	-0.034587	-0.034435
513	-0.035095	-0.035006	-0.034883
514	-0.035486	-0.035405	-0.035287
515	-0.035813	-0.035773	-0.03562
516	-0.036154	-0.036142	-0.035963
517	-0.036538	-0.036519	-0.036335
518	-0.03692	-0.036894	-0.036706
519	-0.037277	-0.037255	-0.037059
520	-0.037635	-0.037615	-0.037412
521	-0.037982	-0.037971	-0.037785
522	-0.038328	-0.038327	-0.038159
523	-0.038648	-0.038626	-0.038466
524	-0.038961	-0.038914	-0.038758
525	-0.039276	-0.039239	-0.039071
526	-0.039592	-0.03958	-0.039391
527	-0.03993	-0.039904	-0.039744
528	-0.040287	-0.040214	-0.040121
529	-0.040608	-0.04052	-0.040452
530	-0.04088	-0.040822	-0.040722
531	-0.041169	-0.041133	-0.041011
532	-0.041499	-0.041469	-0.041343
533	-0.041823	-0.041796	-0.041664
534	-0.042115	-0.04208	-0.041928
535	-0.04241	-0.042366	-0.042194
536	-0.042785	-0.042726	-0.042582
537	-0.04316	-0.043086	-0.04297
538	-0.043517	-0.04345	-0.043326
539	-0.043871	-0.043815	-0.043678
540	-0.044237	-0.044189	-0.044063
541	-0.044606	-0.044565	-0.044459
542	-0.044918	-0.044901	-0.044776
543	-0.045196	-0.045214	-0.045048
544	-0.045486	-0.04551	-0.045313
545	-0.045788	-0.04579	-0.045573
546	-0.046091	-0.046064	-0.045855
547	-0.046398	-0.046329	-0.046177
548	-0.046712	-0.046626	-0.046503
549	-0.047053	-0.047025	-0.046845
550	-0.047386	-0.047406	-0.047179
551	-0.047668	-0.047645	-0.047461
552	-0.047949	-0.047885	-0.047743
553	-0.048211	-0.048155	-0.047993
554	-0.048472	-0.048426	-0.048242
555	-0.048704	-0.048686	-0.048491
556	-0.04893	-0.048945	-0.04874
557	-0.049188	-0.049181	-0.048988
558	-0.049457	-0.049409	-0.049236
559	-0.049758	-0.049702	-0.049525
560	-0.050078	-0.050035	-0.04984
561	-0.050365	-0.050333	-0.050141
562	-0.050618	-0.050594	-0.050427
563	-0.050891	-0.050869	-0.050709
564	-0.051201	-0.051171	-0.050987
565	-0.051513	-0.051476	-0.051278
566	-0.05183	-0.051786	-0.05161
567	-0.052147	-0.0521	-0.051945
568	-0.052467	-0.052452	-0.0523
569	-0.052788	-0.052803	-0.052654
570	-0.053104	-0.053086	-0.052969
571	-0.053419	-0.053368	-0.053284
572	-0.053697	-0.053651	-0.053554
573	-0.053969	-0.053934	-0.053816
574	-0.054275	-0.054243	-0.054125
575	-0.054593	-0.054562	-0.05445
576	-0.05488	-0.054837	-0.05475
577	-0.05515	-0.055087	-0.055037
578	-0.055418	-0.055351	-0.055313
579	-0.055685	-0.055627	-0.055581
580	-0.055946	-0.055891	-0.055827
581	-0.056198	-0.056134	-0.056041
582	-0.056454	-0.056392	-0.056272
583	-0.056718	-0.056687	-0.056549
584	-0.056969	-0.056965	-0.056814
585	-0.05715	-0.05715	-0.057018
586	-0.057334	-0.057337	-0.057223
587	-0.057582	-0.057554	-0.057427
588	-0.057831	-0.057771	-0.05763
589	-0.058062	-0.058013	-0.05788
590	-0.058292	-0.058257	-0.058133
591	-0.058568	-0.058538	-0.058407
592	-0.058854	-0.058827	-0.058686
593	-0.059147	-0.059102	-0.058988
594	-0.059441	-0.05937	-0.0593
595	-0.059811	-0.059728	-0.059651
596	-0.060232	-0.060148	-0.06003
597	-0.060642	-0.060563	-0.060435
598	-0.061039	-0.060974	-0.060871
599	-0.061423	-0.061358	-0.061255
600	-0.061784	-0.061697	-0.061551
601	-0.062069	-0.061972	-0.061801
602	-0.062135	-0.062062	-0.061915
603	-0.062192	-0.062139	-0.062009
604	-0.062204	-0.062145	-0.061977
605	-0.062211	-0.062147	-0.061944
606	-0.062059	-0.062036	-0.061851
607	-0.061907	-0.061926	-0.061758
608	-0.061789	-0.061781	-0.061617
609	-0.061673	-0.061634	-0.061472
610	-0.061643	-0.061585	-0.061426
611	-0.061632	-0.061558	-0.061402
612	-0.061628	-0.061559	-0.061404
613	-0.061627	-0.061573	-0.061416
614	-0.061687	-0.06164	-0.061469
615	-0.061788	-0.061743	-0.061548
616	-0.061843	-0.061802	-0.061594
617	-0.061855	-0.061819	-0.061608
618	-0.061911	-0.061879	-0.061683
619	-0.062034	-0.062003	-0.061851
620	-0.062124	-0.062095	-0.06197
621	-0.062135	-0.062113	-0.061978
622	-0.062157	-0.062139	-0.061996
623	-0.062223	-0.062197	-0.062058
624	-0.062291	-0.06226	-0.062122
625	-0.062378	-0.062364	-0.06221
626	-0.062465	-0.062469	-0.062298
627	-0.06257	-0.062552	-0.06241
628	-0.062675	-0.062635	-0.062521
629	-0.062638	-0.062601	-0.06247
630	-0.062585	-0.062553	-0.0624
631	-0.062702	-0.06264	-0.062507
632	-0.062863	-0.062762	-0.06266
633	-0.06299	-0.062913	-0.062761
634	-0.063102	-0.063077	-0.062839
635	-0.063213	-0.06321	-0.062953
636	-0.063322	-0.063321	-0.063092
637	-0.063422	-0.063401	-0.063184
638	-0.063513	-0.063451	-0.063228
639	-0.063577	-0.063495	-0.063292
640	-0.063602	-0.063532	-0.063381
641	-0.063665	-0.063619	-0.063499
642	-0.063811	-0.063813	-0.063677
643	-0.063944	-0.063978	-0.06383
644	-0.064032	-0.064033	-0.063891
645	-0.064132	-0.064102	-0.063964
646	-0.064307	-0.06426	-0.064128
647	-0.06449	-0.064426	-0.0643
648	-0.064874	-0.064845	-0.064707
649	-0.065257	-0.065264	-0.065114
650	-0.065852	-0.065838	-0.065681
651	-0.06646	-0.066422	-0.066258
652	-0.066978	-0.066965	-0.066798
653	-0.067479	-0.0675	-0.067332
654	-0.067785	-0.067782	-0.067648
655	-0.068029	-0.067986	-0.067897
656	-0.068181	-0.068124	-0.068049
657	-0.068287	-0.068231	-0.068155
658	-0.068372	-0.068312	-0.068242
659	-0.068442	-0.068375	-0.068317
660	-0.06853	-0.068481	-0.068411
661	-0.068634	-0.068631	-0.068525
662	-0.068622	-0.068635	-0.068512
663	-0.068446	-0.068432	-0.068318
664	-0.068236	-0.068209	-0.068098
665	-0.067959	-0.067947	-0.067821
666	-0.067736	-0.067726	-0.067581
667	-0.067679	-0.067629	-0.067452
668	-0.067632	-0.067555	-0.067352
669	-0.067637	-0.067597	-0.067407
670	-0.06766	-0.067646	-0.067468
671	-0.067889	-0.06777	-0.067603
672	-0.068117	-0.067894	-0.067738
673	-0.068126	-0.06801	-0.067823
674	-0.068134	-0.068125	-0.067908
675	-0.068362	-0.068354	-0.068172
676	-0.06861	-0.068593	-0.06845
677	-0.068764	-0.068705	-0.068559
678	-0.068902	-0.068794	-0.068635
679	-0.069116	-0.069052	-0.068896
680	-0.069354	-0.069363	-0.069215
681	-0.069629	-0.069678	-0.06951
682	-0.06992	-0.069994	-0.069793
683	-0.070241	-0.070277	-0.070075
684	-0.070582	-0.07054	-0.070355
685	-0.070903	-0.070836	-0.07068
686	-0.071207	-0.071162	-0.071046
687	-0.071458	-0.071442	-0.07132
688	-0.071646	-0.07167	-0.071487
689	-0.071867	-0.071914	-0.071707
690	-0.07214	-0.072184	-0.072012
691	-0.072471	-0.072521	-0.072354
692	-0.072931	-0.073002	-0.07278
693	-0.073343	-0.073423	-0.073176
694	-0.073609	-0.073653	-0.073479
695	-0.073918	-0.073928	-0.073818
696	-0.074438	-0.074418	-0.074336
697	-0.074941	-0.074897	-0.074845
698	-0.075283	-0.075287	-0.075274
699	-0.075626	-0.075675	-0.0757
700	-0.076	-0.076021	-0.076025
701	-0.076374	-0.076367	-0.076349
702	-0.076787	-0.076751	-0.076636
703	-0.077201	-0.077137	-0.07692
704	-0.077568	-0.077553	-0.077371
705	-0.07793	-0.077971	-0.077841
706	-0.078455	-0.078516	-0.078341
707	-0.079012	-0.079086	-0.078848
708	-0.079478	-0.079499	-0.079282
709	-0.079916	-0.079865	-0.079694
710	-0.080455	-0.080343	-0.080199
711	-0.081036	-0.080869	-0.080742
712	-0.081689	-0.081559	-0.081381
713	-0.082381	-0.082342	-0.082076
714	-0.082861	-0.082847	-0.082569
715	-0.083189	-0.083149	-0.082917
716	-0.083752	-0.083749	-0.083411
717	-0.084534	-0.084626	-0.084041
718	-0.085277	-0.085427	-0.084727
719	-0.085977	-0.08614	-0.08548
720	-0.086663	-0.086772	-0.086219
[LOG]
CHECKSUMÒû