[HEADER]
Format	J&M ASCII Table
Comment	
Date	19/08/2026 11:03:37
Order	Y (evenX)
TechType	UV
NumPoints	411
FirstX	310
LastX	720
XType	nm
YType	Absorbance
ZType	s
NumSubFile	3
Matrix	Z vs X
[LOGIN]
Name=pcbob
[INSTRUMENT]
Name=TIDAS E Base UV/VI
Detector=MMS - ASPEN 97,5 kHz
Diodearray=256 Pixel
Serial#=36584
Calibrated=2011-07-01
Range=183.81-729.88 [nm] (F0)

SWVersion=v3.18.2 (build 0)[LOGIN]
Name=pcbob
[CONFIG]
ChannelName=Channel 1
ChannelType=Normalized
[PARAMETER]
It=350,00
Aver=5
Norm=3
Range=310,0-720,0 nm
Scan=Time
ScanTime=5,00 s
[TRIGGER]
Sweep=0
Scan=0
[DIO]
DigOut=0x0000
DigIn=0x0000
[DATA]
	00:00:00,000	00:00:01,750	00:00:03,500
310	0.678148	0.678099	0.677877
311	0.663892	0.663848	0.663596
312	0.650122	0.650025	0.649744
313	0.636736	0.636587	0.636308
314	0.623881	0.623685	0.623449
315	0.611225	0.610985	0.610773
316	0.5992	0.59892	0.598675
317	0.5872	0.586888	0.586616
318	0.575585	0.575338	0.575126
319	0.563969	0.563787	0.563637
320	0.552814	0.552617	0.552393
321	0.541719	0.541495	0.541181
322	0.530827	0.530583	0.530286
323	0.520018	0.519757	0.519522
324	0.509405	0.509144	0.508958
325	0.498965	0.498721	0.498571
326	0.488639	0.488403	0.488264
327	0.478519	0.478275	0.478102
328	0.468455	0.468212	0.468008
329	0.458648	0.45845	0.458227
330	0.448842	0.448688	0.448446
331	0.439547	0.43936	0.439125
332	0.430251	0.430031	0.429804
333	0.421123	0.420953	0.420707
334	0.41203	0.411928	0.411658
335	0.403201	0.403092	0.402872
336	0.394515	0.394358	0.39423
337	0.385951	0.385769	0.385649
338	0.377522	0.377343	0.377137
339	0.369168	0.369	0.368761
340	0.36099	0.360855	0.360708
341	0.352875	0.352772	0.352703
342	0.345216	0.345139	0.345044
343	0.337556	0.337506	0.337384
344	0.330113	0.33006	0.32984
345	0.322681	0.322624	0.322302
346	0.315568	0.315531	0.315254
347	0.308549	0.308539	0.308348
348	0.301832	0.301816	0.301691
349	0.295316	0.295275	0.295198
350	0.28889	0.288814	0.288772
351	0.282585	0.282462	0.282435
352	0.276355	0.276211	0.276183
353	0.270351	0.270261	0.270188
354	0.264359	0.264325	0.264208
355	0.258515	0.258547	0.258404
356	0.252671	0.252769	0.2526
357	0.247124	0.247122	0.247013
358	0.241608	0.241489	0.241449
359	0.236177	0.236086	0.236021
360	0.230777	0.230768	0.230644
361	0.225539	0.225566	0.225431
362	0.22043	0.220456	0.220349
363	0.215438	0.215439	0.21535
364	0.210631	0.210566	0.210483
365	0.205871	0.205765	0.205679
366	0.201281	0.201224	0.201108
367	0.196703	0.196692	0.196548
368	0.192374	0.192392	0.192238
369	0.188045	0.188091	0.187927
370	0.183751	0.183813	0.18365
371	0.179462	0.179537	0.179378
372	0.175343	0.175401	0.175268
373	0.171295	0.171324	0.171226
374	0.167305	0.16735	0.167219
375	0.163365	0.163467	0.163244
376	0.159483	0.159609	0.15936
377	0.155703	0.155799	0.155637
378	0.151949	0.15201	0.151924
379	0.148305	0.148311	0.148252
380	0.144661	0.144616	0.144583
381	0.141033	0.141066	0.141013
382	0.137405	0.137516	0.137443
383	0.133914	0.13399	0.133911
384	0.130447	0.130469	0.130385
385	0.127125	0.127119	0.127024
386	0.12387	0.123849	0.123738
387	0.120666	0.120666	0.12057
388	0.117509	0.117565	0.117512
389	0.114385	0.114478	0.114445
390	0.111325	0.11142	0.11136
391	0.108299	0.108389	0.10831
392	0.105428	0.105483	0.105415
393	0.102559	0.10258	0.102522
394	0.09988	0.099889	0.099829
395	0.097202	0.097199	0.097136
396	0.094552	0.094563	0.094537
397	0.091907	0.091938	0.091956
398	0.089362	0.089451	0.089408
399	0.086863	0.087028	0.086874
400	0.084431	0.08463	0.084438
401	0.082063	0.082255	0.082092
402	0.079711	0.079887	0.079744
403	0.077393	0.077535	0.077392
404	0.075069	0.075196	0.075049
405	0.072724	0.072915	0.072745
406	0.07038	0.070632	0.07044
407	0.068068	0.068282	0.068113
408	0.065755	0.065932	0.065785
409	0.063478	0.063638	0.063486
410	0.061208	0.061355	0.061193
411	0.058944	0.059104	0.058953
412	0.056682	0.056869	0.056736
413	0.054533	0.054697	0.054568
414	0.052484	0.052583	0.052443
415	0.050435	0.050527	0.050378
416	0.048387	0.048575	0.048418
417	0.046366	0.046614	0.046458
418	0.044455	0.044617	0.044498
419	0.04254	0.04262	0.042537
420	0.040499	0.040634	0.040566
421	0.038458	0.038647	0.038594
422	0.036733	0.036914	0.036844
423	0.035052	0.035217	0.035125
424	0.03334	0.033527	0.033398
425	0.031616	0.031841	0.031666
426	0.029808	0.030067	0.029884
427	0.027932	0.028224	0.02806
428	0.026087	0.026384	0.026238
429	0.024292	0.02455	0.024418
430	0.022516	0.022744	0.02262
431	0.020799	0.021026	0.020894
432	0.019088	0.01932	0.019176
433	0.017447	0.01777	0.017556
434	0.015807	0.01622	0.015937
435	0.014108	0.014476	0.01427
436	0.012403	0.012714	0.012599
437	0.010805	0.011093	0.010994
438	0.009243	0.009518	0.009411
439	0.007707	0.007978	0.007874
440	0.006187	0.006463	0.006367
441	0.004723	0.004995	0.00492
442	0.003328	0.003588	0.003547
443	0.001956	0.002214	0.002185
444	0.000642	0.000923	0.000847
445	-0.000666	-0.000372	-0.000489
446	-0.001928	-0.001698	-0.001808
447	-0.00319	-0.003024	-0.003127
448	-0.004456	-0.004208	-0.00434
449	-0.005722	-0.005387	-0.00555
450	-0.006855	-0.006547	-0.006709
451	-0.007957	-0.007702	-0.007856
452	-0.009074	-0.00881	-0.008981
453	-0.010198	-0.009895	-0.010094
454	-0.011236	-0.010908	-0.011116
455	-0.01219	-0.01185	-0.012046
456	-0.013142	-0.012807	-0.012981
457	-0.01409	-0.013793	-0.013926
458	-0.015043	-0.014772	-0.014882
459	-0.016022	-0.015722	-0.015883
460	-0.017002	-0.016674	-0.016883
461	-0.018011	-0.01768	-0.017878
462	-0.019021	-0.018686	-0.018872
463	-0.020007	-0.019668	-0.019843
464	-0.020991	-0.020646	-0.020811
465	-0.022016	-0.021667	-0.02183
466	-0.023057	-0.022704	-0.022867
467	-0.024101	-0.023733	-0.023894
468	-0.025146	-0.024756	-0.024914
469	-0.026213	-0.025814	-0.025967
470	-0.027307	-0.026917	-0.027063
471	-0.028376	-0.027996	-0.028133
472	-0.029377	-0.029012	-0.029139
473	-0.030371	-0.030014	-0.030137
474	-0.031308	-0.030917	-0.031082
475	-0.032245	-0.03182	-0.032027
476	-0.033127	-0.032725	-0.032923
477	-0.034008	-0.033629	-0.033817
478	-0.034913	-0.034512	-0.034677
479	-0.035823	-0.035392	-0.035531
480	-0.036646	-0.036221	-0.036359
481	-0.037428	-0.037027	-0.037175
482	-0.038192	-0.037813	-0.037957
483	-0.03894	-0.038582	-0.03871
484	-0.039575	-0.039236	-0.039369
485	-0.04003	-0.039709	-0.03988
486	-0.040516	-0.040193	-0.040394
487	-0.0411	-0.040714	-0.040917
488	-0.041682	-0.041243	-0.041446
489	-0.04225	-0.041842	-0.042032
490	-0.042818	-0.04244	-0.042618
491	-0.043516	-0.043128	-0.043317
492	-0.04422	-0.04382	-0.044022
493	-0.044821	-0.044456	-0.04462
494	-0.045396	-0.045077	-0.045192
495	-0.046016	-0.045685	-0.04581
496	-0.046659	-0.046285	-0.046452
497	-0.047305	-0.046884	-0.047081
498	-0.047954	-0.047481	-0.047697
499	-0.048586	-0.048092	-0.048315
500	-0.04919	-0.048725	-0.048934
501	-0.049785	-0.049348	-0.04954
502	-0.050352	-0.049936	-0.050102
503	-0.050926	-0.050525	-0.050666
504	-0.051569	-0.051127	-0.051253
505	-0.052211	-0.051729	-0.05184
506	-0.052824	-0.052355	-0.052499
507	-0.053436	-0.052983	-0.053162
508	-0.054001	-0.053545	-0.053745
509	-0.054554	-0.054091	-0.054308
510	-0.055101	-0.054633	-0.054833
511	-0.055643	-0.055172	-0.055338
512	-0.056168	-0.055698	-0.055869
513	-0.056677	-0.056211	-0.056424
514	-0.057149	-0.056681	-0.056914
515	-0.057564	-0.057083	-0.0573
516	-0.057978	-0.057489	-0.057687
517	-0.058394	-0.057903	-0.058079
518	-0.058801	-0.058313	-0.058471
519	-0.059145	-0.058688	-0.058854
520	-0.059489	-0.059063	-0.059238
521	-0.059886	-0.059391	-0.05962
522	-0.060284	-0.059718	-0.060003
523	-0.060577	-0.060055	-0.060315
524	-0.06085	-0.060394	-0.060614
525	-0.061158	-0.060741	-0.060938
526	-0.061483	-0.061091	-0.061272
527	-0.061822	-0.061411	-0.061583
528	-0.062173	-0.061708	-0.061877
529	-0.062473	-0.061989	-0.062163
530	-0.062707	-0.062251	-0.062438
531	-0.062969	-0.06252	-0.062716
532	-0.063299	-0.062809	-0.063002
533	-0.063625	-0.063099	-0.063294
534	-0.063925	-0.063395	-0.063613
535	-0.064226	-0.063693	-0.063933
536	-0.0646	-0.064077	-0.064307
537	-0.064973	-0.064461	-0.064681
538	-0.065294	-0.064805	-0.064996
539	-0.065608	-0.065143	-0.065304
540	-0.065952	-0.065485	-0.065669
541	-0.066305	-0.065827	-0.066052
542	-0.066623	-0.066173	-0.066365
543	-0.066922	-0.06652	-0.066637
544	-0.067276	-0.066871	-0.066971
545	-0.067686	-0.067227	-0.067368
546	-0.068045	-0.067576	-0.067749
547	-0.068315	-0.067915	-0.068101
548	-0.068606	-0.068259	-0.068452
549	-0.068961	-0.068619	-0.068799
550	-0.069318	-0.068974	-0.069143
551	-0.069677	-0.069286	-0.069461
552	-0.070037	-0.069599	-0.069779
553	-0.07037	-0.069934	-0.070105
554	-0.070704	-0.070269	-0.070431
555	-0.070969	-0.070539	-0.070715
556	-0.071223	-0.070798	-0.070992
557	-0.071476	-0.071054	-0.071254
558	-0.071729	-0.071309	-0.07151
559	-0.07204	-0.071633	-0.071808
560	-0.07239	-0.072001	-0.072133
561	-0.072711	-0.072305	-0.072446
562	-0.073004	-0.07254	-0.072746
563	-0.073285	-0.072797	-0.073026
564	-0.073545	-0.073092	-0.073272
565	-0.073804	-0.073382	-0.073526
566	-0.074058	-0.073652	-0.073802
567	-0.074306	-0.073917	-0.07407
568	-0.074501	-0.074137	-0.074277
569	-0.074696	-0.074357	-0.074484
570	-0.074878	-0.074553	-0.074696
571	-0.07506	-0.07475	-0.074908
572	-0.075271	-0.074938	-0.075106
573	-0.075487	-0.075126	-0.075302
574	-0.075719	-0.075354	-0.075525
575	-0.075956	-0.075595	-0.075758
576	-0.07615	-0.075783	-0.075942
577	-0.07632	-0.07594	-0.076098
578	-0.076478	-0.076113	-0.07628
579	-0.076625	-0.0763	-0.076488
580	-0.076801	-0.076502	-0.076685
581	-0.077021	-0.076727	-0.076864
582	-0.077257	-0.076967	-0.077072
583	-0.077537	-0.077247	-0.077357
584	-0.077815	-0.077522	-0.077635
585	-0.078078	-0.077775	-0.07788
586	-0.07834	-0.078026	-0.078126
587	-0.078596	-0.078266	-0.078416
588	-0.078851	-0.078505	-0.078705
589	-0.079151	-0.078803	-0.078979
590	-0.079454	-0.079105	-0.079252
591	-0.079764	-0.079393	-0.079531
592	-0.080074	-0.079678	-0.079811
593	-0.08036	-0.079952	-0.080098
594	-0.080635	-0.080221	-0.080388
595	-0.080983	-0.080586	-0.080751
596	-0.081382	-0.08102	-0.081166
597	-0.081804	-0.081465	-0.081594
598	-0.082252	-0.081925	-0.082035
599	-0.082662	-0.082336	-0.082438
600	-0.083009	-0.082664	-0.082777
601	-0.0833	-0.082938	-0.083061
602	-0.083425	-0.083051	-0.083182
603	-0.083536	-0.083151	-0.08329
604	-0.083555	-0.083178	-0.083321
605	-0.083572	-0.083202	-0.083349
606	-0.083502	-0.083157	-0.083286
607	-0.083433	-0.083112	-0.083224
608	-0.083418	-0.083089	-0.083202
609	-0.083407	-0.083067	-0.083183
610	-0.083436	-0.083079	-0.08319
611	-0.083472	-0.083098	-0.083202
612	-0.083535	-0.083154	-0.083247
613	-0.083608	-0.083225	-0.083304
614	-0.083701	-0.083308	-0.083415
615	-0.083807	-0.0834	-0.083559
616	-0.083931	-0.083518	-0.083689
617	-0.084074	-0.083663	-0.083807
618	-0.08425	-0.083837	-0.083968
619	-0.084478	-0.084056	-0.084197
620	-0.084647	-0.084213	-0.084373
621	-0.08468	-0.084222	-0.084426
622	-0.084733	-0.08426	-0.084491
623	-0.084865	-0.084416	-0.084608
624	-0.084991	-0.084565	-0.084721
625	-0.085061	-0.084646	-0.084794
626	-0.085131	-0.084726	-0.084867
627	-0.085256	-0.084866	-0.085019
628	-0.085382	-0.085007	-0.085172
629	-0.08544	-0.085057	-0.085206
630	-0.085491	-0.085097	-0.085225
631	-0.085604	-0.08518	-0.085339
632	-0.085735	-0.085274	-0.085479
633	-0.085839	-0.085396	-0.0856
634	-0.085933	-0.085529	-0.085714
635	-0.08607	-0.085677	-0.085835
636	-0.086236	-0.085835	-0.085962
637	-0.086372	-0.085967	-0.086117
638	-0.086478	-0.086075	-0.086298
639	-0.086572	-0.086182	-0.086433
640	-0.086647	-0.086287	-0.086498
641	-0.086771	-0.086422	-0.086609
642	-0.087002	-0.086623	-0.086818
643	-0.087189	-0.086784	-0.086988
644	-0.087219	-0.086802	-0.087018
645	-0.087268	-0.08684	-0.087063
646	-0.087444	-0.087016	-0.087207
647	-0.087626	-0.087199	-0.087356
648	-0.087951	-0.087556	-0.087673
649	-0.088276	-0.087913	-0.087989
650	-0.088677	-0.088324	-0.088446
651	-0.089082	-0.088739	-0.088912
652	-0.089378	-0.089019	-0.08921
653	-0.089656	-0.089276	-0.089479
654	-0.089726	-0.089396	-0.089555
655	-0.089733	-0.089473	-0.08957
656	-0.089827	-0.089587	-0.089661
657	-0.089964	-0.089718	-0.089789
658	-0.090172	-0.089906	-0.089983
659	-0.090429	-0.090134	-0.090223
660	-0.090699	-0.090402	-0.090509
661	-0.090982	-0.090709	-0.090841
662	-0.091181	-0.090897	-0.091035
663	-0.091264	-0.090916	-0.091032
664	-0.091256	-0.090866	-0.090974
665	-0.091065	-0.090675	-0.090802
666	-0.090902	-0.090523	-0.090643
667	-0.090829	-0.090486	-0.090526
668	-0.090777	-0.090462	-0.090439
669	-0.090838	-0.090499	-0.090508
670	-0.090913	-0.090548	-0.09059
671	-0.091153	-0.090745	-0.090817
672	-0.091392	-0.090941	-0.091044
673	-0.091549	-0.091106	-0.091243
674	-0.091705	-0.091271	-0.091442
675	-0.09195	-0.091543	-0.091725
676	-0.092203	-0.091824	-0.092016
677	-0.092354	-0.092002	-0.092191
678	-0.092486	-0.092159	-0.092344
679	-0.092761	-0.092435	-0.09256
680	-0.093081	-0.092747	-0.092795
681	-0.093367	-0.093029	-0.093085
682	-0.093638	-0.093296	-0.0934
683	-0.093894	-0.093547	-0.093708
684	-0.094142	-0.093786	-0.094011
685	-0.094466	-0.09409	-0.094316
686	-0.094856	-0.094452	-0.094622
687	-0.095142	-0.094722	-0.094885
688	-0.095304	-0.094881	-0.095097
689	-0.095516	-0.095109	-0.095365
690	-0.095807	-0.095446	-0.095722
691	-0.096142	-0.095798	-0.096071
692	-0.096574	-0.096184	-0.096405
693	-0.096986	-0.096573	-0.096738
694	-0.097337	-0.096972	-0.097071
695	-0.097705	-0.09739	-0.097439
696	-0.098152	-0.097899	-0.097983
697	-0.098578	-0.098376	-0.098493
698	-0.098807	-0.098553	-0.098708
699	-0.099042	-0.098735	-0.098927
700	-0.099449	-0.099015	-0.09925
701	-0.099856	-0.099295	-0.099572
702	-0.10014	-0.099638	-0.099933
703	-0.10042	-0.099983	-0.100295
704	-0.100754	-0.100364	-0.100601
705	-0.101095	-0.10075	-0.100899
706	-0.101603	-0.101276	-0.101331
707	-0.102146	-0.10183	-0.101789
708	-0.102453	-0.102129	-0.10214
709	-0.102689	-0.10235	-0.102459
710	-0.103071	-0.10271	-0.102844
711	-0.103514	-0.103128	-0.103257
712	-0.104067	-0.10371	-0.103797
713	-0.104682	-0.104383	-0.104409
714	-0.104956	-0.10474	-0.104777
715	-0.104983	-0.104868	-0.10497
716	-0.105377	-0.105214	-0.105368
717	-0.106112	-0.105763	-0.105956
718	-0.106733	-0.106306	-0.106515
719	-0.107221	-0.106843	-0.107038
720	-0.107728	-0.107392	-0.107569
[LOG]
CHECKSUMWÍ