[HEADER]
Format	J&M ASCII Table
Comment	
Date	19/08/2026 11:10:18
Order	Y (evenX)
TechType	UV
NumPoints	411
FirstX	310
LastX	720
XType	nm
YType	Absorbance
ZType	s
NumSubFile	3
Matrix	Z vs X
[LOGIN]
Name=pcbob
[INSTRUMENT]
Name=TIDAS E Base UV/VI
Detector=MMS - ASPEN 97,5 kHz
Diodearray=256 Pixel
Serial#=36584
Calibrated=2011-07-01
Range=183.81-729.88 [nm] (F0)

SWVersion=v3.18.2 (build 0)[LOGIN]
Name=pcbob
[CONFIG]
ChannelName=Channel 1
ChannelType=Normalized
[PARAMETER]
It=350,00
Aver=5
Norm=3
Range=310,0-720,0 nm
Scan=Time
ScanTime=5,00 s
[TRIGGER]
Sweep=0
Scan=0
[DIO]
DigOut=0x0000
DigIn=0x0000
[DATA]
	00:00:00,000	00:00:01,750	00:00:03,500
310	0.006592	0.006574	0.006549
311	0.006162	0.006151	0.006108
312	0.005756	0.005751	0.005696
313	0.005358	0.005357	0.005309
314	0.004969	0.004971	0.004958
315	0.004586	0.004595	0.004604
316	0.004218	0.004246	0.004237
317	0.003856	0.003899	0.003875
318	0.003585	0.003571	0.003568
319	0.003313	0.003242	0.003261
320	0.002915	0.002862	0.002861
321	0.002501	0.002476	0.002449
322	0.002079	0.002056	0.002031
323	0.001654	0.001621	0.001609
324	0.00123	0.001208	0.001199
325	0.000808	0.000813	0.000798
326	0.000383	0.00041	0.000384
327	-0.000047	-0.000007	-0.000057
328	-0.00046	-0.000414	-0.000483
329	-0.000794	-0.000776	-0.000841
330	-0.001129	-0.001139	-0.001199
331	-0.001409	-0.001421	-0.001457
332	-0.001689	-0.001703	-0.001715
333	-0.00202	-0.002022	-0.002054
334	-0.002363	-0.00235	-0.002409
335	-0.002699	-0.002672	-0.002746
336	-0.003034	-0.00299	-0.003073
337	-0.003362	-0.00331	-0.003388
338	-0.003684	-0.00363	-0.00369
339	-0.00403	-0.003971	-0.004024
340	-0.004436	-0.004361	-0.004431
341	-0.004832	-0.004744	-0.004825
342	-0.00516	-0.00508	-0.005126
343	-0.005488	-0.005416	-0.005426
344	-0.005857	-0.005793	-0.005855
345	-0.006228	-0.006172	-0.00629
346	-0.00656	-0.006532	-0.006593
347	-0.006881	-0.006887	-0.006856
348	-0.007148	-0.007144	-0.007111
349	-0.007378	-0.007336	-0.00736
350	-0.007642	-0.00757	-0.007637
351	-0.007951	-0.007862	-0.007954
352	-0.008239	-0.008134	-0.008242
353	-0.008465	-0.008348	-0.008445
354	-0.008693	-0.008568	-0.008655
355	-0.008949	-0.008853	-0.008947
356	-0.009205	-0.009137	-0.009238
357	-0.009453	-0.009395	-0.009471
358	-0.009701	-0.00965	-0.009698
359	-0.009925	-0.009917	-0.009941
360	-0.010141	-0.010188	-0.01019
361	-0.010434	-0.010473	-0.01048
362	-0.010788	-0.010769	-0.010803
363	-0.011084	-0.011023	-0.011075
364	-0.01129	-0.011209	-0.011267
365	-0.011496	-0.011408	-0.011469
366	-0.011704	-0.011653	-0.011705
367	-0.011909	-0.011894	-0.011936
368	-0.012069	-0.012027	-0.012064
369	-0.01223	-0.01216	-0.012192
370	-0.012439	-0.012361	-0.012419
371	-0.012655	-0.012571	-0.012661
372	-0.012802	-0.012728	-0.012817
373	-0.01292	-0.012863	-0.012936
374	-0.013051	-0.013001	-0.013058
375	-0.013193	-0.013143	-0.013181
376	-0.013351	-0.013298	-0.013336
377	-0.013538	-0.013477	-0.013548
378	-0.013726	-0.013662	-0.013751
379	-0.013917	-0.013874	-0.013922
380	-0.014108	-0.014086	-0.014092
381	-0.014292	-0.014288	-0.014277
382	-0.014475	-0.014489	-0.014462
383	-0.014721	-0.014693	-0.014695
384	-0.014978	-0.014897	-0.014936
385	-0.015208	-0.015121	-0.01516
386	-0.015425	-0.015355	-0.015377
387	-0.015617	-0.015566	-0.015574
388	-0.015785	-0.015756	-0.015752
389	-0.015977	-0.015951	-0.015942
390	-0.016215	-0.016158	-0.016154
391	-0.016419	-0.016336	-0.016337
392	-0.016472	-0.01639	-0.016396
393	-0.016527	-0.016444	-0.016456
394	-0.01667	-0.01661	-0.016615
395	-0.016812	-0.016776	-0.016773
396	-0.016978	-0.016909	-0.016947
397	-0.017147	-0.017036	-0.017124
398	-0.0173	-0.017197	-0.017283
399	-0.017445	-0.017373	-0.017433
400	-0.017559	-0.017508	-0.017565
401	-0.017645	-0.017604	-0.01768
402	-0.017822	-0.01776	-0.017856
403	-0.018168	-0.018028	-0.018147
404	-0.018478	-0.018294	-0.018419
405	-0.018626	-0.018551	-0.018606
406	-0.018778	-0.018807	-0.018795
407	-0.019125	-0.019056	-0.019092
408	-0.019473	-0.019306	-0.019389
409	-0.019709	-0.019599	-0.019669
410	-0.019927	-0.019901	-0.019945
411	-0.020147	-0.020127	-0.020156
412	-0.02037	-0.02032	-0.020339
413	-0.02058	-0.020508	-0.020535
414	-0.020779	-0.020691	-0.020742
415	-0.020964	-0.020864	-0.020939
416	-0.021124	-0.021016	-0.021115
417	-0.021299	-0.021178	-0.021303
418	-0.021533	-0.021374	-0.021535
419	-0.021763	-0.021568	-0.021761
420	-0.021887	-0.021706	-0.021844
421	-0.022011	-0.021844	-0.021927
422	-0.02214	-0.021955	-0.022016
423	-0.02227	-0.022062	-0.022106
424	-0.022416	-0.022209	-0.022241
425	-0.022569	-0.022371	-0.022394
426	-0.022708	-0.022521	-0.022574
427	-0.022836	-0.022662	-0.022776
428	-0.022986	-0.022841	-0.022972
429	-0.02317	-0.023078	-0.02316
430	-0.023371	-0.023298	-0.023356
431	-0.02363	-0.023466	-0.023583
432	-0.023884	-0.023639	-0.023806
433	-0.024085	-0.023871	-0.023977
434	-0.024285	-0.024103	-0.024147
435	-0.024573	-0.024377	-0.024448
436	-0.024869	-0.024655	-0.024762
437	-0.025057	-0.02484	-0.024981
438	-0.02521	-0.024995	-0.025169
439	-0.025424	-0.025206	-0.025361
440	-0.025681	-0.025453	-0.025554
441	-0.025909	-0.025679	-0.025763
442	-0.0261	-0.025879	-0.025992
443	-0.026291	-0.02607	-0.026203
444	-0.026482	-0.02624	-0.026369
445	-0.026674	-0.026415	-0.026534
446	-0.026862	-0.026624	-0.026695
447	-0.027051	-0.026833	-0.026857
448	-0.027165	-0.026978	-0.027025
449	-0.027277	-0.027122	-0.027192
450	-0.027372	-0.027211	-0.027317
451	-0.027464	-0.027287	-0.027433
452	-0.027592	-0.027407	-0.027546
453	-0.027739	-0.02755	-0.027658
454	-0.027832	-0.027632	-0.027744
455	-0.02787	-0.027653	-0.027802
456	-0.027935	-0.02772	-0.027878
457	-0.028052	-0.027877	-0.027987
458	-0.028177	-0.028025	-0.028098
459	-0.028336	-0.028139	-0.028211
460	-0.028494	-0.028255	-0.028326
461	-0.028627	-0.02841	-0.028478
462	-0.028761	-0.028565	-0.02863
463	-0.02895	-0.028756	-0.028865
464	-0.029146	-0.028952	-0.029109
465	-0.0294	-0.029193	-0.029331
466	-0.029673	-0.029449	-0.029546
467	-0.029971	-0.02976	-0.029836
468	-0.030286	-0.030109	-0.03018
469	-0.030591	-0.03042	-0.03051
470	-0.030882	-0.030679	-0.030822
471	-0.031165	-0.030942	-0.031104
472	-0.031425	-0.031213	-0.031314
473	-0.031671	-0.031467	-0.031517
474	-0.03182	-0.031606	-0.031679
475	-0.031968	-0.031745	-0.03184
476	-0.032144	-0.031887	-0.032016
477	-0.03232	-0.03203	-0.032192
478	-0.032489	-0.03218	-0.032346
479	-0.032655	-0.032332	-0.032496
480	-0.032692	-0.032387	-0.032522
481	-0.032669	-0.032397	-0.03249
482	-0.032628	-0.032394	-0.032466
483	-0.032573	-0.032379	-0.03245
484	-0.032504	-0.032336	-0.032414
485	-0.032411	-0.032248	-0.032347
486	-0.032377	-0.032211	-0.032327
487	-0.032525	-0.03233	-0.032456
488	-0.032673	-0.032453	-0.032587
489	-0.032823	-0.032609	-0.032752
490	-0.032974	-0.032764	-0.032917
491	-0.033137	-0.032934	-0.033034
492	-0.033302	-0.033104	-0.033148
493	-0.033467	-0.033279	-0.03334
494	-0.033633	-0.033455	-0.033551
495	-0.033783	-0.033582	-0.03367
496	-0.033925	-0.033682	-0.033743
497	-0.034051	-0.033796	-0.033858
498	-0.034162	-0.033923	-0.034015
499	-0.03429	-0.034056	-0.034155
500	-0.034447	-0.034201	-0.034267
501	-0.034601	-0.034341	-0.034393
502	-0.034746	-0.034462	-0.034568
503	-0.03489	-0.034588	-0.034743
504	-0.035032	-0.034766	-0.034925
505	-0.035173	-0.034943	-0.035107
506	-0.035359	-0.035097	-0.035257
507	-0.035547	-0.03525	-0.035405
508	-0.035643	-0.035364	-0.035485
509	-0.035717	-0.035469	-0.035549
510	-0.035808	-0.035561	-0.035639
511	-0.035909	-0.035647	-0.035742
512	-0.036026	-0.035749	-0.035864
513	-0.036158	-0.035865	-0.036002
514	-0.036263	-0.035962	-0.036116
515	-0.036322	-0.036031	-0.036189
516	-0.036382	-0.036101	-0.036264
517	-0.036446	-0.036176	-0.036343
518	-0.036508	-0.036249	-0.036418
519	-0.036558	-0.036303	-0.036456
520	-0.036608	-0.036358	-0.036493
521	-0.036645	-0.036387	-0.036533
522	-0.036682	-0.036416	-0.036573
523	-0.036688	-0.036423	-0.036567
524	-0.036687	-0.036426	-0.036553
525	-0.036673	-0.036432	-0.036536
526	-0.036653	-0.036439	-0.036518
527	-0.03664	-0.036421	-0.03651
528	-0.036633	-0.036386	-0.036509
529	-0.036601	-0.036343	-0.036504
530	-0.036536	-0.036292	-0.036496
531	-0.036483	-0.036239	-0.036472
532	-0.036455	-0.036184	-0.036407
533	-0.036427	-0.036135	-0.036344
534	-0.036391	-0.036122	-0.036287
535	-0.036359	-0.03611	-0.036232
536	-0.036426	-0.036126	-0.036222
537	-0.036494	-0.036142	-0.036213
538	-0.036477	-0.036193	-0.036276
539	-0.03645	-0.036248	-0.036347
540	-0.036473	-0.036271	-0.036392
541	-0.036512	-0.036284	-0.036427
542	-0.036549	-0.036311	-0.03645
543	-0.036584	-0.036347	-0.036465
544	-0.036652	-0.036384	-0.036497
545	-0.03675	-0.036423	-0.036545
546	-0.03681	-0.036461	-0.036597
547	-0.036803	-0.0365	-0.036656
548	-0.036802	-0.036532	-0.036702
549	-0.036822	-0.036544	-0.036711
550	-0.036849	-0.036565	-0.036728
551	-0.036926	-0.036653	-0.036807
552	-0.037003	-0.036741	-0.036886
553	-0.037059	-0.036812	-0.03697
554	-0.037115	-0.036883	-0.037054
555	-0.037118	-0.036868	-0.037042
556	-0.037113	-0.036839	-0.037014
557	-0.037115	-0.036826	-0.036994
558	-0.037119	-0.036818	-0.036976
559	-0.037155	-0.036851	-0.037001
560	-0.037213	-0.03691	-0.037054
561	-0.037232	-0.03695	-0.037085
562	-0.037211	-0.03697	-0.037093
563	-0.037159	-0.036936	-0.037049
564	-0.037055	-0.036806	-0.036915
565	-0.036942	-0.036672	-0.036779
566	-0.036804	-0.036526	-0.036636
567	-0.036654	-0.036372	-0.036486
568	-0.036412	-0.036153	-0.036273
569	-0.036171	-0.035933	-0.036061
570	-0.035998	-0.035776	-0.035923
571	-0.035826	-0.035619	-0.035787
572	-0.035633	-0.035388	-0.035552
573	-0.035436	-0.035147	-0.035304
574	-0.035274	-0.035011	-0.035126
575	-0.035122	-0.03491	-0.034973
576	-0.034937	-0.034743	-0.034801
577	-0.034732	-0.034538	-0.034619
578	-0.034571	-0.034379	-0.034473
579	-0.034453	-0.034265	-0.034363
580	-0.034359	-0.03418	-0.034277
581	-0.034302	-0.03414	-0.034228
582	-0.034277	-0.034124	-0.034207
583	-0.034333	-0.034171	-0.034262
584	-0.034389	-0.03422	-0.034315
585	-0.034441	-0.034279	-0.034358
586	-0.034495	-0.034339	-0.034404
587	-0.034608	-0.034443	-0.03451
588	-0.034721	-0.034547	-0.034617
589	-0.03483	-0.034638	-0.034751
590	-0.034939	-0.034728	-0.034888
591	-0.035046	-0.034809	-0.034979
592	-0.035152	-0.034889	-0.035061
593	-0.03515	-0.034896	-0.035061
594	-0.035102	-0.034873	-0.035028
595	-0.035139	-0.034921	-0.035051
596	-0.035236	-0.035018	-0.035114
597	-0.035314	-0.035099	-0.035187
598	-0.035372	-0.035162	-0.035269
599	-0.035424	-0.035213	-0.035334
600	-0.035465	-0.035244	-0.035368
601	-0.035499	-0.035276	-0.035396
602	-0.035507	-0.035309	-0.035404
603	-0.035535	-0.035356	-0.035429
604	-0.035685	-0.03548	-0.035558
605	-0.035833	-0.035604	-0.035688
606	-0.035903	-0.03572	-0.035827
607	-0.035973	-0.035837	-0.035965
608	-0.036083	-0.035907	-0.036017
609	-0.036197	-0.035974	-0.036062
610	-0.036277	-0.036043	-0.03614
611	-0.03635	-0.036113	-0.036226
612	-0.03644	-0.036212	-0.036333
613	-0.036537	-0.036324	-0.03645
614	-0.036614	-0.036398	-0.036512
615	-0.036679	-0.036447	-0.036538
616	-0.036754	-0.036512	-0.036596
617	-0.036838	-0.036592	-0.036684
618	-0.036933	-0.03669	-0.036786
619	-0.037044	-0.036818	-0.03691
620	-0.037116	-0.036899	-0.037006
621	-0.037096	-0.03687	-0.037037
622	-0.037089	-0.036854	-0.037061
623	-0.037135	-0.036891	-0.037059
624	-0.037173	-0.036925	-0.037057
625	-0.037142	-0.036925	-0.037046
626	-0.03711	-0.036925	-0.037035
627	-0.037246	-0.037064	-0.037189
628	-0.037383	-0.037205	-0.037345
629	-0.037393	-0.037195	-0.037303
630	-0.037388	-0.037168	-0.037238
631	-0.037434	-0.037213	-0.037306
632	-0.037493	-0.037277	-0.037407
633	-0.037529	-0.037278	-0.037452
634	-0.037555	-0.037251	-0.037473
635	-0.037612	-0.037311	-0.037521
636	-0.037689	-0.037428	-0.037587
637	-0.037746	-0.037499	-0.037633
638	-0.037781	-0.037525	-0.037659
639	-0.037766	-0.037513	-0.037636
640	-0.037676	-0.037446	-0.037543
641	-0.037643	-0.03741	-0.037492
642	-0.037732	-0.037447	-0.037534
643	-0.037772	-0.037458	-0.03755
644	-0.037637	-0.037379	-0.037474
645	-0.037517	-0.037306	-0.037405
646	-0.0375	-0.03728	-0.037387
647	-0.03748	-0.037252	-0.037366
648	-0.037378	-0.037125	-0.03725
649	-0.037276	-0.036998	-0.037135
650	-0.037021	-0.036723	-0.036886
651	-0.036756	-0.036437	-0.036628
652	-0.036253	-0.03595	-0.036115
653	-0.03571	-0.035427	-0.035558
654	-0.035304	-0.035082	-0.035163
655	-0.034942	-0.034791	-0.034819
656	-0.0348	-0.034645	-0.034685
657	-0.034766	-0.034569	-0.034653
658	-0.034898	-0.034713	-0.034802
659	-0.035145	-0.035012	-0.035079
660	-0.035556	-0.03542	-0.035484
661	-0.03613	-0.035936	-0.036018
662	-0.03666	-0.036416	-0.036536
663	-0.037128	-0.036845	-0.037033
664	-0.037497	-0.037183	-0.03741
665	-0.037668	-0.037338	-0.03754
666	-0.037795	-0.037454	-0.037641
667	-0.037789	-0.037452	-0.037654
668	-0.037786	-0.037468	-0.037685
669	-0.037797	-0.037575	-0.037808
670	-0.037816	-0.037682	-0.037926
671	-0.037933	-0.037788	-0.037978
672	-0.038049	-0.037894	-0.03803
673	-0.03809	-0.037899	-0.038042
674	-0.03813	-0.037905	-0.038054
675	-0.038132	-0.037896	-0.038077
676	-0.038131	-0.037887	-0.0381
677	-0.038123	-0.037895	-0.038058
678	-0.038113	-0.037906	-0.038003
679	-0.038086	-0.037961	-0.038039
680	-0.038053	-0.038028	-0.038104
681	-0.03817	-0.038166	-0.038241
682	-0.038356	-0.038335	-0.038411
683	-0.03849	-0.038387	-0.038489
684	-0.03859	-0.038365	-0.038508
685	-0.038647	-0.038386	-0.038554
686	-0.038665	-0.038447	-0.038623
687	-0.038687	-0.038492	-0.038649
688	-0.038714	-0.03852	-0.038626
689	-0.038681	-0.038508	-0.038589
690	-0.038554	-0.038433	-0.03853
691	-0.038463	-0.038362	-0.03847
692	-0.038451	-0.038299	-0.038409
693	-0.038455	-0.038282	-0.038388
694	-0.03851	-0.038409	-0.038493
695	-0.038576	-0.038524	-0.038597
696	-0.03869	-0.038578	-0.038691
697	-0.038783	-0.038609	-0.03876
698	-0.038687	-0.03843	-0.038616
699	-0.038593	-0.038253	-0.038473
700	-0.038518	-0.038164	-0.038381
701	-0.038444	-0.038075	-0.038289
702	-0.038422	-0.038041	-0.038267
703	-0.038402	-0.03801	-0.038247
704	-0.038322	-0.038065	-0.038234
705	-0.038234	-0.038131	-0.038222
706	-0.038366	-0.038203	-0.038288
707	-0.038542	-0.038276	-0.038371
708	-0.038382	-0.03811	-0.038245
709	-0.038119	-0.037872	-0.038057
710	-0.038017	-0.037763	-0.038031
711	-0.037982	-0.037707	-0.038073
712	-0.037927	-0.037686	-0.037993
713	-0.037862	-0.037684	-0.037846
714	-0.037781	-0.037606	-0.037744
715	-0.037688	-0.037474	-0.037676
716	-0.037695	-0.037451	-0.037637
717	-0.037793	-0.03753	-0.037625
718	-0.037746	-0.0376	-0.037611
719	-0.037527	-0.03766	-0.037596
720	-0.037491	-0.037681	-0.03758
[LOG]
CHECKSUM<å