[HEADER]
Format	J&M ASCII Table
Comment	
Date	19/08/2026 10:19:12
Order	Y (evenX)
TechType	UV
NumPoints	411
FirstX	310
LastX	720
XType	nm
YType	Absorbance
ZType	s
NumSubFile	3
Matrix	Z vs X
[LOGIN]
Name=pcbob
[INSTRUMENT]
Name=TIDAS E Base UV/VI
Detector=MMS - ASPEN 97,5 kHz
Diodearray=256 Pixel
Serial#=36584
Calibrated=2011-07-01
Range=183.81-729.88 [nm] (F0)

SWVersion=v3.18.2 (build 0)[LOGIN]
Name=pcbob
[CONFIG]
ChannelName=Channel 1
ChannelType=Normalized
[PARAMETER]
It=350,00
Aver=5
Norm=3
Range=310,0-720,0 nm
Scan=Time
ScanTime=5,00 s
[TRIGGER]
Sweep=0
Scan=0
[DIO]
DigOut=0x0000
DigIn=0x0000
[DATA]
	00:00:00,000	00:00:01,750	00:00:03,500
310	0.753061	0.752704	0.752047
311	0.738837	0.738438	0.737844
312	0.724916	0.724405	0.723927
313	0.711291	0.710718	0.710237
314	0.698075	0.69751	0.69686
315	0.684987	0.684424	0.683677
316	0.672302	0.671722	0.671104
317	0.65963	0.659037	0.658531
318	0.647151	0.646598	0.645965
319	0.634672	0.634159	0.633399
320	0.622395	0.621839	0.621087
321	0.610144	0.609534	0.608807
322	0.597931	0.597337	0.596615
323	0.585734	0.585186	0.584458
324	0.573534	0.573003	0.572288
325	0.56133	0.560791	0.560105
326	0.549159	0.548599	0.547955
327	0.537045	0.536443	0.535862
328	0.524965	0.524349	0.523799
329	0.513036	0.512538	0.511874
330	0.501107	0.500727	0.499951
331	0.489256	0.488927	0.488242
332	0.477405	0.477127	0.476533
333	0.465857	0.465516	0.46495
334	0.454373	0.453944	0.453394
335	0.443061	0.442627	0.442109
336	0.431841	0.431448	0.430971
337	0.420769	0.42041	0.419981
338	0.409863	0.409527	0.409156
339	0.399099	0.398794	0.398449
340	0.388669	0.388415	0.388019
341	0.378308	0.378103	0.37766
342	0.368439	0.368267	0.367817
343	0.35857	0.35843	0.357973
344	0.349128	0.348972	0.348614
345	0.33971	0.339535	0.339281
346	0.330809	0.330586	0.330395
347	0.322059	0.321779	0.321641
348	0.313677	0.313396	0.313238
349	0.30554	0.305296	0.305071
350	0.297562	0.297336	0.297094
351	0.2898	0.289565	0.289375
352	0.282159	0.281937	0.281776
353	0.27488	0.274733	0.274539
354	0.267627	0.267549	0.267323
355	0.260679	0.260603	0.260371
356	0.253732	0.253657	0.253419
357	0.247083	0.247021	0.246834
358	0.240465	0.240418	0.240288
359	0.2341	0.234031	0.23388
360	0.227828	0.227722	0.227521
361	0.221747	0.221597	0.22139
362	0.215816	0.215616	0.215438
363	0.209937	0.209731	0.209593
364	0.204141	0.204	0.203919
365	0.198463	0.198371	0.198317
366	0.193217	0.193114	0.192978
367	0.187978	0.187865	0.187653
368	0.182917	0.182805	0.182629
369	0.177857	0.177744	0.177605
370	0.172847	0.172773	0.172612
371	0.167844	0.167815	0.167624
372	0.163027	0.163011	0.162829
373	0.15829	0.158271	0.158115
374	0.153621	0.153581	0.153436
375	0.149013	0.148936	0.148787
376	0.144443	0.144367	0.144216
377	0.139942	0.139931	0.139785
378	0.135494	0.135526	0.135383
379	0.131268	0.131252	0.131108
380	0.127043	0.126979	0.126836
381	0.122837	0.122784	0.122693
382	0.118631	0.118589	0.11855
383	0.114526	0.114523	0.114443
384	0.110438	0.110478	0.110343
385	0.106525	0.106561	0.10643
386	0.102693	0.102702	0.102604
387	0.099028	0.098988	0.098906
388	0.095521	0.095409	0.095327
389	0.092022	0.091875	0.091801
390	0.088541	0.088423	0.088373
391	0.085122	0.085022	0.084994
392	0.081983	0.081859	0.081833
393	0.078846	0.078699	0.078674
394	0.075901	0.075785	0.075737
395	0.072956	0.072872	0.0728
396	0.070084	0.070057	0.06997
397	0.067226	0.067261	0.06716
398	0.064463	0.06447	0.064425
399	0.061745	0.061682	0.061726
400	0.059126	0.059014	0.059074
401	0.0566	0.056461	0.056466
402	0.054078	0.053932	0.053908
403	0.051563	0.051446	0.051444
404	0.049058	0.048977	0.049001
405	0.046592	0.046578	0.046651
406	0.044128	0.044179	0.044297
407	0.04172	0.041733	0.041788
408	0.039312	0.039286	0.039279
409	0.036939	0.036933	0.036929
410	0.034573	0.034595	0.034606
411	0.032243	0.032259	0.032264
412	0.02993	0.029925	0.029913
413	0.027769	0.027718	0.027718
414	0.025744	0.025625	0.025664
415	0.023706	0.023563	0.023615
416	0.021645	0.021555	0.021575
417	0.019569	0.019517	0.019517
418	0.017433	0.017361	0.017384
419	0.015303	0.015211	0.015257
420	0.013325	0.013239	0.013265
421	0.011346	0.011266	0.011273
422	0.009478	0.009406	0.00942
423	0.007626	0.007561	0.007587
424	0.005808	0.005743	0.005818
425	0.004004	0.003936	0.004074
426	0.002142	0.002084	0.002228
427	0.000233	0.000196	0.0003
428	-0.001706	-0.001721	-0.001655
429	-0.003692	-0.003683	-0.003652
430	-0.005642	-0.005618	-0.00561
431	-0.007477	-0.007466	-0.007437
432	-0.0093	-0.009303	-0.009253
433	-0.010959	-0.011016	-0.01094
434	-0.012618	-0.012728	-0.012626
435	-0.014368	-0.014472	-0.0144
436	-0.016128	-0.016218	-0.016182
437	-0.017837	-0.017899	-0.017855
438	-0.01953	-0.01956	-0.019492
439	-0.02112	-0.021147	-0.021073
440	-0.02264	-0.022686	-0.022615
441	-0.024111	-0.024172	-0.024108
442	-0.025518	-0.02559	-0.025537
443	-0.026925	-0.026995	-0.02696
444	-0.028333	-0.028367	-0.028368
445	-0.029742	-0.029748	-0.029776
446	-0.031161	-0.031194	-0.031185
447	-0.03258	-0.032639	-0.032594
448	-0.033926	-0.033977	-0.033925
449	-0.035269	-0.035313	-0.035252
450	-0.03658	-0.036629	-0.036559
451	-0.037883	-0.037941	-0.037861
452	-0.039153	-0.039227	-0.039139
453	-0.040406	-0.0405	-0.040405
454	-0.041541	-0.041641	-0.041566
455	-0.042558	-0.042651	-0.042623
456	-0.043624	-0.043693	-0.043689
457	-0.044778	-0.044795	-0.044769
458	-0.045926	-0.045908	-0.045863
459	-0.047047	-0.04707	-0.047007
460	-0.048168	-0.048232	-0.048151
461	-0.049281	-0.049381	-0.049296
462	-0.050395	-0.050531	-0.050441
463	-0.051531	-0.051612	-0.051521
464	-0.052671	-0.052683	-0.052593
465	-0.053813	-0.053824	-0.053724
466	-0.054956	-0.05499	-0.054876
467	-0.056155	-0.056192	-0.056086
468	-0.057392	-0.057419	-0.057338
469	-0.058633	-0.058675	-0.058606
470	-0.059879	-0.059969	-0.059895
471	-0.061084	-0.061206	-0.061127
472	-0.062186	-0.062299	-0.062217
473	-0.063282	-0.063387	-0.063299
474	-0.064348	-0.064442	-0.064338
475	-0.065414	-0.065497	-0.065376
476	-0.066387	-0.066437	-0.066361
477	-0.067359	-0.067376	-0.067345
478	-0.068284	-0.068299	-0.068259
479	-0.0692	-0.06922	-0.069158
480	-0.070052	-0.070079	-0.070004
481	-0.070874	-0.070911	-0.070826
482	-0.071572	-0.071608	-0.071531
483	-0.072162	-0.072189	-0.072135
484	-0.07271	-0.072736	-0.072693
485	-0.073191	-0.07323	-0.07318
486	-0.073725	-0.073777	-0.073714
487	-0.074422	-0.07449	-0.074397
488	-0.075141	-0.075224	-0.075106
489	-0.076079	-0.076156	-0.076064
490	-0.077017	-0.077088	-0.077021
491	-0.078	-0.078011	-0.077981
492	-0.078986	-0.078933	-0.078941
493	-0.079807	-0.079791	-0.079772
494	-0.080588	-0.080633	-0.080572
495	-0.081339	-0.081405	-0.081311
496	-0.082076	-0.08214	-0.082018
497	-0.08281	-0.082865	-0.082744
498	-0.08354	-0.08358	-0.083487
499	-0.084251	-0.084277	-0.08421
500	-0.084928	-0.084942	-0.084898
501	-0.08561	-0.085626	-0.085593
502	-0.086311	-0.086369	-0.086309
503	-0.087015	-0.087112	-0.087023
504	-0.087762	-0.087841	-0.087724
505	-0.088509	-0.088569	-0.088426
506	-0.08923	-0.089298	-0.089161
507	-0.089949	-0.090027	-0.089898
508	-0.090588	-0.090691	-0.090545
509	-0.091208	-0.091339	-0.091171
510	-0.091846	-0.091961	-0.091806
511	-0.092494	-0.09257	-0.092447
512	-0.093117	-0.093174	-0.093062
513	-0.093718	-0.093772	-0.093653
514	-0.094271	-0.094321	-0.094195
515	-0.094745	-0.094791	-0.094658
516	-0.095231	-0.095262	-0.095133
517	-0.095754	-0.095735	-0.095646
518	-0.096268	-0.096211	-0.096154
519	-0.096711	-0.096705	-0.096635
520	-0.097153	-0.0972	-0.097115
521	-0.097607	-0.097664	-0.097567
522	-0.098062	-0.098126	-0.098019
523	-0.098452	-0.098504	-0.098403
524	-0.098829	-0.098865	-0.098774
525	-0.09924	-0.099259	-0.099178
526	-0.099665	-0.099667	-0.099597
527	-0.100073	-0.100067	-0.100011
528	-0.100467	-0.100461	-0.100419
529	-0.10084	-0.100846	-0.100788
530	-0.101185	-0.101218	-0.101103
531	-0.101533	-0.101567	-0.101429
532	-0.10189	-0.101859	-0.10178
533	-0.102233	-0.102158	-0.102124
534	-0.102505	-0.102488	-0.102432
535	-0.10278	-0.10282	-0.102743
536	-0.10319	-0.103202	-0.103145
537	-0.103599	-0.103584	-0.103547
538	-0.103968	-0.103953	-0.103918
539	-0.104331	-0.10432	-0.104284
540	-0.104676	-0.104681	-0.104632
541	-0.105015	-0.10504	-0.104975
542	-0.105337	-0.105345	-0.105287
543	-0.10565	-0.105618	-0.10558
544	-0.105996	-0.105968	-0.105908
545	-0.106374	-0.106396	-0.10627
546	-0.106745	-0.106796	-0.106652
547	-0.107107	-0.107148	-0.107067
548	-0.107469	-0.107506	-0.107468
549	-0.107832	-0.107881	-0.107824
550	-0.108188	-0.108246	-0.108172
551	-0.108495	-0.108532	-0.10846
552	-0.108801	-0.108818	-0.108749
553	-0.109116	-0.109148	-0.109077
554	-0.109431	-0.10948	-0.109406
555	-0.109717	-0.109751	-0.109664
556	-0.11	-0.110012	-0.109911
557	-0.110265	-0.110275	-0.110167
558	-0.110525	-0.110539	-0.110427
559	-0.110797	-0.110825	-0.110716
560	-0.111075	-0.111125	-0.111025
561	-0.111352	-0.111418	-0.111319
562	-0.111628	-0.111704	-0.111598
563	-0.111855	-0.111924	-0.111813
564	-0.111995	-0.112029	-0.111914
565	-0.112117	-0.112124	-0.112007
566	-0.112185	-0.112185	-0.112072
567	-0.112245	-0.112239	-0.112133
568	-0.112249	-0.112247	-0.112162
569	-0.112253	-0.112255	-0.11219
570	-0.112204	-0.112228	-0.112182
571	-0.112154	-0.112201	-0.112173
572	-0.112144	-0.112198	-0.112155
573	-0.11214	-0.112199	-0.112137
574	-0.112233	-0.112257	-0.112205
575	-0.112359	-0.112334	-0.112302
576	-0.11242	-0.112403	-0.112358
577	-0.112444	-0.112467	-0.11239
578	-0.112508	-0.112548	-0.112459
579	-0.112611	-0.112645	-0.112564
580	-0.112762	-0.112789	-0.112715
581	-0.112988	-0.113008	-0.112935
582	-0.113263	-0.113275	-0.11321
583	-0.11367	-0.113664	-0.113626
584	-0.114074	-0.114058	-0.114036
585	-0.114466	-0.114478	-0.114415
586	-0.114857	-0.114898	-0.114795
587	-0.115242	-0.115279	-0.115179
588	-0.115628	-0.115661	-0.115562
589	-0.116068	-0.116098	-0.116016
590	-0.116512	-0.116539	-0.116475
591	-0.116885	-0.116923	-0.116846
592	-0.117241	-0.117295	-0.117197
593	-0.117577	-0.117624	-0.117534
594	-0.117906	-0.117935	-0.117865
595	-0.118333	-0.118361	-0.118293
596	-0.118831	-0.118869	-0.118789
597	-0.119341	-0.11938	-0.119284
598	-0.119868	-0.119896	-0.119778
599	-0.120328	-0.12036	-0.120235
600	-0.120676	-0.120733	-0.12063
601	-0.120973	-0.121053	-0.120964
602	-0.12112	-0.12122	-0.121118
603	-0.121272	-0.121385	-0.121264
604	-0.121454	-0.121536	-0.121362
605	-0.121629	-0.121681	-0.121457
606	-0.121628	-0.121673	-0.121494
607	-0.121626	-0.121665	-0.121531
608	-0.121588	-0.121627	-0.121521
609	-0.121548	-0.121587	-0.121508
610	-0.121565	-0.121588	-0.121506
611	-0.121596	-0.121599	-0.121506
612	-0.121649	-0.121652	-0.121565
613	-0.12171	-0.121722	-0.121647
614	-0.121818	-0.121821	-0.121758
615	-0.121956	-0.121939	-0.121887
616	-0.1221	-0.122083	-0.122034
617	-0.122249	-0.122253	-0.122198
618	-0.122429	-0.122457	-0.122383
619	-0.122655	-0.12271	-0.1226
620	-0.122845	-0.122908	-0.122768
621	-0.122948	-0.122978	-0.122821
622	-0.123052	-0.123064	-0.1229
623	-0.12316	-0.123218	-0.123084
624	-0.123269	-0.123366	-0.12326
625	-0.123396	-0.123457	-0.123353
626	-0.123522	-0.123548	-0.123445
627	-0.123718	-0.12376	-0.123654
628	-0.123914	-0.123972	-0.123863
629	-0.123989	-0.124064	-0.123926
630	-0.124049	-0.124141	-0.123971
631	-0.124156	-0.124243	-0.124099
632	-0.124274	-0.124351	-0.12425
633	-0.124394	-0.124509	-0.124391
634	-0.124515	-0.124688	-0.124527
635	-0.124695	-0.124822	-0.124687
636	-0.124915	-0.124925	-0.124863
637	-0.125099	-0.125064	-0.12501
638	-0.125249	-0.125238	-0.125129
639	-0.125355	-0.125368	-0.125233
640	-0.125398	-0.125435	-0.125319
641	-0.12549	-0.125535	-0.125434
642	-0.12569	-0.12571	-0.125617
643	-0.12586	-0.125865	-0.125777
644	-0.125923	-0.125951	-0.125853
645	-0.125997	-0.126052	-0.125938
646	-0.126149	-0.126253	-0.126091
647	-0.1263	-0.126452	-0.126245
648	-0.126439	-0.126548	-0.126446
649	-0.126578	-0.126644	-0.126646
650	-0.126554	-0.126604	-0.126576
651	-0.126521	-0.126556	-0.126488
652	-0.126159	-0.126202	-0.126145
653	-0.125739	-0.125795	-0.125758
654	-0.125372	-0.125411	-0.12535
655	-0.12502	-0.125034	-0.124937
656	-0.125029	-0.125014	-0.124936
657	-0.125213	-0.125167	-0.125136
658	-0.125674	-0.125632	-0.125604
659	-0.12633	-0.126316	-0.126263
660	-0.12712	-0.127125	-0.127066
661	-0.128043	-0.128058	-0.128013
662	-0.128796	-0.128822	-0.128787
663	-0.129309	-0.129347	-0.129316
664	-0.129651	-0.129702	-0.129659
665	-0.129645	-0.129712	-0.12962
666	-0.12963	-0.1297	-0.129587
667	-0.129587	-0.129622	-0.12957
668	-0.129563	-0.129568	-0.129564
669	-0.129631	-0.129642	-0.129607
670	-0.129706	-0.129725	-0.129658
671	-0.129854	-0.129918	-0.129791
672	-0.130002	-0.130112	-0.129924
673	-0.13009	-0.130168	-0.130017
674	-0.130179	-0.130224	-0.13011
675	-0.130475	-0.130465	-0.130387
676	-0.130789	-0.130723	-0.13068
677	-0.130903	-0.130845	-0.130779
678	-0.130978	-0.130941	-0.13084
679	-0.131144	-0.131155	-0.13106
680	-0.131337	-0.131407	-0.13133
681	-0.131557	-0.131656	-0.13157
682	-0.131788	-0.131904	-0.131795
683	-0.132042	-0.132139	-0.132001
684	-0.13231	-0.132364	-0.132192
685	-0.132626	-0.132692	-0.132533
686	-0.132983	-0.133108	-0.133003
687	-0.133258	-0.133405	-0.133321
688	-0.133436	-0.133562	-0.13346
689	-0.133666	-0.133776	-0.133655
690	-0.133979	-0.134083	-0.133942
691	-0.134299	-0.13439	-0.134247
692	-0.134633	-0.134701	-0.134592
693	-0.134977	-0.135023	-0.134949
694	-0.135358	-0.135382	-0.135345
695	-0.13577	-0.135785	-0.135767
696	-0.136339	-0.136404	-0.136315
697	-0.136886	-0.136997	-0.136842
698	-0.137246	-0.137356	-0.13718
699	-0.137608	-0.137716	-0.137521
700	-0.138	-0.138074	-0.137937
701	-0.138393	-0.138433	-0.138354
702	-0.138786	-0.138772	-0.138754
703	-0.13918	-0.139111	-0.139154
704	-0.13964	-0.139587	-0.139604
705	-0.140109	-0.140079	-0.140058
706	-0.140662	-0.140597	-0.140581
707	-0.141233	-0.14112	-0.141117
708	-0.141741	-0.14164	-0.141608
709	-0.142229	-0.142158	-0.142086
710	-0.142792	-0.142826	-0.14264
711	-0.143386	-0.143557	-0.143226
712	-0.144049	-0.144164	-0.143875
713	-0.14475	-0.144701	-0.14456
714	-0.145472	-0.145416	-0.14524
715	-0.146207	-0.146261	-0.145918
716	-0.146892	-0.146985	-0.146596
717	-0.14753	-0.147597	-0.147276
718	-0.148286	-0.148318	-0.148074
719	-0.149182	-0.149168	-0.14901
720	-0.150137	-0.150053	-0.149878
[LOG]
CHECKSUM;F