[HEADER]
Format	J&M ASCII Table
Comment	
Date	19/08/2026 10:22:26
Order	Y (evenX)
TechType	UV
NumPoints	411
FirstX	310
LastX	720
XType	nm
YType	Absorbance
ZType	s
NumSubFile	3
Matrix	Z vs X
[LOGIN]
Name=pcbob
[INSTRUMENT]
Name=TIDAS E Base UV/VI
Detector=MMS - ASPEN 97,5 kHz
Diodearray=256 Pixel
Serial#=36584
Calibrated=2011-07-01
Range=183.81-729.88 [nm] (F0)

SWVersion=v3.18.2 (build 0)[LOGIN]
Name=pcbob
[CONFIG]
ChannelName=Channel 1
ChannelType=Normalized
[PARAMETER]
It=350,00
Aver=5
Norm=3
Range=310,0-720,0 nm
Scan=Time
ScanTime=5,00 s
[TRIGGER]
Sweep=0
Scan=0
[DIO]
DigOut=0x0000
DigIn=0x0000
[DATA]
	00:00:00,000	00:00:01,750	00:00:03,500
310	0.758622	0.75794	0.757226
311	0.744466	0.743773	0.743018
312	0.730543	0.729926	0.729145
313	0.716922	0.716318	0.715523
314	0.703719	0.70304	0.702249
315	0.690629	0.689914	0.689125
316	0.677895	0.677268	0.676476
317	0.665182	0.664634	0.663839
318	0.652768	0.652163	0.651391
319	0.640355	0.639693	0.638943
320	0.627987	0.627371	0.626558
321	0.615626	0.615068	0.614182
322	0.603356	0.602764	0.601908
323	0.591124	0.590459	0.589677
324	0.578991	0.578254	0.577494
325	0.566947	0.566136	0.565354
326	0.554853	0.554036	0.553227
327	0.54267	0.541966	0.541125
328	0.530519	0.529897	0.529049
329	0.518514	0.517839	0.517093
330	0.506509	0.505781	0.505138
331	0.494608	0.493993	0.49336
332	0.482707	0.482204	0.481583
333	0.471038	0.470581	0.469952
334	0.459419	0.458994	0.458352
335	0.447957	0.447518	0.446938
336	0.43658	0.436103	0.435624
337	0.425363	0.424932	0.424498
338	0.414324	0.414034	0.413582
339	0.403435	0.403244	0.40278
340	0.392898	0.39271	0.392246
341	0.382439	0.382255	0.381795
342	0.372545	0.372361	0.37193
343	0.36265	0.362467	0.362065
344	0.353161	0.352986	0.352595
345	0.343695	0.343529	0.343148
346	0.334665	0.334529	0.334161
347	0.325762	0.325663	0.325309
348	0.317216	0.317099	0.316788
349	0.308908	0.308738	0.308488
350	0.300804	0.300613	0.300403
351	0.292976	0.292807	0.29261
352	0.285248	0.28509	0.28491
353	0.277815	0.277642	0.277486
354	0.270415	0.270229	0.270095
355	0.263404	0.26325	0.263093
356	0.256393	0.25627	0.256092
357	0.249688	0.249594	0.249408
358	0.243016	0.24295	0.242758
359	0.236548	0.236491	0.236307
360	0.230155	0.2301	0.22993
361	0.223999	0.223902	0.223786
362	0.21803	0.217857	0.217825
363	0.212144	0.211944	0.211917
364	0.20639	0.206241	0.206094
365	0.200726	0.200619	0.200383
366	0.195394	0.195292	0.195078
367	0.190071	0.189976	0.189783
368	0.184979	0.184904	0.184721
369	0.179888	0.179831	0.179658
370	0.17492	0.17484	0.174672
371	0.169969	0.169859	0.169697
372	0.165127	0.165021	0.164866
373	0.160331	0.160243	0.160096
374	0.155634	0.155546	0.155396
375	0.151023	0.150919	0.150758
376	0.146449	0.14634	0.146186
377	0.14194	0.141845	0.141727
378	0.137488	0.137405	0.137317
379	0.133275	0.133195	0.133108
380	0.129064	0.128987	0.128899
381	0.1249	0.124834	0.124675
382	0.120736	0.120681	0.120451
383	0.11669	0.116612	0.116402
384	0.112663	0.112558	0.112384
385	0.108779	0.10868	0.108473
386	0.10496	0.104882	0.104612
387	0.101288	0.101232	0.100961
388	0.097755	0.097721	0.097508
389	0.094253	0.094231	0.094054
390	0.090811	0.090777	0.0906
391	0.087407	0.087366	0.087194
392	0.084174	0.084149	0.084001
393	0.080945	0.080935	0.080811
394	0.077989	0.077997	0.07785
395	0.075033	0.07506	0.074888
396	0.072189	0.072208	0.072023
397	0.069366	0.069371	0.069176
398	0.066589	0.066592	0.066387
399	0.063833	0.063841	0.063624
400	0.061154	0.06115	0.060945
401	0.058546	0.058516	0.058343
402	0.05599	0.055939	0.055789
403	0.053532	0.053469	0.053324
404	0.051073	0.050999	0.05086
405	0.048614	0.04853	0.048401
406	0.046155	0.046062	0.045943
407	0.043754	0.043682	0.043562
408	0.041352	0.041302	0.041182
409	0.038992	0.038957	0.038821
410	0.036639	0.036619	0.036464
411	0.03432	0.034285	0.034159
412	0.032015	0.031953	0.031878
413	0.029844	0.029773	0.029717
414	0.027792	0.027732	0.027664
415	0.025731	0.025687	0.025579
416	0.023654	0.023637	0.023436
417	0.021564	0.021551	0.021287
418	0.019421	0.019323	0.019108
419	0.017284	0.017105	0.016939
420	0.015273	0.015141	0.014997
421	0.013261	0.013176	0.013055
422	0.011383	0.0113	0.011148
423	0.009523	0.009436	0.009246
424	0.007697	0.007609	0.007407
425	0.005884	0.005795	0.005593
426	0.003975	0.003903	0.003723
427	0.00199	0.001947	0.001808
428	0.000021	-0.000018	-0.000143
429	-0.00192	-0.001998	-0.00215
430	-0.003847	-0.00395	-0.004134
431	-0.005729	-0.005813	-0.00604
432	-0.007594	-0.007659	-0.007925
433	-0.009257	-0.009297	-0.009536
434	-0.010921	-0.010934	-0.011147
435	-0.01263	-0.012684	-0.012886
436	-0.014344	-0.014444	-0.014638
437	-0.016001	-0.016096	-0.016302
438	-0.01764	-0.017712	-0.017938
439	-0.01922	-0.019276	-0.019509
440	-0.020761	-0.020803	-0.021038
441	-0.022247	-0.022278	-0.022528
442	-0.023661	-0.023686	-0.02397
443	-0.025078	-0.025111	-0.025405
444	-0.026502	-0.026579	-0.026824
445	-0.027923	-0.028036	-0.028237
446	-0.029328	-0.029424	-0.029609
447	-0.030734	-0.030811	-0.030982
448	-0.032089	-0.032177	-0.032366
449	-0.033444	-0.033543	-0.03375
450	-0.034779	-0.034878	-0.035099
451	-0.036111	-0.036207	-0.036439
452	-0.037431	-0.037507	-0.037729
453	-0.038744	-0.038793	-0.038993
454	-0.039941	-0.03997	-0.040179
455	-0.041024	-0.041041	-0.041289
456	-0.042111	-0.042148	-0.042407
457	-0.043206	-0.043323	-0.043539
458	-0.044319	-0.044488	-0.04467
459	-0.045508	-0.045607	-0.045796
460	-0.046695	-0.046727	-0.046923
461	-0.047814	-0.047875	-0.048067
462	-0.048933	-0.049023	-0.049211
463	-0.050018	-0.050114	-0.050318
464	-0.0511	-0.051198	-0.051419
465	-0.052225	-0.052334	-0.052542
466	-0.053365	-0.05349	-0.053673
467	-0.054538	-0.05466	-0.05487
468	-0.055733	-0.055841	-0.056114
469	-0.056931	-0.057043	-0.057344
470	-0.058134	-0.05827	-0.058556
471	-0.059303	-0.059458	-0.059729
472	-0.060387	-0.060546	-0.0608
473	-0.061469	-0.061627	-0.061869
474	-0.06253	-0.062654	-0.062918
475	-0.063592	-0.063682	-0.063967
476	-0.064528	-0.064673	-0.064924
477	-0.065461	-0.065663	-0.06588
478	-0.066396	-0.066579	-0.066832
479	-0.067332	-0.06748	-0.067782
480	-0.06823	-0.068361	-0.068675
481	-0.069111	-0.069233	-0.06954
482	-0.06986	-0.069977	-0.07027
483	-0.070497	-0.070611	-0.070883
484	-0.071093	-0.071203	-0.071466
485	-0.071625	-0.071731	-0.072001
486	-0.072207	-0.072303	-0.072573
487	-0.072947	-0.073016	-0.073261
488	-0.073703	-0.073752	-0.073975
489	-0.074622	-0.074708	-0.074929
490	-0.075541	-0.075664	-0.075883
491	-0.076502	-0.076647	-0.076856
492	-0.077465	-0.077631	-0.077831
493	-0.078315	-0.07846	-0.078659
494	-0.079137	-0.079251	-0.079452
495	-0.079897	-0.079994	-0.080239
496	-0.080624	-0.080713	-0.081024
497	-0.081336	-0.081431	-0.081768
498	-0.082035	-0.082149	-0.082475
499	-0.082725	-0.082864	-0.083156
500	-0.083403	-0.083575	-0.083792
501	-0.084086	-0.084272	-0.084443
502	-0.084784	-0.084921	-0.085146
503	-0.085481	-0.085577	-0.08585
504	-0.08617	-0.0863	-0.086555
505	-0.086859	-0.087024	-0.08726
506	-0.087551	-0.087733	-0.087977
507	-0.088243	-0.088442	-0.088695
508	-0.088889	-0.089075	-0.089336
509	-0.089524	-0.08969	-0.089958
510	-0.090148	-0.090306	-0.090596
511	-0.090766	-0.090922	-0.091241
512	-0.09136	-0.091516	-0.091852
513	-0.091932	-0.09209	-0.092432
514	-0.092486	-0.092628	-0.092972
515	-0.093011	-0.093107	-0.093447
516	-0.093523	-0.093597	-0.093921
517	-0.093994	-0.094124	-0.094392
518	-0.094466	-0.094644	-0.094865
519	-0.094942	-0.095107	-0.09535
520	-0.095418	-0.095571	-0.095835
521	-0.095885	-0.096054	-0.09634
522	-0.09635	-0.096537	-0.096846
523	-0.096813	-0.096958	-0.097264
524	-0.097275	-0.097366	-0.097663
525	-0.097665	-0.09778	-0.098083
526	-0.098023	-0.098196	-0.098512
527	-0.098439	-0.098599	-0.098918
528	-0.098899	-0.09899	-0.099308
529	-0.099312	-0.099391	-0.099696
530	-0.099662	-0.099807	-0.100081
531	-0.100013	-0.100204	-0.100464
532	-0.100369	-0.100556	-0.100838
533	-0.100722	-0.100902	-0.101201
534	-0.101064	-0.101219	-0.101512
535	-0.101407	-0.101539	-0.101824
536	-0.101804	-0.101931	-0.102219
537	-0.102201	-0.102323	-0.102614
538	-0.102578	-0.10271	-0.103016
539	-0.102954	-0.103096	-0.103419
540	-0.103299	-0.103446	-0.103751
541	-0.103635	-0.103785	-0.104061
542	-0.103936	-0.104097	-0.104352
543	-0.104216	-0.104395	-0.104632
544	-0.104536	-0.104717	-0.104969
545	-0.104897	-0.105064	-0.105362
546	-0.105267	-0.105419	-0.105752
547	-0.10565	-0.105785	-0.106136
548	-0.106019	-0.106144	-0.106504
549	-0.106343	-0.106481	-0.106818
550	-0.106666	-0.106812	-0.107129
551	-0.106982	-0.107105	-0.107422
552	-0.107297	-0.107397	-0.107714
553	-0.107604	-0.107719	-0.108008
554	-0.107911	-0.108042	-0.108302
555	-0.108148	-0.108317	-0.108588
556	-0.108374	-0.108585	-0.108873
557	-0.108642	-0.108831	-0.109135
558	-0.108925	-0.10907	-0.109388
559	-0.109201	-0.109355	-0.109648
560	-0.109473	-0.109669	-0.109913
561	-0.109746	-0.10996	-0.1102
562	-0.110021	-0.110226	-0.110511
563	-0.11026	-0.110448	-0.110758
564	-0.110439	-0.110591	-0.110892
565	-0.110593	-0.110719	-0.111009
566	-0.110664	-0.110795	-0.111074
567	-0.110733	-0.110867	-0.111136
568	-0.110779	-0.110909	-0.111178
569	-0.110824	-0.11095	-0.111221
570	-0.110833	-0.110964	-0.111214
571	-0.110842	-0.110977	-0.111206
572	-0.110892	-0.111027	-0.111267
573	-0.110948	-0.111082	-0.111339
574	-0.11106	-0.11119	-0.111439
575	-0.111191	-0.111316	-0.111548
576	-0.111293	-0.111396	-0.111648
577	-0.111377	-0.111448	-0.111742
578	-0.111483	-0.111544	-0.11184
579	-0.111611	-0.11168	-0.111941
580	-0.111786	-0.111853	-0.112094
581	-0.112032	-0.11208	-0.112326
582	-0.112316	-0.112358	-0.112609
583	-0.112698	-0.112765	-0.113022
584	-0.113084	-0.113173	-0.113431
585	-0.113491	-0.11358	-0.113815
586	-0.113897	-0.113986	-0.114199
587	-0.114305	-0.11437	-0.114603
588	-0.114713	-0.114754	-0.115007
589	-0.115113	-0.115193	-0.115435
590	-0.115512	-0.115636	-0.115864
591	-0.115867	-0.115991	-0.116234
592	-0.116212	-0.116326	-0.11659
593	-0.116532	-0.116655	-0.116916
594	-0.116841	-0.11698	-0.117228
595	-0.117251	-0.117395	-0.117631
596	-0.117731	-0.117872	-0.118099
597	-0.118244	-0.118361	-0.11859
598	-0.118794	-0.118862	-0.119107
599	-0.11926	-0.119312	-0.119571
600	-0.119583	-0.119672	-0.119942
601	-0.119865	-0.119979	-0.12025
602	-0.120024	-0.120133	-0.120375
603	-0.120181	-0.120283	-0.120504
604	-0.12032	-0.120408	-0.120657
605	-0.120454	-0.120527	-0.120802
606	-0.12043	-0.120519	-0.120758
607	-0.120407	-0.12051	-0.120713
608	-0.120378	-0.120475	-0.120687
609	-0.120349	-0.120437	-0.120662
610	-0.120336	-0.120431	-0.120675
611	-0.120326	-0.120433	-0.120697
612	-0.120359	-0.120481	-0.120736
613	-0.120409	-0.120547	-0.120781
614	-0.120527	-0.120656	-0.120903
615	-0.12069	-0.120793	-0.121072
616	-0.120835	-0.120958	-0.121239
617	-0.120964	-0.121152	-0.121403
618	-0.121139	-0.121351	-0.121591
619	-0.121385	-0.121558	-0.121815
620	-0.121583	-0.121724	-0.121989
621	-0.121667	-0.121795	-0.12205
622	-0.121765	-0.12189	-0.12213
623	-0.121923	-0.122082	-0.122292
624	-0.122079	-0.122267	-0.122451
625	-0.122221	-0.122374	-0.122589
626	-0.122362	-0.122482	-0.122727
627	-0.122578	-0.122688	-0.122953
628	-0.122793	-0.122894	-0.123181
629	-0.122878	-0.122966	-0.12326
630	-0.122948	-0.123022	-0.123322
631	-0.123081	-0.123168	-0.123462
632	-0.12323	-0.123337	-0.123623
633	-0.123382	-0.123481	-0.12378
634	-0.123536	-0.123615	-0.123934
635	-0.123689	-0.123805	-0.124116
636	-0.123843	-0.124031	-0.124316
637	-0.12401	-0.124205	-0.124502
638	-0.124191	-0.124327	-0.124673
639	-0.124316	-0.124429	-0.124788
640	-0.124361	-0.124502	-0.124821
641	-0.124448	-0.124597	-0.124897
642	-0.12463	-0.12474	-0.125067
643	-0.124784	-0.124875	-0.125221
644	-0.124835	-0.124984	-0.125314
645	-0.124905	-0.1251	-0.125409
646	-0.125102	-0.125262	-0.125516
647	-0.125299	-0.125424	-0.125628
648	-0.125505	-0.125602	-0.125873
649	-0.125711	-0.125781	-0.126117
650	-0.125667	-0.125745	-0.126097
651	-0.125606	-0.125697	-0.12606
652	-0.125259	-0.125344	-0.125676
653	-0.124861	-0.124937	-0.12523
654	-0.12448	-0.124566	-0.124847
655	-0.124105	-0.124207	-0.124483
656	-0.124101	-0.124227	-0.124474
657	-0.124277	-0.12443	-0.124637
658	-0.124727	-0.124879	-0.125081
659	-0.125371	-0.125501	-0.125724
660	-0.126147	-0.126264	-0.126511
661	-0.127057	-0.127169	-0.127441
662	-0.127794	-0.127914	-0.128192
663	-0.128288	-0.128431	-0.128687
664	-0.128608	-0.128756	-0.12901
665	-0.12857	-0.128691	-0.128983
666	-0.128536	-0.128637	-0.128963
667	-0.128509	-0.128616	-0.128962
668	-0.128498	-0.128611	-0.128967
669	-0.128566	-0.128685	-0.129001
670	-0.128639	-0.128765	-0.129044
671	-0.128759	-0.128911	-0.129183
672	-0.128878	-0.129056	-0.129323
673	-0.128983	-0.129172	-0.129428
674	-0.129088	-0.129288	-0.129533
675	-0.129339	-0.129517	-0.12981
676	-0.129602	-0.129757	-0.130102
677	-0.129688	-0.129837	-0.130168
678	-0.129739	-0.129887	-0.130192
679	-0.129927	-0.130081	-0.130436
680	-0.130157	-0.13032	-0.130749
681	-0.130397	-0.130558	-0.131009
682	-0.130641	-0.130795	-0.131244
683	-0.130932	-0.131086	-0.131511
684	-0.131253	-0.131411	-0.131799
685	-0.1316	-0.131726	-0.132099
686	-0.131969	-0.132032	-0.132409
687	-0.132257	-0.132322	-0.132683
688	-0.132447	-0.132591	-0.132913
689	-0.13267	-0.132847	-0.133162
690	-0.132942	-0.133084	-0.133438
691	-0.133247	-0.13335	-0.133738
692	-0.133624	-0.133683	-0.13409
693	-0.133994	-0.134053	-0.134439
694	-0.134342	-0.134543	-0.134784
695	-0.134728	-0.135038	-0.135161
696	-0.135297	-0.135553	-0.135695
697	-0.135851	-0.136049	-0.136224
698	-0.136278	-0.136371	-0.136699
699	-0.136701	-0.136696	-0.137168
700	-0.137031	-0.1371	-0.137508
701	-0.13736	-0.137505	-0.137847
702	-0.137767	-0.137918	-0.138241
703	-0.138176	-0.138331	-0.138637
704	-0.138695	-0.138864	-0.139162
705	-0.139226	-0.139409	-0.139701
706	-0.139796	-0.139976	-0.140245
707	-0.140373	-0.140546	-0.140791
708	-0.140941	-0.141064	-0.141253
709	-0.141506	-0.141566	-0.14169
710	-0.142052	-0.142159	-0.142332
711	-0.142591	-0.142791	-0.143059
712	-0.143254	-0.143427	-0.143742
713	-0.143986	-0.144065	-0.1444
714	-0.144685	-0.144769	-0.14507
715	-0.145359	-0.145519	-0.14575
716	-0.146101	-0.146154	-0.146413
717	-0.146906	-0.146683	-0.147062
718	-0.14774	-0.147474	-0.147739
719	-0.148607	-0.148574	-0.148448
720	-0.149436	-0.149586	-0.149301
[LOG]
CHECKSUMRæ