[HEADER]
Format	J&M ASCII Table
Comment	
Date	19/08/2026 10:57:27
Order	Y (evenX)
TechType	UV
NumPoints	411
FirstX	310
LastX	720
XType	nm
YType	Absorbance
ZType	s
NumSubFile	3
Matrix	Z vs X
[LOGIN]
Name=pcbob
[INSTRUMENT]
Name=TIDAS E Base UV/VI
Detector=MMS - ASPEN 97,5 kHz
Diodearray=256 Pixel
Serial#=36584
Calibrated=2011-07-01
Range=183.81-729.88 [nm] (F0)

SWVersion=v3.18.2 (build 0)[LOGIN]
Name=pcbob
[CONFIG]
ChannelName=Channel 1
ChannelType=Normalized
[PARAMETER]
It=350,00
Aver=5
Norm=3
Range=310,0-720,0 nm
Scan=Time
ScanTime=5,00 s
[TRIGGER]
Sweep=0
Scan=0
[DIO]
DigOut=0x0000
DigIn=0x0000
[DATA]
	00:00:00,000	00:00:01,750	00:00:03,500
310	0.712275	0.71177	0.711527
311	0.69783	0.697359	0.697078
312	0.683841	0.683411	0.683044
313	0.670257	0.66985	0.669448
314	0.657233	0.656823	0.656459
315	0.64431	0.643896	0.643568
316	0.631703	0.631281	0.630988
317	0.619142	0.618708	0.618444
318	0.607259	0.606746	0.606449
319	0.595377	0.594783	0.594454
320	0.58346	0.582916	0.582552
321	0.571538	0.571062	0.570662
322	0.559911	0.559414	0.559036
323	0.548406	0.547851	0.54752
324	0.537011	0.536432	0.536087
325	0.525714	0.525141	0.524727
326	0.514475	0.513917	0.513478
327	0.503338	0.502817	0.502427
328	0.492249	0.491757	0.491426
329	0.481376	0.480888	0.480649
330	0.470504	0.470018	0.469872
331	0.459981	0.459614	0.459347
332	0.449459	0.44921	0.448823
333	0.439134	0.438864	0.438482
334	0.42885	0.42853	0.428181
335	0.418788	0.418448	0.41814
336	0.408845	0.408503	0.408241
337	0.399155	0.398799	0.39855
338	0.389746	0.389365	0.389092
339	0.38038	0.380007	0.379724
340	0.371119	0.370829	0.370572
341	0.36194	0.361724	0.361486
342	0.353349	0.353145	0.352868
343	0.344758	0.344565	0.34425
344	0.336485	0.33629	0.336038
345	0.32823	0.328031	0.327848
346	0.320406	0.320243	0.320039
347	0.31271	0.312593	0.31234
348	0.305307	0.305191	0.304954
349	0.298101	0.297956	0.297776
350	0.291048	0.290897	0.29076
351	0.284203	0.284079	0.283961
352	0.27747	0.277381	0.277278
353	0.271074	0.27104	0.270938
354	0.264699	0.264712	0.26461
355	0.258561	0.25855	0.258418
356	0.252423	0.252388	0.252227
357	0.246617	0.246503	0.24641
358	0.240846	0.240647	0.240633
359	0.2352	0.235026	0.23503
360	0.229601	0.229491	0.229492
361	0.224191	0.224112	0.224114
362	0.218931	0.218856	0.218861
363	0.213788	0.213714	0.213712
364	0.20883	0.20875	0.208725
365	0.203936	0.203855	0.203816
366	0.199275	0.199208	0.199187
367	0.194622	0.194574	0.194568
368	0.190164	0.190182	0.190176
369	0.185706	0.18579	0.185785
370	0.181361	0.181436	0.181447
371	0.177033	0.177086	0.177117
372	0.172827	0.172851	0.172867
373	0.168673	0.168664	0.168652
374	0.16459	0.164573	0.164564
375	0.160569	0.160568	0.160589
376	0.156584	0.156591	0.156619
377	0.152664	0.152662	0.152658
378	0.148786	0.148775	0.148751
379	0.145087	0.145067	0.145065
380	0.14139	0.141361	0.14138
381	0.137766	0.137716	0.137742
382	0.134143	0.134071	0.134103
383	0.130562	0.130528	0.130531
384	0.126989	0.127002	0.12697
385	0.123589	0.123617	0.123581
386	0.12027	0.120298	0.12027
387	0.117057	0.11711	0.11706
388	0.113942	0.114045	0.113944
389	0.110834	0.11097	0.110862
390	0.107739	0.107876	0.107844
391	0.104697	0.104825	0.104856
392	0.1019	0.101963	0.102002
393	0.099105	0.099105	0.099152
394	0.09643	0.09645	0.096511
395	0.093755	0.093794	0.09387
396	0.091195	0.09121	0.091281
397	0.088655	0.088639	0.0887
398	0.086174	0.086115	0.086208
399	0.08372	0.083613	0.083757
400	0.08133	0.081217	0.081393
401	0.079001	0.07892	0.079113
402	0.076701	0.076638	0.076826
403	0.074452	0.074382	0.07453
404	0.072207	0.07214	0.072252
405	0.069974	0.06996	0.07006
406	0.067742	0.06778	0.067867
407	0.065522	0.06556	0.065637
408	0.063302	0.06334	0.063408
409	0.061105	0.061135	0.061215
410	0.058912	0.058931	0.05903
411	0.056767	0.056796	0.056892
412	0.054645	0.05469	0.054776
413	0.052585	0.052638	0.052722
414	0.050581	0.050634	0.050723
415	0.048624	0.048689	0.048778
416	0.04675	0.046849	0.046926
417	0.044885	0.044996	0.045067
418	0.043058	0.043088	0.04318
419	0.041226	0.04118	0.041293
420	0.039261	0.039287	0.039399
421	0.037296	0.037394	0.037506
422	0.035686	0.035784	0.035883
423	0.034127	0.034214	0.034298
424	0.032513	0.032582	0.032674
425	0.030878	0.030927	0.031035
426	0.029155	0.029204	0.029333
427	0.02736	0.027429	0.027579
428	0.025572	0.025655	0.02581
429	0.023794	0.023885	0.024015
430	0.022046	0.022145	0.022254
431	0.020398	0.020501	0.020607
432	0.018761	0.018867	0.018974
433	0.017259	0.017353	0.017508
434	0.015757	0.015839	0.016043
435	0.014155	0.01426	0.014444
436	0.012543	0.012674	0.012833
437	0.011062	0.011196	0.011327
438	0.009623	0.009752	0.009856
439	0.008207	0.008316	0.008431
440	0.006806	0.006884	0.007037
441	0.00544	0.005505	0.00568
442	0.004116	0.004193	0.00437
443	0.002817	0.002904	0.003092
444	0.001583	0.001671	0.001894
445	0.000347	0.000439	0.000689
446	-0.000898	-0.000789	-0.000562
447	-0.002144	-0.002017	-0.001812
448	-0.003254	-0.003123	-0.002961
449	-0.004361	-0.004226	-0.004106
450	-0.005444	-0.005302	-0.00517
451	-0.006522	-0.006372	-0.006214
452	-0.007604	-0.007477	-0.007282
453	-0.008687	-0.008598	-0.008361
454	-0.009677	-0.009601	-0.009334
455	-0.010573	-0.010486	-0.010202
456	-0.011467	-0.011376	-0.011103
457	-0.012355	-0.012274	-0.012067
458	-0.013257	-0.013185	-0.013023
459	-0.014214	-0.014148	-0.013952
460	-0.015173	-0.015111	-0.014883
461	-0.016165	-0.016083	-0.015849
462	-0.017157	-0.017056	-0.016815
463	-0.018091	-0.017958	-0.017737
464	-0.019016	-0.018851	-0.018652
465	-0.019959	-0.019824	-0.019579
466	-0.020907	-0.020825	-0.020511
467	-0.021849	-0.02178	-0.021454
468	-0.022787	-0.022702	-0.022405
469	-0.023751	-0.023671	-0.023379
470	-0.024749	-0.024699	-0.024382
471	-0.025727	-0.025691	-0.025364
472	-0.026654	-0.026587	-0.026291
473	-0.027568	-0.027477	-0.027209
474	-0.028399	-0.028328	-0.028056
475	-0.029229	-0.029178	-0.028904
476	-0.030084	-0.030003	-0.029728
477	-0.03094	-0.030828	-0.030551
478	-0.03175	-0.03165	-0.031339
479	-0.032551	-0.032471	-0.03212
480	-0.033342	-0.033234	-0.032917
481	-0.034127	-0.033971	-0.033722
482	-0.03485	-0.034691	-0.03449
483	-0.035517	-0.035398	-0.035226
484	-0.036112	-0.036021	-0.035856
485	-0.036592	-0.036513	-0.036321
486	-0.037097	-0.037019	-0.036804
487	-0.037679	-0.037566	-0.037344
488	-0.038261	-0.038116	-0.037885
489	-0.038837	-0.038697	-0.038437
490	-0.039413	-0.039277	-0.038989
491	-0.040021	-0.039911	-0.039657
492	-0.04063	-0.040548	-0.040331
493	-0.041263	-0.041135	-0.040907
494	-0.041902	-0.04171	-0.041459
495	-0.042464	-0.042276	-0.042037
496	-0.042985	-0.042837	-0.042629
497	-0.043549	-0.043402	-0.04319
498	-0.044155	-0.043973	-0.043721
499	-0.044736	-0.04454	-0.044266
500	-0.045276	-0.0451	-0.044833
501	-0.04582	-0.045657	-0.045395
502	-0.046382	-0.046204	-0.04594
503	-0.046942	-0.046751	-0.04649
504	-0.04748	-0.047306	-0.047083
505	-0.048018	-0.04786	-0.047676
506	-0.04862	-0.048463	-0.048233
507	-0.049227	-0.049068	-0.048789
508	-0.049739	-0.04955	-0.049304
509	-0.050229	-0.050002	-0.04981
510	-0.050712	-0.050515	-0.050273
511	-0.051193	-0.051058	-0.050715
512	-0.051669	-0.051562	-0.05118
513	-0.052139	-0.052032	-0.051667
514	-0.052581	-0.052459	-0.052116
515	-0.052976	-0.052819	-0.052503
516	-0.053363	-0.053185	-0.052886
517	-0.053723	-0.053572	-0.053256
518	-0.054079	-0.053953	-0.053619
519	-0.054395	-0.05428	-0.05393
520	-0.054712	-0.054607	-0.054241
521	-0.055103	-0.054979	-0.054595
522	-0.055497	-0.055352	-0.05495
523	-0.055804	-0.055655	-0.055264
524	-0.056095	-0.055944	-0.055571
525	-0.056409	-0.056251	-0.055904
526	-0.056733	-0.056566	-0.056249
527	-0.05704	-0.056874	-0.056579
528	-0.057334	-0.057177	-0.056896
529	-0.057618	-0.05747	-0.057187
530	-0.057891	-0.057752	-0.057445
531	-0.058165	-0.058031	-0.057704
532	-0.058443	-0.058302	-0.057969
533	-0.058727	-0.058578	-0.058242
534	-0.059036	-0.058885	-0.058562
535	-0.059349	-0.059193	-0.058882
536	-0.059776	-0.059561	-0.059263
537	-0.060202	-0.059928	-0.059644
538	-0.06052	-0.060259	-0.059988
539	-0.060825	-0.060585	-0.060327
540	-0.061119	-0.060915	-0.060651
541	-0.06141	-0.061246	-0.060972
542	-0.061725	-0.061559	-0.061294
543	-0.062054	-0.061862	-0.061616
544	-0.062386	-0.062201	-0.061955
545	-0.062723	-0.062576	-0.062309
546	-0.063053	-0.062926	-0.062642
547	-0.06337	-0.063233	-0.062939
548	-0.063682	-0.063543	-0.063242
549	-0.063977	-0.063862	-0.063563
550	-0.064277	-0.06418	-0.063881
551	-0.064621	-0.064494	-0.064176
552	-0.064966	-0.064807	-0.06447
553	-0.065233	-0.065098	-0.064768
554	-0.065498	-0.065389	-0.065065
555	-0.065759	-0.065636	-0.06532
556	-0.066019	-0.065876	-0.065568
557	-0.066262	-0.066101	-0.065799
558	-0.066498	-0.066322	-0.066025
559	-0.066775	-0.066606	-0.066313
560	-0.067077	-0.066931	-0.066642
561	-0.06738	-0.067247	-0.066956
562	-0.067684	-0.067554	-0.067254
563	-0.06797	-0.067839	-0.067542
564	-0.068225	-0.068087	-0.067813
565	-0.068473	-0.068329	-0.068072
566	-0.068698	-0.068554	-0.068289
567	-0.068926	-0.06878	-0.06851
568	-0.069177	-0.069004	-0.068762
569	-0.069428	-0.069228	-0.069014
570	-0.069648	-0.069451	-0.069234
571	-0.069867	-0.069674	-0.069454
572	-0.070046	-0.069886	-0.06965
573	-0.070219	-0.070097	-0.069843
574	-0.070439	-0.070328	-0.070086
575	-0.070675	-0.070567	-0.070346
576	-0.070897	-0.070768	-0.070568
577	-0.071111	-0.070947	-0.070767
578	-0.071313	-0.071147	-0.070973
579	-0.071505	-0.071365	-0.071185
580	-0.071703	-0.071583	-0.071394
581	-0.07191	-0.0718	-0.071599
582	-0.072143	-0.072039	-0.07183
583	-0.072441	-0.072334	-0.072129
584	-0.072728	-0.072617	-0.072415
585	-0.072958	-0.072838	-0.072635
586	-0.07319	-0.073061	-0.072857
587	-0.073457	-0.073318	-0.073109
588	-0.073724	-0.073576	-0.073362
589	-0.073995	-0.073826	-0.073632
590	-0.074267	-0.074075	-0.073904
591	-0.074532	-0.074353	-0.074166
592	-0.074795	-0.074638	-0.074425
593	-0.075085	-0.074943	-0.07472
594	-0.075388	-0.075257	-0.075029
595	-0.075751	-0.075624	-0.075388
596	-0.076157	-0.076027	-0.07578
597	-0.07657	-0.076435	-0.076186
598	-0.076989	-0.076851	-0.076608
599	-0.07736	-0.077228	-0.076979
600	-0.077649	-0.077537	-0.077261
601	-0.077891	-0.077783	-0.0775
602	-0.077996	-0.077844	-0.077614
603	-0.078091	-0.077902	-0.077715
604	-0.07812	-0.07794	-0.077742
605	-0.078144	-0.077973	-0.077763
606	-0.078029	-0.077872	-0.077618
607	-0.077913	-0.07777	-0.077473
608	-0.077893	-0.077725	-0.077433
609	-0.077879	-0.077685	-0.0774
610	-0.077826	-0.077656	-0.07738
611	-0.077763	-0.07763	-0.077363
612	-0.077808	-0.077658	-0.077415
613	-0.077895	-0.077709	-0.077495
614	-0.077969	-0.077777	-0.077574
615	-0.078033	-0.077857	-0.077654
616	-0.078116	-0.07796	-0.077739
617	-0.078216	-0.078085	-0.077827
618	-0.078318	-0.078226	-0.077938
619	-0.078424	-0.078391	-0.078083
620	-0.078529	-0.078521	-0.078207
621	-0.078634	-0.078565	-0.07828
622	-0.078735	-0.078621	-0.078353
623	-0.078816	-0.078724	-0.078426
624	-0.078894	-0.07882	-0.078499
625	-0.07894	-0.078844	-0.078575
626	-0.078986	-0.078868	-0.07865
627	-0.079147	-0.079012	-0.078807
628	-0.079309	-0.079157	-0.078964
629	-0.079353	-0.079202	-0.078982
630	-0.079382	-0.079234	-0.078984
631	-0.079432	-0.079294	-0.079033
632	-0.079486	-0.079361	-0.079095
633	-0.079603	-0.079468	-0.079202
634	-0.079748	-0.079593	-0.079329
635	-0.079899	-0.079737	-0.079449
636	-0.080053	-0.079893	-0.079564
637	-0.080173	-0.080027	-0.079681
638	-0.08026	-0.080138	-0.0798
639	-0.080345	-0.080237	-0.079905
640	-0.080426	-0.080319	-0.07999
641	-0.080521	-0.080405	-0.08009
642	-0.080645	-0.080496	-0.080221
643	-0.080748	-0.080582	-0.080343
644	-0.080775	-0.080649	-0.080428
645	-0.080829	-0.080735	-0.080527
646	-0.08106	-0.080959	-0.080715
647	-0.081293	-0.081186	-0.080908
648	-0.0816	-0.08151	-0.081226
649	-0.081907	-0.081835	-0.081543
650	-0.082354	-0.082255	-0.081997
651	-0.08281	-0.08268	-0.082459
652	-0.083106	-0.082997	-0.0828
653	-0.083374	-0.083296	-0.08312
654	-0.083514	-0.083421	-0.08326
655	-0.083614	-0.083493	-0.083343
656	-0.083734	-0.083621	-0.083471
657	-0.083863	-0.083775	-0.083619
658	-0.084036	-0.083942	-0.083804
659	-0.08424	-0.08412	-0.084014
660	-0.084489	-0.084368	-0.084238
661	-0.084782	-0.084689	-0.084476
662	-0.084956	-0.084845	-0.084606
663	-0.084962	-0.084766	-0.084584
664	-0.084885	-0.08464	-0.084476
665	-0.084641	-0.084417	-0.08419
666	-0.084422	-0.084213	-0.083942
667	-0.084279	-0.084071	-0.083812
668	-0.084175	-0.083971	-0.083717
669	-0.084269	-0.084094	-0.083808
670	-0.08437	-0.084223	-0.083906
671	-0.084555	-0.084423	-0.084097
672	-0.08474	-0.084624	-0.084288
673	-0.084811	-0.084695	-0.084399
674	-0.084883	-0.084765	-0.08451
675	-0.085162	-0.085028	-0.084785
676	-0.08546	-0.085308	-0.085075
677	-0.085575	-0.085418	-0.08519
678	-0.085657	-0.085495	-0.085271
679	-0.085925	-0.085773	-0.085522
680	-0.086252	-0.086113	-0.085826
681	-0.086549	-0.086392	-0.086107
682	-0.086832	-0.086641	-0.086378
683	-0.087089	-0.086888	-0.086644
684	-0.087327	-0.087134	-0.086906
685	-0.087615	-0.087429	-0.087185
686	-0.087945	-0.087766	-0.08748
687	-0.088175	-0.088025	-0.087746
688	-0.088289	-0.088191	-0.087978
689	-0.088493	-0.088415	-0.088219
690	-0.08884	-0.088731	-0.088473
691	-0.089196	-0.08905	-0.088758
692	-0.089571	-0.089371	-0.089108
693	-0.089938	-0.089706	-0.089459
694	-0.09028	-0.090082	-0.089809
695	-0.090626	-0.090467	-0.090179
696	-0.090989	-0.090893	-0.090639
697	-0.091349	-0.091306	-0.091083
698	-0.091688	-0.091601	-0.091385
699	-0.09203	-0.091901	-0.091691
700	-0.092433	-0.092339	-0.092135
701	-0.092837	-0.092776	-0.092579
702	-0.093087	-0.093029	-0.092822
703	-0.093331	-0.093276	-0.093058
704	-0.093729	-0.093562	-0.093404
705	-0.094144	-0.093852	-0.093762
706	-0.094651	-0.094383	-0.094276
707	-0.095177	-0.094963	-0.094822
708	-0.095524	-0.095329	-0.095075
709	-0.095818	-0.09563	-0.09524
710	-0.096091	-0.09592	-0.095574
711	-0.096355	-0.096205	-0.09598
712	-0.096914	-0.096757	-0.096586
713	-0.097638	-0.097457	-0.097303
714	-0.098028	-0.097891	-0.097743
715	-0.098177	-0.098132	-0.097981
716	-0.09859	-0.098569	-0.098401
717	-0.099246	-0.099188	-0.098987
718	-0.099922	-0.099797	-0.099575
719	-0.10062	-0.100395	-0.100164
720	-0.101228	-0.100988	-0.100719
[LOG]
CHECKSUMé