[HEADER]
Format	J&M ASCII Table
Comment	
Date	19/08/2026 10:43:24
Order	Y (evenX)
TechType	UV
NumPoints	411
FirstX	310
LastX	720
XType	nm
YType	Absorbance
ZType	s
NumSubFile	3
Matrix	Z vs X
[LOGIN]
Name=pcbob
[INSTRUMENT]
Name=TIDAS E Base UV/VI
Detector=MMS - ASPEN 97,5 kHz
Diodearray=256 Pixel
Serial#=36584
Calibrated=2011-07-01
Range=183.81-729.88 [nm] (F0)

SWVersion=v3.18.2 (build 0)[LOGIN]
Name=pcbob
[CONFIG]
ChannelName=Channel 1
ChannelType=Normalized
[PARAMETER]
It=350,00
Aver=5
Norm=3
Range=310,0-720,0 nm
Scan=Time
ScanTime=5,00 s
[TRIGGER]
Sweep=0
Scan=0
[DIO]
DigOut=0x0000
DigIn=0x0000
[DATA]
	00:00:00,000	00:00:01,750	00:00:03,500
310	0.723391	0.7233	0.722906
311	0.708507	0.708383	0.708012
312	0.694106	0.693923	0.693571
313	0.680123	0.679896	0.679548
314	0.666717	0.666469	0.666102
315	0.653506	0.65323	0.65286
316	0.640908	0.640585	0.640263
317	0.628341	0.62798	0.627701
318	0.616245	0.615968	0.615656
319	0.604149	0.603956	0.603611
320	0.592434	0.592222	0.591915
321	0.580768	0.580524	0.580265
322	0.569401	0.569125	0.568871
323	0.558158	0.557848	0.557583
324	0.547063	0.546736	0.546441
325	0.536101	0.535767	0.535427
326	0.525222	0.52491	0.524551
327	0.514494	0.514255	0.513927
328	0.503846	0.503661	0.503357
329	0.493571	0.493351	0.49304
330	0.483296	0.483042	0.482724
331	0.473202	0.472972	0.472629
332	0.463109	0.462902	0.462533
333	0.453386	0.453156	0.452849
334	0.443743	0.44348	0.443252
335	0.434317	0.434033	0.433799
336	0.425008	0.42471	0.424423
337	0.415855	0.415578	0.415283
338	0.406875	0.406659	0.406405
339	0.397992	0.39781	0.397601
340	0.389338	0.389128	0.38897
341	0.380745	0.380517	0.380395
342	0.372578	0.372414	0.372224
343	0.364412	0.364312	0.364053
344	0.356459	0.356363	0.356188
345	0.348518	0.348422	0.34834
346	0.340944	0.340876	0.340748
347	0.333478	0.333446	0.33323
348	0.326271	0.326226	0.326028
349	0.319238	0.319146	0.319036
350	0.312306	0.312198	0.312108
351	0.305509	0.30543	0.305267
352	0.298817	0.298749	0.298548
353	0.292432	0.292328	0.29219
354	0.286063	0.285927	0.285849
355	0.279866	0.279758	0.279713
356	0.273669	0.273588	0.273577
357	0.267741	0.267658	0.267641
358	0.261842	0.261753	0.261726
359	0.256055	0.255969	0.255959
360	0.25031	0.250229	0.250246
361	0.244738	0.244634	0.244638
362	0.239303	0.239154	0.239114
363	0.233995	0.23386	0.233783
364	0.228891	0.22886	0.228758
365	0.223823	0.223861	0.223734
366	0.218884	0.218863	0.218709
367	0.213963	0.213885	0.213709
368	0.209418	0.209328	0.209243
369	0.204873	0.204772	0.204777
370	0.200396	0.200299	0.200303
371	0.195929	0.195839	0.195827
372	0.191554	0.191441	0.191432
373	0.187218	0.187071	0.187071
374	0.182964	0.182822	0.182798
375	0.178782	0.17868	0.178603
376	0.174706	0.174633	0.174532
377	0.170817	0.170751	0.170681
378	0.166958	0.166893	0.166853
379	0.163226	0.163137	0.16312
380	0.159495	0.159383	0.159388
381	0.155793	0.155697	0.155693
382	0.152092	0.152012	0.151998
383	0.148507	0.148431	0.14843
384	0.144943	0.144869	0.144883
385	0.141537	0.141479	0.14151
386	0.138205	0.13817	0.138216
387	0.134993	0.134971	0.135021
388	0.131895	0.131877	0.131918
389	0.128814	0.128793	0.128828
390	0.125766	0.125728	0.125764
391	0.12276	0.122699	0.122728
392	0.119938	0.119829	0.11982
393	0.117119	0.116964	0.116915
394	0.114476	0.114355	0.114317
395	0.111834	0.111746	0.111718
396	0.109298	0.109228	0.109203
397	0.106781	0.106726	0.106703
398	0.104336	0.104282	0.10424
399	0.101924	0.101865	0.101794
400	0.099535	0.099459	0.0994
401	0.097166	0.097064	0.097054
402	0.094835	0.094705	0.094745
403	0.092574	0.092415	0.092505
404	0.090306	0.090143	0.090262
405	0.088013	0.087949	0.088005
406	0.085722	0.085755	0.085749
407	0.083541	0.083545	0.083521
408	0.08136	0.081335	0.081292
409	0.079176	0.07915	0.079187
410	0.076992	0.076968	0.077103
411	0.074944	0.074866	0.074995
412	0.072957	0.0728	0.072875
413	0.070974	0.070811	0.070886
414	0.068994	0.068891	0.069013
415	0.067075	0.067008	0.067133
416	0.065263	0.065189	0.065238
417	0.063428	0.063343	0.063347
418	0.061502	0.061395	0.06147
419	0.059582	0.059454	0.059595
420	0.057801	0.057679	0.057772
421	0.056021	0.055904	0.055949
422	0.054339	0.054225	0.05431
423	0.052671	0.05256	0.052697
424	0.051083	0.050992	0.051103
425	0.049526	0.049464	0.049517
426	0.047885	0.047822	0.04786
427	0.046175	0.046089	0.046147
428	0.044449	0.044344	0.044436
429	0.042696	0.042583	0.042729
430	0.04097	0.040862	0.041037
431	0.039332	0.039269	0.039392
432	0.037707	0.037683	0.037759
433	0.036242	0.036174	0.036267
434	0.034778	0.034665	0.034776
435	0.033246	0.033131	0.033204
436	0.031708	0.031595	0.031625
437	0.030173	0.030055	0.030127
438	0.028639	0.028513	0.028655
439	0.027212	0.027077	0.027224
440	0.025858	0.025713	0.025819
441	0.02454	0.024383	0.024486
442	0.023267	0.023095	0.023243
443	0.022001	0.021826	0.022007
444	0.020749	0.020602	0.020786
445	0.019504	0.019382	0.019565
446	0.018304	0.018191	0.01834
447	0.017104	0.017	0.017115
448	0.015968	0.015875	0.015983
449	0.014833	0.014752	0.014854
450	0.01382	0.013723	0.013831
451	0.012836	0.012716	0.012831
452	0.011824	0.011703	0.011828
453	0.010799	0.010687	0.010823
454	0.009866	0.009752	0.009905
455	0.009023	0.008896	0.009073
456	0.008151	0.008015	0.008194
457	0.007226	0.007087	0.007229
458	0.006304	0.006161	0.006276
459	0.005398	0.005248	0.005376
460	0.00449	0.004335	0.004475
461	0.003558	0.003407	0.003535
462	0.002625	0.002478	0.002594
463	0.001708	0.001546	0.001686
464	0.000793	0.000613	0.000781
465	-0.000079	-0.000274	-0.000085
466	-0.000935	-0.001145	-0.000936
467	-0.00184	-0.002033	-0.001838
468	-0.00278	-0.002932	-0.002775
469	-0.003715	-0.003847	-0.003712
470	-0.004643	-0.00478	-0.004649
471	-0.005557	-0.005711	-0.00558
472	-0.006437	-0.006634	-0.006492
473	-0.007316	-0.007543	-0.007394
474	-0.008185	-0.008362	-0.00822
475	-0.009055	-0.00918	-0.009045
476	-0.009853	-0.010007	-0.009851
477	-0.01065	-0.010835	-0.010656
478	-0.011471	-0.01164	-0.011452
479	-0.012297	-0.01244	-0.012246
480	-0.013032	-0.013166	-0.012979
481	-0.013726	-0.013858	-0.013684
482	-0.014464	-0.014599	-0.014441
483	-0.015242	-0.015381	-0.015242
484	-0.01593	-0.016074	-0.01594
485	-0.016478	-0.016624	-0.016474
486	-0.017011	-0.01715	-0.016988
487	-0.017496	-0.017597	-0.017437
488	-0.017978	-0.01805	-0.017887
489	-0.018423	-0.01856	-0.018353
490	-0.018869	-0.019069	-0.018819
491	-0.019447	-0.019612	-0.019416
492	-0.020033	-0.020155	-0.020019
493	-0.020582	-0.020712	-0.020578
494	-0.021123	-0.021271	-0.021127
495	-0.02167	-0.021823	-0.02165
496	-0.02222	-0.02237	-0.022159
497	-0.022771	-0.022919	-0.022694
498	-0.023323	-0.023469	-0.023251
499	-0.023867	-0.024013	-0.023811
500	-0.024396	-0.024547	-0.024378
501	-0.024925	-0.025088	-0.024928
502	-0.025449	-0.025653	-0.025418
503	-0.025975	-0.026212	-0.025916
504	-0.026518	-0.026723	-0.026481
505	-0.027061	-0.027234	-0.027047
506	-0.027613	-0.027803	-0.027625
507	-0.028165	-0.028375	-0.028204
508	-0.028684	-0.028879	-0.028693
509	-0.029195	-0.029366	-0.02916
510	-0.029666	-0.029847	-0.02962
511	-0.030117	-0.030326	-0.030077
512	-0.030584	-0.030794	-0.03055
513	-0.031067	-0.031252	-0.031037
514	-0.031503	-0.031673	-0.03147
515	-0.031865	-0.032035	-0.031817
516	-0.032232	-0.032405	-0.032171
517	-0.032615	-0.032802	-0.032549
518	-0.03299	-0.033191	-0.032919
519	-0.033301	-0.033523	-0.033215
520	-0.033613	-0.033854	-0.033511
521	-0.033977	-0.034171	-0.033867
522	-0.034342	-0.034487	-0.034224
523	-0.034647	-0.034791	-0.03454
524	-0.03494	-0.035093	-0.034847
525	-0.03524	-0.035391	-0.035167
526	-0.035543	-0.035686	-0.035493
527	-0.035867	-0.036021	-0.035834
528	-0.036208	-0.036386	-0.036186
529	-0.036524	-0.036716	-0.036512
530	-0.036806	-0.036998	-0.036805
531	-0.037104	-0.037286	-0.037102
532	-0.037443	-0.037585	-0.037412
533	-0.037771	-0.037883	-0.037712
534	-0.038041	-0.038176	-0.037967
535	-0.038312	-0.038471	-0.038226
536	-0.038684	-0.038859	-0.038609
537	-0.039055	-0.039246	-0.038992
538	-0.039415	-0.039578	-0.039351
539	-0.039773	-0.039904	-0.039707
540	-0.040134	-0.040289	-0.040074
541	-0.040495	-0.040692	-0.040445
542	-0.040825	-0.041033	-0.040793
543	-0.041135	-0.041336	-0.041128
544	-0.041463	-0.041667	-0.04147
545	-0.041808	-0.042025	-0.041819
546	-0.04215	-0.042369	-0.042152
547	-0.042489	-0.042689	-0.042459
548	-0.042833	-0.04302	-0.042782
549	-0.043195	-0.043386	-0.043155
550	-0.043551	-0.043744	-0.043518
551	-0.043851	-0.044037	-0.043798
552	-0.044151	-0.044329	-0.044077
553	-0.044437	-0.04463	-0.044381
554	-0.044722	-0.04493	-0.044684
555	-0.044977	-0.045181	-0.044952
556	-0.045228	-0.045423	-0.045214
557	-0.045497	-0.045663	-0.045493
558	-0.045774	-0.045903	-0.045778
559	-0.046072	-0.04621	-0.046065
560	-0.046386	-0.046562	-0.046353
561	-0.046693	-0.046884	-0.04664
562	-0.046994	-0.047173	-0.046926
563	-0.047277	-0.047451	-0.047215
564	-0.047528	-0.047707	-0.047508
565	-0.047799	-0.047975	-0.047807
566	-0.048133	-0.048283	-0.048123
567	-0.048468	-0.048595	-0.04844
568	-0.048807	-0.048947	-0.048758
569	-0.049146	-0.049299	-0.049075
570	-0.049439	-0.049577	-0.049372
571	-0.049731	-0.049854	-0.049669
572	-0.049976	-0.050102	-0.049918
573	-0.050213	-0.050347	-0.050161
574	-0.050527	-0.050655	-0.050458
575	-0.050866	-0.050984	-0.050773
576	-0.051124	-0.05126	-0.05105
577	-0.051334	-0.051504	-0.051306
578	-0.05158	-0.051748	-0.051567
579	-0.051857	-0.051992	-0.051834
580	-0.052112	-0.052225	-0.052075
581	-0.052332	-0.052444	-0.052279
582	-0.052567	-0.052679	-0.052502
583	-0.052844	-0.052954	-0.052775
584	-0.053107	-0.053218	-0.053039
585	-0.053296	-0.053421	-0.053252
586	-0.053486	-0.053624	-0.053465
587	-0.053699	-0.053839	-0.053655
588	-0.053913	-0.054054	-0.053846
589	-0.054149	-0.054277	-0.054088
590	-0.054387	-0.054501	-0.054334
591	-0.054673	-0.054779	-0.054629
592	-0.05497	-0.055069	-0.054935
593	-0.055267	-0.055389	-0.055227
594	-0.055563	-0.055723	-0.055513
595	-0.055961	-0.056103	-0.055888
596	-0.056431	-0.056514	-0.056325
597	-0.056867	-0.056944	-0.056767
598	-0.057267	-0.057393	-0.057216
599	-0.057649	-0.057795	-0.05762
600	-0.058001	-0.058112	-0.057948
601	-0.058292	-0.058383	-0.058214
602	-0.058409	-0.058513	-0.058298
603	-0.058511	-0.058623	-0.058372
604	-0.058528	-0.058612	-0.058385
605	-0.05854	-0.0586	-0.058394
606	-0.058419	-0.05854	-0.058321
607	-0.058297	-0.05848	-0.058247
608	-0.058195	-0.058348	-0.058118
609	-0.058095	-0.05821	-0.057984
610	-0.058063	-0.058174	-0.057923
611	-0.058046	-0.05816	-0.057878
612	-0.058045	-0.058172	-0.057906
613	-0.058049	-0.058194	-0.057962
614	-0.058091	-0.058233	-0.05802
615	-0.058157	-0.058283	-0.058079
616	-0.058195	-0.058324	-0.058113
617	-0.058205	-0.058358	-0.058122
618	-0.058282	-0.058443	-0.058193
619	-0.058461	-0.058605	-0.058356
620	-0.058569	-0.058714	-0.058482
621	-0.058513	-0.058695	-0.058521
622	-0.058485	-0.058692	-0.058561
623	-0.058573	-0.058758	-0.058601
624	-0.058659	-0.058826	-0.058642
625	-0.058742	-0.058905	-0.0587
626	-0.058824	-0.058985	-0.058757
627	-0.058855	-0.059049	-0.058835
628	-0.058886	-0.059113	-0.058912
629	-0.058914	-0.059109	-0.058886
630	-0.058941	-0.059096	-0.058848
631	-0.059034	-0.059162	-0.058913
632	-0.059143	-0.059248	-0.059006
633	-0.05921	-0.059336	-0.059122
634	-0.059259	-0.059426	-0.059248
635	-0.059359	-0.059541	-0.05933
636	-0.059494	-0.059674	-0.059382
637	-0.059582	-0.059758	-0.059455
638	-0.059624	-0.059793	-0.059549
639	-0.05968	-0.05984	-0.05964
640	-0.059758	-0.059902	-0.059726
641	-0.059843	-0.059994	-0.059817
642	-0.059945	-0.060152	-0.059921
643	-0.060044	-0.060285	-0.060018
644	-0.060132	-0.060329	-0.060091
645	-0.060234	-0.060389	-0.060178
646	-0.060432	-0.060561	-0.060366
647	-0.060637	-0.060741	-0.060561
648	-0.061015	-0.061166	-0.060918
649	-0.061394	-0.061591	-0.061274
650	-0.062011	-0.062189	-0.06191
651	-0.062642	-0.062799	-0.062562
652	-0.063207	-0.063363	-0.063166
653	-0.06376	-0.063919	-0.063761
654	-0.064073	-0.064211	-0.06405
655	-0.06431	-0.064421	-0.064243
656	-0.064447	-0.064557	-0.064376
657	-0.064536	-0.064658	-0.06448
658	-0.064647	-0.064755	-0.064603
659	-0.064774	-0.06485	-0.064738
660	-0.064877	-0.064959	-0.064865
661	-0.064957	-0.065083	-0.064985
662	-0.064943	-0.065078	-0.064951
663	-0.064797	-0.064893	-0.064701
664	-0.064596	-0.064682	-0.064433
665	-0.06428	-0.064419	-0.064132
666	-0.064013	-0.064198	-0.063902
667	-0.063891	-0.064108	-0.063889
668	-0.063794	-0.064034	-0.063874
669	-0.063827	-0.064048	-0.063849
670	-0.063871	-0.064074	-0.063838
671	-0.06405	-0.064237	-0.063976
672	-0.064229	-0.064399	-0.064114
673	-0.064327	-0.064527	-0.064225
674	-0.064424	-0.064655	-0.064337
675	-0.064641	-0.064878	-0.064595
676	-0.064867	-0.06511	-0.064867
677	-0.064996	-0.065222	-0.06501
678	-0.065105	-0.065312	-0.065128
679	-0.065342	-0.06558	-0.065335
680	-0.065619	-0.065905	-0.065569
681	-0.065946	-0.066214	-0.065886
682	-0.066296	-0.066517	-0.066242
683	-0.066575	-0.066774	-0.066527
684	-0.066808	-0.067002	-0.066766
685	-0.067096	-0.067273	-0.067037
686	-0.067432	-0.067582	-0.067336
687	-0.06771	-0.067844	-0.067608
688	-0.06792	-0.068053	-0.067847
689	-0.068176	-0.068324	-0.068136
690	-0.068504	-0.068696	-0.068505
691	-0.068859	-0.069085	-0.068884
692	-0.069271	-0.069512	-0.069287
693	-0.069645	-0.069897	-0.069644
694	-0.069896	-0.070145	-0.069857
695	-0.07018	-0.070428	-0.070114
696	-0.070625	-0.070883	-0.070582
697	-0.071071	-0.071329	-0.071048
698	-0.071513	-0.071696	-0.071506
699	-0.071949	-0.07206	-0.071957
700	-0.07222	-0.072338	-0.072197
701	-0.072491	-0.072616	-0.072438
702	-0.072818	-0.072979	-0.072718
703	-0.073148	-0.073345	-0.073
704	-0.073645	-0.073826	-0.073461
705	-0.074162	-0.074319	-0.073942
706	-0.074599	-0.074825	-0.0745
707	-0.07502	-0.075333	-0.075073
708	-0.075427	-0.075781	-0.075528
709	-0.07583	-0.076211	-0.075947
710	-0.076353	-0.076688	-0.076433
711	-0.076926	-0.077184	-0.076948
712	-0.077645	-0.077908	-0.077659
713	-0.078444	-0.078759	-0.078481
714	-0.078932	-0.079243	-0.078989
715	-0.079193	-0.079462	-0.079272
716	-0.0798	-0.080037	-0.079877
717	-0.080726	-0.080944	-0.08078
718	-0.081525	-0.081664	-0.08148
719	-0.082175	-0.082165	-0.081942
720	-0.082952	-0.082844	-0.082604
[LOG]
CHECKSUMÏK