[HEADER]
Format	J&M ASCII Table
Comment	
Date	19/08/2026 10:36:44
Order	Y (evenX)
TechType	UV
NumPoints	411
FirstX	310
LastX	720
XType	nm
YType	Absorbance
ZType	s
NumSubFile	3
Matrix	Z vs X
[LOGIN]
Name=pcbob
[INSTRUMENT]
Name=TIDAS E Base UV/VI
Detector=MMS - ASPEN 97,5 kHz
Diodearray=256 Pixel
Serial#=36584
Calibrated=2011-07-01
Range=183.81-729.88 [nm] (F0)

SWVersion=v3.18.2 (build 0)[LOGIN]
Name=pcbob
[CONFIG]
ChannelName=Channel 1
ChannelType=Normalized
[PARAMETER]
It=350,00
Aver=5
Norm=3
Range=310,0-720,0 nm
Scan=Time
ScanTime=5,00 s
[TRIGGER]
Sweep=0
Scan=0
[DIO]
DigOut=0x0000
DigIn=0x0000
[DATA]
	00:00:00,000	00:00:01,750	00:00:03,500
310	0.69999	0.699816	0.699312
311	0.685861	0.68567	0.685178
312	0.672134	0.671899	0.671508
313	0.658892	0.658628	0.658265
314	0.64632	0.646046	0.645613
315	0.633897	0.633609	0.633136
316	0.621942	0.621626	0.621207
317	0.61003	0.60969	0.609327
318	0.598742	0.598434	0.598159
319	0.587453	0.587178	0.586992
320	0.576481	0.576238	0.575982
321	0.565549	0.56534	0.564992
322	0.554858	0.554585	0.554276
323	0.544267	0.543889	0.543674
324	0.533841	0.533436	0.53326
325	0.523559	0.523196	0.523013
326	0.513377	0.513043	0.512829
327	0.503376	0.50305	0.502758
328	0.493445	0.493114	0.492765
329	0.483841	0.483442	0.483135
330	0.474236	0.47377	0.473506
331	0.464698	0.464311	0.464069
332	0.45516	0.454851	0.454632
333	0.445852	0.445582	0.445337
334	0.436593	0.436353	0.436071
335	0.427517	0.427349	0.427034
336	0.41854	0.418465	0.418121
337	0.409761	0.409726	0.409385
338	0.401202	0.401148	0.400847
339	0.392714	0.392625	0.39236
340	0.384394	0.384233	0.383994
341	0.376113	0.375892	0.375678
342	0.368115	0.367917	0.367718
343	0.360117	0.359942	0.359759
344	0.352266	0.352157	0.351967
345	0.344423	0.344382	0.344185
346	0.336975	0.336898	0.336736
347	0.329644	0.329499	0.329386
348	0.322509	0.322382	0.322242
349	0.315505	0.315453	0.315236
350	0.308635	0.308596	0.30836
351	0.301947	0.301836	0.301659
352	0.295312	0.295175	0.295028
353	0.28883	0.288811	0.288602
354	0.282379	0.28246	0.282197
355	0.276276	0.276267	0.276033
356	0.270174	0.270074	0.269869
357	0.264213	0.264106	0.26392
358	0.258266	0.258161	0.257993
359	0.252387	0.252349	0.252205
360	0.246533	0.246586	0.246468
361	0.240913	0.240978	0.24087
362	0.235476	0.235492	0.235381
363	0.23018	0.230156	0.23005
364	0.225108	0.225055	0.224969
365	0.220058	0.219978	0.219907
366	0.215088	0.214992	0.214911
367	0.210138	0.210027	0.209938
368	0.205595	0.205545	0.205458
369	0.201052	0.201062	0.200977
370	0.196536	0.196554	0.196436
371	0.192023	0.192044	0.191886
372	0.187658	0.187674	0.187535
373	0.183356	0.183365	0.183267
374	0.179148	0.179153	0.179045
375	0.175023	0.175028	0.174865
376	0.171001	0.171006	0.170816
377	0.167164	0.167165	0.166996
378	0.16336	0.163355	0.16321
379	0.159699	0.15967	0.159561
380	0.15604	0.155987	0.155914
381	0.152449	0.152405	0.15235
382	0.148858	0.148823	0.148786
383	0.145396	0.145364	0.145334
384	0.141957	0.141927	0.141901
385	0.138689	0.138652	0.13864
386	0.1355	0.135452	0.135458
387	0.132435	0.132387	0.132378
388	0.129487	0.12945	0.129395
389	0.126549	0.12652	0.126445
390	0.12363	0.123606	0.123558
391	0.120762	0.120738	0.120714
392	0.118126	0.118079	0.118067
393	0.115491	0.115422	0.115422
394	0.112939	0.11291	0.112872
395	0.110387	0.110398	0.110322
396	0.108019	0.108085	0.10794
397	0.105684	0.105809	0.105589
398	0.103384	0.103514	0.103303
399	0.1011	0.101211	0.101047
400	0.098866	0.098944	0.098833
401	0.096678	0.096712	0.096658
402	0.094522	0.094534	0.094499
403	0.092427	0.092457	0.092373
404	0.090338	0.090382	0.090257
405	0.088276	0.088315	0.088193
406	0.086213	0.086248	0.086128
407	0.084118	0.084209	0.084078
408	0.082023	0.08217	0.082028
409	0.080026	0.080109	0.080047
410	0.078046	0.078044	0.078077
411	0.07609	0.076083	0.076124
412	0.074144	0.074168	0.074177
413	0.072292	0.072327	0.072307
414	0.070525	0.070552	0.070504
415	0.068777	0.068782	0.068736
416	0.067062	0.06702	0.067029
417	0.065327	0.065257	0.065302
418	0.063507	0.063489	0.063493
419	0.061695	0.061726	0.061688
420	0.060045	0.060092	0.060001
421	0.058396	0.058458	0.058313
422	0.056834	0.056915	0.056772
423	0.055284	0.055385	0.055252
424	0.053822	0.053869	0.053787
425	0.052394	0.052358	0.052342
426	0.050853	0.050811	0.050801
427	0.049223	0.049234	0.049181
428	0.047594	0.04764	0.047557
429	0.04597	0.046019	0.045927
430	0.044354	0.044415	0.044325
431	0.042765	0.042868	0.042814
432	0.04119	0.041331	0.041309
433	0.039792	0.039932	0.039887
434	0.038394	0.038532	0.038465
435	0.036985	0.037094	0.03701
436	0.035575	0.035653	0.035551
437	0.034134	0.034208	0.034118
438	0.032684	0.032761	0.032693
439	0.031342	0.031408	0.031336
440	0.030072	0.030119	0.030025
441	0.028808	0.028863	0.028776
442	0.02755	0.027649	0.027607
443	0.026338	0.026461	0.026441
444	0.025242	0.025338	0.025283
445	0.024139	0.024208	0.024124
446	0.022987	0.023033	0.022953
447	0.021836	0.021859	0.021782
448	0.020787	0.020829	0.020777
449	0.019741	0.019804	0.019777
450	0.018776	0.018842	0.018796
451	0.01783	0.017894	0.017819
452	0.016897	0.016966	0.016876
453	0.015971	0.016048	0.015952
454	0.015113	0.015184	0.015079
455	0.014321	0.014372	0.014258
456	0.013505	0.013548	0.013424
457	0.012644	0.012698	0.012567
458	0.011787	0.011848	0.011712
459	0.010942	0.010993	0.010864
460	0.010093	0.010137	0.010015
461	0.009182	0.009275	0.009149
462	0.008271	0.008414	0.008283
463	0.00745	0.007575	0.007446
464	0.006641	0.00674	0.006612
465	0.005827	0.005922	0.00578
466	0.005012	0.005111	0.004949
467	0.004158	0.004265	0.004083
468	0.003277	0.003393	0.003192
469	0.002394	0.002504	0.002305
470	0.001508	0.001591	0.001423
471	0.000636	0.000708	0.000561
472	-0.000205	-0.000102	-0.000251
473	-0.001037	-0.000908	-0.001056
474	-0.001817	-0.001684	-0.00182
475	-0.002597	-0.00246	-0.002584
476	-0.003342	-0.00323	-0.003346
477	-0.004086	-0.004	-0.004108
478	-0.004844	-0.00477	-0.004854
479	-0.005605	-0.00554	-0.005597
480	-0.006311	-0.00624	-0.006328
481	-0.006993	-0.006906	-0.007053
482	-0.007701	-0.007613	-0.007763
483	-0.008433	-0.008355	-0.00846
484	-0.009072	-0.009012	-0.009103
485	-0.009567	-0.009536	-0.009662
486	-0.010048	-0.010026	-0.010183
487	-0.010484	-0.01041	-0.010584
488	-0.010916	-0.010798	-0.01098
489	-0.011295	-0.011214	-0.011337
490	-0.011675	-0.011631	-0.011693
491	-0.012241	-0.012142	-0.01227
492	-0.012817	-0.012658	-0.012859
493	-0.013312	-0.01316	-0.013335
494	-0.013786	-0.013658	-0.013784
495	-0.014243	-0.014126	-0.014263
496	-0.014692	-0.014578	-0.014758
497	-0.015188	-0.015086	-0.015258
498	-0.015728	-0.015648	-0.015762
499	-0.016263	-0.016183	-0.01627
500	-0.016791	-0.016673	-0.016788
501	-0.017314	-0.017174	-0.017298
502	-0.017825	-0.017712	-0.017786
503	-0.018332	-0.018245	-0.018276
504	-0.018807	-0.018715	-0.01879
505	-0.019282	-0.019185	-0.019304
506	-0.019803	-0.019708	-0.019846
507	-0.020328	-0.020234	-0.02039
508	-0.02082	-0.020743	-0.020871
509	-0.021304	-0.021249	-0.021338
510	-0.021756	-0.021706	-0.021801
511	-0.022192	-0.022138	-0.022262
512	-0.022629	-0.022566	-0.022689
513	-0.023067	-0.022989	-0.023086
514	-0.023475	-0.023376	-0.023467
515	-0.023833	-0.023707	-0.023821
516	-0.024193	-0.024046	-0.024179
517	-0.024562	-0.024408	-0.024546
518	-0.024918	-0.024764	-0.024905
519	-0.025173	-0.02507	-0.025194
520	-0.025427	-0.025375	-0.025484
521	-0.025752	-0.025686	-0.025805
522	-0.026079	-0.025998	-0.026128
523	-0.02635	-0.026275	-0.026415
524	-0.02661	-0.026546	-0.026695
525	-0.026919	-0.026858	-0.026976
526	-0.027249	-0.027188	-0.027257
527	-0.02756	-0.027485	-0.027528
528	-0.027856	-0.027755	-0.027792
529	-0.02813	-0.028022	-0.028061
530	-0.028374	-0.028283	-0.028336
531	-0.028644	-0.02856	-0.028634
532	-0.028975	-0.028872	-0.028987
533	-0.029294	-0.02918	-0.029322
534	-0.029544	-0.029462	-0.029564
535	-0.029798	-0.029746	-0.02981
536	-0.030173	-0.030109	-0.030166
537	-0.030548	-0.030471	-0.030522
538	-0.030875	-0.030783	-0.03085
539	-0.031197	-0.03109	-0.031174
540	-0.031539	-0.03144	-0.031532
541	-0.031887	-0.031803	-0.031901
542	-0.032196	-0.032106	-0.032207
543	-0.032482	-0.032373	-0.032478
544	-0.032813	-0.032702	-0.032814
545	-0.033187	-0.033093	-0.033215
546	-0.033546	-0.033452	-0.033581
547	-0.033877	-0.033758	-0.033887
548	-0.034193	-0.034054	-0.03419
549	-0.034461	-0.034318	-0.034479
550	-0.034728	-0.034585	-0.034769
551	-0.034987	-0.034884	-0.035061
552	-0.035246	-0.035184	-0.035354
553	-0.035587	-0.035507	-0.035655
554	-0.03593	-0.035831	-0.035955
555	-0.036159	-0.036081	-0.036197
556	-0.03637	-0.03632	-0.036429
557	-0.036584	-0.036545	-0.03666
558	-0.0368	-0.036766	-0.03689
559	-0.037075	-0.037033	-0.03715
560	-0.03739	-0.037331	-0.037431
561	-0.037707	-0.037624	-0.037732
562	-0.038027	-0.037913	-0.038057
563	-0.038318	-0.038193	-0.038356
564	-0.038557	-0.038459	-0.03861
565	-0.03883	-0.038746	-0.038881
566	-0.039212	-0.039105	-0.039206
567	-0.039587	-0.039461	-0.039534
568	-0.039907	-0.039799	-0.039876
569	-0.040227	-0.040137	-0.040218
570	-0.04055	-0.040462	-0.040575
571	-0.040874	-0.040786	-0.040933
572	-0.041166	-0.041099	-0.041213
573	-0.041452	-0.04141	-0.041482
574	-0.04178	-0.041726	-0.041782
575	-0.04212	-0.042045	-0.042093
576	-0.042413	-0.042319	-0.042384
577	-0.042677	-0.042568	-0.042664
578	-0.042921	-0.042812	-0.042922
579	-0.043145	-0.043053	-0.043159
580	-0.043373	-0.04329	-0.043391
581	-0.043608	-0.043522	-0.043616
582	-0.043848	-0.043756	-0.043841
583	-0.044102	-0.043994	-0.04407
584	-0.044342	-0.044223	-0.044295
585	-0.044518	-0.044402	-0.044497
586	-0.044695	-0.044582	-0.0447
587	-0.044905	-0.044798	-0.044931
588	-0.045116	-0.045014	-0.045163
589	-0.04534	-0.045245	-0.04537
590	-0.045566	-0.045476	-0.045576
591	-0.045805	-0.045726	-0.045815
592	-0.046047	-0.045981	-0.046061
593	-0.046343	-0.046261	-0.046331
594	-0.046661	-0.046553	-0.04661
595	-0.047038	-0.046925	-0.046991
596	-0.047457	-0.047351	-0.047443
597	-0.047884	-0.04778	-0.047871
598	-0.04832	-0.04821	-0.048272
599	-0.048704	-0.048605	-0.048639
600	-0.048996	-0.048938	-0.048948
601	-0.049245	-0.049213	-0.049217
602	-0.049372	-0.049318	-0.049366
603	-0.049484	-0.049407	-0.049491
604	-0.049508	-0.049396	-0.04948
605	-0.049525	-0.049382	-0.049464
606	-0.04936	-0.049256	-0.049317
607	-0.049194	-0.049129	-0.04917
608	-0.049093	-0.049028	-0.049069
609	-0.048997	-0.048928	-0.048971
610	-0.048875	-0.048808	-0.048851
611	-0.048747	-0.048683	-0.048725
612	-0.048726	-0.048656	-0.048716
613	-0.048747	-0.048667	-0.048753
614	-0.048768	-0.048684	-0.048767
615	-0.048788	-0.048704	-0.048766
616	-0.048826	-0.048721	-0.048786
617	-0.048881	-0.048734	-0.048828
618	-0.04893	-0.048786	-0.048886
619	-0.04897	-0.048894	-0.048968
620	-0.048983	-0.048959	-0.049018
621	-0.048931	-0.04892	-0.04899
622	-0.048907	-0.048904	-0.048981
623	-0.049002	-0.048983	-0.049048
624	-0.049086	-0.049049	-0.049106
625	-0.049068	-0.049001	-0.049071
626	-0.049051	-0.048952	-0.049036
627	-0.049093	-0.048996	-0.049093
628	-0.049135	-0.049041	-0.04915
629	-0.049167	-0.049056	-0.049159
630	-0.049198	-0.049068	-0.049162
631	-0.049259	-0.049114	-0.049209
632	-0.049328	-0.04917	-0.049266
633	-0.049379	-0.049237	-0.04934
634	-0.049422	-0.049308	-0.049423
635	-0.049441	-0.049378	-0.049481
636	-0.049446	-0.049448	-0.049523
637	-0.049519	-0.049517	-0.049579
638	-0.04966	-0.049587	-0.049649
639	-0.049772	-0.049648	-0.049716
640	-0.04984	-0.049698	-0.049777
641	-0.049894	-0.049755	-0.049858
642	-0.049919	-0.049829	-0.049984
643	-0.049957	-0.049893	-0.05009
644	-0.050048	-0.049927	-0.050128
645	-0.050152	-0.049988	-0.050187
646	-0.050342	-0.050237	-0.050393
647	-0.050538	-0.050489	-0.050606
648	-0.050918	-0.050859	-0.051023
649	-0.051299	-0.051228	-0.051439
650	-0.05197	-0.051913	-0.052054
651	-0.05266	-0.052618	-0.052682
652	-0.05336	-0.053321	-0.053391
653	-0.054062	-0.054024	-0.054114
654	-0.054472	-0.054402	-0.054527
655	-0.054791	-0.054679	-0.054844
656	-0.054974	-0.054889	-0.055015
657	-0.055091	-0.055066	-0.055116
658	-0.055184	-0.055153	-0.055184
659	-0.055259	-0.055175	-0.055229
660	-0.055258	-0.055134	-0.055241
661	-0.055181	-0.055031	-0.055221
662	-0.055021	-0.054875	-0.05509
663	-0.054742	-0.054644	-0.054803
664	-0.054449	-0.054389	-0.054504
665	-0.054126	-0.054083	-0.054183
666	-0.053851	-0.053805	-0.053905
667	-0.053723	-0.053613	-0.053757
668	-0.053618	-0.053457	-0.053643
669	-0.05363	-0.053489	-0.053697
670	-0.053659	-0.053538	-0.053758
671	-0.053871	-0.05377	-0.053899
672	-0.054084	-0.054003	-0.05404
673	-0.054132	-0.054056	-0.054161
674	-0.05418	-0.05411	-0.054281
675	-0.054432	-0.054371	-0.05456
676	-0.054703	-0.054651	-0.054853
677	-0.05488	-0.05479	-0.05494
678	-0.055039	-0.054902	-0.054988
679	-0.055236	-0.055118	-0.055221
680	-0.055444	-0.055366	-0.055511
681	-0.055719	-0.055644	-0.055802
682	-0.056024	-0.055936	-0.056095
683	-0.056296	-0.056222	-0.056349
684	-0.056547	-0.056505	-0.056577
685	-0.05687	-0.056796	-0.056885
686	-0.057256	-0.057095	-0.057261
687	-0.057524	-0.057368	-0.057555
688	-0.057651	-0.05761	-0.057751
689	-0.057883	-0.057864	-0.058011
690	-0.058279	-0.058137	-0.058371
691	-0.058617	-0.058416	-0.058686
692	-0.058826	-0.058709	-0.058903
693	-0.059063	-0.059006	-0.059134
694	-0.059389	-0.059315	-0.059403
695	-0.059754	-0.059669	-0.059735
696	-0.060316	-0.060236	-0.060367
697	-0.060855	-0.06078	-0.060971
698	-0.061203	-0.061113	-0.061312
699	-0.061547	-0.061442	-0.061652
700	-0.0618	-0.061669	-0.061939
701	-0.062052	-0.061897	-0.062225
702	-0.062427	-0.06233	-0.06252
703	-0.062806	-0.06277	-0.062815
704	-0.063278	-0.063184	-0.063347
705	-0.063761	-0.063595	-0.063906
706	-0.064224	-0.064081	-0.064327
707	-0.064683	-0.064582	-0.064721
708	-0.065169	-0.065075	-0.065188
709	-0.065663	-0.065565	-0.065677
710	-0.066198	-0.06608	-0.06614
711	-0.066749	-0.066606	-0.066591
712	-0.067438	-0.067299	-0.067314
713	-0.068205	-0.068086	-0.06819
714	-0.068671	-0.068592	-0.068668
715	-0.068919	-0.068894	-0.068857
716	-0.069509	-0.069444	-0.069387
717	-0.070414	-0.070226	-0.070234
718	-0.071154	-0.070996	-0.070984
719	-0.0717	-0.071752	-0.071621
720	-0.072462	-0.072527	-0.072365
[LOG]
CHECKSUM¿j