[HEADER]
Format	J&M ASCII Table
Comment	
Date	19/08/2026 11:03:49
Order	Y (evenX)
TechType	UV
NumPoints	411
FirstX	310
LastX	720
XType	nm
YType	Absorbance
ZType	s
NumSubFile	3
Matrix	Z vs X
[LOGIN]
Name=pcbob
[INSTRUMENT]
Name=TIDAS E Base UV/VI
Detector=MMS - ASPEN 97,5 kHz
Diodearray=256 Pixel
Serial#=36584
Calibrated=2011-07-01
Range=183.81-729.88 [nm] (F0)

SWVersion=v3.18.2 (build 0)[LOGIN]
Name=pcbob
[CONFIG]
ChannelName=Channel 1
ChannelType=Normalized
[PARAMETER]
It=350,00
Aver=5
Norm=3
Range=310,0-720,0 nm
Scan=Time
ScanTime=5,00 s
[TRIGGER]
Sweep=0
Scan=0
[DIO]
DigOut=0x0000
DigIn=0x0000
[DATA]
	00:00:00,000	00:00:01,750	00:00:03,500
310	0.676802	0.676561	0.676474
311	0.662524	0.662302	0.662224
312	0.648706	0.648562	0.648465
313	0.635295	0.635189	0.635074
314	0.622446	0.622325	0.622195
315	0.609785	0.609663	0.609506
316	0.597712	0.597636	0.597413
317	0.585669	0.585633	0.585354
318	0.57408	0.573982	0.573774
319	0.562491	0.562332	0.562195
320	0.551301	0.551158	0.551
321	0.540162	0.540046	0.539854
322	0.529294	0.529101	0.528954
323	0.518537	0.518225	0.518154
324	0.507959	0.507651	0.507596
325	0.49754	0.497342	0.497252
326	0.487231	0.487114	0.486992
327	0.477122	0.477034	0.476885
328	0.467074	0.467007	0.466832
329	0.457314	0.457229	0.457032
330	0.447553	0.447451	0.447232
331	0.438273	0.438134	0.43785
332	0.428992	0.428818	0.428469
333	0.419876	0.419755	0.419441
334	0.410795	0.410747	0.410488
335	0.401997	0.401981	0.401714
336	0.393352	0.393346	0.393036
337	0.384803	0.38482	0.384507
338	0.376361	0.376416	0.376144
339	0.36802	0.368084	0.367858
340	0.359918	0.359926	0.359751
341	0.351878	0.351836	0.351705
342	0.34428	0.344234	0.344095
343	0.336682	0.336633	0.336485
344	0.329263	0.329185	0.329041
345	0.321854	0.321746	0.321606
346	0.31481	0.314733	0.314564
347	0.307872	0.307844	0.307639
348	0.301158	0.301132	0.300957
349	0.294594	0.294539	0.294439
350	0.288142	0.288056	0.288023
351	0.281839	0.281721	0.281743
352	0.275619	0.275501	0.275546
353	0.269645	0.269624	0.269593
354	0.263686	0.263752	0.26365
355	0.25791	0.257938	0.257817
356	0.252135	0.252124	0.251984
357	0.246537	0.24652	0.246434
358	0.240959	0.240938	0.240914
359	0.235576	0.2355	0.235513
360	0.230266	0.230114	0.230156
361	0.225087	0.22494	0.224944
362	0.220013	0.219933	0.219846
363	0.215009	0.214965	0.214839
364	0.210114	0.210057	0.209975
365	0.205284	0.205226	0.205172
366	0.200691	0.200671	0.200595
367	0.196112	0.196129	0.196029
368	0.191839	0.191837	0.191705
369	0.187566	0.187546	0.18738
370	0.18332	0.183318	0.183203
371	0.179078	0.179098	0.179047
372	0.174969	0.174958	0.174914
373	0.170915	0.170853	0.17079
374	0.166924	0.166865	0.166769
375	0.162988	0.16298	0.162837
376	0.159125	0.159124	0.158975
377	0.155389	0.15532	0.155235
378	0.151671	0.151555	0.151514
379	0.148024	0.147953	0.147876
380	0.144379	0.144352	0.144238
381	0.140772	0.14082	0.140658
382	0.137166	0.137287	0.137077
383	0.133684	0.133736	0.133536
384	0.130223	0.130182	0.130001
385	0.126861	0.126816	0.126627
386	0.123544	0.123536	0.123327
387	0.12035	0.120365	0.120159
388	0.117272	0.117296	0.117115
389	0.114194	0.114219	0.114058
390	0.111115	0.111129	0.110979
391	0.108078	0.108082	0.107939
392	0.105234	0.105228	0.105071
393	0.102392	0.102377	0.102206
394	0.099686	0.099685	0.0995
395	0.096979	0.096993	0.096795
396	0.094372	0.094382	0.094182
397	0.091782	0.091785	0.091586
398	0.089261	0.089242	0.089034
399	0.086771	0.086725	0.086503
400	0.084344	0.084297	0.084074
401	0.081975	0.081953	0.081741
402	0.079641	0.079615	0.079422
403	0.077373	0.077289	0.077126
404	0.075095	0.074968	0.074822
405	0.07277	0.072669	0.07248
406	0.070446	0.07037	0.070139
407	0.068126	0.06808	0.067864
408	0.065806	0.06579	0.065589
409	0.063534	0.063495	0.063288
410	0.061272	0.0612	0.060983
411	0.059014	0.058914	0.058696
412	0.056759	0.056632	0.056417
413	0.054611	0.054488	0.054268
414	0.052559	0.052466	0.052237
415	0.050515	0.050449	0.05023
416	0.048485	0.048438	0.048264
417	0.046471	0.046432	0.046285
418	0.044524	0.04444	0.04425
419	0.042576	0.04245	0.042219
420	0.040582	0.040515	0.040281
421	0.038588	0.03858	0.038343
422	0.036857	0.036871	0.036669
423	0.035163	0.035193	0.035031
424	0.033471	0.033492	0.033343
425	0.031782	0.031782	0.031635
426	0.030006	0.029982	0.029807
427	0.028161	0.02811	0.027884
428	0.02635	0.026273	0.026007
429	0.024591	0.024488	0.0242
430	0.02283	0.022719	0.022424
431	0.021063	0.021002	0.020753
432	0.01931	0.019293	0.019084
433	0.017726	0.017704	0.017445
434	0.016142	0.016115	0.015807
435	0.014451	0.014396	0.014116
436	0.012751	0.012665	0.012419
437	0.011172	0.011074	0.010836
438	0.009631	0.009527	0.00929
439	0.008105	0.008007	0.007738
440	0.006588	0.006505	0.006181
441	0.005113	0.005047	0.0047
442	0.003693	0.003645	0.003315
443	0.002306	0.002272	0.001955
444	0.001005	0.000973	0.000657
445	-0.000294	-0.000328	-0.00064
446	-0.001588	-0.001643	-0.001943
447	-0.002882	-0.002958	-0.003246
448	-0.004061	-0.004135	-0.004442
449	-0.005235	-0.005308	-0.005634
450	-0.006376	-0.006449	-0.006794
451	-0.00751	-0.007584	-0.007946
452	-0.008632	-0.0087	-0.009061
453	-0.00975	-0.009808	-0.010156
454	-0.010781	-0.010832	-0.011167
455	-0.011725	-0.011773	-0.012095
456	-0.012664	-0.012723	-0.013033
457	-0.013592	-0.01369	-0.013988
458	-0.014528	-0.014659	-0.014947
459	-0.015497	-0.015635	-0.015922
460	-0.016467	-0.016611	-0.016899
461	-0.017464	-0.017587	-0.017931
462	-0.018461	-0.018564	-0.018962
463	-0.019485	-0.019577	-0.019978
464	-0.020513	-0.020594	-0.020991
465	-0.021519	-0.021614	-0.021984
466	-0.022517	-0.022636	-0.022969
467	-0.023502	-0.023638	-0.023976
468	-0.024479	-0.024626	-0.024999
469	-0.02553	-0.025658	-0.026078
470	-0.026681	-0.026748	-0.027229
471	-0.027778	-0.027813	-0.028325
472	-0.028743	-0.02881	-0.029279
473	-0.029704	-0.029802	-0.030228
474	-0.030644	-0.030763	-0.031146
475	-0.031583	-0.031723	-0.032063
476	-0.032482	-0.032602	-0.032967
477	-0.03338	-0.033479	-0.03387
478	-0.034245	-0.034374	-0.034745
479	-0.035104	-0.035271	-0.035616
480	-0.035934	-0.036086	-0.036449
481	-0.036751	-0.036863	-0.037265
482	-0.03753	-0.037624	-0.038039
483	-0.038277	-0.03837	-0.038777
484	-0.038934	-0.039042	-0.039408
485	-0.039447	-0.039595	-0.039872
486	-0.039963	-0.040136	-0.04036
487	-0.040489	-0.040637	-0.040921
488	-0.04102	-0.041143	-0.041485
489	-0.041603	-0.041707	-0.042072
490	-0.042187	-0.04227	-0.042658
491	-0.042868	-0.042949	-0.043327
492	-0.043554	-0.043634	-0.044
493	-0.044171	-0.044258	-0.044639
494	-0.044771	-0.044866	-0.04527
495	-0.045349	-0.045466	-0.045886
496	-0.045914	-0.046061	-0.046495
497	-0.046516	-0.046687	-0.047107
498	-0.04715	-0.047341	-0.047724
499	-0.047778	-0.047967	-0.048338
500	-0.048393	-0.048545	-0.048948
501	-0.049003	-0.049122	-0.049555
502	-0.049599	-0.049696	-0.050151
503	-0.050196	-0.050275	-0.050748
504	-0.050804	-0.050909	-0.051349
505	-0.051412	-0.051543	-0.051949
506	-0.052025	-0.052129	-0.0526
507	-0.052638	-0.052712	-0.053254
508	-0.053189	-0.053272	-0.053786
509	-0.053723	-0.053826	-0.054288
510	-0.054271	-0.054364	-0.054814
511	-0.054826	-0.054894	-0.055353
512	-0.05536	-0.055419	-0.055889
513	-0.055877	-0.055939	-0.056422
514	-0.056353	-0.056404	-0.056896
515	-0.056761	-0.056784	-0.057274
516	-0.057164	-0.057173	-0.057667
517	-0.05755	-0.057595	-0.058105
518	-0.057933	-0.058014	-0.058532
519	-0.0583	-0.058401	-0.058875
520	-0.058666	-0.058787	-0.059217
521	-0.05901	-0.05912	-0.059598
522	-0.059352	-0.059451	-0.059981
523	-0.059688	-0.059797	-0.060294
524	-0.060021	-0.060145	-0.060593
525	-0.060362	-0.060477	-0.060908
526	-0.060705	-0.060803	-0.06123
527	-0.061026	-0.061108	-0.061552
528	-0.06133	-0.061399	-0.061872
529	-0.061611	-0.061681	-0.062175
530	-0.061861	-0.061952	-0.062455
531	-0.062128	-0.062239	-0.062744
532	-0.062435	-0.062562	-0.063051
533	-0.062747	-0.062885	-0.063355
534	-0.06308	-0.063207	-0.063646
535	-0.063413	-0.063531	-0.063939
536	-0.063777	-0.063899	-0.064326
537	-0.06414	-0.064267	-0.064712
538	-0.064449	-0.064586	-0.065023
539	-0.064752	-0.0649	-0.065325
540	-0.065099	-0.065224	-0.065654
541	-0.065459	-0.065552	-0.065991
542	-0.065797	-0.065887	-0.066326
543	-0.066123	-0.066227	-0.06666
544	-0.066482	-0.066592	-0.067021
545	-0.066875	-0.06698	-0.067407
546	-0.067238	-0.067342	-0.067775
547	-0.067553	-0.067661	-0.068111
548	-0.067879	-0.06799	-0.068444
549	-0.068244	-0.06835	-0.068766
550	-0.068602	-0.068708	-0.069088
551	-0.068917	-0.069056	-0.069414
552	-0.069232	-0.069404	-0.06974
553	-0.06956	-0.069704	-0.070098
554	-0.069889	-0.070003	-0.070457
555	-0.070168	-0.070304	-0.070729
556	-0.070438	-0.070607	-0.070988
557	-0.070723	-0.070864	-0.071258
558	-0.071013	-0.071104	-0.071534
559	-0.07132	-0.07141	-0.071846
560	-0.071636	-0.071757	-0.072183
561	-0.071931	-0.072066	-0.072482
562	-0.072203	-0.072336	-0.072743
563	-0.072477	-0.072604	-0.073009
564	-0.072757	-0.072868	-0.073287
565	-0.073033	-0.073138	-0.073559
566	-0.073298	-0.073423	-0.073813
567	-0.07356	-0.073701	-0.074064
568	-0.073801	-0.073915	-0.074287
569	-0.074042	-0.074129	-0.07451
570	-0.074247	-0.074352	-0.074697
571	-0.074451	-0.074574	-0.074883
572	-0.074653	-0.07477	-0.07509
573	-0.074853	-0.074963	-0.0753
574	-0.0751	-0.075197	-0.075528
575	-0.075361	-0.075445	-0.075762
576	-0.075568	-0.075628	-0.075947
577	-0.075742	-0.075774	-0.076105
578	-0.075919	-0.075949	-0.076274
579	-0.076098	-0.07615	-0.076454
580	-0.076286	-0.07635	-0.076645
581	-0.076488	-0.076547	-0.076855
582	-0.076716	-0.076773	-0.077088
583	-0.077013	-0.077074	-0.077383
584	-0.077299	-0.077364	-0.077671
585	-0.077527	-0.0776	-0.07792
586	-0.077756	-0.077837	-0.078169
587	-0.077995	-0.078106	-0.078399
588	-0.078234	-0.078376	-0.07863
589	-0.078511	-0.078638	-0.078934
590	-0.07879	-0.078899	-0.079243
591	-0.079079	-0.079173	-0.079539
592	-0.07937	-0.07945	-0.079833
593	-0.079652	-0.079719	-0.080096
594	-0.079931	-0.079985	-0.080346
595	-0.080299	-0.080346	-0.080701
596	-0.08073	-0.080775	-0.081129
597	-0.081157	-0.081196	-0.081553
598	-0.081579	-0.08161	-0.081975
599	-0.081963	-0.082001	-0.082365
600	-0.082284	-0.082352	-0.0827
601	-0.082553	-0.082638	-0.082972
602	-0.08267	-0.082732	-0.08306
603	-0.082774	-0.082819	-0.083142
604	-0.082795	-0.082868	-0.083185
605	-0.082814	-0.082912	-0.083223
606	-0.082765	-0.082825	-0.083131
607	-0.082717	-0.082738	-0.083039
608	-0.082686	-0.082714	-0.08304
609	-0.082657	-0.082695	-0.083049
610	-0.082683	-0.082731	-0.08308
611	-0.082721	-0.082779	-0.083117
612	-0.082769	-0.082845	-0.083185
613	-0.082822	-0.082919	-0.083264
614	-0.0829	-0.083014	-0.083362
615	-0.082995	-0.083123	-0.083472
616	-0.08311	-0.083232	-0.08358
617	-0.083244	-0.083342	-0.083688
618	-0.08341	-0.083505	-0.083852
619	-0.083627	-0.083749	-0.0841
620	-0.083802	-0.083933	-0.084291
621	-0.083879	-0.083976	-0.084349
622	-0.083963	-0.084042	-0.084417
623	-0.084076	-0.084201	-0.084528
624	-0.084185	-0.084352	-0.084639
625	-0.084257	-0.084423	-0.084744
626	-0.084328	-0.084494	-0.084849
627	-0.084473	-0.084615	-0.084981
628	-0.084618	-0.084737	-0.085113
629	-0.084674	-0.08479	-0.085181
630	-0.084719	-0.084835	-0.085242
631	-0.08484	-0.084944	-0.085335
632	-0.084981	-0.085069	-0.085437
633	-0.085096	-0.085182	-0.085568
634	-0.085199	-0.085289	-0.085713
635	-0.085322	-0.085424	-0.085862
636	-0.085457	-0.085579	-0.086014
637	-0.085597	-0.085725	-0.08617
638	-0.085742	-0.085862	-0.086331
639	-0.085868	-0.085978	-0.086462
640	-0.085968	-0.086065	-0.08655
641	-0.086088	-0.086183	-0.086658
642	-0.086252	-0.086371	-0.086808
643	-0.086391	-0.08653	-0.086935
644	-0.086437	-0.086586	-0.08698
645	-0.086499	-0.08665	-0.087039
646	-0.086671	-0.086772	-0.087202
647	-0.086849	-0.086902	-0.087369
648	-0.087196	-0.087263	-0.087684
649	-0.087542	-0.087624	-0.087998
650	-0.08799	-0.088094	-0.088419
651	-0.088444	-0.088569	-0.088846
652	-0.088785	-0.08888	-0.089166
653	-0.089106	-0.089161	-0.089468
654	-0.089219	-0.089268	-0.089589
655	-0.089268	-0.089321	-0.089653
656	-0.089381	-0.089447	-0.08976
657	-0.089526	-0.089609	-0.089888
658	-0.089705	-0.089818	-0.09007
659	-0.089908	-0.090059	-0.09029
660	-0.090158	-0.090305	-0.090521
661	-0.090455	-0.090555	-0.090764
662	-0.090633	-0.090716	-0.090928
663	-0.090641	-0.090753	-0.09098
664	-0.090582	-0.090696	-0.090964
665	-0.090387	-0.090448	-0.09081
666	-0.090214	-0.090239	-0.090676
667	-0.090112	-0.090148	-0.090605
668	-0.090034	-0.090092	-0.090551
669	-0.090073	-0.090216	-0.090588
670	-0.090131	-0.090349	-0.090642
671	-0.090411	-0.090588	-0.09088
672	-0.09069	-0.090827	-0.091118
673	-0.090862	-0.090972	-0.091268
674	-0.091034	-0.091117	-0.091417
675	-0.091289	-0.091391	-0.091709
676	-0.091552	-0.091677	-0.092014
677	-0.091718	-0.091852	-0.092148
678	-0.091865	-0.092006	-0.09225
679	-0.092119	-0.092218	-0.092532
680	-0.092406	-0.092448	-0.092871
681	-0.092678	-0.092752	-0.093168
682	-0.092943	-0.093091	-0.093445
683	-0.093196	-0.093372	-0.093728
684	-0.09344	-0.093615	-0.094013
685	-0.093749	-0.0939	-0.094303
686	-0.094114	-0.094221	-0.094597
687	-0.094409	-0.094521	-0.094864
688	-0.094621	-0.094797	-0.095097
689	-0.094855	-0.09507	-0.095374
690	-0.095123	-0.095339	-0.095721
691	-0.095447	-0.095642	-0.096068
692	-0.095894	-0.096022	-0.096411
693	-0.096321	-0.096399	-0.096765
694	-0.096683	-0.096771	-0.09715
695	-0.097059	-0.097171	-0.097551
696	-0.097499	-0.097712	-0.098028
697	-0.097917	-0.098215	-0.098476
698	-0.098133	-0.098381	-0.098672
699	-0.098354	-0.098553	-0.098872
700	-0.098718	-0.098885	-0.099213
701	-0.099081	-0.099217	-0.099555
702	-0.099378	-0.099572	-0.099794
703	-0.099673	-0.099928	-0.10003
704	-0.100023	-0.100191	-0.100389
705	-0.100379	-0.100445	-0.100762
706	-0.100849	-0.100912	-0.101265
707	-0.101342	-0.101422	-0.101794
708	-0.101643	-0.10173	-0.10209
709	-0.101885	-0.101976	-0.102315
710	-0.102277	-0.102364	-0.102705
711	-0.102732	-0.102811	-0.103164
712	-0.10327	-0.1034	-0.103686
713	-0.103856	-0.104067	-0.104244
714	-0.104189	-0.104343	-0.104539
715	-0.10434	-0.104334	-0.104645
716	-0.104739	-0.104682	-0.10503
717	-0.105368	-0.10536	-0.105673
718	-0.105913	-0.105939	-0.106198
719	-0.10636	-0.106399	-0.106583
720	-0.106783	-0.106882	-0.107016
[LOG]
CHECKSUMzç