[HEADER]
Format	J&M ASCII Table
Comment	
Date	19/08/2026 10:38:32
Order	Y (evenX)
TechType	UV
NumPoints	411
FirstX	310
LastX	720
XType	nm
YType	Absorbance
ZType	s
NumSubFile	3
Matrix	Z vs X
[LOGIN]
Name=pcbob
[INSTRUMENT]
Name=TIDAS E Base UV/VI
Detector=MMS - ASPEN 97,5 kHz
Diodearray=256 Pixel
Serial#=36584
Calibrated=2011-07-01
Range=183.81-729.88 [nm] (F0)

SWVersion=v3.18.2 (build 0)[LOGIN]
Name=pcbob
[CONFIG]
ChannelName=Channel 1
ChannelType=Normalized
[PARAMETER]
It=350,00
Aver=5
Norm=3
Range=310,0-720,0 nm
Scan=Time
ScanTime=5,00 s
[TRIGGER]
Sweep=0
Scan=0
[DIO]
DigOut=0x0000
DigIn=0x0000
[DATA]
	00:00:00,000	00:00:01,750	00:00:03,500
310	0.701255	0.701148	0.70091
311	0.687073	0.686976	0.686693
312	0.673346	0.673224	0.672902
313	0.660058	0.659923	0.659558
314	0.647377	0.647244	0.646831
315	0.634857	0.634696	0.634279
316	0.622841	0.622559	0.622278
317	0.610874	0.610477	0.610324
318	0.599637	0.599204	0.599074
319	0.588401	0.587932	0.587825
320	0.577386	0.57694	0.576807
321	0.5664	0.565984	0.565818
322	0.555639	0.555245	0.555048
323	0.544971	0.544595	0.544369
324	0.534453	0.534128	0.533862
325	0.524068	0.523822	0.523509
326	0.51384	0.513627	0.51328
327	0.503897	0.503634	0.503277
328	0.493992	0.493693	0.493336
329	0.484262	0.483992	0.483677
330	0.474532	0.474291	0.474019
331	0.465034	0.464823	0.464577
332	0.455537	0.455356	0.455135
333	0.446243	0.446065	0.445866
334	0.436992	0.436813	0.436633
335	0.427919	0.427738	0.427602
336	0.418943	0.418759	0.418679
337	0.41015	0.409971	0.409909
338	0.401564	0.401394	0.401308
339	0.393053	0.392877	0.392774
340	0.384722	0.384502	0.384394
341	0.37643	0.376177	0.376059
342	0.368408	0.368207	0.368045
343	0.360387	0.360236	0.360031
344	0.352632	0.352489	0.352243
345	0.344893	0.344753	0.344468
346	0.337394	0.337277	0.337024
347	0.329966	0.329877	0.329676
348	0.322765	0.322676	0.322537
349	0.315716	0.315609	0.315536
350	0.308793	0.308685	0.308633
351	0.302039	0.301954	0.301861
352	0.295381	0.295326	0.2952
353	0.28901	0.289001	0.288869
354	0.282654	0.28268	0.282548
355	0.276468	0.276415	0.27635
356	0.270283	0.270151	0.270152
357	0.264306	0.264181	0.264167
358	0.258351	0.258242	0.258204
359	0.252499	0.25237	0.252362
360	0.246686	0.246523	0.246565
361	0.24106	0.240887	0.240917
362	0.235582	0.235416	0.235386
363	0.230244	0.230109	0.230038
364	0.225129	0.225059	0.224978
365	0.220048	0.220035	0.219939
366	0.215093	0.215104	0.214972
367	0.210154	0.210189	0.210025
368	0.205582	0.205609	0.205485
369	0.201011	0.201029	0.200945
370	0.196506	0.196492	0.196414
371	0.192012	0.191962	0.191886
372	0.187629	0.187568	0.187528
373	0.183293	0.183231	0.183243
374	0.179076	0.179001	0.17904
375	0.174964	0.174867	0.17491
376	0.170955	0.170865	0.170896
377	0.167129	0.167097	0.167086
378	0.163333	0.163343	0.163297
379	0.159659	0.159644	0.159592
380	0.155986	0.155947	0.15589
381	0.152382	0.152343	0.152306
382	0.148778	0.148739	0.148721
383	0.145337	0.145298	0.145263
384	0.141924	0.141886	0.141825
385	0.138676	0.138631	0.138564
386	0.135502	0.135448	0.135384
387	0.132408	0.132355	0.132291
388	0.129388	0.129346	0.129282
389	0.126393	0.126364	0.126299
390	0.123443	0.12343	0.123367
391	0.120554	0.120548	0.120484
392	0.117934	0.117896	0.117824
393	0.115315	0.115245	0.115165
394	0.112766	0.112722	0.112638
395	0.110218	0.110198	0.110112
396	0.107828	0.107816	0.107769
397	0.105466	0.105459	0.10546
398	0.103159	0.103154	0.103167
399	0.100879	0.100873	0.100881
400	0.098633	0.09865	0.098637
401	0.09642	0.096482	0.096432
402	0.094238	0.094316	0.094261
403	0.092114	0.092156	0.092156
404	0.090005	0.090012	0.090051
405	0.087958	0.087945	0.08795
406	0.085911	0.085878	0.085849
407	0.083826	0.083832	0.083782
408	0.081741	0.081787	0.081715
409	0.079667	0.079755	0.079703
410	0.077595	0.077725	0.0777
411	0.075658	0.075761	0.07574
412	0.073781	0.073826	0.0738
413	0.071926	0.07195	0.07192
414	0.070089	0.070129	0.070094
415	0.068297	0.06832	0.068291
416	0.066579	0.066534	0.06653
417	0.064827	0.06474	0.064762
418	0.062932	0.062919	0.062969
419	0.061049	0.061104	0.06118
420	0.059452	0.059458	0.059509
421	0.057854	0.057811	0.057839
422	0.056306	0.056247	0.056271
423	0.054766	0.054695	0.054718
424	0.053272	0.053228	0.053234
425	0.051796	0.051795	0.051778
426	0.050233	0.05026	0.050224
427	0.0486	0.048644	0.048592
428	0.046983	0.047014	0.04696
429	0.045389	0.045364	0.045331
430	0.043794	0.043735	0.043717
431	0.042193	0.042173	0.042151
432	0.040606	0.040622	0.040595
433	0.039198	0.039207	0.039158
434	0.03779	0.037791	0.03772
435	0.036326	0.036308	0.036283
436	0.034857	0.034819	0.034845
437	0.033387	0.033356	0.033374
438	0.031918	0.031901	0.031893
439	0.030557	0.030546	0.030521
440	0.029271	0.02926	0.029224
441	0.028007	0.027981	0.027965
442	0.026772	0.026712	0.026756
443	0.025552	0.025482	0.025568
444	0.02437	0.024347	0.024431
445	0.02319	0.023211	0.023287
446	0.022023	0.022059	0.022088
447	0.020856	0.020906	0.020889
448	0.019853	0.019878	0.019889
449	0.018855	0.018853	0.018895
450	0.017885	0.017843	0.017901
451	0.016922	0.016837	0.016908
452	0.01595	0.015889	0.015929
453	0.014972	0.014973	0.014957
454	0.014082	0.014106	0.014068
455	0.013278	0.013287	0.013261
456	0.012455	0.012447	0.012438
457	0.011599	0.011568	0.011583
458	0.010744	0.010699	0.01073
459	0.009889	0.009873	0.009881
460	0.009033	0.009045	0.009031
461	0.008157	0.008171	0.008162
462	0.007281	0.007296	0.007292
463	0.006372	0.006389	0.006401
464	0.005458	0.005478	0.005506
465	0.004597	0.004624	0.004656
466	0.003755	0.003791	0.003822
467	0.002923	0.002934	0.002979
468	0.002098	0.002059	0.00213
469	0.00123	0.001173	0.001265
470	0.000307	0.000274	0.000378
471	-0.000598	-0.000615	-0.000514
472	-0.001459	-0.001478	-0.001418
473	-0.002307	-0.002329	-0.002306
474	-0.00307	-0.003105	-0.003092
475	-0.003834	-0.003882	-0.003878
476	-0.004653	-0.004665	-0.004648
477	-0.005473	-0.005448	-0.005417
478	-0.006213	-0.006185	-0.006149
479	-0.006937	-0.006912	-0.006875
480	-0.00764	-0.007624	-0.007593
481	-0.008335	-0.00833	-0.008309
482	-0.009033	-0.00906	-0.00904
483	-0.009735	-0.009812	-0.009785
484	-0.010379	-0.010476	-0.010447
485	-0.010932	-0.011001	-0.010977
486	-0.011451	-0.0115	-0.01147
487	-0.011861	-0.01192	-0.01185
488	-0.012274	-0.012337	-0.012237
489	-0.012705	-0.012733	-0.012693
490	-0.013137	-0.013129	-0.013148
491	-0.01369	-0.01368	-0.01367
492	-0.01425	-0.01424	-0.014195
493	-0.014725	-0.014735	-0.014689
494	-0.015179	-0.015215	-0.015175
495	-0.015637	-0.015678	-0.015667
496	-0.016097	-0.016132	-0.016162
497	-0.016607	-0.016646	-0.016674
498	-0.017163	-0.017217	-0.017202
499	-0.017712	-0.017771	-0.017734
500	-0.01825	-0.018297	-0.018275
501	-0.018781	-0.018823	-0.018805
502	-0.019294	-0.019352	-0.019302
503	-0.019806	-0.019879	-0.019797
504	-0.020304	-0.020377	-0.020269
505	-0.020803	-0.020876	-0.020742
506	-0.021353	-0.021415	-0.021288
507	-0.021907	-0.021958	-0.021839
508	-0.022402	-0.02241	-0.022308
509	-0.022882	-0.02284	-0.022758
510	-0.023318	-0.023307	-0.023224
511	-0.023733	-0.023792	-0.023698
512	-0.024178	-0.024246	-0.024154
513	-0.02465	-0.024671	-0.024595
514	-0.025071	-0.025071	-0.025002
515	-0.025412	-0.025427	-0.025355
516	-0.025753	-0.025771	-0.025703
517	-0.026096	-0.026078	-0.026035
518	-0.026437	-0.026391	-0.026367
519	-0.026757	-0.02675	-0.026694
520	-0.027078	-0.02711	-0.02702
521	-0.027371	-0.0274	-0.02734
522	-0.027664	-0.027688	-0.027659
523	-0.027946	-0.027975	-0.027952
524	-0.028227	-0.028262	-0.028239
525	-0.028531	-0.028566	-0.028536
526	-0.028846	-0.028877	-0.028838
527	-0.029135	-0.029157	-0.029125
528	-0.029403	-0.029413	-0.029399
529	-0.029662	-0.029669	-0.029673
530	-0.02991	-0.029924	-0.029945
531	-0.030188	-0.030213	-0.030233
532	-0.030538	-0.030581	-0.030559
533	-0.030875	-0.030931	-0.030876
534	-0.031141	-0.03119	-0.031148
535	-0.031409	-0.03145	-0.031421
536	-0.03174	-0.031795	-0.031756
537	-0.032072	-0.032139	-0.032091
538	-0.032452	-0.032493	-0.032462
539	-0.032836	-0.032847	-0.032838
540	-0.033191	-0.033173	-0.033197
541	-0.033537	-0.03349	-0.033549
542	-0.033849	-0.03382	-0.033837
543	-0.034141	-0.034157	-0.034088
544	-0.03447	-0.034517	-0.034414
545	-0.034838	-0.034902	-0.034816
546	-0.035178	-0.035242	-0.035171
547	-0.035472	-0.035507	-0.035448
548	-0.035763	-0.035781	-0.035737
549	-0.036042	-0.036087	-0.036063
550	-0.036328	-0.036393	-0.036385
551	-0.036664	-0.036706	-0.03668
552	-0.036999	-0.037019	-0.036975
553	-0.037276	-0.037324	-0.037278
554	-0.037553	-0.037628	-0.037582
555	-0.03781	-0.037848	-0.03782
556	-0.038063	-0.038054	-0.038048
557	-0.038322	-0.038314	-0.038309
558	-0.038582	-0.038593	-0.038582
559	-0.03887	-0.038875	-0.038855
560	-0.039175	-0.03916	-0.039127
561	-0.039471	-0.039457	-0.039409
562	-0.039759	-0.039767	-0.039702
563	-0.04004	-0.040058	-0.039987
564	-0.040311	-0.040314	-0.040256
565	-0.04059	-0.040584	-0.040532
566	-0.040896	-0.040898	-0.040832
567	-0.041207	-0.041216	-0.041138
568	-0.041552	-0.04156	-0.041496
569	-0.041898	-0.041905	-0.041855
570	-0.042212	-0.042232	-0.042165
571	-0.042525	-0.042558	-0.042475
572	-0.042814	-0.042821	-0.042766
573	-0.0431	-0.043073	-0.043055
574	-0.043412	-0.043359	-0.043354
575	-0.043734	-0.043656	-0.043656
576	-0.043979	-0.04393	-0.043913
577	-0.04418	-0.044189	-0.044144
578	-0.044414	-0.044451	-0.04439
579	-0.044679	-0.044717	-0.044651
580	-0.044922	-0.044957	-0.044889
581	-0.045132	-0.045158	-0.045092
582	-0.045349	-0.045371	-0.045317
583	-0.045582	-0.045615	-0.045598
584	-0.045812	-0.045849	-0.045861
585	-0.046017	-0.046036	-0.04603
586	-0.046224	-0.046223	-0.046201
587	-0.046443	-0.04643	-0.046423
588	-0.046663	-0.046637	-0.046644
589	-0.046885	-0.046874	-0.046832
590	-0.047106	-0.047113	-0.047018
591	-0.047339	-0.047335	-0.047259
592	-0.047573	-0.047553	-0.047511
593	-0.047853	-0.047835	-0.047818
594	-0.048151	-0.048145	-0.048147
595	-0.048532	-0.048527	-0.048524
596	-0.048971	-0.04896	-0.048934
597	-0.049401	-0.049378	-0.049336
598	-0.049824	-0.049779	-0.049728
599	-0.050207	-0.050154	-0.050102
600	-0.05052	-0.050485	-0.050443
601	-0.05079	-0.050763	-0.050727
602	-0.050931	-0.050884	-0.050845
603	-0.05105	-0.050991	-0.05095
604	-0.051042	-0.051013	-0.050972
605	-0.051028	-0.051029	-0.050989
606	-0.05086	-0.050878	-0.050851
607	-0.050692	-0.050727	-0.050712
608	-0.050616	-0.050611	-0.0506
609	-0.050547	-0.050497	-0.050491
610	-0.050446	-0.050403	-0.050378
611	-0.050338	-0.050312	-0.050265
612	-0.050317	-0.050308	-0.050251
613	-0.05033	-0.050339	-0.050276
614	-0.050365	-0.050385	-0.050331
615	-0.050414	-0.050442	-0.050405
616	-0.050456	-0.05049	-0.050455
617	-0.050492	-0.050527	-0.050481
618	-0.050544	-0.050582	-0.050528
619	-0.050622	-0.050662	-0.050607
620	-0.05068	-0.050727	-0.050662
621	-0.050692	-0.050757	-0.05066
622	-0.050717	-0.050791	-0.050674
623	-0.050791	-0.050842	-0.050751
624	-0.050863	-0.050886	-0.050821
625	-0.050908	-0.050866	-0.050811
626	-0.050953	-0.050847	-0.050801
627	-0.050912	-0.050896	-0.05085
628	-0.05087	-0.050947	-0.0509
629	-0.050897	-0.050933	-0.050873
630	-0.050932	-0.050911	-0.050837
631	-0.051018	-0.050974	-0.0509
632	-0.051118	-0.05106	-0.050988
633	-0.051156	-0.051144	-0.05109
634	-0.051167	-0.051227	-0.051197
635	-0.051225	-0.051264	-0.051275
636	-0.051314	-0.051269	-0.051334
637	-0.051394	-0.051339	-0.051404
638	-0.051465	-0.051472	-0.051485
639	-0.051534	-0.051581	-0.051554
640	-0.051602	-0.051656	-0.051604
641	-0.051686	-0.051741	-0.051673
642	-0.051806	-0.051849	-0.05178
643	-0.051919	-0.051948	-0.051878
644	-0.052003	-0.052016	-0.051946
645	-0.052097	-0.052097	-0.052029
646	-0.052264	-0.052264	-0.052221
647	-0.052439	-0.052438	-0.052418
648	-0.052871	-0.052818	-0.052799
649	-0.053303	-0.053198	-0.053179
650	-0.053915	-0.053848	-0.053841
651	-0.054538	-0.054515	-0.054521
652	-0.055183	-0.055167	-0.055172
653	-0.055832	-0.055816	-0.055817
654	-0.056182	-0.056173	-0.056181
655	-0.056439	-0.056439	-0.056457
656	-0.056627	-0.056621	-0.056621
657	-0.056782	-0.056763	-0.056732
658	-0.056864	-0.05686	-0.056818
659	-0.056894	-0.056925	-0.056887
660	-0.056892	-0.056945	-0.056906
661	-0.056858	-0.056917	-0.056875
662	-0.056762	-0.056814	-0.056767
663	-0.056578	-0.056605	-0.05655
664	-0.056359	-0.056372	-0.056307
665	-0.056071	-0.05609	-0.056008
666	-0.055822	-0.055852	-0.055756
667	-0.055694	-0.05575	-0.055644
668	-0.055584	-0.055656	-0.055554
669	-0.055573	-0.055604	-0.055577
670	-0.055578	-0.055574	-0.055613
671	-0.055768	-0.05579	-0.055782
672	-0.055957	-0.056007	-0.055951
673	-0.056019	-0.056063	-0.056028
674	-0.056081	-0.056119	-0.056105
675	-0.056324	-0.056406	-0.056368
676	-0.056582	-0.056714	-0.056648
677	-0.056731	-0.056827	-0.056811
678	-0.056859	-0.056903	-0.056952
679	-0.057139	-0.05715	-0.057183
680	-0.057467	-0.057449	-0.057443
681	-0.057739	-0.057735	-0.057682
682	-0.057986	-0.058013	-0.057913
683	-0.058252	-0.058322	-0.058184
684	-0.05853	-0.058649	-0.058481
685	-0.058867	-0.05896	-0.058814
686	-0.059257	-0.059259	-0.05918
687	-0.059529	-0.059537	-0.059485
688	-0.059662	-0.059792	-0.059715
689	-0.059862	-0.060056	-0.059961
690	-0.060169	-0.060334	-0.06023
691	-0.060501	-0.060625	-0.060534
692	-0.060891	-0.060945	-0.060914
693	-0.061254	-0.061262	-0.061257
694	-0.061528	-0.06157	-0.061482
695	-0.061841	-0.061919	-0.061771
696	-0.062345	-0.062464	-0.062368
697	-0.062832	-0.062986	-0.062936
698	-0.063166	-0.063294	-0.063239
699	-0.063498	-0.063601	-0.063541
700	-0.063788	-0.063854	-0.06381
701	-0.064078	-0.064107	-0.064079
702	-0.064383	-0.064502	-0.064388
703	-0.064688	-0.064903	-0.064698
704	-0.065116	-0.065266	-0.06519
705	-0.065558	-0.065625	-0.065703
706	-0.066075	-0.066106	-0.066177
707	-0.066606	-0.066612	-0.066644
708	-0.067072	-0.067091	-0.067022
709	-0.067519	-0.067561	-0.067373
710	-0.067977	-0.067968	-0.067788
711	-0.068442	-0.068348	-0.068229
712	-0.06908	-0.069067	-0.068947
713	-0.069816	-0.069977	-0.069821
714	-0.070302	-0.070455	-0.070367
715	-0.070607	-0.07062	-0.070677
716	-0.071154	-0.071167	-0.071229
717	-0.071925	-0.072067	-0.072006
718	-0.072553	-0.072756	-0.072669
719	-0.073013	-0.0732	-0.073199
720	-0.073734	-0.07387	-0.073845
[LOG]
CHECKSUM¥ù