[HEADER]
Format	J&M ASCII Table
Comment	
Date	19/08/2026 10:11:37
Order	Y (evenX)
TechType	UV
NumPoints	411
FirstX	310
LastX	720
XType	nm
YType	Absorbance
ZType	s
NumSubFile	3
Matrix	Z vs X
[LOGIN]
Name=pcbob
[INSTRUMENT]
Name=TIDAS E Base UV/VI
Detector=MMS - ASPEN 97,5 kHz
Diodearray=256 Pixel
Serial#=36584
Calibrated=2011-07-01
Range=183.81-729.88 [nm] (F0)

SWVersion=v3.18.2 (build 0)[LOGIN]
Name=pcbob
[CONFIG]
ChannelName=Channel 1
ChannelType=Normalized
[PARAMETER]
It=350,00
Aver=5
Norm=3
Range=310,0-720,0 nm
Scan=Time
ScanTime=5,00 s
[TRIGGER]
Sweep=0
Scan=0
[DIO]
DigOut=0x0000
DigIn=0x0000
[DATA]
	00:00:00,000	00:00:01,750	00:00:03,500
310	1.011816	1.010231	1.008518
311	0.996707	0.99502	0.993265
312	0.98162	0.979968	0.978243
313	0.966676	0.965019	0.963354
314	0.951931	0.95021	0.948649
315	0.937039	0.93528	0.933715
316	0.921688	0.919972	0.918058
317	0.906318	0.904642	0.902414
318	0.890674	0.888979	0.886952
319	0.87503	0.873316	0.871491
320	0.858901	0.857168	0.855352
321	0.84271	0.840958	0.839126
322	0.826182	0.824449	0.822647
323	0.809517	0.807817	0.806064
324	0.792495	0.790891	0.789146
325	0.77516	0.773705	0.771934
326	0.757733	0.756342	0.754617
327	0.740139	0.738655	0.737109
328	0.722489	0.720931	0.719526
329	0.704587	0.703036	0.701602
330	0.686685	0.685141	0.683677
331	0.668653	0.667171	0.66569
332	0.65062	0.649202	0.647703
333	0.632733	0.631223	0.629814
334	0.614877	0.613243	0.611946
335	0.597037	0.59558	0.594241
336	0.579204	0.578089	0.576624
337	0.56179	0.560818	0.559327
338	0.54484	0.543792	0.542389
339	0.528138	0.527053	0.525762
340	0.512024	0.510989	0.509871
341	0.496031	0.495046	0.494085
342	0.480903	0.479974	0.479046
343	0.465776	0.464901	0.464007
344	0.451787	0.450927	0.450062
345	0.437861	0.437014	0.436177
346	0.42482	0.424057	0.423228
347	0.412039	0.411379	0.410555
348	0.39995	0.399352	0.398573
349	0.388325	0.38776	0.387054
350	0.377065	0.376531	0.375837
351	0.366301	0.365794	0.36503
352	0.355717	0.355231	0.354452
353	0.345672	0.345184	0.34456
354	0.335687	0.3352	0.334712
355	0.326406	0.32597	0.325402
356	0.317125	0.31674	0.316091
357	0.308385	0.307962	0.307355
358	0.299702	0.299233	0.29868
359	0.291275	0.2908	0.290233
360	0.282941	0.282476	0.281871
361	0.27479	0.274318	0.273736
362	0.266781	0.26629	0.26578
363	0.258981	0.25851	0.258053
364	0.251512	0.251121	0.250689
365	0.244127	0.243797	0.243373
366	0.23705	0.236704	0.236233
367	0.22999	0.229628	0.229117
368	0.223309	0.222916	0.222508
369	0.216628	0.216204	0.215899
370	0.210044	0.209672	0.209326
371	0.203474	0.203165	0.202759
372	0.197029	0.196747	0.196321
373	0.190638	0.190367	0.189938
374	0.184294	0.184024	0.183614
375	0.177993	0.177714	0.177344
376	0.171766	0.171501	0.171152
377	0.165673	0.16546	0.165099
378	0.159599	0.159428	0.159061
379	0.153607	0.153436	0.153084
380	0.147617	0.147446	0.14711
381	0.141743	0.141544	0.141273
382	0.135868	0.135642	0.135436
383	0.130118	0.129909	0.129698
384	0.124389	0.124205	0.123978
385	0.118937	0.118824	0.118573
386	0.113612	0.113591	0.113312
387	0.108582	0.108546	0.108304
388	0.103827	0.103676	0.103533
389	0.09915	0.09894	0.098848
390	0.094619	0.094453	0.094324
391	0.090174	0.090042	0.089891
392	0.08612	0.085978	0.08587
393	0.082074	0.081921	0.081856
394	0.078545	0.078388	0.078323
395	0.075015	0.074855	0.07479
396	0.071721	0.071603	0.07154
397	0.068469	0.068402	0.068341
398	0.065386	0.065316	0.065252
399	0.062383	0.062284	0.062214
400	0.059509	0.059411	0.059336
401	0.056757	0.056687	0.056607
402	0.054056	0.053979	0.053905
403	0.051451	0.051299	0.051255
404	0.048862	0.048656	0.048641
405	0.046344	0.046174	0.04619
406	0.043827	0.043693	0.043739
407	0.041346	0.041233	0.041275
408	0.038865	0.038774	0.038811
409	0.036461	0.036377	0.036358
410	0.03407	0.033991	0.033908
411	0.031757	0.03168	0.031584
412	0.029479	0.029403	0.029318
413	0.02734	0.02724	0.027164
414	0.025325	0.025178	0.025112
415	0.023283	0.023139	0.023082
416	0.021193	0.021143	0.021091
417	0.019096	0.019117	0.01907
418	0.016971	0.016974	0.016934
419	0.014854	0.014839	0.014805
420	0.012949	0.012902	0.012839
421	0.011044	0.010965	0.010872
422	0.009204	0.009116	0.009078
423	0.007374	0.00728	0.007307
424	0.005589	0.005509	0.005527
425	0.003822	0.003763	0.003744
426	0.002011	0.001976	0.001929
427	0.000166	0.000155	0.000088
428	-0.001721	-0.001722	-0.001791
429	-0.003672	-0.003688	-0.003731
430	-0.005596	-0.005619	-0.005653
431	-0.007432	-0.007435	-0.007517
432	-0.009255	-0.00924	-0.009363
433	-0.010911	-0.0109	-0.010978
434	-0.012567	-0.01256	-0.012592
435	-0.014288	-0.014288	-0.014344
436	-0.016014	-0.016023	-0.016109
437	-0.017679	-0.017694	-0.017755
438	-0.019324	-0.019344	-0.019362
439	-0.020922	-0.020928	-0.020933
440	-0.022489	-0.022467	-0.022479
441	-0.023988	-0.023958	-0.023977
442	-0.025401	-0.025386	-0.025415
443	-0.026812	-0.02681	-0.026834
444	-0.028219	-0.028221	-0.028206
445	-0.029625	-0.029631	-0.029584
446	-0.031029	-0.031039	-0.031004
447	-0.032433	-0.032447	-0.032424
448	-0.033768	-0.033754	-0.033763
449	-0.0351	-0.035058	-0.035099
450	-0.036407	-0.036401	-0.036399
451	-0.037709	-0.037752	-0.03769
452	-0.038989	-0.039029	-0.038964
453	-0.040259	-0.040266	-0.040228
454	-0.041408	-0.041409	-0.0414
455	-0.042438	-0.042458	-0.042479
456	-0.04352	-0.043544	-0.043578
457	-0.044699	-0.044698	-0.044716
458	-0.045865	-0.045846	-0.045849
459	-0.046983	-0.046971	-0.046963
460	-0.048102	-0.048096	-0.048078
461	-0.049259	-0.04924	-0.049222
462	-0.050416	-0.050384	-0.050365
463	-0.051556	-0.051528	-0.051496
464	-0.052694	-0.052672	-0.052624
465	-0.053835	-0.053821	-0.053773
466	-0.054976	-0.054972	-0.054928
467	-0.056168	-0.056163	-0.056132
468	-0.057396	-0.057382	-0.057371
469	-0.058638	-0.058623	-0.058608
470	-0.059896	-0.059894	-0.059843
471	-0.061109	-0.061112	-0.061046
472	-0.062207	-0.062199	-0.062167
473	-0.063299	-0.063278	-0.063273
474	-0.064353	-0.064314	-0.064289
475	-0.065408	-0.065349	-0.065305
476	-0.066411	-0.066352	-0.066323
477	-0.067413	-0.067353	-0.067342
478	-0.068346	-0.06826	-0.068297
479	-0.069265	-0.069148	-0.06924
480	-0.070087	-0.070021	-0.070078
481	-0.070864	-0.070888	-0.070869
482	-0.071573	-0.07162	-0.071564
483	-0.072224	-0.072235	-0.072178
484	-0.072816	-0.07281	-0.072754
485	-0.073315	-0.073321	-0.073273
486	-0.073864	-0.073873	-0.07384
487	-0.074567	-0.074551	-0.07456
488	-0.075293	-0.075253	-0.075294
489	-0.076224	-0.07618	-0.076154
490	-0.077156	-0.077108	-0.077015
491	-0.078045	-0.078019	-0.07795
492	-0.078932	-0.07893	-0.078889
493	-0.079772	-0.079759	-0.079747
494	-0.080601	-0.080569	-0.080586
495	-0.081359	-0.081331	-0.081322
496	-0.08208	-0.082069	-0.082005
497	-0.082807	-0.082792	-0.082717
498	-0.083537	-0.0835	-0.083457
499	-0.084246	-0.084205	-0.084178
500	-0.084919	-0.084905	-0.084869
501	-0.085606	-0.085611	-0.085567
502	-0.086343	-0.086342	-0.086287
503	-0.087079	-0.087072	-0.087004
504	-0.087805	-0.087794	-0.087688
505	-0.088531	-0.088516	-0.088373
506	-0.089265	-0.089241	-0.089123
507	-0.089999	-0.089966	-0.089877
508	-0.090628	-0.090586	-0.090506
509	-0.091231	-0.091181	-0.091104
510	-0.091859	-0.091821	-0.091737
511	-0.0925	-0.092483	-0.09239
512	-0.093092	-0.093098	-0.092998
513	-0.093639	-0.093668	-0.093568
514	-0.09417	-0.0942	-0.094095
515	-0.094675	-0.094668	-0.094556
516	-0.095175	-0.095147	-0.095037
517	-0.095659	-0.095653	-0.095577
518	-0.096144	-0.096152	-0.096106
519	-0.096635	-0.096578	-0.096532
520	-0.097126	-0.097005	-0.096959
521	-0.097546	-0.097475	-0.09741
522	-0.097965	-0.097947	-0.097862
523	-0.098359	-0.09834	-0.098275
524	-0.098748	-0.098718	-0.098681
525	-0.099147	-0.0991	-0.099068
526	-0.09955	-0.099485	-0.099448
527	-0.09993	-0.099867	-0.099833
528	-0.100292	-0.100246	-0.100223
529	-0.10066	-0.100617	-0.100599
530	-0.101037	-0.100977	-0.100956
531	-0.101402	-0.101335	-0.101307
532	-0.10174	-0.101688	-0.101643
533	-0.102073	-0.102029	-0.10197
534	-0.102387	-0.102304	-0.102249
535	-0.102702	-0.102582	-0.102531
536	-0.103082	-0.102983	-0.102945
537	-0.103463	-0.103384	-0.103359
538	-0.103838	-0.103766	-0.103753
539	-0.104212	-0.104146	-0.104146
540	-0.10457	-0.104503	-0.104513
541	-0.104923	-0.104853	-0.104872
542	-0.105239	-0.105162	-0.105164
543	-0.105534	-0.105447	-0.105417
544	-0.105887	-0.10579	-0.10575
545	-0.106298	-0.106193	-0.10616
546	-0.106668	-0.106584	-0.106551
547	-0.106967	-0.106956	-0.106909
548	-0.107283	-0.10732	-0.107265
549	-0.107649	-0.107656	-0.107619
550	-0.108009	-0.107988	-0.107965
551	-0.108317	-0.108279	-0.108246
552	-0.108626	-0.10857	-0.108527
553	-0.10894	-0.108881	-0.108836
554	-0.109254	-0.109192	-0.109146
555	-0.109516	-0.109461	-0.109415
556	-0.10977	-0.109722	-0.109678
557	-0.110035	-0.110001	-0.109929
558	-0.110305	-0.110285	-0.110175
559	-0.11059	-0.110555	-0.110452
560	-0.110886	-0.110815	-0.110748
561	-0.111166	-0.111074	-0.111038
562	-0.111429	-0.111334	-0.111323
563	-0.111644	-0.111559	-0.111541
564	-0.111774	-0.111722	-0.111641
565	-0.111889	-0.111862	-0.111744
566	-0.111955	-0.111928	-0.111858
567	-0.112017	-0.111989	-0.11196
568	-0.112051	-0.112018	-0.111977
569	-0.112085	-0.112046	-0.111994
570	-0.112101	-0.112053	-0.112008
571	-0.112117	-0.11206	-0.112022
572	-0.112122	-0.112059	-0.112039
573	-0.112125	-0.112057	-0.112057
574	-0.112219	-0.112138	-0.112134
575	-0.112344	-0.112246	-0.112231
576	-0.112429	-0.112335	-0.112301
577	-0.112491	-0.112412	-0.112354
578	-0.112561	-0.112501	-0.11244
579	-0.112638	-0.112603	-0.11256
580	-0.112772	-0.112749	-0.112715
581	-0.112991	-0.112964	-0.112927
582	-0.113259	-0.113222	-0.113185
583	-0.113655	-0.113591	-0.113565
584	-0.114043	-0.113961	-0.113942
585	-0.114391	-0.114338	-0.114305
586	-0.114742	-0.114716	-0.114667
587	-0.115142	-0.115095	-0.115029
588	-0.115543	-0.115475	-0.11539
589	-0.115951	-0.1159	-0.115798
590	-0.116359	-0.116328	-0.116208
591	-0.116718	-0.116672	-0.116568
592	-0.117065	-0.116997	-0.116917
593	-0.117369	-0.117319	-0.117236
594	-0.117655	-0.117638	-0.117542
595	-0.118047	-0.118037	-0.117946
596	-0.118513	-0.11849	-0.118418
597	-0.119008	-0.118966	-0.118899
598	-0.119533	-0.119468	-0.119389
599	-0.119985	-0.119904	-0.119821
600	-0.120309	-0.120226	-0.120152
601	-0.120589	-0.120504	-0.120435
602	-0.120743	-0.120652	-0.120577
603	-0.120896	-0.120799	-0.12072
604	-0.121041	-0.120937	-0.120874
605	-0.12118	-0.12107	-0.121022
606	-0.121164	-0.12106	-0.120997
607	-0.121149	-0.121049	-0.120971
608	-0.12112	-0.12104	-0.120949
609	-0.12109	-0.121031	-0.120928
610	-0.121122	-0.121053	-0.120955
611	-0.121168	-0.121081	-0.120992
612	-0.121204	-0.121128	-0.121047
613	-0.121236	-0.121183	-0.121109
614	-0.121348	-0.121283	-0.121205
615	-0.121512	-0.121414	-0.121324
616	-0.121665	-0.121557	-0.121467
617	-0.121807	-0.121713	-0.121633
618	-0.121981	-0.121892	-0.121821
619	-0.122204	-0.122107	-0.122043
620	-0.122376	-0.12228	-0.122223
621	-0.122428	-0.122358	-0.122306
622	-0.122502	-0.122451	-0.122395
623	-0.122667	-0.122605	-0.122513
624	-0.122828	-0.122752	-0.122632
625	-0.122943	-0.122833	-0.122767
626	-0.123059	-0.122914	-0.122901
627	-0.12324	-0.123152	-0.12308
628	-0.123421	-0.123392	-0.123259
629	-0.123525	-0.123464	-0.123341
630	-0.123619	-0.123515	-0.123412
631	-0.123712	-0.123657	-0.123559
632	-0.123805	-0.123822	-0.123727
633	-0.123942	-0.123916	-0.123859
634	-0.124099	-0.123978	-0.123977
635	-0.124277	-0.124131	-0.12415
636	-0.12447	-0.124345	-0.124359
637	-0.124634	-0.12454	-0.124539
638	-0.12477	-0.124716	-0.124689
639	-0.124869	-0.124824	-0.124805
640	-0.124916	-0.124834	-0.124869
641	-0.124994	-0.124911	-0.124947
642	-0.12514	-0.12514	-0.125054
643	-0.125283	-0.125331	-0.125164
644	-0.125409	-0.125391	-0.125288
645	-0.125536	-0.125465	-0.125413
646	-0.125665	-0.125632	-0.125553
647	-0.125797	-0.1258	-0.125695
648	-0.125996	-0.12598	-0.125874
649	-0.126195	-0.12616	-0.126053
650	-0.126163	-0.126115	-0.126016
651	-0.126117	-0.126056	-0.125967
652	-0.12581	-0.125737	-0.125681
653	-0.125456	-0.125372	-0.125354
654	-0.125109	-0.125037	-0.125021
655	-0.124764	-0.12471	-0.124686
656	-0.124771	-0.124732	-0.124709
657	-0.124949	-0.124922	-0.124905
658	-0.125396	-0.125348	-0.125338
659	-0.126033	-0.125941	-0.12594
660	-0.126755	-0.12666	-0.126658
661	-0.127563	-0.127507	-0.127493
662	-0.128245	-0.128205	-0.128173
663	-0.12875	-0.128692	-0.128632
664	-0.12906	-0.129003	-0.128915
665	-0.128974	-0.128955	-0.128841
666	-0.12891	-0.128904	-0.128785
667	-0.128913	-0.128843	-0.128787
668	-0.12893	-0.128808	-0.1288
669	-0.129024	-0.128901	-0.128875
670	-0.129119	-0.128998	-0.128957
671	-0.129226	-0.12915	-0.129106
672	-0.129333	-0.129302	-0.129255
673	-0.129451	-0.129409	-0.12939
674	-0.129569	-0.129516	-0.129525
675	-0.129819	-0.129772	-0.129757
676	-0.13008	-0.130041	-0.129998
677	-0.130135	-0.130143	-0.130046
678	-0.13015	-0.130214	-0.130059
679	-0.130364	-0.13039	-0.130257
680	-0.13064	-0.1306	-0.130513
681	-0.130894	-0.130868	-0.13077
682	-0.131139	-0.131164	-0.131028
683	-0.131405	-0.131423	-0.131289
684	-0.131684	-0.131659	-0.131554
685	-0.131985	-0.131954	-0.131868
686	-0.132305	-0.132301	-0.132226
687	-0.132562	-0.132576	-0.132498
688	-0.132745	-0.132766	-0.132669
689	-0.132982	-0.132979	-0.132897
690	-0.133303	-0.133232	-0.133217
691	-0.133617	-0.133501	-0.133515
692	-0.133918	-0.133802	-0.133765
693	-0.134232	-0.134125	-0.134059
694	-0.134592	-0.134514	-0.134495
695	-0.134979	-0.134917	-0.13494
696	-0.135504	-0.13539	-0.13543
697	-0.136002	-0.135849	-0.135896
698	-0.13627	-0.136188	-0.136144
699	-0.136541	-0.136528	-0.136394
700	-0.136892	-0.136923	-0.136722
701	-0.137244	-0.137319	-0.137051
702	-0.137628	-0.13765	-0.137459
703	-0.138013	-0.137978	-0.137871
704	-0.138464	-0.138402	-0.138342
705	-0.138921	-0.138837	-0.138821
706	-0.139356	-0.139338	-0.139286
707	-0.139786	-0.139852	-0.139749
708	-0.140328	-0.140367	-0.140228
709	-0.140905	-0.140882	-0.140713
710	-0.1414	-0.141337	-0.1412
711	-0.141861	-0.141767	-0.141688
712	-0.142403	-0.142319	-0.142311
713	-0.142991	-0.142938	-0.143011
714	-0.143597	-0.143611	-0.143615
715	-0.144216	-0.144323	-0.14415
716	-0.144782	-0.144878	-0.144698
717	-0.145299	-0.145286	-0.145258
718	-0.145945	-0.145904	-0.145921
719	-0.146741	-0.146765	-0.146706
720	-0.147544	-0.147625	-0.147485
[LOG]
CHECKSUMÛy