[HEADER]
Format	J&M ASCII Table
Comment	
Date	19/08/2026 10:31:07
Order	Y (evenX)
TechType	UV
NumPoints	411
FirstX	310
LastX	720
XType	nm
YType	Absorbance
ZType	s
NumSubFile	3
Matrix	Z vs X
[LOGIN]
Name=pcbob
[INSTRUMENT]
Name=TIDAS E Base UV/VI
Detector=MMS - ASPEN 97,5 kHz
Diodearray=256 Pixel
Serial#=36584
Calibrated=2011-07-01
Range=183.81-729.88 [nm] (F0)

SWVersion=v3.18.2 (build 0)[LOGIN]
Name=pcbob
[CONFIG]
ChannelName=Channel 1
ChannelType=Normalized
[PARAMETER]
It=350,00
Aver=5
Norm=3
Range=310,0-720,0 nm
Scan=Time
ScanTime=5,00 s
[TRIGGER]
Sweep=0
Scan=0
[DIO]
DigOut=0x0000
DigIn=0x0000
[DATA]
	00:00:00,000	00:00:01,750	00:00:03,500
310	0.718004	0.717876	0.717603
311	0.703082	0.702928	0.702593
312	0.688636	0.68845	0.688026
313	0.674586	0.674346	0.67389
314	0.661084	0.66076	0.660349
315	0.647695	0.647317	0.646966
316	0.634663	0.634321	0.634074
317	0.621678	0.62137	0.621216
318	0.609383	0.609074	0.608846
319	0.597089	0.596778	0.596476
320	0.584858	0.584579	0.584281
321	0.572636	0.572392	0.572108
322	0.560772	0.560467	0.560227
323	0.549056	0.54865	0.548465
324	0.537375	0.536966	0.536791
325	0.525725	0.5254	0.525195
326	0.514207	0.513915	0.513681
327	0.502931	0.502575	0.502316
328	0.491677	0.491289	0.491016
329	0.480524	0.480249	0.480017
330	0.469371	0.46921	0.469018
331	0.458608	0.45838	0.458254
332	0.447844	0.44755	0.447491
333	0.437238	0.436942	0.436828
334	0.426665	0.426381	0.426185
335	0.416333	0.416078	0.415866
336	0.406132	0.405916	0.40572
337	0.396127	0.395933	0.395763
338	0.38634	0.386149	0.386016
339	0.376691	0.376498	0.37639
340	0.367365	0.36716	0.367048
341	0.358088	0.357879	0.357762
342	0.34916	0.349004	0.348875
343	0.340231	0.340129	0.339989
344	0.331681	0.331546	0.331445
345	0.323152	0.32298	0.322921
346	0.315001	0.314853	0.314795
347	0.306962	0.306855	0.306787
348	0.299259	0.299137	0.29911
349	0.291781	0.291605	0.291656
350	0.284459	0.284241	0.28432
351	0.277346	0.277105	0.277144
352	0.270296	0.27006	0.270056
353	0.263433	0.263284	0.263231
354	0.256592	0.256526	0.256429
355	0.250012	0.249978	0.249896
356	0.243432	0.243429	0.243362
357	0.237211	0.237197	0.237153
358	0.231028	0.230997	0.230977
359	0.225122	0.225034	0.225027
360	0.219319	0.219158	0.21916
361	0.213611	0.213421	0.213452
362	0.207979	0.207794	0.207868
363	0.202454	0.202291	0.202385
364	0.197099	0.196984	0.197061
365	0.191822	0.191746	0.191814
366	0.186832	0.186764	0.186842
367	0.181852	0.181793	0.181879
368	0.177087	0.177094	0.177092
369	0.172323	0.172394	0.172305
370	0.167651	0.167717	0.167642
371	0.162992	0.163043	0.162998
372	0.158517	0.158548	0.158491
373	0.15412	0.15413	0.154041
374	0.149722	0.149717	0.149648
375	0.145323	0.14531	0.145303
376	0.141045	0.14101	0.141031
377	0.13698	0.136901	0.136888
378	0.132933	0.132822	0.132783
379	0.128962	0.128868	0.12884
380	0.124993	0.124917	0.124899
381	0.121107	0.121051	0.121033
382	0.11722	0.117186	0.117168
383	0.113447	0.113409	0.113424
384	0.109693	0.109647	0.109702
385	0.106095	0.106041	0.106079
386	0.102568	0.102508	0.102502
387	0.099118	0.099067	0.099031
388	0.095741	0.095712	0.095658
389	0.092404	0.092396	0.092341
390	0.089143	0.089152	0.089125
391	0.085919	0.085942	0.085935
392	0.082861	0.08288	0.082862
393	0.079806	0.079821	0.079791
394	0.076886	0.076945	0.076904
395	0.073966	0.074069	0.074016
396	0.071184	0.071225	0.071226
397	0.068427	0.068387	0.068453
398	0.065682	0.065622	0.065684
399	0.062942	0.062891	0.062918
400	0.060286	0.060271	0.060239
401	0.05771	0.057755	0.057641
402	0.055143	0.055225	0.055069
403	0.05259	0.05267	0.052543
404	0.050065	0.050133	0.050036
405	0.047664	0.047674	0.047618
406	0.045261	0.045215	0.045198
407	0.042798	0.042795	0.042706
408	0.040334	0.040375	0.040213
409	0.037926	0.037977	0.037847
410	0.035529	0.035584	0.035502
411	0.033213	0.033207	0.033154
412	0.030934	0.030836	0.030806
413	0.028718	0.028627	0.028583
414	0.026559	0.026562	0.026473
415	0.02444	0.02447	0.024387
416	0.022393	0.022331	0.022345
417	0.020316	0.020198	0.020276
418	0.018122	0.018083	0.018095
419	0.015935	0.015972	0.015921
420	0.013906	0.013949	0.013893
421	0.011877	0.011925	0.011864
422	0.009964	0.009976	0.009933
423	0.008068	0.008038	0.008015
424	0.006209	0.006172	0.006151
425	0.004365	0.004334	0.004308
426	0.00247	0.00243	0.002405
427	0.000534	0.000472	0.000453
428	-0.001423	-0.001484	-0.00151
429	-0.00341	-0.003437	-0.003487
430	-0.00538	-0.005385	-0.005453
431	-0.00729	-0.007317	-0.007381
432	-0.009182	-0.009231	-0.009289
433	-0.010854	-0.010923	-0.010949
434	-0.012526	-0.012615	-0.01261
435	-0.014312	-0.014357	-0.014394
436	-0.016108	-0.016103	-0.016189
437	-0.017792	-0.01776	-0.017857
438	-0.019439	-0.019387	-0.019483
439	-0.021002	-0.020976	-0.021075
440	-0.02251	-0.022538	-0.022642
441	-0.023982	-0.024021	-0.024132
442	-0.025408	-0.0254	-0.025525
443	-0.026832	-0.026788	-0.026918
444	-0.028246	-0.028195	-0.028314
445	-0.029663	-0.029607	-0.029717
446	-0.031094	-0.031048	-0.031168
447	-0.032526	-0.032489	-0.032619
448	-0.033876	-0.033849	-0.03399
449	-0.035223	-0.035207	-0.03536
450	-0.036555	-0.036556	-0.036682
451	-0.037883	-0.037901	-0.037994
452	-0.039195	-0.039208	-0.039288
453	-0.040498	-0.040493	-0.040573
454	-0.041669	-0.041664	-0.041758
455	-0.042707	-0.04272	-0.042845
456	-0.043789	-0.043794	-0.043939
457	-0.044953	-0.044903	-0.045044
458	-0.046111	-0.046023	-0.046159
459	-0.047247	-0.047185	-0.047314
460	-0.048382	-0.048347	-0.048469
461	-0.04952	-0.04952	-0.049637
462	-0.050657	-0.050692	-0.050804
463	-0.051778	-0.051809	-0.05189
464	-0.052896	-0.052919	-0.052965
465	-0.054058	-0.054071	-0.05412
466	-0.055235	-0.055237	-0.055304
467	-0.056454	-0.056457	-0.056551
468	-0.057703	-0.057716	-0.057843
469	-0.058963	-0.058979	-0.05913
470	-0.060239	-0.060248	-0.060411
471	-0.061458	-0.061468	-0.061632
472	-0.062533	-0.062565	-0.062695
473	-0.063598	-0.063654	-0.063752
474	-0.064603	-0.064684	-0.064767
475	-0.065607	-0.065713	-0.065782
476	-0.066616	-0.066647	-0.066768
477	-0.067625	-0.067579	-0.067754
478	-0.068542	-0.068523	-0.068665
479	-0.06944	-0.069469	-0.069562
480	-0.070265	-0.070288	-0.070386
481	-0.071056	-0.071048	-0.071177
482	-0.071708	-0.071682	-0.071836
483	-0.072241	-0.072207	-0.07238
484	-0.072755	-0.072728	-0.072893
485	-0.073243	-0.073243	-0.073356
486	-0.073795	-0.07381	-0.07389
487	-0.074553	-0.074542	-0.07465
488	-0.075334	-0.075303	-0.075437
489	-0.076337	-0.076339	-0.076484
490	-0.077341	-0.077376	-0.077531
491	-0.078358	-0.078363	-0.078545
492	-0.079376	-0.079347	-0.079556
493	-0.080245	-0.080239	-0.080412
494	-0.081078	-0.081107	-0.08123
495	-0.081848	-0.081879	-0.082003
496	-0.082586	-0.0826	-0.082752
497	-0.083328	-0.083324	-0.083472
498	-0.084074	-0.08405	-0.084163
499	-0.084792	-0.084765	-0.084856
500	-0.085463	-0.085462	-0.085555
501	-0.086147	-0.086158	-0.086257
502	-0.086873	-0.086855	-0.086974
503	-0.087596	-0.087554	-0.087689
504	-0.088287	-0.08827	-0.088393
505	-0.088978	-0.088986	-0.089096
506	-0.089675	-0.08971	-0.089848
507	-0.090372	-0.090435	-0.090603
508	-0.091033	-0.091089	-0.091236
509	-0.091684	-0.091727	-0.091838
510	-0.092329	-0.092343	-0.092446
511	-0.092971	-0.092947	-0.093058
512	-0.093569	-0.093536	-0.09365
513	-0.094129	-0.094109	-0.094224
514	-0.094659	-0.09464	-0.094764
515	-0.095143	-0.095104	-0.095249
516	-0.09563	-0.095583	-0.095749
517	-0.096127	-0.096111	-0.096297
518	-0.096621	-0.096632	-0.096835
519	-0.09709	-0.097098	-0.097302
520	-0.097559	-0.097565	-0.097768
521	-0.098031	-0.098032	-0.098252
522	-0.098502	-0.0985	-0.098737
523	-0.098919	-0.098917	-0.099091
524	-0.099325	-0.099324	-0.099419
525	-0.099729	-0.099735	-0.099855
526	-0.100133	-0.100148	-0.100338
527	-0.100542	-0.100572	-0.100793
528	-0.100957	-0.101005	-0.101228
529	-0.101361	-0.101411	-0.101608
530	-0.101751	-0.101781	-0.101917
531	-0.102125	-0.102142	-0.102239
532	-0.102461	-0.102479	-0.102594
533	-0.102795	-0.102812	-0.102943
534	-0.103122	-0.103122	-0.103257
535	-0.10345	-0.103434	-0.103574
536	-0.103858	-0.103831	-0.103983
537	-0.104266	-0.104228	-0.104393
538	-0.104637	-0.104602	-0.104769
539	-0.105003	-0.104974	-0.105141
540	-0.105373	-0.105335	-0.10551
541	-0.105745	-0.105693	-0.105878
542	-0.106048	-0.105994	-0.106191
543	-0.106312	-0.106261	-0.106472
544	-0.106641	-0.106589	-0.106803
545	-0.107032	-0.106978	-0.107184
546	-0.107407	-0.107359	-0.107554
547	-0.107753	-0.107727	-0.107905
548	-0.108098	-0.108091	-0.108255
549	-0.108442	-0.108442	-0.108606
550	-0.10878	-0.108788	-0.108949
551	-0.109072	-0.109089	-0.10923
552	-0.109365	-0.10939	-0.109511
553	-0.109685	-0.109706	-0.109836
554	-0.110005	-0.110022	-0.110162
555	-0.110275	-0.110267	-0.110419
556	-0.110536	-0.1105	-0.110665
557	-0.110809	-0.110759	-0.110942
558	-0.111087	-0.111026	-0.11123
559	-0.111363	-0.111311	-0.111495
560	-0.111638	-0.111608	-0.111745
561	-0.111883	-0.111881	-0.111997
562	-0.112094	-0.11213	-0.112251
563	-0.112278	-0.112333	-0.112462
564	-0.112414	-0.112453	-0.112596
565	-0.112535	-0.112552	-0.112707
566	-0.112606	-0.112581	-0.112745
567	-0.112666	-0.112607	-0.112777
568	-0.112633	-0.11261	-0.112769
569	-0.112601	-0.112613	-0.112761
570	-0.112522	-0.112553	-0.112669
571	-0.112442	-0.112492	-0.112577
572	-0.11243	-0.112452	-0.11255
573	-0.112428	-0.112416	-0.112532
574	-0.112482	-0.11247	-0.112591
575	-0.112555	-0.112554	-0.112677
576	-0.112604	-0.112593	-0.112702
577	-0.112638	-0.112606	-0.112692
578	-0.112685	-0.112665	-0.112734
579	-0.112744	-0.112768	-0.112826
580	-0.112871	-0.112911	-0.112966
581	-0.113102	-0.113117	-0.113181
582	-0.113385	-0.113379	-0.113446
583	-0.113804	-0.113786	-0.113843
584	-0.114222	-0.114193	-0.114244
585	-0.114632	-0.114596	-0.11467
586	-0.115042	-0.114998	-0.115095
587	-0.115444	-0.115408	-0.115506
588	-0.115846	-0.115818	-0.115917
589	-0.11629	-0.116261	-0.116366
590	-0.116736	-0.116707	-0.116819
591	-0.117111	-0.117065	-0.11718
592	-0.117471	-0.117402	-0.117521
593	-0.117775	-0.117722	-0.11783
594	-0.118057	-0.118035	-0.118126
595	-0.118442	-0.118441	-0.118518
596	-0.118899	-0.118912	-0.118978
597	-0.119363	-0.119375	-0.119439
598	-0.119834	-0.119826	-0.119902
599	-0.120244	-0.120226	-0.120313
600	-0.120546	-0.120535	-0.120635
601	-0.120806	-0.120803	-0.120907
602	-0.120942	-0.120951	-0.121035
603	-0.121075	-0.121092	-0.121165
604	-0.121192	-0.121196	-0.121299
605	-0.121307	-0.121297	-0.12143
606	-0.121344	-0.121322	-0.121459
607	-0.121381	-0.121346	-0.121489
608	-0.121344	-0.12134	-0.121494
609	-0.121301	-0.121332	-0.121498
610	-0.121326	-0.121371	-0.121493
611	-0.121365	-0.121421	-0.121487
612	-0.12144	-0.121485	-0.121558
613	-0.121529	-0.121555	-0.12166
614	-0.121687	-0.121701	-0.12182
615	-0.121889	-0.121895	-0.122017
616	-0.122087	-0.122065	-0.122197
617	-0.122282	-0.122209	-0.12236
618	-0.122494	-0.122416	-0.122566
619	-0.122734	-0.122715	-0.122836
620	-0.122935	-0.122954	-0.123051
621	-0.123043	-0.123047	-0.123134
622	-0.123166	-0.12316	-0.123243
623	-0.123348	-0.123357	-0.123458
624	-0.123526	-0.12355	-0.123667
625	-0.123659	-0.123708	-0.12381
626	-0.123792	-0.123866	-0.123953
627	-0.124034	-0.124069	-0.124193
628	-0.124277	-0.124271	-0.124433
629	-0.124414	-0.124369	-0.124541
630	-0.124537	-0.124453	-0.124633
631	-0.12467	-0.124614	-0.124774
632	-0.124805	-0.124794	-0.124928
633	-0.124979	-0.124977	-0.125111
634	-0.125171	-0.12516	-0.125306
635	-0.125365	-0.125336	-0.125499
636	-0.125561	-0.125507	-0.125691
637	-0.12575	-0.125695	-0.125865
638	-0.125933	-0.125901	-0.126023
639	-0.126076	-0.126062	-0.12617
640	-0.126161	-0.12616	-0.126304
641	-0.126275	-0.126269	-0.126437
642	-0.126452	-0.126401	-0.126569
643	-0.126601	-0.126523	-0.126691
644	-0.126652	-0.126613	-0.126781
645	-0.126717	-0.126717	-0.126881
646	-0.126882	-0.126919	-0.127055
647	-0.127045	-0.127116	-0.127225
648	-0.127138	-0.127188	-0.127275
649	-0.127231	-0.12726	-0.127325
650	-0.127069	-0.127121	-0.127154
651	-0.126892	-0.126969	-0.12697
652	-0.126403	-0.126478	-0.126509
653	-0.125859	-0.125928	-0.125999
654	-0.125384	-0.125444	-0.125504
655	-0.124929	-0.12498	-0.125015
656	-0.124899	-0.124941	-0.12498
657	-0.125073	-0.125107	-0.125166
658	-0.125539	-0.125579	-0.125663
659	-0.126211	-0.126266	-0.12638
660	-0.127066	-0.127121	-0.127257
661	-0.128106	-0.128144	-0.128295
662	-0.128976	-0.12899	-0.129136
663	-0.129605	-0.129583	-0.129697
664	-0.130038	-0.129992	-0.130092
665	-0.13007	-0.130025	-0.130147
666	-0.130102	-0.13005	-0.130183
667	-0.130132	-0.130047	-0.13016
668	-0.130167	-0.130061	-0.130159
669	-0.130229	-0.130163	-0.130271
670	-0.130296	-0.130267	-0.130387
671	-0.13041	-0.130401	-0.130539
672	-0.130524	-0.130534	-0.130691
673	-0.130597	-0.130643	-0.130765
674	-0.130671	-0.130753	-0.13084
675	-0.130995	-0.130992	-0.13116
676	-0.13134	-0.131243	-0.131501
677	-0.131444	-0.131373	-0.131638
678	-0.131503	-0.13148	-0.131737
679	-0.131687	-0.131704	-0.131904
680	-0.131911	-0.131965	-0.132092
681	-0.132163	-0.132233	-0.132321
682	-0.132428	-0.132504	-0.132569
683	-0.132689	-0.132716	-0.13281
684	-0.132947	-0.13289	-0.133048
685	-0.133254	-0.133182	-0.133369
686	-0.133603	-0.133578	-0.133764
687	-0.133876	-0.133868	-0.134051
688	-0.134059	-0.134034	-0.134211
689	-0.134291	-0.134259	-0.134406
690	-0.134602	-0.134578	-0.13466
691	-0.134914	-0.134895	-0.134949
692	-0.135227	-0.135208	-0.135315
693	-0.135551	-0.135541	-0.135685
694	-0.135908	-0.135936	-0.13607
695	-0.136293	-0.136346	-0.136476
696	-0.13682	-0.13683	-0.136983
697	-0.137325	-0.1373	-0.137473
698	-0.13764	-0.137643	-0.137809
699	-0.137955	-0.137985	-0.138147
700	-0.138264	-0.138336	-0.138528
701	-0.138573	-0.138687	-0.13891
702	-0.138931	-0.13905	-0.1392
703	-0.13929	-0.139413	-0.139486
704	-0.139731	-0.139847	-0.139941
705	-0.140182	-0.140289	-0.140416
706	-0.140689	-0.140764	-0.140827
707	-0.141207	-0.141245	-0.141226
708	-0.141631	-0.141657	-0.141633
709	-0.142027	-0.142049	-0.142043
710	-0.142501	-0.142448	-0.142575
711	-0.143009	-0.14285	-0.143157
712	-0.143526	-0.143411	-0.143696
713	-0.144048	-0.144061	-0.14421
714	-0.144559	-0.144683	-0.144677
715	-0.145062	-0.145286	-0.14511
716	-0.145593	-0.145833	-0.145613
717	-0.146151	-0.146328	-0.146181
718	-0.146766	-0.146876	-0.146803
719	-0.147447	-0.147488	-0.147487
720	-0.148147	-0.148107	-0.148131
[LOG]
CHECKSUM.“