[HEADER]
Format	J&M ASCII Table
Comment	
Date	19/08/2026 10:54:06
Order	Y (evenX)
TechType	UV
NumPoints	411
FirstX	310
LastX	720
XType	nm
YType	Absorbance
ZType	s
NumSubFile	3
Matrix	Z vs X
[LOGIN]
Name=pcbob
[INSTRUMENT]
Name=TIDAS E Base UV/VI
Detector=MMS - ASPEN 97,5 kHz
Diodearray=256 Pixel
Serial#=36584
Calibrated=2011-07-01
Range=183.81-729.88 [nm] (F0)

SWVersion=v3.18.2 (build 0)[LOGIN]
Name=pcbob
[CONFIG]
ChannelName=Channel 1
ChannelType=Normalized
[PARAMETER]
It=350,00
Aver=5
Norm=3
Range=310,0-720,0 nm
Scan=Time
ScanTime=5,00 s
[TRIGGER]
Sweep=0
Scan=0
[DIO]
DigOut=0x0000
DigIn=0x0000
[DATA]
	00:00:00,000	00:00:01,750	00:00:03,500
310	0.712449	0.711874	0.711363
311	0.697959	0.697368	0.696874
312	0.683882	0.683252	0.682861
313	0.670223	0.66958	0.66922
314	0.657142	0.656521	0.656094
315	0.644155	0.643562	0.643054
316	0.631461	0.630917	0.630289
317	0.618809	0.618309	0.617571
318	0.606772	0.606243	0.605562
319	0.594735	0.594177	0.593554
320	0.582813	0.582197	0.581627
321	0.570907	0.570228	0.569711
322	0.559179	0.5585	0.557975
323	0.547524	0.546872	0.546315
324	0.535976	0.535367	0.534776
325	0.52452	0.523972	0.523345
326	0.513177	0.51265	0.512031
327	0.502039	0.501462	0.50093
328	0.490954	0.490339	0.489875
329	0.480112	0.479521	0.479036
330	0.469272	0.468703	0.468197
331	0.458676	0.45811	0.457652
332	0.448081	0.447516	0.447108
333	0.437701	0.437141	0.436768
334	0.427366	0.426811	0.426472
335	0.417307	0.416775	0.416375
336	0.407397	0.406898	0.406386
337	0.397689	0.397199	0.396648
338	0.388206	0.387698	0.38719
339	0.378822	0.378324	0.377859
340	0.369671	0.369247	0.368831
341	0.360586	0.360235	0.359858
342	0.351979	0.351686	0.351281
343	0.343373	0.343136	0.342704
344	0.335239	0.334963	0.334505
345	0.327132	0.32681	0.326326
346	0.319366	0.319065	0.31863
347	0.311701	0.311439	0.311074
348	0.304409	0.304121	0.303808
349	0.297366	0.297009	0.296736
350	0.290423	0.290051	0.289795
351	0.283613	0.283299	0.283031
352	0.276923	0.276654	0.276401
353	0.270591	0.270326	0.270168
354	0.264279	0.26402	0.263943
355	0.258199	0.257985	0.25781
356	0.252119	0.251951	0.251677
357	0.246386	0.246195	0.245935
358	0.24069	0.240469	0.240234
359	0.235119	0.234915	0.234694
360	0.229595	0.229424	0.229214
361	0.224291	0.224117	0.223925
362	0.219161	0.218954	0.218785
363	0.214096	0.213881	0.21372
364	0.209132	0.20895	0.208773
365	0.204251	0.204095	0.203904
366	0.199666	0.199519	0.199318
367	0.195091	0.194953	0.19474
368	0.190726	0.190576	0.190347
369	0.186361	0.186199	0.185954
370	0.182058	0.181875	0.181633
371	0.177764	0.17756	0.177322
372	0.173554	0.173334	0.173121
373	0.169379	0.169146	0.168968
374	0.165293	0.165065	0.164899
375	0.161285	0.161077	0.160904
376	0.157322	0.157113	0.156946
377	0.153435	0.153192	0.153052
378	0.14957	0.14931	0.149189
379	0.14579	0.14559	0.145457
380	0.142014	0.141872	0.141728
381	0.138405	0.138235	0.138123
382	0.134796	0.134598	0.134519
383	0.131199	0.13104	0.130947
384	0.127604	0.127495	0.12738
385	0.12422	0.124119	0.124
386	0.120934	0.120821	0.120706
387	0.117725	0.117628	0.117529
388	0.114589	0.114533	0.114462
389	0.11151	0.11146	0.111398
390	0.108539	0.108429	0.10834
391	0.10559	0.105433	0.105327
392	0.102743	0.102598	0.102514
393	0.0999	0.099765	0.099704
394	0.097286	0.097149	0.097096
395	0.094673	0.094532	0.094489
396	0.092117	0.09197	0.091951
397	0.089571	0.089419	0.089426
398	0.087114	0.086992	0.086957
399	0.084699	0.084623	0.084513
400	0.082372	0.082294	0.082177
401	0.080127	0.080003	0.079943
402	0.0779	0.077742	0.077713
403	0.075708	0.075537	0.075488
404	0.073515	0.073338	0.073268
405	0.071318	0.071158	0.071065
406	0.06912	0.068979	0.068864
407	0.066906	0.066831	0.066736
408	0.064692	0.064683	0.064608
409	0.062586	0.062537	0.062463
410	0.060499	0.060391	0.060315
411	0.058427	0.058305	0.058228
412	0.056363	0.056248	0.056168
413	0.054398	0.054264	0.054192
414	0.052521	0.052347	0.05229
415	0.050655	0.050475	0.050412
416	0.048808	0.04868	0.048575
417	0.046959	0.046882	0.04675
418	0.0451	0.045072	0.044972
419	0.043243	0.043262	0.043192
420	0.041426	0.041441	0.041338
421	0.03961	0.03962	0.039484
422	0.038004	0.037975	0.037868
423	0.036427	0.036355	0.036286
424	0.03485	0.034799	0.034755
425	0.033273	0.033269	0.033244
426	0.031608	0.031621	0.031593
427	0.029873	0.029878	0.02983
428	0.028151	0.028144	0.02809
429	0.02645	0.026426	0.026387
430	0.024779	0.024735	0.024706
431	0.023207	0.023132	0.023099
432	0.021641	0.021539	0.021508
433	0.02016	0.020069	0.020107
434	0.018678	0.018599	0.018706
435	0.017132	0.017085	0.017165
436	0.01558	0.015568	0.01561
437	0.014133	0.014131	0.014151
438	0.012721	0.01272	0.012723
439	0.011358	0.011334	0.011321
440	0.010028	0.009966	0.009935
441	0.00872	0.008629	0.008603
442	0.00744	0.007335	0.007339
443	0.006179	0.006082	0.006088
444	0.004967	0.004932	0.004868
445	0.003759	0.003777	0.003661
446	0.002576	0.002592	0.002537
447	0.001394	0.001406	0.001414
448	0.000328	0.000306	0.000341
449	-0.000734	-0.000791	-0.00073
450	-0.00177	-0.001806	-0.001801
451	-0.002799	-0.002801	-0.002871
452	-0.003816	-0.003841	-0.00389
453	-0.004827	-0.004905	-0.004881
454	-0.005794	-0.00589	-0.005826
455	-0.006717	-0.006797	-0.006725
456	-0.007632	-0.007689	-0.007629
457	-0.00853	-0.008553	-0.008543
458	-0.00943	-0.009417	-0.00945
459	-0.010336	-0.010285	-0.010324
460	-0.011243	-0.011156	-0.0112
461	-0.012157	-0.0121	-0.01212
462	-0.013072	-0.013043	-0.01304
463	-0.013988	-0.013957	-0.013937
464	-0.014905	-0.014867	-0.014832
465	-0.01581	-0.015789	-0.01575
466	-0.016711	-0.016715	-0.016677
467	-0.017587	-0.017616	-0.017589
468	-0.018446	-0.018499	-0.018492
469	-0.019373	-0.01941	-0.019414
470	-0.020389	-0.020355	-0.020362
471	-0.021343	-0.021276	-0.021284
472	-0.022139	-0.022137	-0.022139
473	-0.022943	-0.022999	-0.022991
474	-0.023799	-0.023863	-0.023818
475	-0.024655	-0.024726	-0.024646
476	-0.025484	-0.02552	-0.02548
477	-0.026312	-0.026311	-0.026314
478	-0.027108	-0.027103	-0.027124
479	-0.027898	-0.027894	-0.027929
480	-0.028672	-0.02867	-0.028676
481	-0.029439	-0.029439	-0.029397
482	-0.030203	-0.030186	-0.030151
483	-0.030964	-0.030915	-0.030933
484	-0.031624	-0.031571	-0.031616
485	-0.032127	-0.032111	-0.032145
486	-0.032633	-0.032645	-0.032662
487	-0.033148	-0.033161	-0.033143
488	-0.033662	-0.033675	-0.033628
489	-0.034173	-0.034172	-0.034146
490	-0.034684	-0.034669	-0.034665
491	-0.035248	-0.035258	-0.035244
492	-0.035816	-0.035853	-0.035826
493	-0.036407	-0.036416	-0.03638
494	-0.037003	-0.036971	-0.036927
495	-0.037539	-0.037518	-0.037467
496	-0.038044	-0.038062	-0.038003
497	-0.038585	-0.038609	-0.038556
498	-0.039159	-0.039158	-0.039127
499	-0.039697	-0.039694	-0.039682
500	-0.040177	-0.040209	-0.040209
501	-0.040676	-0.040732	-0.040738
502	-0.041242	-0.041286	-0.041276
503	-0.041807	-0.041838	-0.041812
504	-0.042359	-0.042359	-0.042344
505	-0.042911	-0.04288	-0.042876
506	-0.043451	-0.04344	-0.043431
507	-0.043991	-0.044003	-0.043988
508	-0.044496	-0.044502	-0.044458
509	-0.044993	-0.044985	-0.044908
510	-0.045481	-0.045467	-0.045402
511	-0.045963	-0.045948	-0.045918
512	-0.046413	-0.046413	-0.046389
513	-0.046833	-0.046863	-0.04682
514	-0.047236	-0.047272	-0.047217
515	-0.047614	-0.047616	-0.047559
516	-0.047991	-0.047974	-0.047913
517	-0.048369	-0.048375	-0.048298
518	-0.048741	-0.048767	-0.048678
519	-0.049058	-0.049092	-0.049009
520	-0.049376	-0.049417	-0.04934
521	-0.04973	-0.049741	-0.049656
522	-0.050086	-0.050066	-0.049971
523	-0.050394	-0.050383	-0.050305
524	-0.050692	-0.050699	-0.050642
525	-0.05101	-0.051012	-0.050966
526	-0.051337	-0.051324	-0.051283
527	-0.05166	-0.051643	-0.051601
528	-0.051981	-0.051969	-0.051917
529	-0.052291	-0.052259	-0.052212
530	-0.052588	-0.052504	-0.052479
531	-0.05288	-0.052771	-0.052765
532	-0.05316	-0.053094	-0.053097
533	-0.053445	-0.053417	-0.053425
534	-0.053759	-0.053745	-0.05373
535	-0.054075	-0.054076	-0.054036
536	-0.054463	-0.054479	-0.054415
537	-0.054851	-0.054882	-0.054793
538	-0.055193	-0.055225	-0.055144
539	-0.055529	-0.055561	-0.055492
540	-0.055881	-0.055897	-0.055841
541	-0.056238	-0.056232	-0.05619
542	-0.056526	-0.056507	-0.056484
543	-0.056772	-0.056748	-0.056745
544	-0.057093	-0.057076	-0.057072
545	-0.057489	-0.057492	-0.057464
546	-0.057837	-0.057868	-0.05782
547	-0.058104	-0.058176	-0.058117
548	-0.058384	-0.058481	-0.058411
549	-0.058705	-0.058774	-0.058697
550	-0.059024	-0.059068	-0.05899
551	-0.059331	-0.059363	-0.059331
552	-0.059637	-0.059659	-0.059671
553	-0.059968	-0.059959	-0.059927
554	-0.060299	-0.060259	-0.060182
555	-0.060547	-0.060498	-0.060418
556	-0.060781	-0.060726	-0.060651
557	-0.061001	-0.060975	-0.060917
558	-0.061216	-0.061231	-0.061195
559	-0.061494	-0.061513	-0.061477
560	-0.061812	-0.061812	-0.061763
561	-0.062124	-0.062111	-0.062058
562	-0.062429	-0.06241	-0.062364
563	-0.062719	-0.062691	-0.062656
564	-0.062981	-0.062943	-0.062922
565	-0.063251	-0.063209	-0.063199
566	-0.063544	-0.063525	-0.06351
567	-0.063837	-0.063837	-0.063818
568	-0.064134	-0.064133	-0.064099
569	-0.06443	-0.064428	-0.064381
570	-0.0647	-0.064703	-0.064679
571	-0.064971	-0.064978	-0.064979
572	-0.065232	-0.065243	-0.065243
573	-0.065492	-0.065506	-0.065502
574	-0.065784	-0.065791	-0.065779
575	-0.066086	-0.066084	-0.066062
576	-0.066336	-0.06633	-0.066302
577	-0.066555	-0.066549	-0.066518
578	-0.06678	-0.066762	-0.066739
579	-0.067011	-0.066971	-0.066965
580	-0.067235	-0.067179	-0.067184
581	-0.067447	-0.067388	-0.067391
582	-0.067677	-0.067618	-0.067623
583	-0.067952	-0.067901	-0.067919
584	-0.068215	-0.068176	-0.068198
585	-0.068423	-0.068399	-0.068383
586	-0.068632	-0.06862	-0.068568
587	-0.068848	-0.068814	-0.068784
588	-0.069064	-0.069007	-0.069
589	-0.069307	-0.069254	-0.069242
590	-0.069552	-0.069505	-0.069486
591	-0.069798	-0.069761	-0.06973
592	-0.070045	-0.07002	-0.069973
593	-0.070315	-0.070288	-0.070235
594	-0.070595	-0.070561	-0.070506
595	-0.070965	-0.070936	-0.070864
596	-0.0714	-0.071384	-0.071281
597	-0.071804	-0.071786	-0.071686
598	-0.072175	-0.072138	-0.072077
599	-0.072499	-0.072461	-0.072409
600	-0.072743	-0.072736	-0.07264
601	-0.072951	-0.072963	-0.072839
602	-0.073056	-0.073053	-0.072947
603	-0.073148	-0.073132	-0.073044
604	-0.073162	-0.073152	-0.073075
605	-0.073172	-0.073167	-0.073099
606	-0.073063	-0.073059	-0.072964
607	-0.072955	-0.072952	-0.072829
608	-0.0729	-0.072874	-0.07279
609	-0.072849	-0.072799	-0.072758
610	-0.072805	-0.072744	-0.072694
611	-0.072762	-0.072693	-0.072623
612	-0.072788	-0.072743	-0.072656
613	-0.072842	-0.072834	-0.072731
614	-0.072917	-0.0729	-0.072796
615	-0.073005	-0.072951	-0.072855
616	-0.07308	-0.073036	-0.07295
617	-0.073142	-0.073155	-0.073081
618	-0.073231	-0.073261	-0.073212
619	-0.073361	-0.073346	-0.073342
620	-0.07348	-0.073434	-0.073456
621	-0.073575	-0.073525	-0.073533
622	-0.073658	-0.073614	-0.073608
623	-0.073699	-0.073687	-0.073672
624	-0.073746	-0.073761	-0.073736
625	-0.073856	-0.07384	-0.073806
626	-0.073965	-0.073919	-0.073875
627	-0.074087	-0.074073	-0.074033
628	-0.074209	-0.074228	-0.074191
629	-0.074231	-0.074237	-0.074234
630	-0.07424	-0.074229	-0.074263
631	-0.074325	-0.074329	-0.07434
632	-0.074429	-0.074457	-0.074429
633	-0.074551	-0.074605	-0.074551
634	-0.074681	-0.074763	-0.074687
635	-0.074818	-0.074906	-0.074839
636	-0.074959	-0.075041	-0.075002
637	-0.075073	-0.075161	-0.075118
638	-0.07516	-0.075267	-0.075188
639	-0.075244	-0.075355	-0.075258
640	-0.075323	-0.075416	-0.075328
641	-0.075417	-0.075484	-0.075403
642	-0.075547	-0.075566	-0.075486
643	-0.075666	-0.075653	-0.075576
644	-0.075752	-0.075755	-0.075691
645	-0.075853	-0.075867	-0.07582
646	-0.076057	-0.076043	-0.07605
647	-0.076266	-0.076226	-0.076283
648	-0.076612	-0.0766	-0.076579
649	-0.076958	-0.076974	-0.076876
650	-0.077509	-0.077535	-0.07741
651	-0.078072	-0.078108	-0.077959
652	-0.078509	-0.07852	-0.078415
653	-0.078924	-0.078903	-0.078854
654	-0.079125	-0.079122	-0.07907
655	-0.079259	-0.079291	-0.079216
656	-0.079414	-0.079418	-0.079361
657	-0.079578	-0.079527	-0.079505
658	-0.079701	-0.07964	-0.079633
659	-0.079795	-0.079757	-0.079749
660	-0.079906	-0.079892	-0.07986
661	-0.080035	-0.080047	-0.079966
662	-0.08006	-0.080089	-0.079997
663	-0.079939	-0.079973	-0.079923
664	-0.079758	-0.079794	-0.079769
665	-0.079453	-0.079488	-0.079452
666	-0.079213	-0.079234	-0.07918
667	-0.079173	-0.079142	-0.079049
668	-0.079161	-0.079085	-0.078965
669	-0.079298	-0.079207	-0.079122
670	-0.079434	-0.079331	-0.079278
671	-0.079567	-0.079471	-0.079416
672	-0.0797	-0.079612	-0.079553
673	-0.079818	-0.079804	-0.079742
674	-0.079937	-0.079997	-0.079932
675	-0.080176	-0.080239	-0.080115
676	-0.080426	-0.080486	-0.080298
677	-0.080569	-0.080585	-0.080452
678	-0.080692	-0.080656	-0.080601
679	-0.080925	-0.08091	-0.080855
680	-0.081192	-0.081222	-0.081143
681	-0.081464	-0.081543	-0.08144
682	-0.081739	-0.081869	-0.081741
683	-0.082033	-0.082123	-0.082031
684	-0.08234	-0.082329	-0.082313
685	-0.082652	-0.082607	-0.082625
686	-0.082968	-0.082949	-0.082963
687	-0.083244	-0.083218	-0.083215
688	-0.08347	-0.083402	-0.083364
689	-0.083703	-0.083655	-0.083583
690	-0.083947	-0.084018	-0.083914
691	-0.084233	-0.084352	-0.084245
692	-0.084613	-0.084623	-0.084573
693	-0.084996	-0.084925	-0.084919
694	-0.08539	-0.085321	-0.085318
695	-0.085778	-0.085709	-0.085707
696	-0.086137	-0.086051	-0.086037
697	-0.086496	-0.086396	-0.086374
698	-0.086865	-0.086774	-0.086763
699	-0.087231	-0.087152	-0.087149
700	-0.08755	-0.087548	-0.087444
701	-0.087869	-0.087944	-0.08774
702	-0.088111	-0.088152	-0.088042
703	-0.08835	-0.088353	-0.088343
704	-0.088676	-0.088697	-0.088663
705	-0.089012	-0.089057	-0.088984
706	-0.089495	-0.089477	-0.089421
707	-0.090007	-0.089908	-0.08988
708	-0.09026	-0.090291	-0.090208
709	-0.090435	-0.09066	-0.090496
710	-0.090751	-0.090991	-0.090831
711	-0.091127	-0.091306	-0.091187
712	-0.091715	-0.091809	-0.091737
713	-0.092421	-0.092418	-0.092396
714	-0.092775	-0.092801	-0.092787
715	-0.092874	-0.093021	-0.092982
716	-0.093237	-0.093446	-0.093387
717	-0.093844	-0.094061	-0.093988
718	-0.094424	-0.094628	-0.094517
719	-0.094973	-0.095139	-0.094963
720	-0.095463	-0.095635	-0.095467
[LOG]
CHECKSUMªx