[HEADER]
Format	J&M ASCII Table
Comment	
Date	19/08/2026 08:57:34
Order	Y (evenX)
TechType	UV
NumPoints	411
FirstX	310
LastX	720
XType	nm
YType	Absorbance
ZType	s
NumSubFile	3
Matrix	Z vs X
[LOGIN]
Name=pcbob
[INSTRUMENT]
Name=TIDAS E Base UV/VI
Detector=MMS - ASPEN 97,5 kHz
Diodearray=256 Pixel
Serial#=36584
Calibrated=2011-07-01
Range=183.81-729.88 [nm] (F0)

SWVersion=v3.18.2 (build 0)[LOGIN]
Name=pcbob
[CONFIG]
ChannelName=Channel 1
ChannelType=Normalized
[PARAMETER]
It=350,00
Aver=5
Norm=3
Range=310,0-720,0 nm
Scan=Time
ScanTime=5,00 s
[TRIGGER]
Sweep=0
Scan=0
[DIO]
DigOut=0x0000
DigIn=0x0000
[DATA]
	00:00:00,000	00:00:01,750	00:00:03,500
310	-0.000011	0.000014	-0.000016
311	0.000002	0.000022	-0.000012
312	0.000009	0.00002	-0.000004
313	0.000001	0.000007	-0.000006
314	-0.000029	-0.00002	-0.000021
315	-0.000053	-0.000038	-0.000033
316	-0.000058	-0.000026	-0.000035
317	-0.000062	-0.000013	-0.000035
318	-0.000046	0.000006	0.000002
319	-0.000031	0.000025	0.000039
320	-0.00004	-0.00001	0.000008
321	-0.000053	-0.000053	-0.000032
322	-0.000065	-0.000056	-0.000054
323	-0.000077	-0.000043	-0.000069
324	-0.000083	-0.000043	-0.000079
325	-0.000084	-0.000054	-0.000085
326	-0.000084	-0.00006	-0.000088
327	-0.000085	-0.000056	-0.000086
328	-0.00008	-0.00005	-0.000084
329	-0.00005	-0.000029	-0.000079
330	-0.000021	-0.000008	-0.000073
331	-0.000028	0.000005	-0.000067
332	-0.000035	0.000017	-0.00006
333	-0.000052	-0.000029	-0.000055
334	-0.000072	-0.000088	-0.00005
335	-0.000062	-0.000075	-0.000068
336	-0.000036	-0.000024	-0.000098
337	-0.000022	0.000005	-0.000091
338	-0.000021	0.000008	-0.000044
339	-0.000033	0.000006	-0.000016
340	-0.000075	-0.000009	-0.000034
341	-0.000105	-0.000016	-0.000043
342	-0.000043	0.000034	0.000022
343	0.000019	0.000084	0.000087
344	-0.000009	0.000042	-0.000015
345	-0.000043	-0.000005	-0.000128
346	-0.000062	-0.000039	-0.000119
347	-0.000075	-0.000069	-0.000074
348	-0.000072	-0.000093	-0.000039
349	-0.000058	-0.000112	-0.000009
350	-0.00006	-0.000104	-0.000012
351	-0.000085	-0.000056	-0.00006
352	-0.000101	-0.000017	-0.000093
353	-0.000088	-0.000002	-0.000079
354	-0.000072	0.000011	-0.000064
355	-0.000026	-0.000006	-0.000019
356	0.000021	-0.000023	0.000025
357	0.000011	-0.000008	0.000045
358	-0.000004	0.000011	0.000061
359	-0.000031	-0.000004	0.000031
360	-0.000063	-0.000032	-0.000016
361	-0.000076	-0.000033	-0.000048
362	-0.000075	-0.000013	-0.00007
363	-0.000061	0.000003	-0.000068
364	-0.000027	0.00001	-0.00003
365	-0.000006	0.000011	-0.000003
366	-0.000033	-0.000008	-0.000018
367	-0.000059	-0.000024	-0.000032
368	-0.00007	0.000006	-0.000003
369	-0.000081	0.000035	0.000025
370	-0.000073	0.000026	0.000011
371	-0.000063	0.000011	-0.000008
372	-0.000048	0.000026	-0.000032
373	-0.000032	0.000053	-0.000057
374	-0.000037	0.000023	-0.000065
375	-0.00006	-0.000058	-0.000056
376	-0.000081	-0.000102	-0.000041
377	-0.000098	-0.000083	-0.000015
378	-0.000103	-0.000057	0.000003
379	-0.000061	-0.000001	-0.000019
380	-0.00002	0.000054	-0.00004
381	-0.000016	0.000046	-0.000018
382	-0.000011	0.000039	0.000004
383	-0.000008	0.000009	0.000003
384	-0.000004	-0.000024	-0.000002
385	-0.000015	-0.000022	0.000018
386	-0.000031	-0.000002	0.000049
387	-0.00004	0.000003	0.000051
388	-0.000041	-0.000006	0.000025
389	-0.000045	-0.000009	0.000023
390	-0.000057	-0.000004	0.000066
391	-0.000065	0	0.0001
392	-0.000059	0	0.000093
393	-0.000053	0	0.000086
394	-0.000016	0.000012	0.000048
395	0.00002	0.000024	0.00001
396	0.000004	0.000024	0.000023
397	-0.000022	0.000022	0.000045
398	-0.000033	0.000047	0.000067
399	-0.000038	0.000085	0.000088
400	-0.000027	0.000079	0.000106
401	-0.000003	0.000031	0.000119
402	0.000008	-0.000014	0.000124
403	-0.000009	-0.000055	0.000112
404	-0.000014	-0.000079	0.000103
405	0.000038	-0.000032	0.000113
406	0.000088	0.000014	0.000121
407	0.000043	0.000016	0.0001
408	-0.000003	0.000019	0.000079
409	-0.000025	-0.000024	0.000038
410	-0.000042	-0.000075	-0.000005
411	-0.00009	-0.000084	-0.000013
412	-0.000151	-0.000075	-0.000004
413	-0.000144	-0.000059	0.000015
414	-0.000076	-0.000037	0.000043
415	-0.000032	-0.000019	0.00006
416	-0.000032	-0.000009	0.00006
417	-0.00003	0.000008	0.000057
418	-0.000019	0.00005	0.000046
419	-0.00001	0.000087	0.000037
420	-0.000035	0.000022	0.000064
421	-0.000061	-0.000043	0.00009
422	-0.00006	-0.000059	0.000079
423	-0.000055	-0.000067	0.000062
424	-0.000072	-0.000053	0.000049
425	-0.000097	-0.00003	0.000037
426	-0.000078	-0.00001	0.000037
427	-0.000022	0.000009	0.000046
428	0.000008	0.000021	0.00006
429	-0.000001	0.000025	0.000083
430	-0.000014	0.000016	0.000096
431	-0.000042	-0.000029	0.000078
432	-0.000068	-0.000071	0.000062
433	-0.000058	-0.000064	0.000075
434	-0.000049	-0.000056	0.000088
435	-0.000077	-0.000052	0.000104
436	-0.000108	-0.000048	0.000119
437	-0.000106	-0.00005	0.00009
438	-0.000092	-0.000054	0.000046
439	-0.000098	-0.000057	0.000026
440	-0.000115	-0.000058	0.000022
441	-0.000123	-0.000063	0.000019
442	-0.000118	-0.00007	0.000017
443	-0.000102	-0.000068	0.000029
444	-0.000059	-0.000042	0.000074
445	-0.000027	-0.00002	0.00011
446	-0.000066	-0.00003	0.000074
447	-0.000106	-0.000039	0.000038
448	-0.000115	-0.000059	0.000027
449	-0.000123	-0.000078	0.000017
450	-0.000106	-0.000055	0.00004
451	-0.000084	-0.000021	0.000071
452	-0.000085	-0.000048	0.000065
453	-0.000098	-0.000108	0.00004
454	-0.000098	-0.000115	0.000047
455	-0.000085	-0.00007	0.000088
456	-0.00008	-0.000049	0.000106
457	-0.00009	-0.00007	0.000081
458	-0.000101	-0.00008	0.00006
459	-0.000116	-0.000042	0.000058
460	-0.00013	-0.000006	0.000056
461	-0.000103	-0.000023	0.000086
462	-0.000076	-0.000039	0.000116
463	-0.000094	-0.000058	0.000102
464	-0.000117	-0.000077	0.000081
465	-0.000095	-0.00006	0.000079
466	-0.000058	-0.00003	0.000083
467	-0.000053	-0.000024	0.00008
468	-0.000072	-0.000035	0.000072
469	-0.000075	-0.000047	0.000078
470	-0.000056	-0.000058	0.000104
471	-0.000053	-0.000063	0.000111
472	-0.000088	-0.000051	0.00007
473	-0.000116	-0.000039	0.000038
474	-0.000096	-0.000021	0.000072
475	-0.000076	-0.000004	0.000106
476	-0.000057	-0.000043	0.000088
477	-0.000038	-0.000083	0.000069
478	-0.000059	-0.000082	0.000096
479	-0.000088	-0.000072	0.000131
480	-0.000077	-0.000049	0.00014
481	-0.000048	-0.00002	0.000137
482	-0.000048	-0.000022	0.000118
483	-0.000073	-0.000052	0.000084
484	-0.000071	-0.000074	0.000066
485	-0.000025	-0.000085	0.000073
486	-0	-0.000086	0.000069
487	-0.000038	-0.000056	0.000031
488	-0.000071	-0.000026	0.000002
489	-0.000064	-0.000005	0.000061
490	-0.000058	0.000016	0.000119
491	-0.000043	-0.000005	0.000099
492	-0.000028	-0.000027	0.000075
493	-0.000036	-0.000056	0.000069
494	-0.00005	-0.000087	0.000066
495	-0.000035	-0.000077	0.000087
496	-0.000007	-0.000045	0.000119
497	-0.00001	-0.000034	0.000139
498	-0.000044	-0.000042	0.000145
499	-0.000043	-0.000032	0.00015
500	0.000018	0.000009	0.000151
501	0.000053	0.000026	0.000152
502	-0.000001	-0.000033	0.000148
503	-0.000051	-0.000085	0.000145
504	-0.000056	-0.000056	0.000144
505	-0.000062	-0.000027	0.000142
506	-0.000099	-0.00004	0.000139
507	-0.000138	-0.000055	0.000135
508	-0.000092	-0.000031	0.000128
509	-0.000026	0.000003	0.000119
510	-0.000003	-0.000009	0.000138
511	-0.000001	-0.000044	0.000172
512	-0.000032	-0.000048	0.000166
513	-0.000092	-0.000023	0.000126
514	-0.000116	-0.000016	0.000107
515	-0.00008	-0.000037	0.000124
516	-0.000059	-0.000068	0.000134
517	-0.000081	-0.000125	0.000124
518	-0.000094	-0.000168	0.000116
519	-0.000041	-0.000099	0.000133
520	0.000013	-0.000031	0.00015
521	-0.000023	-0.000035	0.000152
522	-0.000062	-0.000042	0.000154
523	-0.000067	-0.00001	0.000161
524	-0.000065	0.000031	0.000169
525	-0.000061	0.000016	0.000166
526	-0.000056	-0.000022	0.000157
527	-0.000053	-0.000042	0.000145
528	-0.000053	-0.000047	0.000132
529	-0.000049	-0.000044	0.000138
530	-0.000041	-0.00003	0.000172
531	-0.00004	-0.000024	0.000192
532	-0.000058	-0.000035	0.00018
533	-0.000069	-0.000041	0.000172
534	-0.000046	-0.000015	0.000188
535	-0.000024	0.00001	0.000203
536	-0.000033	-0.000012	0.00017
537	-0.000043	-0.000034	0.000137
538	-0.00006	-0.000026	0.000154
539	-0.000078	-0.000013	0.000176
540	-0.000102	-0.000017	0.000162
541	-0.000127	-0.000026	0.000136
542	-0.0001	-0.000004	0.000142
543	-0.000044	0.000035	0.000167
544	-0.000034	0.000025	0.000161
545	-0.000069	-0.000033	0.000126
546	-0.000086	-0.000065	0.000116
547	-0.000073	-0.000055	0.000149
548	-0.000062	-0.000057	0.00017
549	-0.000062	-0.000098	0.000153
550	-0.000059	-0.000129	0.000141
551	-0.00004	-0.00008	0.000166
552	-0.000021	-0.000031	0.000191
553	-0.000027	-0.000034	0.000138
554	-0.000032	-0.000038	0.000085
555	-0.000058	-0.000018	0.00011
556	-0.000086	0.000005	0.000149
557	-0.000077	-0.000006	0.000159
558	-0.000053	-0.000031	0.000159
559	-0.000056	-0.000034	0.000141
560	-0.000077	-0.000023	0.000112
561	-0.000092	-0.000039	0.000105
562	-0.0001	-0.000085	0.000124
563	-0.0001	-0.000106	0.000138
564	-0.000086	-0.000084	0.000145
565	-0.000076	-0.000061	0.000149
566	-0.00008	-0.000037	0.000142
567	-0.00008	-0.000014	0.000136
568	-0.000044	0.000002	0.000142
569	-0.000007	0.000017	0.000148
570	-0.000008	-0.000047	0.000115
571	-0.000009	-0.000111	0.000081
572	-0.000034	-0.000063	0.000092
573	-0.000063	0.000001	0.000109
574	-0.000069	0	0.000096
575	-0.000068	-0.000022	0.000074
576	-0.000058	-0.000037	0.00008
577	-0.000044	-0.000048	0.000104
578	-0.000037	-0.000043	0.000121
579	-0.000038	-0.000025	0.00013
580	-0.000037	-0.000014	0.000134
581	-0.000034	-0.000016	0.000128
582	-0.00003	-0.00002	0.000125
583	-0.00002	-0.000032	0.000128
584	-0.000014	-0.000039	0.00013
585	-0.000028	-0.000021	0.000127
586	-0.000041	-0.000004	0.000124
587	-0.000026	-0.000004	0.000134
588	-0.000012	-0.000004	0.000144
589	-0.000015	-0.000006	0.000149
590	-0.000019	-0.000009	0.000155
591	-0.000016	-0.000006	0.000161
592	-0.000011	-0.000003	0.000168
593	0.000004	-0.000009	0.000165
594	0.000023	-0.000018	0.000157
595	0.000013	-0.000017	0.000144
596	-0.000017	-0.000009	0.000129
597	-0.000031	-0.000003	0.000127
598	-0.000026	0	0.000142
599	-0.000014	0.000012	0.000154
600	0.000013	0.000037	0.000162
601	0.000026	0.000056	0.000162
602	-0	0.00006	0.000135
603	-0.000027	0.000055	0.000113
604	-0.000055	-0.000004	0.000117
605	-0.00008	-0.000059	0.00012
606	-0.000055	-0.000038	0.000114
607	-0.00003	-0.000017	0.000107
608	-0.00002	-0.000027	0.000145
609	-0.000011	-0.00004	0.000185
610	-0.000011	-0.000009	0.000179
611	-0.000013	0.000032	0.000163
612	-0.000037	0.000029	0.000158
613	-0.00007	0.000008	0.000159
614	-0.000069	-0.000019	0.000162
615	-0.000044	-0.00005	0.000165
616	-0.000042	-0.000063	0.000152
617	-0.00006	-0.000059	0.000123
618	-0.000077	-0.000058	0.000094
619	-0.000092	-0.00006	0.000064
620	-0.000083	-0.000046	0.000066
621	-0.000019	0.000008	0.000143
622	0.000033	0.00005	0.000194
623	0.000035	0.000039	0.000133
624	0.000034	0.000028	0.000079
625	-0.000002	0.000021	0.000082
626	-0.000038	0.000013	0.000086
627	-0.000043	-0.000029	0.000076
628	-0.000048	-0.000071	0.000067
629	-0.000024	-0.000035	0.000102
630	0.000003	0.000009	0.000142
631	-0.000024	-0.000001	0.000127
632	-0.000066	-0.000025	0.000097
633	-0.000053	-0.000035	0.000107
634	-0.000015	-0.000037	0.000133
635	-0.000029	-0.000061	0.000108
636	-0.000078	-0.000099	0.000049
637	-0.000114	-0.000104	0.000034
638	-0.000137	-0.000076	0.000063
639	-0.000135	-0.000051	0.000078
640	-0.000097	-0.00003	0.000074
641	-0.000075	-0.000033	0.000074
642	-0.000086	-0.000091	0.000082
643	-0.000088	-0.000123	0.000096
644	-0.000061	-0.000063	0.000127
645	-0.000041	-0.000017	0.00015
646	-0.000072	-0.000072	0.000112
647	-0.000103	-0.000123	0.000075
648	-0.000113	-0.000076	0.000059
649	-0.000122	-0.000029	0.000044
650	-0.000105	-0.000046	0.00005
651	-0.000087	-0.000066	0.000058
652	-0.00006	-0.000067	0.000053
653	-0.000032	-0.000065	0.000045
654	-0.000013	-0.000031	0.000043
655	0.000003	0.000013	0.000043
656	0.000028	0.000029	0.000066
657	0.000057	0.000032	0.0001
658	0.000073	0.000043	0.000099
659	0.00008	0.000061	0.000073
660	0.000043	0.000031	0.000057
661	-0.00004	-0.000048	0.000049
662	-0.000093	-0.000095	0.00004
663	-0.000104	-0.000098	0.000031
664	-0.000107	-0.0001	0.000028
665	-0.000092	-0.0001	0.000039
666	-0.000066	-0.000081	0.000065
667	-0.000008	-0.000003	0.000138
668	0.000042	0.00006	0.000198
669	0.000045	0.000051	0.000193
670	0.000044	0.000037	0.000184
671	-0.00002	-0.000016	0.000131
672	-0.000084	-0.00007	0.000077
673	-0.000061	0.000001	0.000102
674	-0.000038	0.000073	0.000126
675	-0.000061	-0.000059	0.000075
676	-0.00009	-0.000208	0.000017
677	-0.00008	-0.000167	0.000099
678	-0.000063	-0.000091	0.000209
679	-0.000059	-0.000055	0.000162
680	-0.000059	-0.00003	0.000067
681	-0.000055	-0.000022	0.00008
682	-0.000048	-0.000023	0.000142
683	-0.000071	-0.000036	0.000127
684	-0.000112	-0.000059	0.000061
685	-0.000114	-0.000098	0.000017
686	-0.000081	-0.000152	-0.000009
687	-0.000055	-0.00017	0.000001
688	-0.000036	-0.000145	0.000056
689	-0.000034	-0.000118	0.000095
690	-0.000058	-0.000088	0.000108
691	-0.000057	-0.000053	0.000118
692	-0	-0.000008	0.00012
693	0.000044	0.000023	0.000106
694	0.000045	0.00001	0.000043
695	0.000035	-0.000016	-0.000017
696	-0.000029	-0.000113	-0.000063
697	-0.000091	-0.000195	-0.000094
698	-0.000141	-0.000147	0.00001
699	-0.000187	-0.000098	0.000108
700	-0.000079	-0.000029	0.000045
701	0.000028	0.00004	-0.000019
702	-0.000009	-0.000041	0.000089
703	-0.000052	-0.000127	0.000203
704	-0.00008	-0.000098	0.000063
705	-0.000105	-0.000056	-0.000105
706	-0.000103	-0.000077	-0.000016
707	-0.000094	-0.000111	0.000126
708	-0.000031	-0.000058	0.000046
709	0.000049	0.00002	-0.000102
710	0.000009	0.000062	-0.000079
711	-0.000081	0.000088	0.000015
712	-0.000061	-0.000002	0.000028
713	0.000021	-0.000156	-0.000005
714	0.000058	-0.000093	0.000023
715	0.000062	0.000127	0.000093
716	0.000104	0.000281	0.000208
717	0.000182	0.000374	0.000365
718	0.000201	0.00033	0.000356
719	0.00015	0.000123	0.000152
720	0.000223	0.000106	0.000137
[LOG]
CHECKSUM’É