[HEADER]
Format	J&M ASCII Table
Comment	
Date	19/08/2026 11:08:37
Order	Y (evenX)
TechType	UV
NumPoints	411
FirstX	310
LastX	720
XType	nm
YType	Absorbance
ZType	s
NumSubFile	3
Matrix	Z vs X
[LOGIN]
Name=pcbob
[INSTRUMENT]
Name=TIDAS E Base UV/VI
Detector=MMS - ASPEN 97,5 kHz
Diodearray=256 Pixel
Serial#=36584
Calibrated=2011-07-01
Range=183.81-729.88 [nm] (F0)

SWVersion=v3.18.2 (build 0)[LOGIN]
Name=pcbob
[CONFIG]
ChannelName=Channel 1
ChannelType=Normalized
[PARAMETER]
It=350,00
Aver=5
Norm=3
Range=310,0-720,0 nm
Scan=Time
ScanTime=5,00 s
[TRIGGER]
Sweep=0
Scan=0
[DIO]
DigOut=0x0000
DigIn=0x0000
[DATA]
	00:00:00,000	00:00:01,750	00:00:03,500
310	-0.000275	-0.000257	-0.000287
311	-0.000699	-0.000681	-0.000715
312	-0.001115	-0.001081	-0.001138
313	-0.001495	-0.001458	-0.001526
314	-0.001822	-0.001803	-0.001865
315	-0.002144	-0.00214	-0.002192
316	-0.002453	-0.002446	-0.002481
317	-0.002758	-0.002751	-0.00277
318	-0.003027	-0.003035	-0.003062
319	-0.003297	-0.00332	-0.003354
320	-0.003695	-0.003699	-0.003746
321	-0.00411	-0.00409	-0.004151
322	-0.004528	-0.004506	-0.004548
323	-0.004948	-0.004932	-0.004942
324	-0.00536	-0.005346	-0.005343
325	-0.005766	-0.005751	-0.00575
326	-0.006158	-0.006146	-0.006158
327	-0.006528	-0.006525	-0.006569
328	-0.006893	-0.006894	-0.006964
329	-0.007237	-0.007221	-0.00728
330	-0.007582	-0.007548	-0.007597
331	-0.007887	-0.007876	-0.007913
332	-0.008193	-0.008203	-0.00823
333	-0.008498	-0.008482	-0.008527
334	-0.008803	-0.00875	-0.008821
335	-0.00913	-0.009059	-0.009139
336	-0.009471	-0.00939	-0.00947
337	-0.00979	-0.009691	-0.00976
338	-0.010087	-0.009959	-0.010005
339	-0.010401	-0.010281	-0.010303
340	-0.010758	-0.010732	-0.010725
341	-0.011113	-0.011164	-0.01113
342	-0.011452	-0.011462	-0.011405
343	-0.01179	-0.011759	-0.01168
344	-0.012201	-0.012167	-0.012096
345	-0.012615	-0.01258	-0.012521
346	-0.012878	-0.012847	-0.012837
347	-0.013096	-0.013071	-0.013121
348	-0.013337	-0.013305	-0.013366
349	-0.013593	-0.013546	-0.013586
350	-0.01384	-0.013794	-0.013812
351	-0.014075	-0.014053	-0.014046
352	-0.014303	-0.014292	-0.01427
353	-0.014511	-0.014474	-0.014459
354	-0.014718	-0.014658	-0.014653
355	-0.014902	-0.014865	-0.014895
356	-0.015087	-0.015073	-0.015138
357	-0.015324	-0.015306	-0.015344
358	-0.015568	-0.015542	-0.015547
359	-0.015853	-0.015812	-0.015818
360	-0.016154	-0.016096	-0.016113
361	-0.016444	-0.016391	-0.016409
362	-0.016725	-0.016695	-0.016705
363	-0.016948	-0.016935	-0.016939
364	-0.017079	-0.017072	-0.017078
365	-0.017237	-0.017225	-0.01724
366	-0.017487	-0.017436	-0.017488
367	-0.017731	-0.017645	-0.01773
368	-0.017859	-0.017805	-0.017835
369	-0.017987	-0.017966	-0.017939
370	-0.018134	-0.01812	-0.018106
371	-0.018284	-0.018273	-0.018283
372	-0.01839	-0.018349	-0.018365
373	-0.018479	-0.018394	-0.018408
374	-0.018598	-0.018499	-0.018504
375	-0.018743	-0.018658	-0.018649
376	-0.018891	-0.018825	-0.018816
377	-0.019047	-0.019003	-0.019024
378	-0.019205	-0.01917	-0.019218
379	-0.019376	-0.019293	-0.019358
380	-0.019546	-0.019417	-0.019498
381	-0.019709	-0.019601	-0.019662
382	-0.019873	-0.019784	-0.019826
383	-0.020067	-0.019998	-0.020007
384	-0.020266	-0.020217	-0.020191
385	-0.020454	-0.020418	-0.020403
386	-0.020635	-0.020612	-0.020628
387	-0.0208	-0.020774	-0.020811
388	-0.020949	-0.020907	-0.020956
389	-0.021112	-0.021058	-0.021119
390	-0.021302	-0.021243	-0.021318
391	-0.021469	-0.02141	-0.021487
392	-0.021528	-0.021495	-0.021523
393	-0.021587	-0.02158	-0.02156
394	-0.021701	-0.0217	-0.021692
395	-0.021814	-0.021821	-0.021823
396	-0.021975	-0.02197	-0.021966
397	-0.022144	-0.022124	-0.022111
398	-0.022269	-0.022237	-0.02225
399	-0.022373	-0.022331	-0.022387
400	-0.022498	-0.02243	-0.022498
401	-0.022643	-0.022535	-0.022585
402	-0.022804	-0.022683	-0.022716
403	-0.022993	-0.022912	-0.022927
404	-0.023195	-0.023139	-0.023146
405	-0.023457	-0.023358	-0.023401
406	-0.023718	-0.023579	-0.023657
407	-0.02394	-0.023903	-0.02392
408	-0.024162	-0.024228	-0.024183
409	-0.024439	-0.024496	-0.024397
410	-0.024727	-0.024754	-0.024603
411	-0.024945	-0.024959	-0.024802
412	-0.025132	-0.025139	-0.024998
413	-0.025304	-0.025298	-0.02519
414	-0.025463	-0.025437	-0.025379
415	-0.025623	-0.02558	-0.025558
416	-0.025784	-0.025731	-0.025722
417	-0.025955	-0.025896	-0.025896
418	-0.026162	-0.026114	-0.026112
419	-0.026363	-0.026326	-0.026321
420	-0.026404	-0.026369	-0.026359
421	-0.026445	-0.026412	-0.026397
422	-0.026519	-0.026472	-0.026474
423	-0.026599	-0.026535	-0.026556
424	-0.02673	-0.026648	-0.026668
425	-0.026881	-0.026783	-0.026791
426	-0.02703	-0.026928	-0.026933
427	-0.027178	-0.027081	-0.02709
428	-0.027329	-0.027235	-0.027237
429	-0.027487	-0.027391	-0.027366
430	-0.027651	-0.027562	-0.027516
431	-0.027837	-0.027789	-0.027732
432	-0.028023	-0.028012	-0.027944
433	-0.028205	-0.028184	-0.02812
434	-0.028386	-0.028356	-0.028296
435	-0.028635	-0.028616	-0.028609
436	-0.02889	-0.028884	-0.028934
437	-0.029112	-0.029093	-0.029119
438	-0.029324	-0.029284	-0.029259
439	-0.029518	-0.029472	-0.029413
440	-0.0297	-0.02966	-0.029577
441	-0.029904	-0.029862	-0.029779
442	-0.030137	-0.030082	-0.030028
443	-0.030342	-0.030282	-0.030247
444	-0.030475	-0.030433	-0.030389
445	-0.03061	-0.030586	-0.03053
446	-0.030761	-0.030755	-0.030659
447	-0.030912	-0.030923	-0.030788
448	-0.031014	-0.031038	-0.030962
449	-0.031114	-0.031151	-0.031137
450	-0.031232	-0.03128	-0.031244
451	-0.031354	-0.031413	-0.031336
452	-0.031483	-0.031535	-0.031452
453	-0.031615	-0.031653	-0.031581
454	-0.031699	-0.031706	-0.031648
455	-0.031735	-0.031695	-0.031655
456	-0.031779	-0.031714	-0.03169
457	-0.031839	-0.031791	-0.031775
458	-0.031911	-0.031875	-0.031868
459	-0.032036	-0.031994	-0.031988
460	-0.032161	-0.032114	-0.03211
461	-0.032295	-0.032277	-0.032261
462	-0.032429	-0.03244	-0.032411
463	-0.032627	-0.032615	-0.032589
464	-0.032832	-0.032791	-0.032771
465	-0.033058	-0.033031	-0.032965
466	-0.033291	-0.033295	-0.033165
467	-0.033559	-0.03357	-0.033436
468	-0.033854	-0.033854	-0.033758
469	-0.034142	-0.03412	-0.034061
470	-0.034424	-0.034363	-0.03434
471	-0.034682	-0.034605	-0.034604
472	-0.034881	-0.034847	-0.03483
473	-0.035081	-0.035081	-0.035043
474	-0.035284	-0.035257	-0.035169
475	-0.035487	-0.035433	-0.035295
476	-0.035628	-0.035572	-0.035466
477	-0.035767	-0.03571	-0.035637
478	-0.035873	-0.035846	-0.03578
479	-0.035971	-0.035982	-0.035917
480	-0.036032	-0.03604	-0.03596
481	-0.036076	-0.036063	-0.035959
482	-0.036081	-0.036059	-0.035963
483	-0.036053	-0.03603	-0.035972
484	-0.036011	-0.035988	-0.03595
485	-0.035946	-0.035923	-0.035879
486	-0.035914	-0.035892	-0.035839
487	-0.035985	-0.035967	-0.035898
488	-0.036061	-0.036045	-0.035964
489	-0.036179	-0.036155	-0.036093
490	-0.036297	-0.036264	-0.036222
491	-0.036494	-0.036431	-0.036377
492	-0.036696	-0.036601	-0.036533
493	-0.036848	-0.036752	-0.036707
494	-0.036989	-0.036898	-0.036886
495	-0.037061	-0.036979	-0.037002
496	-0.037098	-0.037026	-0.037086
497	-0.037198	-0.037126	-0.037184
498	-0.037357	-0.037276	-0.037296
499	-0.037493	-0.037417	-0.037385
500	-0.037591	-0.037542	-0.037432
501	-0.037691	-0.037671	-0.037513
502	-0.037802	-0.03781	-0.037707
503	-0.037916	-0.037947	-0.037896
504	-0.038071	-0.038074	-0.038046
505	-0.038226	-0.038201	-0.038196
506	-0.038398	-0.038367	-0.038331
507	-0.038571	-0.038535	-0.038465
508	-0.038684	-0.038631	-0.038567
509	-0.038782	-0.03871	-0.038661
510	-0.038879	-0.038793	-0.03877
511	-0.038974	-0.038879	-0.038885
512	-0.039072	-0.039003	-0.038992
513	-0.039173	-0.039161	-0.039092
514	-0.039267	-0.039282	-0.039177
515	-0.03935	-0.039346	-0.039241
516	-0.039438	-0.039418	-0.039319
517	-0.039542	-0.039517	-0.039443
518	-0.039638	-0.03961	-0.039555
519	-0.039661	-0.039652	-0.039566
520	-0.039684	-0.039693	-0.039576
521	-0.039722	-0.039693	-0.039605
522	-0.03976	-0.039692	-0.039634
523	-0.039737	-0.039676	-0.039635
524	-0.039702	-0.039657	-0.03963
525	-0.039688	-0.039654	-0.0396
526	-0.039683	-0.039657	-0.03956
527	-0.039673	-0.039646	-0.039536
528	-0.039659	-0.039624	-0.039527
529	-0.039611	-0.039568	-0.03949
530	-0.039518	-0.039464	-0.039417
531	-0.039451	-0.039391	-0.039356
532	-0.039449	-0.039392	-0.039323
533	-0.039434	-0.039384	-0.039286
534	-0.03935	-0.039323	-0.039229
535	-0.039271	-0.039263	-0.039174
536	-0.039315	-0.039258	-0.039222
537	-0.039359	-0.039254	-0.03927
538	-0.039381	-0.039294	-0.039325
539	-0.0394	-0.039339	-0.039382
540	-0.039442	-0.039392	-0.039384
541	-0.039491	-0.039447	-0.03937
542	-0.039506	-0.039453	-0.039379
543	-0.039501	-0.039428	-0.039402
544	-0.039529	-0.039469	-0.039455
545	-0.03959	-0.039574	-0.039539
546	-0.039634	-0.039637	-0.039588
547	-0.039648	-0.03963	-0.039579
548	-0.039676	-0.03964	-0.039589
549	-0.039752	-0.039708	-0.039657
550	-0.039825	-0.039775	-0.039722
551	-0.039885	-0.039839	-0.039761
552	-0.039944	-0.039902	-0.0398
553	-0.040005	-0.039953	-0.039885
554	-0.040065	-0.040004	-0.039969
555	-0.04005	-0.040005	-0.039945
556	-0.040023	-0.039999	-0.039903
557	-0.040047	-0.040003	-0.039931
558	-0.040089	-0.040012	-0.039984
559	-0.040117	-0.040055	-0.040014
560	-0.040137	-0.040119	-0.040029
561	-0.040156	-0.040136	-0.04004
562	-0.040173	-0.040102	-0.040047
563	-0.040144	-0.040048	-0.040022
564	-0.040033	-0.03996	-0.039937
565	-0.039916	-0.039863	-0.03984
566	-0.039777	-0.039735	-0.039699
567	-0.039633	-0.039603	-0.039553
568	-0.03946	-0.039428	-0.039374
569	-0.039287	-0.039252	-0.039196
570	-0.039129	-0.039099	-0.039034
571	-0.03897	-0.038947	-0.038872
572	-0.038777	-0.038751	-0.038688
573	-0.038578	-0.03855	-0.038501
574	-0.038447	-0.038397	-0.038351
575	-0.038337	-0.03826	-0.038212
576	-0.038199	-0.038107	-0.038066
577	-0.038045	-0.037945	-0.037915
578	-0.037895	-0.037822	-0.037778
579	-0.03775	-0.037734	-0.037656
580	-0.037645	-0.03765	-0.037562
581	-0.037604	-0.03757	-0.037514
582	-0.037589	-0.037522	-0.037492
583	-0.037646	-0.037558	-0.037541
584	-0.037701	-0.037597	-0.037592
585	-0.037748	-0.037654	-0.03765
586	-0.037796	-0.037712	-0.037709
587	-0.037882	-0.037809	-0.037776
588	-0.037968	-0.037906	-0.037843
589	-0.038113	-0.038026	-0.037981
590	-0.038262	-0.038147	-0.038125
591	-0.038342	-0.038218	-0.038192
592	-0.038407	-0.038277	-0.038243
593	-0.038418	-0.038285	-0.038249
594	-0.038406	-0.038272	-0.038237
595	-0.038448	-0.038336	-0.038301
596	-0.038529	-0.038454	-0.03842
597	-0.038583	-0.038544	-0.0385
598	-0.03861	-0.038603	-0.038539
599	-0.038649	-0.038652	-0.038577
600	-0.038711	-0.038683	-0.038615
601	-0.038752	-0.0387	-0.038644
602	-0.038734	-0.038679	-0.038648
603	-0.038745	-0.038685	-0.038676
604	-0.038933	-0.038854	-0.038843
605	-0.039117	-0.039022	-0.039006
606	-0.039189	-0.039135	-0.039068
607	-0.039262	-0.039247	-0.03913
608	-0.039338	-0.039325	-0.039246
609	-0.039415	-0.039401	-0.039366
610	-0.039492	-0.039454	-0.039431
611	-0.03957	-0.039502	-0.039485
612	-0.039671	-0.039597	-0.039586
613	-0.039781	-0.03971	-0.039707
614	-0.03985	-0.039789	-0.039776
615	-0.039892	-0.039846	-0.039811
616	-0.039954	-0.039903	-0.039852
617	-0.040033	-0.039961	-0.039901
618	-0.040127	-0.040053	-0.039986
619	-0.040242	-0.040197	-0.040125
620	-0.040309	-0.040281	-0.0402
621	-0.040263	-0.040222	-0.040123
622	-0.040236	-0.040182	-0.040077
623	-0.040287	-0.040219	-0.04016
624	-0.040331	-0.04025	-0.040231
625	-0.040304	-0.040212	-0.040186
626	-0.040278	-0.040173	-0.040142
627	-0.040346	-0.040245	-0.040191
628	-0.040415	-0.040318	-0.04024
629	-0.040394	-0.040342	-0.040225
630	-0.040362	-0.04036	-0.040203
631	-0.040405	-0.040347	-0.040225
632	-0.040467	-0.040326	-0.040259
633	-0.040456	-0.040363	-0.04032
634	-0.040414	-0.040424	-0.040393
635	-0.040464	-0.040474	-0.040444
636	-0.040576	-0.040517	-0.04048
637	-0.040659	-0.040561	-0.040525
638	-0.040712	-0.040607	-0.04058
639	-0.040714	-0.040619	-0.040598
640	-0.04064	-0.040582	-0.040565
641	-0.040596	-0.040576	-0.04054
642	-0.040621	-0.040641	-0.040535
643	-0.040624	-0.040661	-0.040516
644	-0.040554	-0.040519	-0.040452
645	-0.040491	-0.040396	-0.040398
646	-0.040476	-0.040399	-0.040418
647	-0.040459	-0.040398	-0.040433
648	-0.040405	-0.040286	-0.040328
649	-0.040351	-0.040174	-0.040223
650	-0.040091	-0.039955	-0.039984
651	-0.039818	-0.03973	-0.039738
652	-0.039413	-0.039328	-0.039334
653	-0.038985	-0.038896	-0.038903
654	-0.038631	-0.03857	-0.038576
655	-0.038301	-0.038278	-0.038282
656	-0.038194	-0.038149	-0.038139
657	-0.038194	-0.038099	-0.03807
658	-0.038348	-0.038246	-0.03822
659	-0.038611	-0.038532	-0.038526
660	-0.038976	-0.0389	-0.038907
661	-0.039443	-0.039352	-0.039364
662	-0.039855	-0.039766	-0.039756
663	-0.040188	-0.040129	-0.040057
664	-0.040463	-0.040438	-0.040312
665	-0.040618	-0.040638	-0.040473
666	-0.040733	-0.040782	-0.040594
667	-0.040726	-0.040752	-0.040592
668	-0.040732	-0.04073	-0.0406
669	-0.040797	-0.040747	-0.040665
670	-0.040857	-0.04077	-0.040731
671	-0.040855	-0.040863	-0.040811
672	-0.040853	-0.040955	-0.040891
673	-0.04086	-0.040944	-0.040895
674	-0.040867	-0.040933	-0.0409
675	-0.041	-0.041019	-0.040995
676	-0.041144	-0.041113	-0.041098
677	-0.041115	-0.041075	-0.041026
678	-0.041052	-0.041012	-0.040922
679	-0.041093	-0.041058	-0.040977
680	-0.041167	-0.041138	-0.041083
681	-0.04124	-0.041197	-0.04116
682	-0.041311	-0.041244	-0.041224
683	-0.041377	-0.04127	-0.04125
684	-0.04144	-0.041281	-0.041251
685	-0.041499	-0.041352	-0.0413
686	-0.041555	-0.041476	-0.041392
687	-0.041567	-0.041522	-0.04144
688	-0.041525	-0.041476	-0.041435
689	-0.041463	-0.041399	-0.041399
690	-0.041368	-0.041274	-0.04131
691	-0.041282	-0.0412	-0.041229
692	-0.041214	-0.041237	-0.041164
693	-0.041186	-0.041279	-0.041143
694	-0.041285	-0.041336	-0.041256
695	-0.041393	-0.041404	-0.041365
696	-0.041547	-0.041525	-0.041452
697	-0.041666	-0.041617	-0.041517
698	-0.041474	-0.04145	-0.041387
699	-0.041287	-0.041287	-0.041256
700	-0.041268	-0.041258	-0.041115
701	-0.041249	-0.04123	-0.040973
702	-0.04121	-0.041223	-0.04106
703	-0.04117	-0.041218	-0.041156
704	-0.041066	-0.041129	-0.041066
705	-0.040956	-0.041031	-0.040956
706	-0.041037	-0.041146	-0.041037
707	-0.041157	-0.041304	-0.041157
708	-0.041021	-0.041094	-0.040991
709	-0.040807	-0.040773	-0.040739
710	-0.0407	-0.040681	-0.040683
711	-0.040638	-0.040687	-0.040709
712	-0.04069	-0.040731	-0.040746
713	-0.040807	-0.040795	-0.040788
714	-0.040738	-0.040741	-0.040707
715	-0.040533	-0.0406	-0.040537
716	-0.040541	-0.04063	-0.040493
717	-0.040745	-0.04082	-0.040565
718	-0.040831	-0.040896	-0.040704
719	-0.04078	-0.040838	-0.040919
720	-0.040862	-0.040925	-0.041205
[LOG]
CHECKSUM·z