[HEADER]
Format	J&M ASCII Table
Comment	
Date	19/08/2026 10:34:59
Order	Y (evenX)
TechType	UV
NumPoints	411
FirstX	310
LastX	720
XType	nm
YType	Absorbance
ZType	s
NumSubFile	3
Matrix	Z vs X
[LOGIN]
Name=pcbob
[INSTRUMENT]
Name=TIDAS E Base UV/VI
Detector=MMS - ASPEN 97,5 kHz
Diodearray=256 Pixel
Serial#=36584
Calibrated=2011-07-01
Range=183.81-729.88 [nm] (F0)

SWVersion=v3.18.2 (build 0)[LOGIN]
Name=pcbob
[CONFIG]
ChannelName=Channel 1
ChannelType=Normalized
[PARAMETER]
It=350,00
Aver=5
Norm=3
Range=310,0-720,0 nm
Scan=Time
ScanTime=5,00 s
[TRIGGER]
Sweep=0
Scan=0
[DIO]
DigOut=0x0000
DigIn=0x0000
[DATA]
	00:00:00,000	00:00:01,750	00:00:03,500
310	0.699266	0.699148	0.698739
311	0.685167	0.68501	0.684638
312	0.671576	0.671295	0.670987
313	0.65837	0.65802	0.657746
314	0.645696	0.645353	0.64507
315	0.633179	0.632849	0.632551
316	0.621158	0.620857	0.620523
317	0.609186	0.608912	0.608545
318	0.597945	0.597665	0.597294
319	0.586704	0.586418	0.586043
320	0.575713	0.575362	0.575003
321	0.564754	0.564332	0.563991
322	0.554007	0.553572	0.553254
323	0.543348	0.542925	0.54263
324	0.532859	0.532454	0.532105
325	0.52252	0.522139	0.521667
326	0.512305	0.511939	0.511423
327	0.502313	0.501949	0.501534
328	0.492361	0.49199	0.491668
329	0.482592	0.482174	0.481917
330	0.472824	0.472359	0.472165
331	0.463364	0.462981	0.462719
332	0.453904	0.453603	0.453273
333	0.444532	0.444304	0.443919
334	0.435178	0.435023	0.434584
335	0.426136	0.42597	0.425539
336	0.417263	0.417041	0.416652
337	0.408511	0.408239	0.407883
338	0.399896	0.399579	0.399247
339	0.39136	0.391025	0.390704
340	0.383013	0.382723	0.382381
341	0.374711	0.374464	0.37411
342	0.366738	0.36651	0.366215
343	0.358765	0.358557	0.35832
344	0.351015	0.350819	0.350582
345	0.343277	0.343093	0.342853
346	0.335838	0.335661	0.335423
347	0.328487	0.328314	0.328082
348	0.321351	0.321227	0.320993
349	0.314359	0.314314	0.314073
350	0.307523	0.30749	0.307249
351	0.3009	0.300786	0.300556
352	0.294344	0.294172	0.293944
353	0.287994	0.287824	0.287577
354	0.281661	0.281496	0.281233
355	0.275527	0.275404	0.275166
356	0.269393	0.269312	0.2691
357	0.263514	0.263385	0.263207
358	0.257661	0.257475	0.257332
359	0.251898	0.251719	0.251578
360	0.246167	0.246019	0.245868
361	0.240588	0.240497	0.240329
362	0.235128	0.235114	0.234926
363	0.229855	0.229859	0.229657
364	0.224877	0.224804	0.224603
365	0.219911	0.219776	0.219578
366	0.214989	0.214848	0.214666
367	0.210088	0.209939	0.209773
368	0.205638	0.205463	0.20532
369	0.201188	0.200987	0.200866
370	0.196711	0.19655	0.196396
371	0.192231	0.192118	0.191923
372	0.187876	0.187793	0.187602
373	0.183576	0.183513	0.183345
374	0.179392	0.179316	0.179162
375	0.175313	0.17519	0.175044
376	0.171333	0.171198	0.171059
377	0.167532	0.167442	0.167312
378	0.163764	0.163701	0.16358
379	0.160137	0.160024	0.159916
380	0.15651	0.156352	0.156254
381	0.152921	0.152838	0.152698
382	0.149332	0.149325	0.149143
383	0.145899	0.14587	0.145712
384	0.142494	0.142424	0.142302
385	0.139263	0.139173	0.139036
386	0.136112	0.13601	0.135837
387	0.133057	0.132958	0.132806
388	0.130092	0.130008	0.129933
389	0.127151	0.127106	0.127045
390	0.124254	0.124296	0.124129
391	0.121412	0.12151	0.121266
392	0.118823	0.118832	0.118637
393	0.116236	0.116156	0.116012
394	0.113773	0.113715	0.113564
395	0.11131	0.111274	0.111117
396	0.108928	0.108947	0.10876
397	0.106562	0.106642	0.10642
398	0.104289	0.104357	0.104147
399	0.102061	0.102084	0.101904
400	0.099858	0.099854	0.099696
401	0.097678	0.097666	0.097521
402	0.095535	0.095515	0.095382
403	0.09346	0.093432	0.093312
404	0.0914	0.091351	0.091244
405	0.089409	0.089281	0.089182
406	0.087418	0.087213	0.087122
407	0.085369	0.085227	0.085155
408	0.08332	0.083242	0.083187
409	0.08135	0.081299	0.081187
410	0.079394	0.079364	0.07918
411	0.077479	0.077447	0.077255
412	0.075582	0.075537	0.075365
413	0.073742	0.073715	0.073541
414	0.071954	0.07197	0.071775
415	0.0702	0.070238	0.070059
416	0.068504	0.068527	0.06843
417	0.066791	0.066801	0.066762
418	0.065005	0.06501	0.064938
419	0.063227	0.063227	0.063123
420	0.061645	0.061643	0.061519
421	0.060063	0.060058	0.059914
422	0.058514	0.058498	0.058346
423	0.056969	0.05694	0.056783
424	0.055512	0.055477	0.055304
425	0.05409	0.054051	0.05386
426	0.052585	0.052541	0.05236
427	0.051014	0.050964	0.050815
428	0.049447	0.049398	0.049244
429	0.047887	0.047851	0.047633
430	0.046317	0.046307	0.046055
431	0.044717	0.044773	0.044589
432	0.043139	0.04325	0.043126
433	0.041838	0.041865	0.041711
434	0.040538	0.04048	0.040295
435	0.039113	0.039069	0.038902
436	0.037676	0.037654	0.037511
437	0.036269	0.036252	0.036085
438	0.034872	0.034854	0.034648
439	0.033563	0.033543	0.03333
440	0.032313	0.032292	0.032093
441	0.031081	0.031065	0.030874
442	0.029871	0.029869	0.029679
443	0.028682	0.028701	0.028517
444	0.027545	0.027605	0.027438
445	0.026415	0.026499	0.02635
446	0.025328	0.025323	0.025193
447	0.024241	0.024147	0.024037
448	0.023253	0.023197	0.023027
449	0.022268	0.022254	0.022022
450	0.021335	0.021286	0.021082
451	0.020415	0.020313	0.020157
452	0.019484	0.019388	0.019234
453	0.018546	0.018489	0.018313
454	0.017685	0.017664	0.017459
455	0.016898	0.01691	0.016673
456	0.016097	0.016121	0.015869
457	0.015266	0.015265	0.015033
458	0.014434	0.014414	0.014202
459	0.013599	0.013583	0.013393
460	0.012763	0.012751	0.012582
461	0.011917	0.011921	0.011713
462	0.011072	0.011091	0.010844
463	0.010247	0.010217	0.010006
464	0.009425	0.009339	0.009171
465	0.008587	0.008528	0.008359
466	0.007744	0.007741	0.007555
467	0.006921	0.006932	0.006733
468	0.006114	0.006107	0.005897
469	0.005297	0.005267	0.005047
470	0.004468	0.004407	0.004178
471	0.003645	0.003569	0.00334
472	0.002837	0.002789	0.00258
473	0.002039	0.002014	0.001821
474	0.001305	0.001272	0.001064
475	0.000571	0.00053	0.000306
476	-0.000195	-0.000264	-0.000486
477	-0.000963	-0.001058	-0.00128
478	-0.001698	-0.001784	-0.001992
479	-0.002428	-0.002495	-0.002687
480	-0.003152	-0.003196	-0.003381
481	-0.003875	-0.003891	-0.004074
482	-0.004612	-0.004623	-0.004812
483	-0.00536	-0.005385	-0.005589
484	-0.006038	-0.006063	-0.00627
485	-0.006606	-0.006607	-0.006803
486	-0.007124	-0.00711	-0.007298
487	-0.007485	-0.007487	-0.007677
488	-0.007845	-0.007862	-0.008056
489	-0.008197	-0.008223	-0.008432
490	-0.008548	-0.008584	-0.008808
491	-0.009023	-0.009074	-0.00927
492	-0.009505	-0.009571	-0.009735
493	-0.01001	-0.010055	-0.010229
494	-0.010522	-0.010536	-0.01073
495	-0.010977	-0.010975	-0.011206
496	-0.011403	-0.011393	-0.011669
497	-0.011888	-0.011895	-0.012149
498	-0.01243	-0.012478	-0.012643
499	-0.012957	-0.013031	-0.013148
500	-0.013458	-0.013534	-0.013668
501	-0.01395	-0.01403	-0.014182
502	-0.01441	-0.014504	-0.014677
503	-0.014878	-0.014977	-0.015169
504	-0.015418	-0.015449	-0.015629
505	-0.015959	-0.01592	-0.016089
506	-0.01644	-0.016433	-0.016614
507	-0.016918	-0.016949	-0.017142
508	-0.017365	-0.017382	-0.017585
509	-0.017804	-0.017795	-0.018007
510	-0.018278	-0.01826	-0.018474
511	-0.018769	-0.018752	-0.018963
512	-0.019214	-0.01921	-0.019416
513	-0.019616	-0.019638	-0.019837
514	-0.01998	-0.020026	-0.020225
515	-0.020283	-0.020352	-0.02056
516	-0.020613	-0.020686	-0.020899
517	-0.021022	-0.021048	-0.021249
518	-0.021413	-0.021401	-0.021594
519	-0.021656	-0.021685	-0.021895
520	-0.021899	-0.021969	-0.022197
521	-0.022247	-0.022286	-0.022528
522	-0.022598	-0.022604	-0.02286
523	-0.022899	-0.02289	-0.023163
524	-0.02319	-0.02317	-0.02346
525	-0.02346	-0.023475	-0.023739
526	-0.02372	-0.02379	-0.024011
527	-0.024012	-0.024084	-0.024289
528	-0.024329	-0.024362	-0.02457
529	-0.024602	-0.024609	-0.024817
530	-0.024817	-0.024816	-0.02502
531	-0.025062	-0.025052	-0.025249
532	-0.02538	-0.025358	-0.025542
533	-0.025692	-0.02567	-0.025847
534	-0.025972	-0.026015	-0.026218
535	-0.026256	-0.026359	-0.026589
536	-0.026675	-0.026696	-0.026923
537	-0.027094	-0.027033	-0.027257
538	-0.027448	-0.027352	-0.027617
539	-0.027794	-0.027668	-0.027981
540	-0.028115	-0.028032	-0.028313
541	-0.028429	-0.028411	-0.028635
542	-0.028711	-0.028705	-0.028938
543	-0.028975	-0.028949	-0.02923
544	-0.029304	-0.029264	-0.029552
545	-0.029696	-0.029648	-0.029904
546	-0.030054	-0.029999	-0.03024
547	-0.030354	-0.030296	-0.030552
548	-0.030652	-0.030601	-0.030865
549	-0.030942	-0.030929	-0.031181
550	-0.031232	-0.031252	-0.031493
551	-0.031521	-0.031544	-0.031767
552	-0.03181	-0.031836	-0.032041
553	-0.032122	-0.032124	-0.032352
554	-0.032435	-0.032413	-0.032662
555	-0.03268	-0.032666	-0.032896
556	-0.032914	-0.032913	-0.033118
557	-0.033128	-0.033114	-0.033345
558	-0.033336	-0.033299	-0.033574
559	-0.033617	-0.033579	-0.033845
560	-0.033944	-0.033919	-0.034145
561	-0.034246	-0.034222	-0.034437
562	-0.034519	-0.034485	-0.034722
563	-0.034797	-0.034761	-0.035008
564	-0.035082	-0.035058	-0.035296
565	-0.035377	-0.035367	-0.035596
566	-0.035701	-0.035714	-0.035936
567	-0.036034	-0.036067	-0.036281
568	-0.036431	-0.036466	-0.036657
569	-0.036828	-0.036866	-0.037033
570	-0.037228	-0.037238	-0.037416
571	-0.037628	-0.037611	-0.037799
572	-0.037936	-0.037922	-0.038101
573	-0.038231	-0.038223	-0.03839
574	-0.038559	-0.038572	-0.038741
575	-0.038899	-0.038937	-0.039113
576	-0.039223	-0.039262	-0.039429
577	-0.039538	-0.039564	-0.039712
578	-0.039834	-0.039842	-0.039991
579	-0.040111	-0.040097	-0.040268
580	-0.040372	-0.04035	-0.040524
581	-0.040607	-0.040599	-0.040746
582	-0.040835	-0.040843	-0.040978
583	-0.041044	-0.04107	-0.041233
584	-0.041254	-0.041287	-0.041477
585	-0.041466	-0.041454	-0.041659
586	-0.041677	-0.041622	-0.041842
587	-0.041844	-0.041818	-0.042031
588	-0.042011	-0.042015	-0.042221
589	-0.042212	-0.042217	-0.042412
590	-0.042414	-0.042421	-0.042604
591	-0.04267	-0.042681	-0.042855
592	-0.042938	-0.042955	-0.043119
593	-0.043223	-0.043254	-0.043401
594	-0.043515	-0.043562	-0.043691
595	-0.043875	-0.043913	-0.044064
596	-0.044282	-0.044292	-0.044494
597	-0.044705	-0.044704	-0.044904
598	-0.045145	-0.045152	-0.045292
599	-0.045539	-0.045541	-0.045664
600	-0.045852	-0.045827	-0.046008
601	-0.046114	-0.046073	-0.046286
602	-0.046224	-0.0462	-0.046367
603	-0.04632	-0.046315	-0.046442
604	-0.046334	-0.046363	-0.046473
605	-0.046341	-0.046401	-0.046497
606	-0.046173	-0.046178	-0.046311
607	-0.046006	-0.045956	-0.046126
608	-0.045893	-0.045859	-0.045988
609	-0.045784	-0.045771	-0.045853
610	-0.045678	-0.045633	-0.045758
611	-0.045571	-0.045484	-0.045672
612	-0.045521	-0.045444	-0.045651
613	-0.045493	-0.045447	-0.045658
614	-0.045463	-0.045459	-0.045637
615	-0.045432	-0.045478	-0.045598
616	-0.045437	-0.045485	-0.045593
617	-0.045479	-0.045478	-0.04562
618	-0.04554	-0.04551	-0.045672
619	-0.04563	-0.045598	-0.045758
620	-0.045667	-0.045641	-0.045799
621	-0.045581	-0.045573	-0.045734
622	-0.045528	-0.04553	-0.045695
623	-0.045614	-0.045585	-0.045764
624	-0.045686	-0.045633	-0.045825
625	-0.045636	-0.045605	-0.045814
626	-0.045585	-0.045577	-0.045804
627	-0.045678	-0.045655	-0.04588
628	-0.045773	-0.045735	-0.045957
629	-0.045732	-0.0457	-0.04592
630	-0.045675	-0.045652	-0.04587
631	-0.04575	-0.045703	-0.04591
632	-0.04586	-0.045778	-0.045975
633	-0.045925	-0.04584	-0.046042
634	-0.045969	-0.045896	-0.04611
635	-0.045998	-0.045943	-0.046154
636	-0.046017	-0.045984	-0.04618
637	-0.046058	-0.046064	-0.046238
638	-0.046121	-0.046182	-0.046326
639	-0.046182	-0.046246	-0.046401
640	-0.046239	-0.04623	-0.046456
641	-0.046302	-0.046251	-0.046516
642	-0.046377	-0.046355	-0.046587
643	-0.046439	-0.046443	-0.046651
644	-0.046452	-0.046475	-0.046689
645	-0.046488	-0.04653	-0.046748
646	-0.046677	-0.04675	-0.046943
647	-0.046877	-0.046978	-0.047148
648	-0.047388	-0.047468	-0.047641
649	-0.047899	-0.047957	-0.048134
650	-0.048612	-0.048675	-0.04881
651	-0.049337	-0.049406	-0.049496
652	-0.050123	-0.050177	-0.050297
653	-0.05092	-0.050955	-0.051117
654	-0.051369	-0.051411	-0.051571
655	-0.051709	-0.051767	-0.051912
656	-0.051919	-0.051945	-0.052101
657	-0.052066	-0.052038	-0.052216
658	-0.052111	-0.052099	-0.052266
659	-0.052086	-0.05214	-0.052269
660	-0.052007	-0.052062	-0.052187
661	-0.051877	-0.051866	-0.05202
662	-0.051655	-0.051638	-0.051798
663	-0.051305	-0.051365	-0.051499
664	-0.050968	-0.051065	-0.051193
665	-0.050657	-0.050712	-0.050875
666	-0.050378	-0.050405	-0.050589
667	-0.0502	-0.050242	-0.050402
668	-0.05006	-0.050107	-0.050253
669	-0.050115	-0.050119	-0.050299
670	-0.050178	-0.050146	-0.050353
671	-0.050324	-0.050348	-0.050518
672	-0.050469	-0.05055	-0.050682
673	-0.050578	-0.050587	-0.050762
674	-0.050687	-0.050623	-0.050842
675	-0.050907	-0.050883	-0.051038
676	-0.051137	-0.051162	-0.051244
677	-0.051299	-0.051336	-0.05135
678	-0.051447	-0.051491	-0.051436
679	-0.051642	-0.05169	-0.051693
680	-0.051851	-0.051902	-0.052004
681	-0.052151	-0.052168	-0.052312
682	-0.052493	-0.052459	-0.05262
683	-0.052782	-0.052736	-0.052917
684	-0.053038	-0.053005	-0.053207
685	-0.053341	-0.053311	-0.053535
686	-0.053684	-0.053652	-0.053898
687	-0.053951	-0.053955	-0.054201
688	-0.054125	-0.054216	-0.054433
689	-0.054383	-0.054478	-0.054696
690	-0.054775	-0.054744	-0.055007
691	-0.05512	-0.055013	-0.055301
692	-0.055364	-0.055292	-0.055555
693	-0.055627	-0.055585	-0.055825
694	-0.055954	-0.055926	-0.056148
695	-0.056312	-0.056294	-0.056508
696	-0.056825	-0.056795	-0.057054
697	-0.057317	-0.057275	-0.057573
698	-0.057619	-0.057571	-0.057851
699	-0.057918	-0.057867	-0.058131
700	-0.058148	-0.058158	-0.058443
701	-0.058377	-0.05845	-0.058755
702	-0.058825	-0.058915	-0.059161
703	-0.059281	-0.059388	-0.059571
704	-0.059701	-0.059845	-0.060005
705	-0.060117	-0.060301	-0.060442
706	-0.060689	-0.060817	-0.060959
707	-0.061292	-0.061344	-0.061492
708	-0.061823	-0.061774	-0.061966
709	-0.062331	-0.062174	-0.062422
710	-0.062765	-0.062698	-0.062929
711	-0.063167	-0.063273	-0.063457
712	-0.063856	-0.063966	-0.064072
713	-0.064704	-0.064725	-0.064734
714	-0.065316	-0.065233	-0.065246
715	-0.065758	-0.065558	-0.065649
716	-0.066366	-0.066186	-0.066303
717	-0.067129	-0.067094	-0.06719
718	-0.067801	-0.067829	-0.067906
719	-0.068365	-0.06836	-0.068421
720	-0.069075	-0.069132	-0.069125
[LOG]
CHECKSUMœf