[HEADER]
Format	J&M ASCII Table
Comment	
Date	19/08/2026 10:30:56
Order	Y (evenX)
TechType	UV
NumPoints	411
FirstX	310
LastX	720
XType	nm
YType	Absorbance
ZType	s
NumSubFile	3
Matrix	Z vs X
[LOGIN]
Name=pcbob
[INSTRUMENT]
Name=TIDAS E Base UV/VI
Detector=MMS - ASPEN 97,5 kHz
Diodearray=256 Pixel
Serial#=36584
Calibrated=2011-07-01
Range=183.81-729.88 [nm] (F0)

SWVersion=v3.18.2 (build 0)[LOGIN]
Name=pcbob
[CONFIG]
ChannelName=Channel 1
ChannelType=Normalized
[PARAMETER]
It=350,00
Aver=5
Norm=3
Range=310,0-720,0 nm
Scan=Time
ScanTime=5,00 s
[TRIGGER]
Sweep=0
Scan=0
[DIO]
DigOut=0x0000
DigIn=0x0000
[DATA]
	00:00:00,000	00:00:01,750	00:00:03,500
310	0.720792	0.72037	0.719747
311	0.705886	0.705504	0.704867
312	0.691382	0.691104	0.690451
313	0.677324	0.677068	0.676439
314	0.663882	0.663534	0.662986
315	0.650559	0.650134	0.649649
316	0.637612	0.63716	0.636678
317	0.624703	0.624224	0.623746
318	0.612352	0.611862	0.611372
319	0.6	0.599499	0.598999
320	0.587809	0.587263	0.586791
321	0.575639	0.575043	0.574604
322	0.56367	0.56312	0.562711
323	0.551785	0.551319	0.55094
324	0.540076	0.53961	0.539213
325	0.528523	0.527983	0.527524
326	0.517008	0.516444	0.515978
327	0.505561	0.505068	0.504691
328	0.494169	0.493741	0.493437
329	0.483035	0.482635	0.482337
330	0.471901	0.47153	0.471236
331	0.461055	0.460655	0.460356
332	0.45021	0.449781	0.449475
333	0.4395	0.439109	0.438806
334	0.42882	0.428481	0.428182
335	0.418408	0.418078	0.417806
336	0.408141	0.407796	0.407564
337	0.398061	0.397717	0.397517
338	0.38819	0.387863	0.387689
339	0.378441	0.378127	0.377953
340	0.368983	0.368668	0.368436
341	0.359584	0.359277	0.358993
342	0.35061	0.350376	0.350072
343	0.341635	0.341474	0.341151
344	0.333007	0.332832	0.332531
345	0.324398	0.324204	0.323927
346	0.316204	0.31603	0.315779
347	0.308131	0.307988	0.307765
348	0.300365	0.300225	0.299998
349	0.292805	0.292647	0.292397
350	0.285391	0.285237	0.28498
351	0.278174	0.278055	0.277815
352	0.271039	0.27096	0.270733
353	0.264145	0.264127	0.263899
354	0.25728	0.257315	0.257089
355	0.250759	0.250764	0.250551
356	0.244238	0.244212	0.244013
357	0.238017	0.237939	0.237815
358	0.231827	0.231695	0.231652
359	0.225856	0.225752	0.225648
360	0.219964	0.219918	0.219701
361	0.214186	0.214181	0.213944
362	0.208498	0.20852	0.208336
363	0.202965	0.202993	0.20284
364	0.197674	0.197677	0.19752
365	0.192449	0.192424	0.192276
366	0.18746	0.187403	0.18731
367	0.18248	0.182392	0.182354
368	0.177692	0.17763	0.17761
369	0.172904	0.172869	0.172866
370	0.168214	0.16819	0.168149
371	0.163538	0.163524	0.163436
372	0.159056	0.159046	0.158943
373	0.154656	0.154646	0.154543
374	0.150258	0.150241	0.150144
375	0.145861	0.145831	0.145744
376	0.141563	0.141518	0.14144
377	0.137442	0.137376	0.137303
378	0.133361	0.133269	0.133203
379	0.12945	0.129306	0.129253
380	0.125538	0.125345	0.125304
381	0.121628	0.121479	0.121398
382	0.117719	0.117613	0.117493
383	0.113919	0.113825	0.113675
384	0.110138	0.110051	0.109871
385	0.106507	0.10643	0.106295
386	0.102943	0.102879	0.102822
387	0.099464	0.099423	0.099389
388	0.096062	0.096057	0.095993
389	0.092729	0.092747	0.092654
390	0.089525	0.089541	0.089421
391	0.086342	0.086355	0.086219
392	0.083247	0.083259	0.083162
393	0.080156	0.080166	0.080106
394	0.077276	0.077253	0.077179
395	0.074395	0.07434	0.074252
396	0.071588	0.071537	0.071443
397	0.068794	0.068755	0.068655
398	0.066042	0.065995	0.065896
399	0.06331	0.063246	0.063151
400	0.060658	0.060592	0.060492
401	0.058081	0.058027	0.057915
402	0.055521	0.055475	0.055357
403	0.052992	0.052948	0.052835
404	0.050474	0.050421	0.050315
405	0.048005	0.04789	0.047803
406	0.045537	0.045361	0.045294
407	0.043095	0.042975	0.04291
408	0.040654	0.040588	0.040526
409	0.038251	0.038214	0.038154
410	0.035854	0.035842	0.035784
411	0.033509	0.033488	0.033433
412	0.031188	0.031143	0.031091
413	0.028983	0.028924	0.02888
414	0.026884	0.026819	0.026787
415	0.024796	0.024727	0.024689
416	0.022724	0.022657	0.022581
417	0.02063	0.020555	0.020464
418	0.018444	0.018329	0.01831
419	0.016265	0.016113	0.016161
420	0.014271	0.014151	0.014125
421	0.012276	0.012189	0.012088
422	0.010332	0.010236	0.010135
423	0.008396	0.008284	0.008193
424	0.006504	0.006403	0.006331
425	0.00463	0.004551	0.004501
426	0.002739	0.002674	0.002602
427	0.000835	0.000776	0.000648
428	-0.001107	-0.001165	-0.001306
429	-0.003107	-0.003171	-0.003258
430	-0.005081	-0.005149	-0.0052
431	-0.00697	-0.007038	-0.007111
432	-0.008846	-0.008914	-0.009004
433	-0.010551	-0.010626	-0.010682
434	-0.012256	-0.012339	-0.01236
435	-0.014024	-0.014107	-0.014146
436	-0.015797	-0.015881	-0.015942
437	-0.017452	-0.017557	-0.01762
438	-0.019069	-0.019201	-0.019259
439	-0.020648	-0.020773	-0.020844
440	-0.0222	-0.022297	-0.022393
441	-0.023687	-0.023762	-0.023863
442	-0.025092	-0.02515	-0.025234
443	-0.026497	-0.026553	-0.026621
444	-0.027908	-0.027992	-0.028047
445	-0.029321	-0.029429	-0.029473
446	-0.030761	-0.030857	-0.030908
447	-0.0322	-0.032285	-0.032342
448	-0.033552	-0.033663	-0.03371
449	-0.034901	-0.035039	-0.035077
450	-0.036224	-0.036378	-0.036417
451	-0.037542	-0.03771	-0.03775
452	-0.038841	-0.039001	-0.039061
453	-0.040131	-0.040272	-0.040359
454	-0.041314	-0.041433	-0.041535
455	-0.042392	-0.042485	-0.04259
456	-0.043486	-0.043577	-0.043664
457	-0.044611	-0.044741	-0.044773
458	-0.045744	-0.045899	-0.045893
459	-0.046907	-0.047027	-0.047057
460	-0.04807	-0.048156	-0.048222
461	-0.049206	-0.049301	-0.049377
462	-0.050343	-0.050446	-0.050533
463	-0.051456	-0.051595	-0.051664
464	-0.052567	-0.052746	-0.052793
465	-0.05372	-0.05388	-0.053942
466	-0.054888	-0.055008	-0.055097
467	-0.056107	-0.05621	-0.056304
468	-0.057364	-0.057465	-0.057547
469	-0.058632	-0.05872	-0.058808
470	-0.059916	-0.059974	-0.060092
471	-0.061145	-0.061189	-0.061321
472	-0.062236	-0.062304	-0.062409
473	-0.063316	-0.063405	-0.06349
474	-0.064327	-0.064416	-0.064523
475	-0.065338	-0.065426	-0.065556
476	-0.066321	-0.06641	-0.066536
477	-0.067303	-0.067392	-0.067515
478	-0.068216	-0.068314	-0.068423
479	-0.069114	-0.069223	-0.069317
480	-0.069968	-0.070044	-0.070152
481	-0.0708	-0.070825	-0.070959
482	-0.071476	-0.071484	-0.071624
483	-0.072015	-0.072039	-0.072165
484	-0.072523	-0.072574	-0.072679
485	-0.072983	-0.073076	-0.073149
486	-0.07351	-0.073639	-0.073688
487	-0.074245	-0.07439	-0.074441
488	-0.075009	-0.075168	-0.075219
489	-0.07604	-0.076192	-0.076228
490	-0.077071	-0.077216	-0.077236
491	-0.078067	-0.078205	-0.078238
492	-0.079061	-0.079191	-0.079238
493	-0.079936	-0.080082	-0.080122
494	-0.080782	-0.080949	-0.080977
495	-0.081551	-0.08173	-0.08175
496	-0.082279	-0.082466	-0.082481
497	-0.083008	-0.083201	-0.083207
498	-0.083737	-0.083935	-0.08393
499	-0.084438	-0.084634	-0.084643
500	-0.085094	-0.085275	-0.085339
501	-0.085771	-0.085934	-0.08604
502	-0.086523	-0.086658	-0.086757
503	-0.087269	-0.087379	-0.087473
504	-0.087963	-0.088072	-0.088188
505	-0.088657	-0.088764	-0.088903
506	-0.089392	-0.089504	-0.089644
507	-0.090129	-0.090246	-0.090387
508	-0.090773	-0.090897	-0.091028
509	-0.091395	-0.091527	-0.091643
510	-0.092016	-0.09212	-0.092259
511	-0.092637	-0.092694	-0.092875
512	-0.093243	-0.093281	-0.093479
513	-0.093834	-0.093879	-0.094071
514	-0.094378	-0.094445	-0.094604
515	-0.094845	-0.094958	-0.095042
516	-0.095318	-0.095469	-0.095508
517	-0.095807	-0.095977	-0.096057
518	-0.096298	-0.096482	-0.096596
519	-0.096802	-0.096969	-0.097046
520	-0.097306	-0.097455	-0.097496
521	-0.097766	-0.097925	-0.097978
522	-0.098224	-0.098394	-0.09846
523	-0.098626	-0.09879	-0.098853
524	-0.099016	-0.099172	-0.099228
525	-0.099445	-0.099594	-0.099636
526	-0.099891	-0.100032	-0.100057
527	-0.100306	-0.100436	-0.100476
528	-0.100698	-0.100811	-0.100893
529	-0.101072	-0.101193	-0.101294
530	-0.101424	-0.101584	-0.101673
531	-0.10178	-0.101951	-0.102045
532	-0.10215	-0.102262	-0.102402
533	-0.102511	-0.102579	-0.10275
534	-0.102831	-0.102935	-0.103049
535	-0.103153	-0.103292	-0.103352
536	-0.103542	-0.103681	-0.103778
537	-0.103931	-0.104071	-0.104204
538	-0.104323	-0.104481	-0.10458
539	-0.104715	-0.104894	-0.104951
540	-0.105087	-0.105233	-0.105297
541	-0.105452	-0.105549	-0.105635
542	-0.105754	-0.105849	-0.105925
543	-0.106018	-0.106139	-0.106188
544	-0.106349	-0.106483	-0.106518
545	-0.106747	-0.106879	-0.106914
546	-0.107127	-0.107264	-0.107295
547	-0.107475	-0.107628	-0.107651
548	-0.107815	-0.10798	-0.108009
549	-0.108131	-0.108295	-0.108375
550	-0.108452	-0.108609	-0.108732
551	-0.108807	-0.108906	-0.109022
552	-0.109161	-0.109204	-0.109313
553	-0.109445	-0.10954	-0.109624
554	-0.109728	-0.109875	-0.109935
555	-0.109986	-0.110143	-0.11023
556	-0.110242	-0.110399	-0.110523
557	-0.110503	-0.110662	-0.110786
558	-0.110768	-0.110928	-0.111038
559	-0.11104	-0.111191	-0.111292
560	-0.111317	-0.111453	-0.111546
561	-0.111594	-0.11171	-0.111806
562	-0.11187	-0.111964	-0.112071
563	-0.112086	-0.112173	-0.112276
564	-0.112195	-0.112303	-0.112376
565	-0.112285	-0.112407	-0.112459
566	-0.112318	-0.112428	-0.11249
567	-0.112347	-0.112444	-0.112516
568	-0.11235	-0.112418	-0.112501
569	-0.112353	-0.112392	-0.112486
570	-0.112292	-0.112354	-0.112435
571	-0.112231	-0.112317	-0.112383
572	-0.112196	-0.112302	-0.112331
573	-0.112165	-0.112291	-0.112279
574	-0.112223	-0.112346	-0.112349
575	-0.11231	-0.112422	-0.112459
576	-0.112365	-0.112457	-0.112522
577	-0.112401	-0.112469	-0.112558
578	-0.112462	-0.112532	-0.112609
579	-0.112547	-0.112645	-0.112677
580	-0.112677	-0.112784	-0.112816
581	-0.112878	-0.112963	-0.113066
582	-0.113139	-0.113207	-0.113348
583	-0.113555	-0.113617	-0.113713
584	-0.11397	-0.11403	-0.114088
585	-0.114373	-0.114458	-0.114508
586	-0.114778	-0.114886	-0.114929
587	-0.115196	-0.115289	-0.115367
588	-0.115614	-0.115693	-0.115806
589	-0.116056	-0.116152	-0.116231
590	-0.116499	-0.116616	-0.116656
591	-0.116872	-0.116988	-0.117033
592	-0.117229	-0.11734	-0.117399
593	-0.117562	-0.117656	-0.117707
594	-0.117883	-0.117957	-0.117989
595	-0.118285	-0.118345	-0.118381
596	-0.118744	-0.118793	-0.118849
597	-0.119224	-0.119275	-0.119326
598	-0.119729	-0.119794	-0.119811
599	-0.120161	-0.120234	-0.120236
600	-0.120467	-0.120536	-0.120555
601	-0.120727	-0.120792	-0.120829
602	-0.120853	-0.120912	-0.120971
603	-0.12098	-0.121033	-0.121108
604	-0.121106	-0.121162	-0.121217
605	-0.121229	-0.121288	-0.121322
606	-0.121251	-0.121308	-0.12134
607	-0.121273	-0.121328	-0.121359
608	-0.121252	-0.121326	-0.121373
609	-0.121229	-0.121324	-0.121387
610	-0.121241	-0.121341	-0.121395
611	-0.121261	-0.121362	-0.121402
612	-0.121331	-0.121425	-0.121489
613	-0.121421	-0.121504	-0.121609
614	-0.121561	-0.121664	-0.121741
615	-0.121734	-0.121876	-0.121881
616	-0.1219	-0.122053	-0.122048
617	-0.122059	-0.122196	-0.12224
618	-0.122269	-0.12239	-0.122452
619	-0.122558	-0.12266	-0.122694
620	-0.122779	-0.122877	-0.122895
621	-0.12284	-0.122971	-0.123001
622	-0.122925	-0.123081	-0.123118
623	-0.123116	-0.123262	-0.123283
624	-0.123304	-0.123437	-0.123446
625	-0.123469	-0.123557	-0.123597
626	-0.123635	-0.123677	-0.123747
627	-0.123853	-0.12393	-0.123957
628	-0.124071	-0.124183	-0.124168
629	-0.124157	-0.124304	-0.124304
630	-0.124228	-0.124408	-0.124431
631	-0.124391	-0.12455	-0.124576
632	-0.124579	-0.124702	-0.124726
633	-0.124738	-0.124865	-0.124888
634	-0.124885	-0.125034	-0.125056
635	-0.125057	-0.125215	-0.125248
636	-0.125245	-0.125406	-0.125458
637	-0.125432	-0.125595	-0.125671
638	-0.125617	-0.125784	-0.125887
639	-0.125769	-0.125914	-0.126038
640	-0.125873	-0.125962	-0.126093
641	-0.125991	-0.126059	-0.126188
642	-0.126143	-0.126267	-0.126367
643	-0.126278	-0.126446	-0.126526
644	-0.126357	-0.126522	-0.126613
645	-0.126443	-0.126607	-0.126704
646	-0.126587	-0.126756	-0.126835
647	-0.126731	-0.126904	-0.126965
648	-0.126839	-0.127005	-0.127081
649	-0.126947	-0.127107	-0.127198
650	-0.126799	-0.126937	-0.127027
651	-0.126636	-0.12675	-0.126838
652	-0.126155	-0.126254	-0.126344
653	-0.125619	-0.125706	-0.125796
654	-0.125157	-0.12525	-0.12533
655	-0.124717	-0.124823	-0.124889
656	-0.124676	-0.124779	-0.124838
657	-0.124826	-0.124921	-0.124975
658	-0.125298	-0.12539	-0.125482
659	-0.125996	-0.126089	-0.12625
660	-0.126867	-0.126965	-0.12711
661	-0.127911	-0.128017	-0.128063
662	-0.128775	-0.128881	-0.128896
663	-0.129384	-0.129479	-0.129559
664	-0.129793	-0.129897	-0.130007
665	-0.129796	-0.129951	-0.130015
666	-0.129802	-0.129991	-0.130029
667	-0.129818	-0.129993	-0.130065
668	-0.129843	-0.130002	-0.130102
669	-0.129916	-0.130054	-0.130142
670	-0.129996	-0.130113	-0.130194
671	-0.130161	-0.130264	-0.130382
672	-0.130326	-0.130414	-0.130571
673	-0.130388	-0.130505	-0.130624
674	-0.13045	-0.130596	-0.130678
675	-0.130736	-0.130861	-0.130924
676	-0.131042	-0.131142	-0.131188
677	-0.131138	-0.13129	-0.131317
678	-0.131194	-0.131412	-0.131421
679	-0.131384	-0.131578	-0.131626
680	-0.131617	-0.131759	-0.131863
681	-0.131874	-0.131999	-0.132113
682	-0.132142	-0.132266	-0.13237
683	-0.132384	-0.132506	-0.132606
684	-0.132609	-0.13273	-0.132827
685	-0.132905	-0.133035	-0.133146
686	-0.133262	-0.133413	-0.13355
687	-0.133548	-0.133698	-0.133848
688	-0.133749	-0.133873	-0.134019
689	-0.134	-0.134115	-0.134236
690	-0.134331	-0.134465	-0.134529
691	-0.134635	-0.134792	-0.134831
692	-0.134883	-0.13507	-0.135155
693	-0.135165	-0.135372	-0.135492
694	-0.135559	-0.13575	-0.135866
695	-0.135983	-0.136153	-0.13627
696	-0.136556	-0.136673	-0.136816
697	-0.137103	-0.13717	-0.137336
698	-0.137412	-0.137464	-0.137623
699	-0.137723	-0.137761	-0.137912
700	-0.138063	-0.138154	-0.138231
701	-0.138403	-0.138547	-0.13855
702	-0.138775	-0.138953	-0.138945
703	-0.139149	-0.139359	-0.139343
704	-0.13958	-0.139731	-0.13976
705	-0.140017	-0.140099	-0.140179
706	-0.140497	-0.140608	-0.140661
707	-0.140985	-0.141146	-0.141155
708	-0.141425	-0.141638	-0.141619
709	-0.141851	-0.142117	-0.142072
710	-0.142359	-0.142545	-0.142539
711	-0.142903	-0.142952	-0.143011
712	-0.14347	-0.143511	-0.143625
713	-0.14405	-0.144155	-0.144319
714	-0.144612	-0.14475	-0.144835
715	-0.145161	-0.145308	-0.145223
716	-0.14572	-0.145829	-0.145672
717	-0.146288	-0.146314	-0.146179
718	-0.146961	-0.146872	-0.146808
719	-0.147759	-0.147513	-0.147582
720	-0.14854	-0.148176	-0.148351
[LOG]
CHECKSUM,