[HEADER]
Format	J&M ASCII Table
Comment	
Date	19/08/2026 11:00:37
Order	Y (evenX)
TechType	UV
NumPoints	411
FirstX	310
LastX	720
XType	nm
YType	Absorbance
ZType	s
NumSubFile	3
Matrix	Z vs X
[LOGIN]
Name=pcbob
[INSTRUMENT]
Name=TIDAS E Base UV/VI
Detector=MMS - ASPEN 97,5 kHz
Diodearray=256 Pixel
Serial#=36584
Calibrated=2011-07-01
Range=183.81-729.88 [nm] (F0)

SWVersion=v3.18.2 (build 0)[LOGIN]
Name=pcbob
[CONFIG]
ChannelName=Channel 1
ChannelType=Normalized
[PARAMETER]
It=350,00
Aver=5
Norm=3
Range=310,0-720,0 nm
Scan=Time
ScanTime=5,00 s
[TRIGGER]
Sweep=0
Scan=0
[DIO]
DigOut=0x0000
DigIn=0x0000
[DATA]
	00:00:00,000	00:00:01,750	00:00:03,500
310	0.675589	0.675322	0.675042
311	0.66134	0.661071	0.660818
312	0.647572	0.647299	0.647069
313	0.634183	0.633915	0.633682
314	0.621318	0.621066	0.620795
315	0.608639	0.608397	0.608083
316	0.596548	0.596289	0.59592
317	0.584488	0.584213	0.583795
318	0.572905	0.572621	0.572222
319	0.561321	0.561028	0.56065
320	0.550085	0.549803	0.549477
321	0.538895	0.538625	0.538356
322	0.527972	0.52771	0.527421
323	0.51716	0.516904	0.516563
324	0.50654	0.506307	0.505956
325	0.49609	0.495896	0.495571
326	0.485777	0.485586	0.485277
327	0.475714	0.47546	0.475149
328	0.465698	0.465386	0.465082
329	0.455899	0.455554	0.4553
330	0.4461	0.445722	0.445518
331	0.436674	0.436414	0.436122
332	0.427248	0.427107	0.426726
333	0.418231	0.418057	0.417718
334	0.4093	0.409062	0.408791
335	0.400542	0.400281	0.400061
336	0.391876	0.391616	0.391437
337	0.383332	0.383125	0.382926
338	0.374922	0.374827	0.374542
339	0.366618	0.366593	0.366264
340	0.358564	0.358508	0.358233
341	0.350572	0.350484	0.350253
342	0.343035	0.342886	0.342632
343	0.335497	0.335287	0.33501
344	0.328071	0.327916	0.327662
345	0.320652	0.320556	0.320329
346	0.313706	0.313589	0.313366
347	0.306899	0.306738	0.306511
348	0.300276	0.300093	0.299862
349	0.293777	0.293587	0.29335
350	0.287379	0.287168	0.286941
351	0.28112	0.280867	0.28067
352	0.274952	0.274689	0.274505
353	0.269056	0.268878	0.268649
354	0.26317	0.263067	0.262806
355	0.257392	0.257253	0.257106
356	0.251614	0.251439	0.251405
357	0.246102	0.245932	0.245809
358	0.240618	0.240459	0.240224
359	0.235264	0.235116	0.234892
360	0.229957	0.229821	0.229654
361	0.224789	0.224681	0.224535
362	0.219731	0.219662	0.21951
363	0.21477	0.214706	0.214572
364	0.209961	0.209848	0.209772
365	0.205214	0.205069	0.205019
366	0.200689	0.20058	0.200441
367	0.196176	0.196098	0.195878
368	0.191909	0.191772	0.19163
369	0.187642	0.187446	0.187382
370	0.183372	0.183211	0.183142
371	0.179102	0.178988	0.178903
372	0.174978	0.174862	0.174768
373	0.170914	0.170777	0.170678
374	0.166921	0.166781	0.166675
375	0.16299	0.162863	0.16275
376	0.159108	0.15898	0.158874
377	0.155313	0.155158	0.155084
378	0.151546	0.151373	0.151323
379	0.147898	0.147746	0.147681
380	0.144252	0.14412	0.14404
381	0.140676	0.140544	0.140473
382	0.1371	0.136969	0.136906
383	0.133574	0.133457	0.133359
384	0.130057	0.129957	0.129816
385	0.126693	0.126606	0.126444
386	0.1234	0.123323	0.123152
387	0.120201	0.120137	0.119971
388	0.11709	0.117041	0.116893
389	0.113987	0.113937	0.113826
390	0.110897	0.110817	0.110778
391	0.107853	0.107752	0.10776
392	0.105013	0.104937	0.104875
393	0.102175	0.102123	0.101994
394	0.099506	0.099456	0.099372
395	0.096837	0.096789	0.09675
396	0.094207	0.094203	0.094132
397	0.091584	0.091632	0.091513
398	0.089037	0.089121	0.088969
399	0.086526	0.086637	0.086459
400	0.084114	0.084222	0.084042
401	0.081797	0.08187	0.081712
402	0.079497	0.079527	0.079408
403	0.077227	0.077201	0.077153
404	0.074948	0.074894	0.074887
405	0.072634	0.072671	0.072571
406	0.070321	0.070445	0.070254
407	0.068069	0.068089	0.067954
408	0.065818	0.065734	0.065654
409	0.06355	0.063455	0.063397
410	0.06128	0.06119	0.061147
411	0.05903	0.05896	0.05892
412	0.05679	0.056746	0.056704
413	0.054663	0.05464	0.054587
414	0.052637	0.052631	0.052559
415	0.050651	0.050649	0.050559
416	0.048735	0.048715	0.048606
417	0.046807	0.046774	0.046659
418	0.044827	0.044811	0.044735
419	0.04285	0.042851	0.042809
420	0.040944	0.04096	0.040861
421	0.039038	0.039069	0.038913
422	0.037298	0.037345	0.037199
423	0.035582	0.035644	0.035518
424	0.03392	0.033947	0.033846
425	0.032281	0.03225	0.032178
426	0.030525	0.030484	0.030398
427	0.028675	0.028662	0.02853
428	0.026841	0.02684	0.026691
429	0.025033	0.025019	0.024899
430	0.023242	0.023223	0.023131
431	0.021504	0.021509	0.021442
432	0.019781	0.019807	0.019762
433	0.018245	0.018245	0.018185
434	0.016709	0.016684	0.016608
435	0.015042	0.015034	0.014971
436	0.013363	0.013377	0.013328
437	0.011788	0.011781	0.011749
438	0.010246	0.010206	0.010189
439	0.008749	0.008696	0.008683
440	0.007282	0.007229	0.007214
441	0.005856	0.005797	0.005789
442	0.004483	0.00441	0.004423
443	0.003141	0.003056	0.003081
444	0.001878	0.001786	0.001798
445	0.00061	0.000516	0.000513
446	-0.000702	-0.000757	-0.000784
447	-0.002014	-0.00203	-0.002081
448	-0.003166	-0.003179	-0.003259
449	-0.004314	-0.004323	-0.004432
450	-0.005442	-0.005463	-0.005532
451	-0.006566	-0.006602	-0.006616
452	-0.007702	-0.007697	-0.007741
453	-0.008846	-0.008767	-0.008888
454	-0.009855	-0.009753	-0.009881
455	-0.010732	-0.010655	-0.010723
456	-0.011625	-0.011572	-0.011609
457	-0.012549	-0.012516	-0.012576
458	-0.013483	-0.013463	-0.013536
459	-0.014463	-0.014423	-0.014467
460	-0.015442	-0.015385	-0.015402
461	-0.016412	-0.016393	-0.016413
462	-0.017381	-0.017402	-0.017424
463	-0.018352	-0.018376	-0.018369
464	-0.019324	-0.019346	-0.019305
465	-0.020305	-0.020322	-0.0203
466	-0.021291	-0.0213	-0.021316
467	-0.0223	-0.022308	-0.022334
468	-0.023326	-0.023339	-0.023354
469	-0.024381	-0.0244	-0.02442
470	-0.025472	-0.0255	-0.025547
471	-0.026527	-0.026562	-0.026616
472	-0.02749	-0.027527	-0.02754
473	-0.028447	-0.028485	-0.028463
474	-0.029366	-0.029405	-0.029379
475	-0.030285	-0.030324	-0.030295
476	-0.031177	-0.031182	-0.031166
477	-0.032069	-0.032039	-0.032037
478	-0.032896	-0.032876	-0.032892
479	-0.033711	-0.033709	-0.033744
480	-0.0345	-0.034496	-0.034545
481	-0.035278	-0.035262	-0.035322
482	-0.035986	-0.035986	-0.036046
483	-0.036635	-0.036674	-0.036724
484	-0.037234	-0.037269	-0.037312
485	-0.037757	-0.037717	-0.037758
486	-0.038281	-0.038192	-0.03823
487	-0.038809	-0.038748	-0.038783
488	-0.039344	-0.039314	-0.03934
489	-0.039957	-0.039961	-0.03994
490	-0.04057	-0.040608	-0.04054
491	-0.041236	-0.04125	-0.041224
492	-0.041905	-0.041891	-0.041913
493	-0.04251	-0.04251	-0.042578
494	-0.0431	-0.043125	-0.043237
495	-0.043705	-0.043744	-0.043819
496	-0.044318	-0.044366	-0.044362
497	-0.044931	-0.044984	-0.044945
498	-0.045544	-0.045599	-0.045565
499	-0.046154	-0.046195	-0.046177
500	-0.046759	-0.046762	-0.046772
501	-0.047364	-0.047337	-0.047367
502	-0.047968	-0.047941	-0.04796
503	-0.04857	-0.048542	-0.048551
504	-0.049143	-0.049126	-0.049129
505	-0.049717	-0.04971	-0.049707
506	-0.050327	-0.050304	-0.050327
507	-0.050939	-0.0509	-0.05095
508	-0.051484	-0.051421	-0.051461
509	-0.052014	-0.051923	-0.051946
510	-0.05252	-0.052469	-0.052462
511	-0.053015	-0.053037	-0.052994
512	-0.053525	-0.053566	-0.053524
513	-0.054049	-0.054059	-0.054052
514	-0.054507	-0.054506	-0.054526
515	-0.054859	-0.054882	-0.05491
516	-0.055222	-0.055268	-0.055299
517	-0.05562	-0.055688	-0.055703
518	-0.056017	-0.0561	-0.056101
519	-0.056411	-0.056446	-0.056454
520	-0.056805	-0.056791	-0.056806
521	-0.057127	-0.057127	-0.057143
522	-0.057446	-0.057462	-0.057478
523	-0.057761	-0.057772	-0.057776
524	-0.058075	-0.058077	-0.058066
525	-0.058389	-0.058387	-0.058382
526	-0.058703	-0.058698	-0.058709
527	-0.059005	-0.059013	-0.059029
528	-0.059298	-0.05933	-0.059342
529	-0.059588	-0.059634	-0.05964
530	-0.059874	-0.05992	-0.059919
531	-0.060163	-0.060206	-0.060192
532	-0.060461	-0.060493	-0.060453
533	-0.06076	-0.060782	-0.060726
534	-0.061066	-0.06108	-0.061066
535	-0.061373	-0.061378	-0.061406
536	-0.061731	-0.061695	-0.061756
537	-0.062088	-0.062011	-0.062106
538	-0.062466	-0.06238	-0.062439
539	-0.062846	-0.062756	-0.062769
540	-0.063159	-0.063076	-0.063099
541	-0.063451	-0.063378	-0.063429
542	-0.063737	-0.063706	-0.06374
543	-0.064018	-0.06405	-0.064039
544	-0.064363	-0.064406	-0.064377
545	-0.064772	-0.064774	-0.064752
546	-0.065143	-0.065116	-0.065114
547	-0.06545	-0.065414	-0.065453
548	-0.065766	-0.065727	-0.065789
549	-0.066106	-0.066082	-0.066114
550	-0.066442	-0.066431	-0.066437
551	-0.066749	-0.066733	-0.066742
552	-0.067055	-0.067034	-0.067047
553	-0.067384	-0.067358	-0.067369
554	-0.067713	-0.067683	-0.067691
555	-0.067995	-0.067932	-0.067958
556	-0.06827	-0.06817	-0.068217
557	-0.068493	-0.068435	-0.068465
558	-0.068698	-0.068709	-0.068709
559	-0.068998	-0.069011	-0.069014
560	-0.069361	-0.069331	-0.069359
561	-0.069678	-0.069633	-0.069657
562	-0.069947	-0.069916	-0.069907
563	-0.070216	-0.070197	-0.070162
564	-0.070485	-0.070471	-0.070424
565	-0.070734	-0.070733	-0.070684
566	-0.070923	-0.070955	-0.070941
567	-0.071113	-0.071174	-0.071186
568	-0.071312	-0.071375	-0.071342
569	-0.071511	-0.071576	-0.071498
570	-0.071701	-0.071754	-0.071703
571	-0.071891	-0.071931	-0.071908
572	-0.072086	-0.072109	-0.072087
573	-0.072283	-0.072287	-0.072263
574	-0.072487	-0.072485	-0.07246
575	-0.072694	-0.07269	-0.072664
576	-0.072862	-0.072864	-0.072836
577	-0.073007	-0.07302	-0.072989
578	-0.07318	-0.073195	-0.07317
579	-0.07338	-0.073389	-0.073378
580	-0.073583	-0.073589	-0.073592
581	-0.073792	-0.073801	-0.073815
582	-0.074024	-0.074029	-0.074048
583	-0.074319	-0.074301	-0.074309
584	-0.07461	-0.074569	-0.07457
585	-0.074874	-0.074821	-0.074837
586	-0.075139	-0.075075	-0.075105
587	-0.075392	-0.075368	-0.075375
588	-0.075646	-0.075661	-0.075645
589	-0.075955	-0.075941	-0.075962
590	-0.076269	-0.076221	-0.076283
591	-0.076574	-0.076547	-0.076583
592	-0.076876	-0.076883	-0.076878
593	-0.077165	-0.077169	-0.077163
594	-0.077448	-0.077433	-0.077443
595	-0.077805	-0.077788	-0.077796
596	-0.078213	-0.078206	-0.078201
597	-0.078647	-0.078646	-0.078624
598	-0.079109	-0.079109	-0.079067
599	-0.079517	-0.079513	-0.079469
600	-0.079835	-0.079813	-0.0798
601	-0.080099	-0.08007	-0.080074
602	-0.080208	-0.080204	-0.080186
603	-0.080314	-0.080327	-0.080291
604	-0.080403	-0.080394	-0.080357
605	-0.080484	-0.080454	-0.080417
606	-0.080363	-0.080327	-0.080313
607	-0.080242	-0.0802	-0.080209
608	-0.080243	-0.08018	-0.080189
609	-0.080253	-0.080167	-0.080176
610	-0.080227	-0.080138	-0.080147
611	-0.080194	-0.080104	-0.080115
612	-0.080253	-0.080171	-0.080171
613	-0.08035	-0.080277	-0.080263
614	-0.080431	-0.080383	-0.080343
615	-0.080502	-0.080488	-0.080415
616	-0.080593	-0.080596	-0.080529
617	-0.080704	-0.080707	-0.080685
618	-0.080836	-0.08083	-0.080835
619	-0.081001	-0.080972	-0.080974
620	-0.081129	-0.081095	-0.081093
621	-0.081171	-0.081174	-0.081164
622	-0.08124	-0.081267	-0.081244
623	-0.081428	-0.081419	-0.081364
624	-0.081603	-0.081565	-0.081482
625	-0.081664	-0.081657	-0.081574
626	-0.081725	-0.08175	-0.081665
627	-0.081861	-0.081881	-0.081793
628	-0.081997	-0.082012	-0.081922
629	-0.082046	-0.082048	-0.081992
630	-0.082083	-0.082071	-0.082055
631	-0.082145	-0.082148	-0.082134
632	-0.082214	-0.082238	-0.082217
633	-0.082278	-0.08234	-0.082305
634	-0.082339	-0.082448	-0.082395
635	-0.082471	-0.082573	-0.082505
636	-0.082651	-0.082712	-0.082627
637	-0.082812	-0.082833	-0.082767
638	-0.082956	-0.082938	-0.082926
639	-0.083073	-0.083027	-0.083046
640	-0.083152	-0.083094	-0.083109
641	-0.083252	-0.083192	-0.083204
642	-0.083396	-0.083359	-0.083372
643	-0.083523	-0.083501	-0.08351
644	-0.083593	-0.08355	-0.083538
645	-0.083678	-0.083617	-0.083591
646	-0.083868	-0.083806	-0.083825
647	-0.084061	-0.083999	-0.084061
648	-0.084353	-0.084309	-0.084373
649	-0.084645	-0.084618	-0.084684
650	-0.085073	-0.085042	-0.08509
651	-0.085509	-0.085474	-0.085501
652	-0.085764	-0.085703	-0.08572
653	-0.085988	-0.085896	-0.085905
654	-0.086044	-0.085974	-0.08598
655	-0.086048	-0.086016	-0.08602
656	-0.08614	-0.086117	-0.086123
657	-0.086274	-0.086246	-0.086255
658	-0.086474	-0.086441	-0.086473
659	-0.086721	-0.086682	-0.086751
660	-0.087015	-0.086968	-0.087037
661	-0.087356	-0.087299	-0.08733
662	-0.08759	-0.087538	-0.087564
663	-0.087671	-0.087648	-0.087713
664	-0.08766	-0.087662	-0.087737
665	-0.08746	-0.087486	-0.087508
666	-0.087279	-0.087318	-0.087301
667	-0.087159	-0.087177	-0.087157
668	-0.087079	-0.087082	-0.087056
669	-0.087204	-0.087229	-0.087175
670	-0.087333	-0.087373	-0.0873
671	-0.087515	-0.087489	-0.087495
672	-0.087697	-0.087604	-0.087691
673	-0.087807	-0.087765	-0.087798
674	-0.087918	-0.087925	-0.087906
675	-0.088176	-0.088224	-0.088177
676	-0.088447	-0.088535	-0.088463
677	-0.088609	-0.088605	-0.088593
678	-0.088751	-0.088629	-0.088694
679	-0.088967	-0.088863	-0.088919
680	-0.089206	-0.089163	-0.089181
681	-0.089491	-0.089483	-0.089444
682	-0.089797	-0.089812	-0.089708
683	-0.090102	-0.090088	-0.089993
684	-0.090406	-0.090329	-0.09029
685	-0.0907	-0.090583	-0.090626
686	-0.090985	-0.090848	-0.090996
687	-0.091235	-0.091097	-0.091262
688	-0.091445	-0.091327	-0.091406
689	-0.091689	-0.091604	-0.091628
690	-0.091988	-0.091958	-0.091976
691	-0.092317	-0.092318	-0.092321
692	-0.092711	-0.092692	-0.092661
693	-0.093087	-0.093063	-0.093014
694	-0.093407	-0.093428	-0.093406
695	-0.093752	-0.093798	-0.093808
696	-0.094218	-0.094187	-0.09426
697	-0.094667	-0.094567	-0.094694
698	-0.094964	-0.094866	-0.094965
699	-0.09526	-0.095166	-0.095239
700	-0.095537	-0.095522	-0.095597
701	-0.095813	-0.095878	-0.095954
702	-0.096211	-0.096213	-0.096275
703	-0.096613	-0.096548	-0.096595
704	-0.096928	-0.09687	-0.096938
705	-0.097233	-0.097191	-0.097284
706	-0.097727	-0.09773	-0.097788
707	-0.09826	-0.098312	-0.098322
708	-0.098604	-0.098627	-0.098627
709	-0.098891	-0.098861	-0.098861
710	-0.099216	-0.099168	-0.099172
711	-0.099556	-0.099505	-0.099516
712	-0.100152	-0.100134	-0.100066
713	-0.10089	-0.100926	-0.100731
714	-0.101294	-0.101369	-0.101168
715	-0.101457	-0.10156	-0.101438
716	-0.101839	-0.101972	-0.101944
717	-0.102427	-0.102588	-0.102668
718	-0.102952	-0.103158	-0.103213
719	-0.103406	-0.103674	-0.103547
720	-0.104032	-0.104267	-0.104039
[LOG]
CHECKSUMOÇ