[HEADER]
Format	J&M ASCII Table
Comment	
Date	19/08/2026 10:55:54
Order	Y (evenX)
TechType	UV
NumPoints	411
FirstX	310
LastX	720
XType	nm
YType	Absorbance
ZType	s
NumSubFile	3
Matrix	Z vs X
[LOGIN]
Name=pcbob
[INSTRUMENT]
Name=TIDAS E Base UV/VI
Detector=MMS - ASPEN 97,5 kHz
Diodearray=256 Pixel
Serial#=36584
Calibrated=2011-07-01
Range=183.81-729.88 [nm] (F0)

SWVersion=v3.18.2 (build 0)[LOGIN]
Name=pcbob
[CONFIG]
ChannelName=Channel 1
ChannelType=Normalized
[PARAMETER]
It=350,00
Aver=5
Norm=3
Range=310,0-720,0 nm
Scan=Time
ScanTime=5,00 s
[TRIGGER]
Sweep=0
Scan=0
[DIO]
DigOut=0x0000
DigIn=0x0000
[DATA]
	00:00:00,000	00:00:01,750	00:00:03,500
310	0.709897	0.709522	0.709109
311	0.695497	0.695148	0.694685
312	0.681539	0.681209	0.680675
313	0.667979	0.667641	0.667098
314	0.654972	0.654587	0.65412
315	0.642049	0.641624	0.641233
316	0.629393	0.62895	0.628635
317	0.616786	0.616325	0.616075
318	0.604899	0.604434	0.604081
319	0.593013	0.592544	0.592086
320	0.58116	0.58069	0.580227
321	0.569312	0.568842	0.568386
322	0.557728	0.557227	0.556793
323	0.546251	0.545708	0.545303
324	0.53483	0.534309	0.533886
325	0.523457	0.523017	0.522534
326	0.512177	0.511811	0.511297
327	0.501066	0.500765	0.500272
328	0.490013	0.489756	0.489292
329	0.479227	0.478927	0.478518
330	0.468442	0.468097	0.467745
331	0.457958	0.457638	0.457214
332	0.447473	0.447179	0.446683
333	0.437196	0.43687	0.43643
334	0.426962	0.426593	0.426236
335	0.416895	0.416516	0.41624
336	0.406918	0.406547	0.40635
337	0.397198	0.396838	0.396654
338	0.387766	0.387418	0.387172
339	0.378437	0.378103	0.377812
340	0.369354	0.369033	0.368738
341	0.360331	0.360025	0.359741
342	0.351747	0.35146	0.351294
343	0.343163	0.342895	0.342847
344	0.334962	0.334758	0.334615
345	0.326783	0.326643	0.326394
346	0.319037	0.318902	0.31867
347	0.31142	0.311269	0.311091
348	0.304056	0.303936	0.303732
349	0.296862	0.296803	0.296518
350	0.289845	0.289824	0.289511
351	0.283066	0.283053	0.282783
352	0.276403	0.276393	0.276157
353	0.270085	0.270064	0.269834
354	0.263785	0.263749	0.263528
355	0.257706	0.257595	0.257405
356	0.251628	0.251441	0.251282
357	0.245829	0.245638	0.24547
358	0.240059	0.239873	0.239691
359	0.234491	0.234324	0.234153
360	0.228996	0.228855	0.228703
361	0.223668	0.22353	0.223389
362	0.218472	0.218319	0.218182
363	0.213364	0.213218	0.213096
364	0.208395	0.20829	0.208203
365	0.203505	0.203434	0.203359
366	0.1989	0.198836	0.198694
367	0.194306	0.194248	0.194044
368	0.189955	0.189889	0.189727
369	0.185605	0.185529	0.185409
370	0.181264	0.181223	0.181101
371	0.176925	0.176924	0.176795
372	0.172754	0.172723	0.172565
373	0.168653	0.168564	0.168369
374	0.164601	0.164493	0.164286
375	0.160591	0.160498	0.160304
376	0.156622	0.156552	0.156352
377	0.152726	0.152692	0.152453
378	0.148873	0.148861	0.148596
379	0.145206	0.145157	0.144922
380	0.14154	0.141456	0.14125
381	0.137934	0.137836	0.13765
382	0.134327	0.134217	0.134051
383	0.130788	0.130701	0.130514
384	0.12726	0.127203	0.126988
385	0.123911	0.12386	0.123637
386	0.120645	0.120587	0.120368
387	0.117478	0.117409	0.117191
388	0.114404	0.114321	0.114101
389	0.11134	0.111261	0.111031
390	0.108298	0.108254	0.107999
391	0.105296	0.105278	0.105007
392	0.102478	0.102446	0.102189
393	0.099663	0.099616	0.099373
394	0.097077	0.097018	0.096737
395	0.094491	0.094419	0.0941
396	0.091923	0.091864	0.091533
397	0.089359	0.089317	0.088979
398	0.086864	0.086818	0.086531
399	0.084402	0.084343	0.084132
400	0.08207	0.082017	0.081793
401	0.079861	0.07983	0.079509
402	0.077636	0.077614	0.07724
403	0.075378	0.075341	0.074999
404	0.073129	0.073085	0.072764
405	0.07092	0.0709	0.070562
406	0.068711	0.068716	0.068359
407	0.066588	0.066549	0.066149
408	0.064464	0.064383	0.063938
409	0.062329	0.062228	0.061823
410	0.060191	0.060075	0.059724
411	0.05805	0.057947	0.057621
412	0.055907	0.05583	0.055515
413	0.053891	0.053856	0.053524
414	0.051988	0.05201	0.051638
415	0.050115	0.050137	0.049755
416	0.048296	0.048217	0.047878
417	0.046473	0.046323	0.046007
418	0.044636	0.04453	0.044164
419	0.042797	0.042734	0.042323
420	0.040927	0.040894	0.04052
421	0.039057	0.039053	0.038718
422	0.037427	0.03742	0.037033
423	0.035832	0.035816	0.035364
424	0.034239	0.034199	0.033758
425	0.032648	0.032576	0.032177
426	0.030974	0.030899	0.030497
427	0.029233	0.029179	0.028738
428	0.027508	0.027456	0.026991
429	0.025807	0.025731	0.025265
430	0.024114	0.024032	0.023569
431	0.022451	0.02242	0.021972
432	0.020806	0.020822	0.020387
433	0.019381	0.019404	0.018936
434	0.017956	0.017986	0.017486
435	0.016424	0.016424	0.015895
436	0.014882	0.014849	0.014292
437	0.013397	0.013377	0.012813
438	0.011932	0.011939	0.011375
439	0.010525	0.010527	0.009991
440	0.009159	0.009134	0.008644
441	0.007825	0.007784	0.007317
442	0.006531	0.006488	0.006016
443	0.005264	0.005221	0.00475
444	0.004063	0.004026	0.003575
445	0.002861	0.00283	0.00239
446	0.001657	0.001625	0.001135
447	0.000453	0.000419	-0.000119
448	-0.000651	-0.000696	-0.001209
449	-0.001752	-0.001808	-0.002294
450	-0.002809	-0.002844	-0.003352
451	-0.003856	-0.003862	-0.004403
452	-0.004912	-0.004908	-0.00546
453	-0.005974	-0.005969	-0.006521
454	-0.00693	-0.006936	-0.007498
455	-0.007782	-0.007812	-0.008393
456	-0.008646	-0.008696	-0.00928
457	-0.009534	-0.009595	-0.010152
458	-0.01043	-0.010496	-0.011029
459	-0.011359	-0.0114	-0.011925
460	-0.012288	-0.012306	-0.012823
461	-0.013213	-0.013255	-0.013782
462	-0.014139	-0.014204	-0.014741
463	-0.01507	-0.015153	-0.01567
464	-0.016002	-0.016102	-0.016596
465	-0.016947	-0.017012	-0.017498
466	-0.017897	-0.017908	-0.018392
467	-0.018789	-0.018793	-0.019317
468	-0.01964	-0.01967	-0.020264
469	-0.020558	-0.020603	-0.021224
470	-0.021566	-0.021609	-0.022201
471	-0.022526	-0.022571	-0.023144
472	-0.023364	-0.023424	-0.024004
473	-0.024203	-0.024274	-0.024864
474	-0.025054	-0.025103	-0.025721
475	-0.025905	-0.025932	-0.026579
476	-0.026718	-0.026751	-0.027406
477	-0.02753	-0.027571	-0.028233
478	-0.02832	-0.028365	-0.029043
479	-0.029105	-0.029153	-0.02985
480	-0.029885	-0.029906	-0.030603
481	-0.030664	-0.030644	-0.031332
482	-0.031425	-0.031401	-0.03206
483	-0.032171	-0.032175	-0.032788
484	-0.032818	-0.032847	-0.033424
485	-0.033307	-0.033361	-0.033914
486	-0.033808	-0.033873	-0.034421
487	-0.034349	-0.034379	-0.034979
488	-0.034883	-0.034884	-0.035532
489	-0.035359	-0.035375	-0.036037
490	-0.035835	-0.035865	-0.036542
491	-0.036479	-0.03648	-0.037172
492	-0.037132	-0.037102	-0.037808
493	-0.03772	-0.037685	-0.038398
494	-0.038292	-0.038259	-0.038976
495	-0.038823	-0.038811	-0.03952
496	-0.039332	-0.039353	-0.040047
497	-0.039863	-0.039895	-0.040587
498	-0.040415	-0.040438	-0.041138
499	-0.04095	-0.040984	-0.041679
500	-0.041457	-0.041537	-0.042202
501	-0.041973	-0.04209	-0.042735
502	-0.042523	-0.042644	-0.043305
503	-0.043077	-0.043201	-0.043873
504	-0.043676	-0.043779	-0.044429
505	-0.044274	-0.044358	-0.044986
506	-0.044786	-0.044875	-0.045525
507	-0.045293	-0.04539	-0.046062
508	-0.045797	-0.045867	-0.046567
509	-0.046301	-0.046336	-0.047064
510	-0.046806	-0.046818	-0.047548
511	-0.047311	-0.047306	-0.048025
512	-0.047775	-0.04778	-0.048483
513	-0.0482	-0.04824	-0.048923
514	-0.048599	-0.04866	-0.04934
515	-0.048957	-0.049018	-0.049722
516	-0.049329	-0.049391	-0.050109
517	-0.049741	-0.049808	-0.05051
518	-0.050143	-0.050211	-0.050902
519	-0.050451	-0.050503	-0.051217
520	-0.050758	-0.050794	-0.051532
521	-0.051085	-0.05112	-0.051882
522	-0.051412	-0.051447	-0.052233
523	-0.051701	-0.05176	-0.052516
524	-0.051982	-0.052069	-0.052785
525	-0.052297	-0.052395	-0.053086
526	-0.052626	-0.052728	-0.053401
527	-0.052948	-0.05303	-0.053726
528	-0.053263	-0.053307	-0.054061
529	-0.053566	-0.053582	-0.054364
530	-0.053853	-0.053854	-0.054624
531	-0.054151	-0.054142	-0.054906
532	-0.054477	-0.05447	-0.05524
533	-0.054792	-0.054788	-0.055561
534	-0.055048	-0.055058	-0.055815
535	-0.055306	-0.055331	-0.056072
536	-0.055672	-0.055744	-0.056463
537	-0.056038	-0.056157	-0.056853
538	-0.056403	-0.056534	-0.057206
539	-0.056767	-0.056906	-0.057556
540	-0.057091	-0.05719	-0.057865
541	-0.057403	-0.057446	-0.058162
542	-0.057702	-0.057729	-0.058462
543	-0.057994	-0.058027	-0.058763
544	-0.058319	-0.058367	-0.059104
545	-0.058678	-0.058749	-0.059485
546	-0.059034	-0.059109	-0.059841
547	-0.059386	-0.059434	-0.060154
548	-0.059729	-0.059749	-0.060463
549	-0.060042	-0.060033	-0.060762
550	-0.060351	-0.060323	-0.061062
551	-0.060622	-0.060653	-0.061363
552	-0.060894	-0.060983	-0.061665
553	-0.061188	-0.061238	-0.06194
554	-0.061483	-0.061493	-0.062215
555	-0.061722	-0.061759	-0.062501
556	-0.061953	-0.062027	-0.062788
557	-0.062221	-0.06227	-0.063017
558	-0.062502	-0.062503	-0.063225
559	-0.062791	-0.062774	-0.063493
560	-0.063084	-0.063069	-0.0638
561	-0.063373	-0.063371	-0.0641
562	-0.063657	-0.063681	-0.064393
563	-0.06393	-0.063967	-0.064661
564	-0.064185	-0.06421	-0.064888
565	-0.064444	-0.064465	-0.065126
566	-0.064714	-0.064755	-0.065404
567	-0.064988	-0.065043	-0.065682
568	-0.065299	-0.065316	-0.065952
569	-0.06561	-0.06559	-0.066223
570	-0.06589	-0.065876	-0.06646
571	-0.06617	-0.066163	-0.066696
572	-0.066405	-0.066383	-0.066919
573	-0.066634	-0.066593	-0.067139
574	-0.066882	-0.066856	-0.067401
575	-0.067136	-0.067136	-0.067676
576	-0.067356	-0.06737	-0.06791
577	-0.067557	-0.067575	-0.06812
578	-0.067782	-0.067805	-0.068334
579	-0.068027	-0.068058	-0.06855
580	-0.068253	-0.068288	-0.068763
581	-0.068446	-0.068485	-0.068973
582	-0.068668	-0.068705	-0.0692
583	-0.068968	-0.068985	-0.069471
584	-0.069254	-0.069257	-0.06974
585	-0.069465	-0.069486	-0.069998
586	-0.069677	-0.069715	-0.070255
587	-0.069898	-0.06992	-0.070474
588	-0.070119	-0.070126	-0.070693
589	-0.070386	-0.070411	-0.070931
590	-0.070657	-0.070703	-0.07117
591	-0.070928	-0.070955	-0.071455
592	-0.071199	-0.071199	-0.071751
593	-0.071471	-0.071475	-0.072028
594	-0.071744	-0.071764	-0.072296
595	-0.072095	-0.072109	-0.072655
596	-0.072499	-0.072493	-0.073076
597	-0.072902	-0.072888	-0.073478
598	-0.073302	-0.073294	-0.073858
599	-0.073668	-0.073656	-0.074214
600	-0.073975	-0.073942	-0.074527
601	-0.074219	-0.074182	-0.074779
602	-0.074281	-0.074291	-0.074853
603	-0.074339	-0.074391	-0.074923
604	-0.074376	-0.074438	-0.074973
605	-0.074407	-0.074478	-0.075016
606	-0.074284	-0.074367	-0.074891
607	-0.074161	-0.074256	-0.074766
608	-0.074114	-0.074159	-0.074707
609	-0.074072	-0.074063	-0.074654
610	-0.074023	-0.074008	-0.074582
611	-0.073973	-0.073963	-0.074506
612	-0.074012	-0.074015	-0.074574
613	-0.074088	-0.074105	-0.074698
614	-0.074139	-0.074178	-0.074767
615	-0.074175	-0.074239	-0.0748
616	-0.074249	-0.074305	-0.074858
617	-0.074361	-0.074376	-0.07494
618	-0.074467	-0.074456	-0.075041
619	-0.074566	-0.074551	-0.075169
620	-0.074654	-0.074635	-0.075275
621	-0.074718	-0.074693	-0.07533
622	-0.074789	-0.074754	-0.075401
623	-0.074884	-0.074827	-0.075541
624	-0.074975	-0.074902	-0.075667
625	-0.075029	-0.074999	-0.075663
626	-0.075082	-0.075096	-0.075658
627	-0.075204	-0.075254	-0.075837
628	-0.075327	-0.075412	-0.076017
629	-0.075361	-0.075417	-0.076017
630	-0.075384	-0.075403	-0.075996
631	-0.075423	-0.075451	-0.07606
632	-0.075467	-0.075516	-0.076147
633	-0.075595	-0.075612	-0.076265
634	-0.07576	-0.075722	-0.076396
635	-0.075904	-0.075854	-0.076547
636	-0.076034	-0.076001	-0.076713
637	-0.076149	-0.076135	-0.076824
638	-0.076251	-0.076257	-0.076882
639	-0.076347	-0.076363	-0.076961
640	-0.076434	-0.076448	-0.077073
641	-0.076521	-0.076536	-0.077191
642	-0.076607	-0.076628	-0.077321
643	-0.076697	-0.07671	-0.077432
644	-0.076801	-0.076749	-0.07747
645	-0.076919	-0.076814	-0.077535
646	-0.077136	-0.077052	-0.077788
647	-0.077355	-0.077294	-0.078042
648	-0.077625	-0.077644	-0.078356
649	-0.077896	-0.077994	-0.07867
650	-0.078482	-0.078529	-0.079165
651	-0.079086	-0.079074	-0.079671
652	-0.079433	-0.079475	-0.07999
653	-0.079735	-0.07985	-0.080276
654	-0.079954	-0.080006	-0.08046
655	-0.080147	-0.080093	-0.080612
656	-0.080295	-0.080249	-0.08074
657	-0.080421	-0.080436	-0.080856
658	-0.080534	-0.080576	-0.081011
659	-0.080638	-0.08068	-0.081194
660	-0.080797	-0.080833	-0.081395
661	-0.081009	-0.081034	-0.081612
662	-0.081094	-0.081109	-0.081724
663	-0.081	-0.081006	-0.081686
664	-0.080841	-0.080847	-0.081553
665	-0.08055	-0.080575	-0.081225
666	-0.080295	-0.080334	-0.080948
667	-0.080147	-0.080187	-0.080823
668	-0.080048	-0.080086	-0.080739
669	-0.080199	-0.080226	-0.080864
670	-0.080349	-0.080369	-0.080989
671	-0.080484	-0.080538	-0.081111
672	-0.080619	-0.080707	-0.081233
673	-0.080734	-0.080825	-0.0814
674	-0.08085	-0.080944	-0.081567
675	-0.08112	-0.081168	-0.081798
676	-0.081404	-0.081401	-0.082035
677	-0.081478	-0.081522	-0.082136
678	-0.081511	-0.081622	-0.082212
679	-0.081751	-0.081886	-0.08245
680	-0.082057	-0.082201	-0.082739
681	-0.082383	-0.082461	-0.083057
682	-0.082718	-0.082695	-0.083389
683	-0.083019	-0.082976	-0.083647
684	-0.083298	-0.083288	-0.083858
685	-0.083602	-0.083603	-0.084159
686	-0.083928	-0.08392	-0.084537
687	-0.084189	-0.084204	-0.084807
688	-0.084373	-0.084449	-0.084947
689	-0.084612	-0.084695	-0.085164
690	-0.084938	-0.084944	-0.085502
691	-0.085252	-0.08523	-0.085843
692	-0.085535	-0.085599	-0.086192
693	-0.085853	-0.08597	-0.086555
694	-0.086279	-0.086348	-0.086962
695	-0.086681	-0.086714	-0.087347
696	-0.08697	-0.087022	-0.087624
697	-0.087265	-0.087331	-0.087909
698	-0.087617	-0.087645	-0.088253
699	-0.08797	-0.087963	-0.088601
700	-0.088355	-0.088394	-0.089063
701	-0.088741	-0.088826	-0.089525
702	-0.08905	-0.089101	-0.089761
703	-0.089357	-0.08937	-0.08999
704	-0.089751	-0.089722	-0.090324
705	-0.090157	-0.090085	-0.09067
706	-0.090608	-0.090544	-0.091206
707	-0.091069	-0.091022	-0.091781
708	-0.091344	-0.091396	-0.0921
709	-0.091563	-0.091738	-0.092342
710	-0.091941	-0.092098	-0.092677
711	-0.092385	-0.092465	-0.093051
712	-0.093009	-0.093087	-0.093644
713	-0.093733	-0.09385	-0.094358
714	-0.094156	-0.094257	-0.094756
715	-0.094361	-0.094405	-0.094925
716	-0.094822	-0.09487	-0.095306
717	-0.095519	-0.095627	-0.095884
718	-0.096089	-0.096262	-0.096524
719	-0.096509	-0.096753	-0.097239
720	-0.097005	-0.097291	-0.097898
[LOG]
CHECKSUMX